/*--------------------------------*- C++ -*----------------------------------*\
  =========                 |
  \\      /  F ield         | OpenFOAM: The Open Source CFD Toolbox
   \\    /   O peration     | Website:  https://openfoam.org
    \\  /    A nd           | Version:  7
     \\/     M anipulation  |
\*---------------------------------------------------------------------------*/
FoamFile
{
    version     2.0;
    format      ascii;
    class       volScalarField;
    location    "160";
    object      p;
}
// * * * * * * * * * * * * * * * * * * * * * * * * * * * * * * * * * * * * * //

dimensions      [0 2 -2 0 0 0 0];

internalField   nonuniform List<scalar> 
4575
(
-0.11686
-0.0958119
-0.0819538
-0.0746239
-0.0729127
-0.0780107
-0.0899647
-0.103955
-0.111817
-0.108169
-0.0953121
-0.0803305
-0.0683015
-0.0604954
-0.0569396
-0.0585642
-0.0645607
-0.0705455
-0.0715271
-0.0665269
-0.0585831
-0.0513443
-0.046036
-0.0433374
-0.118542
-0.0967794
-0.0822819
-0.0743948
-0.0721462
-0.076642
-0.0879708
-0.101452
-0.109088
-0.105569
-0.0931536
-0.0787833
-0.0673879
-0.0601647
-0.0571716
-0.0593872
-0.0659603
-0.072395
-0.0735474
-0.0683915
-0.0600325
-0.0522914
-0.0464734
-0.0432542
-0.120175
-0.0977031
-0.0825705
-0.0741301
-0.0713487
-0.0752443
-0.0859482
-0.0989233
-0.106339
-0.102955
-0.0909843
-0.0772216
-0.066454
-0.0598119
-0.0573841
-0.0601959
-0.0673529
-0.0742453
-0.0755741
-0.0702625
-0.0614818
-0.0532313
-0.046902
-0.0431662
-0.121761
-0.0985843
-0.0828215
-0.0738327
-0.0705234
-0.0738218
-0.0839017
-0.0963731
-0.103574
-0.100333
-0.088806
-0.0756458
-0.0654995
-0.0594361
-0.0575755
-0.060988
-0.0687355
-0.0760936
-0.0776051
-0.0721384
-0.0629303
-0.0541639
-0.0473224
-0.043074
-0.123299
-0.0994243
-0.083037
-0.0735051
-0.0696738
-0.0723788
-0.0818362
-0.0938065
-0.100798
-0.0977035
-0.0866204
-0.0740566
-0.0645241
-0.0590362
-0.0577439
-0.0617608
-0.070105
-0.0779366
-0.0796376
-0.0740178
-0.0643775
-0.0550893
-0.047735
-0.0429784
-0.124789
-0.100224
-0.0832194
-0.07315
-0.0688032
-0.0709196
-0.0797567
-0.0912284
-0.0980151
-0.0950707
-0.0844295
-0.0724548
-0.0635277
-0.0586112
-0.0578877
-0.0625118
-0.0714583
-0.0797713
-0.0816694
-0.0758991
-0.065823
-0.0560075
-0.0481402
-0.0428801
-0.126232
-0.100986
-0.0833707
-0.0727702
-0.0679148
-0.0694483
-0.077668
-0.0886439
-0.0952293
-0.0924372
-0.0822352
-0.0708411
-0.0625101
-0.0581604
-0.0580051
-0.0632386
-0.0727923
-0.0815946
-0.0836977
-0.0777808
-0.0672661
-0.0569187
-0.0485384
-0.0427798
-0.127628
-0.10171
-0.0834933
-0.0723685
-0.067012
-0.067969
-0.0755747
-0.0860577
-0.0924447
-0.0898061
-0.0800393
-0.0692164
-0.0614714
-0.0576829
-0.0580944
-0.0639387
-0.074104
-0.0834031
-0.0857201
-0.0796615
-0.0687063
-0.0578228
-0.0489301
-0.042678
-0.128977
-0.1024
-0.0835895
-0.0719474
-0.0660978
-0.0664857
-0.0734816
-0.0834745
-0.0896654
-0.0871803
-0.0778437
-0.0675816
-0.0604115
-0.057178
-0.058154
-0.0646094
-0.0753902
-0.0851937
-0.0877339
-0.0815394
-0.0701432
-0.0587201
-0.0493157
-0.0425755
-0.130281
-0.103055
-0.0836615
-0.0715097
-0.0651755
-0.0650023
-0.0713932
-0.0808991
-0.0868955
-0.0845626
-0.0756506
-0.0659378
-0.0593306
-0.0566449
-0.0581824
-0.0652483
-0.0766477
-0.0869632
-0.0897364
-0.083413
-0.0715763
-0.0596107
-0.0496956
-0.0424728
-0.103678
-0.0837118
-0.0710581
-0.064248
-0.0635225
-0.0693138
-0.0783359
-0.0841391
-0.081956
-0.0734619
-0.064286
-0.058229
-0.0560831
-0.058178
-0.065853
-0.0778734
-0.0887083
-0.091725
-0.0852806
-0.0730049
-0.0604946
-0.0500702
-0.0423703
-0.104271
-0.0837425
-0.0705952
-0.0633183
-0.0620499
-0.0672478
-0.0757895
-0.0813999
-0.0793633
-0.0712796
-0.0626274
-0.0571071
-0.0554922
-0.0581394
-0.0664212
-0.0790645
-0.0904259
-0.093697
-0.0871407
-0.0744287
-0.0613721
-0.0504399
-0.0422688
-0.104835
-0.0837559
-0.0701236
-0.0623892
-0.0605879
-0.0651991
-0.0732641
-0.078682
-0.0767873
-0.0691059
-0.0609633
-0.0559652
-0.0548716
-0.0580651
-0.0669505
-0.0802177
-0.0921127
-0.0956498
-0.0889915
-0.075847
-0.0622433
-0.0508052
-0.0421686
-0.105372
-0.0837543
-0.0696457
-0.0614634
-0.0591398
-0.0631718
-0.0707638
-0.075989
-0.0742308
-0.0669427
-0.0592949
-0.0548039
-0.0542211
-0.0579539
-0.0674386
-0.0813302
-0.0937656
-0.0975805
-0.0908314
-0.0772593
-0.0631083
-0.0511664
-0.0420702
-0.105884
-0.0837398
-0.069164
-0.0605435
-0.0577087
-0.0611695
-0.0682926
-0.0733248
-0.0716965
-0.0647924
-0.0576236
-0.0536239
-0.0535405
-0.0578046
-0.0678834
-0.0823991
-0.0953815
-0.0994866
-0.0926586
-0.0786651
-0.0639674
-0.0515239
-0.0419741
-0.106372
-0.0837146
-0.0686808
-0.0596321
-0.0562974
-0.0591956
-0.0658542
-0.0706928
-0.0691873
-0.0626569
-0.055951
-0.0524259
-0.0528297
-0.0576161
-0.068283
-0.0834217
-0.0969574
-0.101365
-0.0944714
-0.0800637
-0.0648207
-0.0518782
-0.0418806
-0.106837
-0.0836807
-0.0681986
-0.0587315
-0.0549086
-0.0572535
-0.0634523
-0.0680965
-0.0666931
-0.0605385
-0.0542783
-0.0512107
-0.0520886
-0.0573875
-0.0686352
-0.0843953
-0.0984903
-0.103214
-0.096268
-0.0814545
-0.0656683
-0.0522296
-0.0417902
-0.107283
-0.0836401
-0.0677193
-0.0578438
-0.0535448
-0.0553461
-0.06109
-0.0655398
-0.0642191
-0.058439
-0.0526073
-0.0499793
-0.0513175
-0.0571178
-0.0689384
-0.0853174
-0.0999775
-0.10503
-0.0980468
-0.082837
-0.0665105
-0.0525784
-0.0417033
-0.107709
-0.0835948
-0.0672453
-0.0569713
-0.0522083
-0.0534763
-0.0587705
-0.0630261
-0.0622513
-0.0563609
-0.0509395
-0.0487326
-0.0505164
-0.0568063
-0.0691909
-0.0861855
-0.101416
-0.106812
-0.099806
-0.0842104
-0.0673475
-0.0529251
-0.0416201
-0.108118
-0.0835466
-0.0667784
-0.0561159
-0.0509011
-0.0516465
-0.0564966
-0.0605545
-0.059838
-0.0543054
-0.0492765
-0.0474719
-0.0496858
-0.0564523
-0.069391
-0.0869973
-0.102803
-0.108555
-0.101544
-0.0855741
-0.0681793
-0.0532699
-0.041541
-0.108511
-0.0834973
-0.0663206
-0.0552794
-0.0496253
-0.049859
-0.0542709
-0.0581281
-0.0574694
-0.0522754
-0.0476199
-0.0461983
-0.0488261
-0.0560555
-0.0695373
-0.0877507
-0.104137
-0.110259
-0.103258
-0.0869273
-0.0690061
-0.0536134
-0.0414662
-0.10889
-0.0834484
-0.0658737
-0.0544635
-0.0483825
-0.0481158
-0.0520956
-0.0557509
-0.0551558
-0.050272
-0.0459713
-0.0449132
-0.0479379
-0.0556154
-0.0696286
-0.0884438
-0.105414
-0.11192
-0.104948
-0.0882694
-0.0698281
-0.0539557
-0.0413962
-0.109256
-0.0834015
-0.0654394
-0.0536699
-0.0471742
-0.0464186
-0.049973
-0.0534253
-0.0528898
-0.0482978
-0.0443324
-0.0436178
-0.0470218
-0.0551319
-0.0696638
-0.0890746
-0.106633
-0.113536
-0.106611
-0.0895994
-0.0706455
-0.0542972
-0.041331
-0.10961
-0.0833582
-0.0650192
-0.0528999
-0.0460017
-0.0447688
-0.0479049
-0.0511537
-0.0506743
-0.0463548
-0.042705
-0.0423137
-0.0460787
-0.0546048
-0.069642
-0.0896415
-0.107791
-0.115105
-0.108245
-0.0909166
-0.0714582
-0.0546383
-0.041271
-0.109954
-0.0833197
-0.0646146
-0.052155
-0.0448664
-0.0431678
-0.0458929
-0.0489382
-0.0485099
-0.0444452
-0.0410907
-0.0410025
-0.0451094
-0.0540342
-0.0695622
-0.090143
-0.108887
-0.116625
-0.109849
-0.0922201
-0.0722664
-0.0549794
-0.0412165
-0.110288
-0.0832874
-0.0642271
-0.0514363
-0.0437691
-0.0416165
-0.0439383
-0.0467806
-0.046397
-0.042571
-0.0394914
-0.0396856
-0.044115
-0.0534203
-0.069424
-0.0905779
-0.109919
-0.118094
-0.111422
-0.093509
-0.0730701
-0.0553206
-0.0411675
-0.110615
-0.0832625
-0.0638577
-0.0507449
-0.0427108
-0.0401156
-0.0420422
-0.0446822
-0.0443369
-0.0407345
-0.0379086
-0.0383648
-0.0430967
-0.0527636
-0.0692267
-0.0909448
-0.110884
-0.11951
-0.112961
-0.0947824
-0.0738695
-0.0556624
-0.0411244
-0.110934
-0.083246
-0.0635076
-0.0500819
-0.0416923
-0.0386657
-0.0402052
-0.0426445
-0.0423309
-0.0389379
-0.0363442
-0.0370419
-0.0420556
-0.0520644
-0.0689702
-0.091243
-0.111782
-0.120871
-0.114464
-0.0960394
-0.0746644
-0.0560049
-0.0410873
-0.111247
-0.083239
-0.063178
-0.0494481
-0.0407141
-0.0372671
-0.0384279
-0.0406682
-0.0403803
-0.0371833
-0.0347997
-0.0357186
-0.0409931
-0.0513234
-0.0686543
-0.0914715
-0.112611
-0.122175
-0.115931
-0.0972789
-0.0754548
-0.0563487
-0.0410563
-0.111555
-0.0832423
-0.0628694
-0.0488442
-0.0397768
-0.03592
-0.0367104
-0.0387542
-0.0384861
-0.0354729
-0.0332769
-0.0343968
-0.0399107
-0.0505414
-0.068279
-0.0916297
-0.11337
-0.12342
-0.117359
-0.0984998
-0.0762407
-0.0566938
-0.0410318
-0.111858
-0.0832564
-0.0625826
-0.0482708
-0.0388806
-0.0346243
-0.0350525
-0.0369028
-0.0366492
-0.0338091
-0.0317773
-0.0330783
-0.0388099
-0.0497194
-0.0678446
-0.0917173
-0.114057
-0.124606
-0.118748
-0.0997012
-0.0770219
-0.0570406
-0.0410137
-0.112157
-0.0832824
-0.0623184
-0.0477287
-0.038026
-0.0333801
-0.033454
-0.0351144
-0.0348704
-0.0321939
-0.0303027
-0.0317652
-0.0376923
-0.0488583
-0.0673513
-0.091734
-0.114673
-0.125731
-0.120094
-0.100882
-0.0777982
-0.0573894
-0.0410023
-0.112455
-0.083323
-0.062079
-0.0472195
-0.037214
-0.0321877
-0.0319147
-0.0333894
-0.0331506
-0.0306299
-0.0288548
-0.0304595
-0.0365596
-0.0479594
-0.0667997
-0.0916796
-0.115217
-0.126792
-0.121398
-0.10204
-0.0785696
-0.0577407
-0.0409979
-0.112754
-0.0833799
-0.0618653
-0.0467436
-0.0364445
-0.0310464
-0.0304333
-0.0317271
-0.0314904
-0.0291197
-0.0274354
-0.0291636
-0.035414
-0.0470239
-0.0661904
-0.0915542
-0.115686
-0.12779
-0.122656
-0.103176
-0.0793363
-0.058095
-0.0410008
-0.113043
-0.0834426
-0.0616688
-0.0462947
-0.0357125
-0.029952
-0.0290052
-0.0301234
-0.0298869
-0.0276641
-0.0260457
-0.0278792
-0.034257
-0.0460534
-0.0655243
-0.091358
-0.116083
-0.128723
-0.12387
-0.104289
-0.0800973
-0.0584509
-0.0410095
-0.113296
-0.0834902
-0.0614744
-0.0458627
-0.035012
-0.0289015
-0.0276274
-0.0285734
-0.0283343
-0.0262595
-0.0246839
-0.0266068
-0.0330898
-0.0450491
-0.0648027
-0.0910927
-0.116408
-0.129595
-0.125042
-0.105377
-0.0808479
-0.0588042
-0.0410211
-0.113544
-0.0835596
-0.0613155
-0.0454755
-0.034366
-0.0279153
-0.02632
-0.0270974
-0.0268481
-0.0249161
-0.0233557
-0.0253503
-0.0319149
-0.0440127
-0.064027
-0.0907591
-0.116661
-0.130398
-0.126157
-0.106427
-0.0815858
-0.0591598
-0.0410418
-0.113993
-0.0838308
-0.0613308
-0.0452352
-0.0338449
-0.0270393
-0.0251239
-0.0257502
-0.0254948
-0.0237063
-0.0221043
-0.0241414
-0.0307534
-0.0429527
-0.063193
-0.0903387
-0.116802
-0.131074
-0.127164
-0.107432
-0.0823381
-0.0595561
-0.0411034
-0.11471
-0.0843156
-0.0615002
-0.0451049
-0.0333964
-0.0262018
-0.0239513
-0.0244534
-0.0242353
-0.0226615
-0.0209516
-0.023007
-0.0296281
-0.0418791
-0.0622888
-0.089795
-0.116785
-0.131606
-0.128091
-0.108462
-0.0831631
-0.0600218
-0.0412141
-0.114543
-0.0839494
-0.060954
-0.0444009
-0.0325049
-0.0250073
-0.0224017
-0.0226974
-0.0224817
-0.0211435
-0.0195104
-0.0216525
-0.0283219
-0.0407
-0.0613858
-0.0893875
-0.117075
-0.132584
-0.129446
-0.109683
-0.0839533
-0.0603342
-0.0411653
-0.0809936
-0.0580145
-0.041542
-0.0297121
-0.0219223
-0.0184538
-0.0177164
-0.0168022
-0.0141052
-0.0142797
-0.0167159
-0.0236726
-0.0370341
-0.0596872
-0.090338
-0.120557
-0.137541
-0.134583
-0.112938
-0.0853807
-0.0604194
-0.0405549
-0.0761281
-0.0539905
-0.0379708
-0.0262517
-0.0182764
-0.0144522
-0.0135384
-0.0127725
-0.0110934
-0.0105948
-0.0132177
-0.0204796
-0.034527
-0.0582622
-0.0901748
-0.12152
-0.139239
-0.135673
-0.114407
-0.0857544
-0.0597998
-0.0393295
-0.0711198
-0.0498385
-0.0343275
-0.0228448
-0.0148324
-0.0107221
-0.00958808
-0.00886126
-0.00716056
-0.007191
-0.0102085
-0.0178685
-0.0324644
-0.0567928
-0.089264
-0.121343
-0.140013
-0.137108
-0.11544
-0.0858407
-0.0589847
-0.0379809
-0.0657867
-0.0455439
-0.0306696
-0.0195261
-0.0115689
-0.00724622
-0.00588324
-0.0051078
-0.0036772
-0.00385596
-0.00702721
-0.014933
-0.0299586
-0.0548291
-0.0879676
-0.121023
-0.140632
-0.138081
-0.11593
-0.0855034
-0.0578945
-0.0364718
-0.0602363
-0.04115
-0.0270081
-0.0162966
-0.00848462
-0.00402892
-0.00249221
-0.00172987
-0.000568602
-0.000731966
-0.00387643
-0.0118391
-0.0271388
-0.0525152
-0.0864023
-0.120348
-0.140522
-0.138151
-0.115694
-0.0846822
-0.0565186
-0.0348042
-0.0545224
-0.0366991
-0.023371
-0.0131718
-0.00558742
-0.0010752
0.000581755
0.00129495
0.00224979
0.00210574
-0.000935769
-0.00883838
-0.0242644
-0.0499893
-0.0844037
-0.118878
-0.139405
-0.137236
-0.114675
-0.083344
-0.0548474
-0.0329813
-0.0487234
-0.0322406
-0.0197853
-0.0101635
-0.00287998
0.00161951
0.00335683
0.00400697
0.00478713
0.00465327
0.00175159
-0.00601808
-0.0214205
-0.0472248
-0.0817885
-0.11648
-0.137262
-0.135299
-0.112821
-0.0814556
-0.052874
-0.0310097
-0.0429133
-0.0278212
-0.0162769
-0.00728141
-0.000360952
0.00406389
0.00584987
0.00643044
0.00705214
0.00692652
0.00419064
-0.00338102
-0.0185915
-0.0441626
-0.0785203
-0.113181
-0.134064
-0.132286
-0.110088
-0.0789921
-0.0505958
-0.028899
-0.0371649
-0.0234855
-0.0128701
-0.00453277
0.0019739
0.00626834
0.00807621
0.0085882
0.00906325
0.00894271
0.00638833
-0.00092455
-0.0157701
-0.0408106
-0.0746385
-0.108977
-0.129764
-0.128162
-0.106449
-0.0759395
-0.0480148
-0.0266618
-0.0315457
-0.0192739
-0.00958769
-0.00192316
0.00413114
0.00824556
0.0100513
0.0105023
0.0108413
0.0107183
0.00834644
0.0013371
-0.0129884
-0.037217
-0.0701588
-0.103831
-0.124331
-0.122916
-0.101902
-0.0722972
-0.0451386
-0.0243132
-0.026116
-0.0152212
-0.00644977
0.000543314
0.00611932
0.0100107
0.0117906
0.012192
0.0124068
0.012269
0.0100643
0.00337934
-0.0102931
-0.0334189
-0.0650747
-0.0977244
-0.117761
-0.116567
-0.0964672
-0.0680807
-0.0419815
-0.0218709
-0.0209267
-0.0113559
-0.00347342
0.00286361
0.00794838
0.0115813
0.0133106
0.013674
0.0137782
0.0136085
0.0115409
0.00517967
-0.00771979
-0.029439
-0.0593929
-0.0906664
-0.110083
-0.109161
-0.0901939
-0.0633237
-0.0385644
-0.0193542
-0.0160192
-0.00770008
-0.00067198
0.0050354
0.00962903
0.0129763
0.0146297
0.0149635
0.0149721
0.0147507
0.0127774
0.0067251
-0.00529119
-0.0253039
-0.0531441
-0.0826969
-0.101353
-0.100776
-0.0831602
-0.0580795
-0.0349162
-0.016784
-0.0114243
-0.00426957
0.00194536
0.00705696
0.0111721
0.0142161
0.015769
0.0160765
0.0160048
0.0157106
0.0137806
0.00801412
-0.00302144
-0.0210465
-0.0463785
-0.0738854
-0.0916662
-0.0915311
-0.0754756
-0.0524218
-0.0310737
-0.0141816
-0.00716349
-0.00107474
0.00437373
0.00892728
0.0125878
0.015321
0.0167527
0.0170321
0.0168949
0.0165087
0.0145679
0.00906086
-0.000910772
-0.0166973
-0.039164
-0.0643403
-0.081166
-0.081584
-0.0672797
-0.0464432
-0.0270814
-0.0115684
-0.00324925
0.0018787
0.00661224
0.0106465
0.0138849
0.0163107
0.0176068
0.017854
0.0176662
0.0171762
0.0151749
0.00990525
0.00106673
-0.0122771
-0.0315904
-0.0542189
-0.0700476
-0.0711338
-0.0587386
-0.0402531
-0.0229912
-0.00896576
0.00031376
0.00458889
0.00866339
0.0122166
0.0150707
0.0172027
0.0183576
0.0185705
0.0183487
0.0177582
0.0156633
0.0106244
0.00297269
-0.00779503
-0.0237747
-0.0437316
-0.0585595
-0.0604149
-0.0500389
-0.0339727
-0.0188605
-0.00639378
0.00352781
0.00705712
0.0105321
0.0136413
0.0161507
0.0180117
0.0190289
0.0192111
0.018977
0.0183123
0.016123
0.0113381
0.00490671
-0.00325056
-0.0158632
-0.0331418
-0.0469969
-0.0496883
-0.041377
-0.0277287
-0.0147507
-0.00387167
0.00640114
0.00928735
0.012225
0.0149266
0.0171291
0.0187494
0.0196404
0.0198024
0.0195838
0.0188992
0.0166652
0.0122021
0.00699902
0.00136274
-0.00803231
-0.0227572
-0.0356879
-0.0392256
-0.0329469
-0.0216451
-0.0107236
-0.00141734
0.00894699
0.011286
0.0137495
0.0160803
0.0180102
0.0194236
0.0202071
0.0203656
0.0201931
0.0195646
0.0173992
0.0133834
0.0093905
0.00604584
-0.000484991
-0.0129085
-0.0249693
-0.0292902
-0.0249267
-0.015835
-0.00683924
0.000952706
0.0111824
0.0130617
0.0151132
0.0171111
0.0187988
0.0200391
0.0207383
0.0209144
0.020821
0.0203327
0.0184413
0.0150068
0.0121934
0.0107739
0.00656043
-0.00391852
-0.0151515
-0.0201105
-0.0174648
-0.0103928
-0.00315176
0.00322332
0.0131271
0.0146251
0.0163241
0.0180276
0.0195011
0.0205991
0.0212385
0.0214536
0.0214711
0.0211992
0.0196884
0.0170963
0.0154258
0.0154624
0.0128852
0.00394268
-0.00646847
-0.0118486
-0.0106686
-0.00538887
0.000293285
0.0053804
0.0148026
0.0159887
0.0173904
0.0188379
0.0201234
0.0211056
0.0217089
0.0219807
0.0221311
0.0221341
0.021407
0.0195491
0.0189376
0.0199234
0.0182908
0.0105131
0.000961467
-0.00459452
-0.00460115
-0.0008675
0.00346141
0.00741092
0.0162311
0.0171658
0.0183205
0.0195491
0.0206721
0.0215605
0.0221476
0.0224885
0.0227793
0.0230528
0.0229182
0.02208
0.0223936
0.0238692
0.0226346
0.0157715
0.00714072
0.00161593
0.000716307
0.00315186
0.00633056
0.00930333
0.0174349
0.0181708
0.0191231
0.0201678
0.0211524
0.0219654
0.0225501
0.0229665
0.0233947
0.0239118
0.0242885
0.0243812
0.0253965
0.0270134
0.0258753
0.0198189
0.0121577
0.00681373
0.00529594
0.00667122
0.00889143
0.0110481
0.018436
0.0190181
0.0198074
0.0206999
0.0215687
0.0223211
0.0229117
0.023402
0.0239541
0.0246767
0.0254585
0.0262293
0.0276671
0.0292119
0.0280896
0.0228197
0.0161396
0.0111372
0.00917329
0.00970934
0.0111469
0.0126384
0.0192555
0.0197219
0.0203822
0.0211511
0.0219244
0.0226282
0.0232276
0.0237829
0.0244356
0.0253137
0.0263583
0.0275346
0.0291445
0.0305173
0.0294426
0.0249484
0.0192115
0.0146212
0.0123979
0.0122977
0.0131101
0.014071
0.0199138
0.0202962
0.0208566
0.0215265
0.0222222
0.0228867
0.0234936
0.0241004
0.0248266
0.0258032
0.0269814
0.0283397
0.0299418
0.0311107
0.0301322
0.0263694
0.0215025
0.0173612
0.015034
0.014476
0.0148013
0.0153469
0.0204298
0.0207543
0.0212392
0.0218313
0.0224644
0.0230963
0.0237073
0.0243506
0.0251226
0.0261282
0.0273542
0.0287444
0.030234
0.031201
0.0303449
0.027236
0.023147
0.019467
0.0171545
0.0162884
0.0162449
0.0164711
0.0208215
0.0211089
0.0215387
0.0220705
0.0226535
0.0232574
0.0238678
0.0245324
0.0253236
0.0263233
0.0275229
0.0288544
0.0301822
0.0309655
0.0302351
0.0276873
0.0242756
0.0210493
0.0188353
0.0177797
0.0174665
0.0174515
0.0211051
0.0213718
0.0217629
0.0222492
0.022792
0.0233711
0.0239756
0.0246468
0.0254346
0.0264024
0.0275336
0.0287577
0.0299094
0.0305341
0.0299195
0.02784
0.0250072
0.0222093
0.0201463
0.0189924
0.0184911
0.0182981
0.0212957
0.0215543
0.0219198
0.0223723
0.0228829
0.0234393
0.0240325
0.0246974
0.0254653
0.0263835
0.0274248
0.0285209
0.0295023
0.0299951
0.029481
0.0277857
0.025442
0.0230348
0.02115
0.0199657
0.019342
0.0190217
0.0214069
0.0216667
0.0220168
0.0224448
0.0229294
0.0234645
0.0240422
0.0246903
0.0254269
0.0262843
0.0272276
0.0281924
0.0290191
0.0294049
0.0289758
0.0275933
0.0256584
0.0235987
0.0219019
0.020735
0.0200407
0.0196334
0.0214512
0.0217186
0.022061
0.0224715
0.0229352
0.02345
0.0240085
0.0246333
0.0253304
0.0261214
0.0269671
0.0278069
0.0284986
0.0287991
0.0284414
0.0273123
0.0257158
0.0239604
0.0224502
0.0213323
0.0206065
0.0201438
0.0214395
0.0217189
0.022059
0.0224575
0.0229041
0.0233994
0.0239363
0.0245329
0.0251866
0.0259101
0.0266629
0.027389
0.0279658
0.0281998
0.0279015
0.0269776
0.0256597
0.0241674
0.022835
0.0217855
0.0210569
0.0205632
0.0213817
0.0216755
0.0220172
0.0224077
0.02284
0.0233167
0.0238308
0.0243963
0.0250051
0.0256631
0.0263304
0.0269561
0.027437
0.02762
0.0273713
0.026613
0.0255239
0.0242577
0.0230895
0.022119
0.0214076
0.0209014
0.0205738
0.0212866
0.0215958
0.0219416
0.0223268
0.0227471
0.0232061
0.0236972
0.0242304
0.0247945
0.0253909
0.0259813
0.0265202
0.0269225
0.0270665
0.0268594
0.0262351
0.0253333
0.0242604
0.0232414
0.0223536
0.0216728
0.0211676
0.0208232
0.0211621
0.0214865
0.0218375
0.0222193
0.0226295
0.0230717
0.02354
0.0240412
0.0245627
0.0251024
0.0256249
0.0260897
0.026428
0.0265429
0.0263708
0.0258553
0.0251073
0.0241982
0.0233122
0.0225069
0.0218651
0.0213705
0.0210172
0.0210148
0.0213536
0.0217102
0.0220898
0.0224909
0.0229175
0.0233638
0.0238342
0.0243161
0.0248045
0.0252677
0.0256703
0.0259569
0.0260504
0.0259078
0.0254815
0.0248597
0.0240881
0.0233188
0.0225938
0.0219958
0.0215185
0.0211621
0.0208508
0.0212024
0.0215644
0.0219423
0.0223354
0.0227474
0.0231728
0.0236145
0.0240599
0.0245026
0.0249148
0.0252655
0.0255108
0.025589
0.0254716
0.0251184
0.0245999
0.0239437
0.0232733
0.022627
0.0220749
0.021619
0.0212642
0.0206753
0.0210377
0.0214045
0.0217807
0.0221664
0.0225648
0.022971
0.0233862
0.0237986
0.0242011
0.0245698
0.0248776
0.02509
0.0251576
0.0250619
0.024769
0.0243353
0.0237761
0.0231864
0.0226181
0.0221115
0.0216792
0.0213294
0.0204927
0.0208638
0.0212343
0.0216087
0.0219875
0.0223733
0.0227617
0.0231529
0.0235359
0.0239034
0.0242352
0.0245079
0.0246944
0.0247549
0.0246781
0.0244351
0.0240716
0.0235954
0.0230864
0.0225774
0.0221133
0.0217054
0.0213633
0.0203069
0.0206845
0.0210574
0.0214297
0.0218018
0.0221759
0.022548
0.0229175
0.0232747
0.0236123
0.023913
0.024157
0.0243232
0.0243795
0.0243191
0.0241177
0.0238126
0.0234067
0.0229663
0.0225117
0.0220871
0.0217035
0.0213706
0.020121
0.0205029
0.020877
0.0212466
0.0216122
0.0219755
0.0223328
0.022683
0.0230176
0.0233295
0.0236043
0.0238252
0.0239756
0.0240297
0.0239837
0.0238174
0.0235608
0.0232142
0.0228318
0.0224266
0.0220385
0.0216784
0.0213558
0.0199379
0.020322
0.0206959
0.0210623
0.0214215
0.0217746
0.0221185
0.0224518
0.0227667
0.0230567
0.0233101
0.0235123
0.0236507
0.0237041
0.0236708
0.023534
0.0233179
0.0230215
0.0226882
0.0223269
0.0219723
0.0216347
0.0213231
0.0197598
0.0201442
0.0205165
0.0208791
0.021232
0.0215757
0.0219074
0.0222256
0.0225236
0.0227953
0.0230309
0.0232182
0.0233474
0.0234013
0.0233792
0.0232674
0.0230855
0.0228313
0.0225398
0.0222171
0.0218929
0.0215764
0.021276
0.0195886
0.0199714
0.0203412
0.0206994
0.0210458
0.0213808
0.0217016
0.0220064
0.0222898
0.022546
0.0227671
0.0229427
0.023065
0.02312
0.0231081
0.0230175
0.0228643
0.0226457
0.0223897
0.022101
0.0218039
0.0215069
0.0212176
0.0194258
0.0198056
0.0201716
0.0205249
0.020865
0.0211918
0.0215027
0.0217958
0.0220665
0.0223097
0.0225191
0.0226854
0.0228027
0.0228595
0.0228565
0.022784
0.0226549
0.0224663
0.0222408
0.0219815
0.0217086
0.0214295
0.0211508
0.0192726
0.019648
0.0200095
0.0203574
0.0206912
0.0210102
0.0213123
0.0215952
0.0218549
0.0220871
0.0222871
0.0224463
0.0225599
0.0226188
0.0226237
0.0225666
0.0224579
0.0222948
0.0220951
0.0218612
0.0216097
0.0213467
0.0210782
0.0191299
0.0195
0.0198563
0.0201985
0.0205259
0.0208378
0.0211319
0.0214058
0.021656
0.0218784
0.0220715
0.0222251
0.0223362
0.0223973
0.0224092
0.0223653
0.0222738
0.0221321
0.0219545
0.0217425
0.0215096
0.0212611
0.0210022
0.0189984
0.0193625
0.019713
0.0200494
0.0203706
0.0206757
0.0209626
0.0212289
0.0214712
0.0216834
0.0218727
0.022022
0.0221312
0.0221945
0.0222126
0.0221799
0.022103
0.0219794
0.0218205
0.0216271
0.0214107
0.021175
0.0209248
0.0188787
0.0192363
0.0195807
0.0199111
0.0202264
0.0205252
0.0208057
0.0210656
0.0213028
0.0215165
0.0216925
0.021837
0.0219449
0.0220103
0.0220338
0.0220106
0.021946
0.0218376
0.0216945
0.0215171
0.0213148
0.0210904
0.020848
0.0187711
0.0191221
0.0194603
0.0197849
0.0200944
0.0203874
0.020662
0.0209162
0.0211476
0.0213533
0.0215277
0.0216697
0.0217769
0.0218444
0.0218726
0.0218576
0.0218033
0.0217077
0.0215779
0.0214142
0.0212238
0.0210091
0.0207736
0.0186759
0.0190203
0.0193525
0.0196714
0.0199755
0.0202632
0.0205326
0.0207816
0.021008
0.0212086
0.0213804
0.0215206
0.0216276
0.021697
0.0217293
0.0217211
0.0216754
0.0215904
0.0214717
0.0213194
0.0211392
0.0209328
0.0207035
0.0185934
0.0189314
0.019258
0.0195716
0.0198708
0.0201536
0.0204184
0.020663
0.0208852
0.0210821
0.0212514
0.0213903
0.0214971
0.0215683
0.0216042
0.0216015
0.021563
0.0214867
0.0213773
0.0212343
0.0210627
0.0208633
0.0206393
0.0185237
0.018856
0.0191774
0.0194863
0.019781
0.0200597
0.0203205
0.0205613
0.0207801
0.0209742
0.0211415
0.0212792
0.0213861
0.0214589
0.0214976
0.0214996
0.0214668
0.0213976
0.0212956
0.0211601
0.0209955
0.020802
0.0205823
0.018467
0.0187943
0.0191113
0.0194161
0.0197071
0.0199823
0.0202399
0.0204777
0.0206938
0.0208856
0.0210514
0.0211883
0.0212952
0.0213692
0.0214103
0.0214159
0.0213877
0.021324
0.0212278
0.0210983
0.0209392
0.0207503
0.020534
0.0184237
0.018747
0.0190605
0.019362
0.01965
0.0199225
0.0201775
0.020413
0.0206271
0.0208173
0.0209819
0.0211183
0.0212253
0.0213003
0.0213431
0.0213515
0.0213266
0.021267
0.0211751
0.0210501
0.0208951
0.0207095
0.0204959
0.0183942
0.0187147
0.0190256
0.0193249
0.0196108
0.0198813
0.0201347
0.0203686
0.0205813
0.0207704
0.0209342
0.0210702
0.0211773
0.021253
0.021297
0.0213072
0.0212846
0.0212277
0.0211387
0.0210167
0.0208644
0.0206811
0.0204693
0.018379
0.018698
0.0190076
0.0193057
0.0195906
0.0198601
0.0201125
0.0203456
0.0205577
0.0207462
0.0209096
0.0210454
0.0211525
0.0212286
0.0212732
0.0212843
0.0212629
0.0212074
0.0211198
0.0209993
0.0208484
0.0206663
0.0204554
0.0158492
0.0162188
0.0165751
0.0169154
0.0172365
0.0175363
0.0178121
0.0180625
0.0182855
0.0184803
0.0186458
0.0187817
0.0188874
0.018963
0.0190081
0.019023
0.019007
0.0189602
0.0188809
0.0187692
0.0186222
0.0184402
0.018219
0.0158689
0.0162413
0.0166
0.0169421
0.0172646
0.0175653
0.0178416
0.018092
0.0183146
0.0185088
0.0186733
0.0188081
0.0189126
0.0189871
0.0190311
0.0190451
0.0190283
0.0189809
0.0189012
0.0187893
0.0186422
0.0184601
0.0182386
0.0159076
0.0162853
0.0166485
0.0169943
0.0173194
0.0176218
0.0178989
0.0181492
0.0183711
0.0185638
0.0187265
0.0188592
0.0189613
0.0190336
0.0190755
0.0190876
0.0190693
0.0190208
0.0189404
0.018828
0.0186807
0.0184984
0.0182766
0.0159648
0.0163505
0.0167202
0.0170711
0.0174
0.0177047
0.0179828
0.0182329
0.0184534
0.018644
0.0188038
0.0189332
0.0190319
0.0191007
0.0191394
0.0191488
0.0191284
0.0190782
0.0189969
0.018884
0.0187364
0.018554
0.0183317
0.0160409
0.0164367
0.0168148
0.0171722
0.0175058
0.0178134
0.0180925
0.0183421
0.0185606
0.018748
0.0189038
0.0190286
0.0191226
0.0191868
0.0192213
0.0192271
0.0192039
0.0191517
0.0190692
0.0189558
0.0188081
0.0186258
0.018403
0.0161363
0.0165444
0.0169326
0.0172978
0.0176368
0.0179475
0.0182275
0.0184759
0.0186916
0.0188747
0.0190251
0.0191441
0.0192319
0.0192902
0.0193195
0.0193208
0.0192942
0.0192397
0.019156
0.0190422
0.0188946
0.0187126
0.0184895
0.0162518
0.0166741
0.0170739
0.017448
0.017793
0.0181069
0.0183874
0.018634
0.0188455
0.019023
0.0191666
0.019278
0.0193582
0.0194092
0.0194321
0.019428
0.0193976
0.0193405
0.0192557
0.0191418
0.0189948
0.0188135
0.0185905
0.0163884
0.0168269
0.0172398
0.0176236
0.0179749
0.0182919
0.0185722
0.0188158
0.0190219
0.019192
0.0193269
0.019429
0.0194999
0.0195421
0.0195574
0.0195472
0.0195124
0.0194525
0.0193669
0.0192533
0.0191076
0.0189278
0.0187051
0.0165474
0.017004
0.0174311
0.0178254
0.0181832
0.0185027
0.0187819
0.0190211
0.01922
0.0193808
0.0195049
0.0195956
0.0196554
0.0196872
0.0196937
0.0196762
0.0196367
0.0195741
0.0194881
0.0193755
0.0192321
0.0190546
0.018833
0.0167304
0.0172067
0.0176492
0.0180545
0.0184187
0.0187401
0.0190169
0.0192499
0.0194393
0.0195885
0.0196993
0.0197764
0.0198228
0.0198425
0.0198388
0.0198134
0.0197688
0.0197035
0.0196178
0.0195072
0.0193673
0.0191932
0.0189736
0.016939
0.0174365
0.0178956
0.0183122
0.0186824
0.0190047
0.0192774
0.019502
0.0196794
0.0198141
0.0199089
0.0199697
0.0200005
0.0200061
0.0199908
0.0199565
0.0199067
0.019839
0.0197546
0.0196471
0.0195123
0.0193433
0.0191268
0.0171749
0.0176954
0.0181717
0.0185999
0.0189755
0.0192974
0.0195638
0.0197775
0.0199398
0.0200567
0.0201323
0.0201737
0.0201863
0.0201758
0.0201476
0.0201036
0.0200484
0.0199789
0.0198968
0.0197941
0.0196663
0.0195042
0.0192924
0.0174402
0.0179851
0.0184796
0.0189193
0.0192994
0.0196192
0.0198768
0.0200762
0.0202198
0.0203152
0.0203678
0.0203866
0.0203782
0.0203494
0.0203068
0.0202524
0.0201919
0.0201211
0.0200428
0.0199467
0.0198285
0.0196756
0.0194704
0.0177368
0.0183076
0.0188211
0.0192721
0.0196556
0.0199712
0.0202168
0.0203982
0.0205187
0.0205884
0.0206138
0.0206063
0.0205738
0.0205245
0.020466
0.0204005
0.0203349
0.0202636
0.020191
0.0201037
0.0199981
0.0198573
0.019661
0.0180668
0.0186652
0.0191983
0.0196602
0.0200457
0.0203548
0.0205845
0.0207434
0.0208359
0.0208746
0.0208682
0.0208302
0.0207704
0.0206982
0.0206225
0.0205454
0.020475
0.0204044
0.0203395
0.0202636
0.0201741
0.0200489
0.0198645
0.0184325
0.01906
0.0196135
0.0200856
0.0204713
0.0207718
0.0209803
0.0211114
0.0211701
0.0211722
0.0211286
0.0210558
0.0209652
0.0208676
0.0207734
0.0206842
0.0206098
0.020541
0.0204863
0.0204248
0.0203555
0.0202501
0.0200813
0.0188359
0.019494
0.0200675
0.0205509
0.0209344
0.021217
0.0214042
0.0215019
0.0215201
0.0214791
0.0213923
0.0212797
0.0211547
0.0210295
0.0209156
0.0208142
0.0207364
0.0206712
0.0206292
0.0205853
0.0205413
0.0204605
0.0203116
0.0192793
0.0199705
0.0205668
0.0210594
0.0214382
0.0217038
0.0218583
0.0219144
0.0218843
0.0217924
0.0216558
0.0214983
0.0213353
0.0211802
0.0210458
0.0209321
0.0208521
0.020792
0.0207657
0.0207429
0.02073
0.0206796
0.020556
0.0197656
0.0204921
0.0211117
0.0216126
0.0219839
0.0222265
0.022342
0.0223479
0.0222603
0.022109
0.0219154
0.0217074
0.0215026
0.0213158
0.0211602
0.0210346
0.0209537
0.0209009
0.020893
0.0208944
0.0209197
0.0209064
0.0208144
0.0202948
0.0210608
0.0217043
0.0222129
0.0225737
0.0227873
0.0228555
0.0228009
0.0226452
0.0224248
0.022166
0.0219019
0.021652
0.0214319
0.0212548
0.0211181
0.0210378
0.0209946
0.0210082
0.0210359
0.0211081
0.0211394
0.0210865
0.0208721
0.0216784
0.0223473
0.0228632
0.02321
0.0233876
0.023399
0.0232736
0.0230352
0.0227345
0.0224022
0.0220762
0.021778
0.0215235
0.0213254
0.0211787
0.021101
0.0210698
0.0211081
0.0211617
0.0212926
0.0213761
0.0213711
0.0214966
0.0223466
0.0230433
0.0235664
0.0238954
0.0240288
0.023971
0.0237585
0.0234248
0.023032
0.022617
0.0222234
0.0218744
0.0215853
0.0213674
0.0212123
0.0211392
0.0211231
0.02119
0.0212631
0.0214703
0.0216128
0.0216656
0.0221692
0.0230675
0.0237949
0.0243253
0.0246324
0.0247121
0.0245707
0.024254
0.0238079
0.0233093
0.0228022
0.0223357
0.0219342
0.0216115
0.0213759
0.0212145
0.0211484
0.0211507
0.0212538
0.0213263
0.0216387
0.0218431
0.0219651
0.0228896
0.0238418
0.0246041
0.0251426
0.0254235
0.0254385
0.0251963
0.0247548
0.0241756
0.0235569
0.022948
0.0224039
0.0219495
0.0215958
0.0213457
0.0211808
0.0211236
0.0211475
0.0213047
0.0215989
0.0217986
0.0220565
0.0222607
0.0236574
0.02467
0.0254724
0.0260208
0.0262709
0.0262084
0.025845
0.025254
0.0245172
0.023763
0.0230429
0.0224174
0.0219117
0.0215312
0.0212716
0.0211067
0.0210599
0.0211048
0.0213009
0.0215993
0.0219049
0.0222354
0.0225382
0.0244709
0.0255514
0.0264006
0.0269619
0.0271766
0.0270216
0.0265125
0.0257424
0.0248183
0.0239135
0.0230731
0.0223639
0.0218108
0.0214104
0.021148
0.0209876
0.0209529
0.0210174
0.0212466
0.0215709
0.0219516
0.0223576
0.0227756
0.0253266
0.0264838
0.0273886
0.0279675
0.0281422
0.0278771
0.0271937
0.0262086
0.0250587
0.0239913
0.0230224
0.0222293
0.0216357
0.0212255
0.0209696
0.0208196
0.0207987
0.0208816
0.0211392
0.0214936
0.0219207
0.0223918
0.0229386
0.026219
0.0274632
0.0284344
0.0290377
0.0291682
0.0287722
0.0278792
0.0266384
0.0252148
0.0239774
0.0228715
0.0219971
0.0213742
0.0209682
0.0207312
0.0205989
0.0205938
0.0206936
0.0209741
0.0213499
0.0217843
0.022292
0.0229751
0.0271404
0.0284832
0.0295343
0.0301713
0.0302537
0.0297013
0.0285561
0.0270171
0.0252631
0.0238507
0.0225976
0.0216483
0.0210128
0.0206297
0.0204278
0.0203229
0.0203364
0.0204506
0.0207467
0.0211238
0.0215062
0.0219938
0.0228095
0.0280801
0.0295342
0.0306814
0.0313646
0.0313949
0.030655
0.0292061
0.0273273
0.0253869
0.0235885
0.0221727
0.0211612
0.0205363
0.020201
0.0200545
0.0199894
0.0200262
0.0201524
0.0204545
0.0208009
0.0210455
0.021413
0.0223401
0.0290245
0.0306026
0.0318646
0.0326104
0.0325847
0.0316187
0.0297988
0.0274985
0.0251476
0.0231216
0.0215613
0.020511
0.0199286
0.0196725
0.0196065
0.0195969
0.0196642
0.0198018
0.0200992
0.0203705
0.0204014
0.0204562
0.0214492
0.0299557
0.0316694
0.0330674
0.0338956
0.0338105
0.0325697
0.0302961
0.0274907
0.0246483
0.0224113
0.0207253
0.0196705
0.0191724
0.0190344
0.0190795
0.0191448
0.0192538
0.0194051
0.0196861
0.0198226
0.0194194
0.019053
0.0200391
0.0308512
0.032709
0.0342654
0.0351991
0.0350505
0.0334752
0.0306461
0.0272527
0.0240074
0.0214147
0.0196219
0.0186096
0.0182493
0.0182767
0.0184687
0.0186332
0.0188008
0.0189718
0.0192265
0.0191701
0.0181874
0.0172318
0.0180929
0.0316817
0.0336878
0.0354239
0.036487
0.0362688
0.0342849
0.0307753
0.0266847
0.0230136
0.0200511
0.0181997
0.0172957
0.0171406
0.0173894
0.0177692
0.0180626
0.0183126
0.0185138
0.0187369
0.0184414
0.0167917
0.0151417
0.0157167
0.0324067
0.0345621
0.036494
0.0377076
0.0374097
0.0349253
0.0305819
0.0256578
0.0213968
0.0182246
0.0164017
0.0156944
0.0158271
0.0163621
0.0169757
0.0174339
0.0177975
0.0180438
0.018237
0.0176826
0.0153801
0.0130251
0.0131163
0.032986
0.0352784
0.0374081
0.0387819
0.038386
0.0352924
0.0299347
0.0240349
0.0191602
0.0158468
0.0141664
0.0137701
0.0142903
0.0151841
0.0160828
0.0167485
0.0172635
0.0175739
0.0177498
0.0169698
0.0141325
0.0111422
0.0105147
0.0333801
0.0357737
0.0380753
0.0395936
0.0390672
0.0352418
0.0286684
0.0216445
0.016162
0.0128133
0.0114286
0.0114874
0.0125121
0.0138451
0.0150855
0.0160088
0.0167168
0.0171154
0.0173016
0.0163878
0.0132117
0.0096862
0.00807847
0.0335526
0.0359779
0.0383778
0.0399795
0.0392688
0.0345889
0.0265841
0.018286
0.012233
0.00900979
0.00812069
0.00881208
0.0104757
0.012335
0.0139801
0.0152171
0.016161
0.0166767
0.0169141
0.0159979
0.0127176
0.00874798
0.00589031
0.0334756
0.0358213
0.0381711
0.0397251
0.0387516
0.0331238
0.0234822
0.0137574
0.00719733
0.00431824
0.00417649
0.00571309
0.00816604
0.0106452
0.0127647
0.0143754
0.0155966
0.0162605
0.0165986
0.0158303
0.0126622
0.00830391
0.00395507
0.0331349
0.0352464
0.0372991
0.0385767
0.0372384
0.0306372
0.0192069
0.00790003
0.000904811
-0.00136723
-0.000461673
0.00216521
0.00557117
0.00876962
0.0114396
0.0134843
0.01502
0.0158621
0.0163557
0.0158752
0.0129796
0.00824485
0.00222151
0.0325322
0.0342226
0.0356395
0.0363013
0.0344639
0.0269399
0.0136701
0.0006373
-0.00673506
-0.00811996
-0.00583368
-0.0018477
0.00268329
0.00670556
0.0100069
0.0125424
0.0144232
0.0154705
0.0161727
0.0160789
0.0135445
0.00841811
0.000609489
0.0316836
0.0327659
0.0331887
0.0328242
0.0302808
0.0218813
0.00682432
-0.00802305
-0.0157347
-0.0159637
-0.0119522
-0.00632903
-0.000499082
0.00445496
0.00846946
0.0115455
0.0137945
0.0150674
0.0160226
0.0163671
0.0141969
0.00866022
-0.000963664
0.0306135
0.030946
0.0301173
0.0283583
0.024791
0.0154031
-0.00137501
-0.0180322
-0.0260313
-0.0248617
-0.0187956
-0.0112662
-0.00396931
0.00202474
0.00683088
0.0104875
0.0131183
0.0146297
0.0158698
0.016659
0.014807
0.00883406
-0.00256344
0.029343
0.0288577
0.0267041
0.0233427
0.0183541
0.00760837
-0.0109383
-0.0293178
-0.0375051
-0.0347187
-0.0263061
-0.0166287
-0.007711
-0.000572911
0.00509484
0.00936016
0.0123768
0.0141324
0.0156759
0.0168792
0.0152743
0.00884536
-0.00423034
0.0278852
0.0265975
0.0232095
0.0182127
0.0114144
-0.00123312
-0.0217591
-0.0417506
-0.0499832
-0.0453876
-0.0343911
-0.0223671
-0.0116971
-0.00332088
0.00326508
0.00815471
0.011552
0.013552
0.0154052
0.0169676
0.0155318
0.00863845
-0.00598057
0.0262517
0.0242278
0.0197611
0.0132021
0.0043072
-0.0107657
-0.03357
-0.0550988
-0.063226
-0.0566727
-0.0429273
-0.0284142
-0.0158901
-0.00619784
0.00134559
0.00686228
0.0106273
0.0128684
0.0150275
0.0168824
0.0155415
0.00818841
-0.00781194
0.0244489
0.0217614
0.0163607
0.00834892
-0.00278709
-0.0206408
-0.0459845
-0.0690203
-0.0769289
-0.0683378
-0.0517656
-0.0346866
-0.0202426
-0.0091792
-0.000659217
0.00547503
0.00958894
0.0120664
0.0145197
0.0165979
0.0152876
0.00749213
-0.00971018
0.0224756
0.0191815
0.0129572
0.0036088
-0.0097783
-0.0305601
-0.0585832
-0.0831072
-0.090742
-0.0801197
-0.0607387
-0.0410883
-0.0246999
-0.0122383
-0.00274431
0.00398685
0.00842626
0.0111353
0.013866
0.0161021
0.0147692
0.00656029
-0.0116535
0.0203259
0.0164656
0.00949734
-0.00106919
-0.0166079
-0.0402783
-0.0709753
-0.0969411
-0.104301
-0.0917449
-0.0696702
-0.0475148
-0.029202
-0.0153474
-0.00490369
0.00239368
0.00713251
0.0100696
0.0130565
0.0153922
0.0139938
0.00541074
-0.0136167
0.01799
0.0135983
0.00594273
-0.00572647
-0.0232333
-0.0495962
-0.0828224
-0.110138
-0.117255
-0.102948
-0.0783841
-0.0538586
-0.0336874
-0.0184789
-0.0071303
0.000693805
0.00570471
0.00886665
0.0120855
0.0144708
0.0129732
0.00406385
-0.0155761
0.0105691
0.00227263
-0.010389
-0.0296314
-0.0583656
-0.0938471
-0.122375
-0.1293
-0.113488
-0.0867143
-0.0600143
-0.0380953
-0.0216061
-0.00941583
-0.001112
0.0041431
0.00752552
0.0109499
0.0133432
0.0117219
0.0025412
-0.0175129
0.007362
-0.00151799
-0.0150485
-0.0357798
-0.0665
-0.103849
-0.133395
-0.140193
-0.123164
-0.0945127
-0.0658838
-0.042369
-0.0247036
-0.0117507
-0.00302066
0.00245007
0.00604553
0.00964708
0.0120147
0.0102555
0.000866979
-0.0194099
0.00394803
-0.00543416
-0.0196694
-0.0416131
-0.0739418
-0.112721
-0.143026
-0.14976
-0.131817
-0.101655
-0.0713805
-0.0464577
-0.027748
-0.0141244
-0.0050271
0.000629173
0.00442518
0.00817429
0.0104902
0.00858947
-0.000933433
-0.0212462
0.000286861
-0.00949936
-0.0242431
-0.0470493
-0.0805865
-0.120409
-0.151192
-0.157911
-0.139335
-0.108042
-0.0764319
-0.050318
-0.0307176
-0.0165251
-0.00712484
-0.00131568
0.00266196
0.0065283
0.00877254
0.00673561
-0.00284195
-0.0230031
-0.0036625
-0.0137491
-0.0288193
-0.0521044
-0.0863229
-0.126808
-0.157873
-0.164555
-0.145652
-0.113606
-0.080982
-0.0539146
-0.033593
-0.0189409
-0.00930648
-0.00338104
0.000752639
0.00470677
0.00686217
0.00469783
-0.00485741
-0.0246839
-0.00791616
-0.0181792
-0.0334195
-0.0568918
-0.0912426
-0.131813
-0.163013
-0.169732
-0.15075
-0.118305
-0.0849914
-0.0572211
-0.036357
-0.0213594
-0.0115643
-0.00556483
-0.00130799
0.00270936
0.00475867
0.00247602
-0.0069849
-0.0263154
-0.0124084
-0.022649
-0.0378672
-0.0613713
-0.0956422
-0.135718
-0.166597
-0.173498
-0.154641
-0.122126
-0.0884373
-0.0602179
-0.0389943
-0.0237679
-0.0138897
-0.00786483
-0.0035292
0.000526153
0.00246907
0.000103319
-0.00917738
-0.0278895
-0.0169305
-0.0268475
-0.0417554
-0.0651751
-0.0995869
-0.13928
-0.169196
-0.175821
-0.157366
-0.125062
-0.0913156
-0.0628991
-0.0414936
-0.0261547
-0.0162735
-0.0102739
-0.00590249
-0.0018477
4.5151e-05
-0.00227954
-0.0112647
-0.0292923
-0.0213297
-0.0306791
-0.0449833
-0.0680917
-0.102716
-0.14261
-0.171894
-0.177478
-0.159141
-0.127159
-0.0935943
-0.0652399
-0.0438425
-0.0285118
-0.0187104
-0.0127789
-0.00835522
-0.00426218
-0.0023403
-0.00449821
-0.0131127
-0.0304317
-0.0264081
-0.0353057
-0.0489526
-0.0712035
-0.104893
-0.144072
-0.173086
-0.179112
-0.160272
-0.128755
-0.0955619
-0.0673852
-0.0460739
-0.0308428
-0.021219
-0.015408
-0.010939
-0.00677594
-0.00473829
-0.00706065
-0.0153337
-0.0317348
-0.0283447
-0.0322442
-0.0411362
-0.0545028
-0.0751243
-0.105618
-0.140911
-0.167203
-0.17222
-0.156152
-0.127031
-0.0955399
-0.0684369
-0.0476683
-0.0326659
-0.0233604
-0.0180596
-0.0141587
-0.010515
-0.00867582
-0.0108852
-0.0185438
-0.0335612
-0.0302024
-0.033983
-0.0428461
-0.0561779
-0.0767385
-0.106977
-0.141622
-0.167043
-0.171472
-0.155144
-0.126184
-0.0950549
-0.0683478
-0.0479067
-0.033165
-0.0240938
-0.0189597
-0.0151415
-0.0115464
-0.00975307
-0.0119746
-0.0195471
-0.0342828
-0.0318988
-0.0356416
-0.0444409
-0.0577424
-0.0783331
-0.108457
-0.142698
-0.167581
-0.171573
-0.154578
-0.125321
-0.0942727
-0.0678657
-0.0477712
-0.0333651
-0.0245758
-0.0195912
-0.0158087
-0.0122414
-0.0105412
-0.0128424
-0.0204112
-0.0349578
-0.0337228
-0.037372
-0.0460688
-0.0593004
-0.0798572
-0.109787
-0.143548
-0.167855
-0.171411
-0.153975
-0.124563
-0.0936365
-0.0675121
-0.047728
-0.0336225
-0.0250918
-0.0202561
-0.0165281
-0.0130081
-0.0113968
-0.0137559
-0.0212861
-0.035604
-0.0356087
-0.0391249
-0.0476915
-0.0608239
-0.0813096
-0.111012
-0.144261
-0.167946
-0.171037
-0.153243
-0.123799
-0.093073
-0.0672583
-0.0477793
-0.0339582
-0.0256753
-0.0209925
-0.0173318
-0.0138623
-0.0123217
-0.0147096
-0.0221674
-0.0362262
-0.0375184
-0.0408785
-0.0492912
-0.0623013
-0.0826901
-0.112145
-0.144878
-0.167942
-0.170564
-0.152434
-0.122989
-0.092499
-0.0670173
-0.0478547
-0.0343238
-0.0262923
-0.0217672
-0.0181794
-0.0147593
-0.0132788
-0.015678
-0.0230423
-0.0368234
-0.0394491
-0.0426302
-0.0508654
-0.0637299
-0.083996
-0.113182
-0.145398
-0.16785
-0.169939
-0.151566
-0.122143
-0.0919076
-0.0667742
-0.0479379
-0.0347052
-0.0269309
-0.022569
-0.0190597
-0.0156898
-0.0142615
-0.0166568
-0.0239089
-0.0373949
-0.0413993
-0.0443774
-0.0524111
-0.0651071
-0.0852244
-0.114122
-0.145815
-0.167661
-0.169273
-0.150641
-0.121269
-0.0913105
-0.0665385
-0.0480353
-0.0351065
-0.0275938
-0.0234011
-0.0199764
-0.0166574
-0.0152715
-0.0176466
-0.024767
-0.0379403
-0.0433651
-0.0461162
-0.0539251
-0.0664296
-0.0863727
-0.114963
-0.146129
-0.167374
-0.168514
-0.149656
-0.120369
-0.0907115
-0.0663145
-0.0481508
-0.0355307
-0.0282838
-0.0242667
-0.0209325
-0.0176637
-0.0163089
-0.0186468
-0.0256159
-0.0384596
-0.0453425
-0.0478428
-0.055404
-0.0676946
-0.0874387
-0.115702
-0.146338
-0.166988
-0.16767
-0.148614
-0.119443
-0.0901101
-0.0661016
-0.0482838
-0.0359777
-0.0290016
-0.025167
-0.0219287
-0.0187085
-0.0173727
-0.0196562
-0.0264549
-0.0389526
-0.0473279
-0.0495535
-0.0568445
-0.0688993
-0.0884203
-0.116339
-0.146441
-0.166503
-0.166742
-0.147516
-0.118491
-0.0895055
-0.0658984
-0.0484333
-0.036447
-0.0297474
-0.0261026
-0.0229653
-0.019792
-0.0184619
-0.0206737
-0.0272834
-0.0394191
-0.0493174
-0.0512448
-0.0582439
-0.0700413
-0.0893155
-0.116872
-0.146438
-0.165918
-0.165732
-0.146364
-0.117514
-0.088898
-0.0657046
-0.0485987
-0.0369384
-0.0305216
-0.0270743
-0.0240428
-0.0209161
-0.0195757
-0.0216985
-0.0281006
-0.0398594
-0.0513076
-0.0529134
-0.0595991
-0.0711182
-0.0901228
-0.1173
-0.146327
-0.165235
-0.164641
-0.145159
-0.116513
-0.0882875
-0.0655196
-0.0487796
-0.0374518
-0.0313247
-0.0280828
-0.0251614
-0.0220809
-0.0207133
-0.0227295
-0.0289062
-0.0402734
-0.0532947
-0.0545559
-0.0609077
-0.0721281
-0.0908407
-0.117622
-0.146108
-0.164453
-0.163468
-0.143903
-0.115489
-0.0876741
-0.065343
-0.0489756
-0.0379871
-0.032157
-0.0291287
-0.0263215
-0.0232837
-0.0218739
-0.0237659
-0.0296996
-0.0406613
-0.0552753
-0.0561693
-0.0621672
-0.0730689
-0.0914679
-0.117838
-0.145781
-0.163572
-0.162217
-0.142597
-0.114441
-0.0870576
-0.0651742
-0.0491861
-0.0385442
-0.033019
-0.0302126
-0.0275233
-0.0245189
-0.0230562
-0.0248069
-0.0304803
-0.0410234
-0.0572459
-0.0577504
-0.0633752
-0.0739392
-0.0920035
-0.117947
-0.145345
-0.162593
-0.160888
-0.141242
-0.113371
-0.0864379
-0.0650124
-0.0494105
-0.0391227
-0.0339109
-0.0313349
-0.0287669
-0.0257686
-0.0242593
-0.0258516
-0.0312481
-0.04136
-0.059203
-0.0592966
-0.0645297
-0.0747375
-0.0924469
-0.117949
-0.1448
-0.161516
-0.159482
-0.13984
-0.11228
-0.0858147
-0.0648569
-0.0496483
-0.0397224
-0.0348329
-0.032496
-0.0300524
-0.0270691
-0.0254823
-0.0268993
-0.0320025
-0.0416714
-0.0611432
-0.060805
-0.065629
-0.0754626
-0.0927974
-0.117844
-0.144147
-0.160343
-0.158002
-0.138391
-0.111167
-0.0851876
-0.064707
-0.0498988
-0.0403431
-0.0357852
-0.033696
-0.0313796
-0.0284045
-0.0267245
-0.0279491
-0.0327433
-0.0419581
-0.0630634
-0.0622732
-0.0666712
-0.0761138
-0.093055
-0.117632
-0.143387
-0.159075
-0.156449
-0.136898
-0.110033
-0.0845563
-0.0645619
-0.0501612
-0.0409844
-0.0367677
-0.0349351
-0.0327483
-0.0297738
-0.027985
-0.0290003
-0.0334703
-0.0422206
-0.0649605
-0.0636989
-0.067655
-0.0766902
-0.0932196
-0.117315
-0.142521
-0.157713
-0.154824
-0.135361
-0.108879
-0.0839204
-0.0644207
-0.0504349
-0.0416458
-0.0377804
-0.0362132
-0.0341581
-0.0311764
-0.0292628
-0.0300521
-0.0341832
-0.0424593
-0.0668313
-0.06508
-0.0685792
-0.0771914
-0.0932916
-0.116892
-0.141549
-0.156259
-0.15313
-0.133782
-0.107705
-0.0832793
-0.0642825
-0.050719
-0.0423269
-0.0388232
-0.0375302
-0.0356086
-0.0326115
-0.030557
-0.031104
-0.034882
-0.042675
-0.0686733
-0.0664145
-0.0694428
-0.0776175
-0.0932716
-0.116365
-0.140473
-0.154715
-0.151369
-0.132162
-0.106511
-0.0826325
-0.0641463
-0.0510128
-0.0430271
-0.0398957
-0.0388858
-0.0370991
-0.0340781
-0.0318669
-0.0321551
-0.0355666
-0.0428682
-0.0704836
-0.0677008
-0.0702451
-0.0779683
-0.0931605
-0.115736
-0.139296
-0.153082
-0.149542
-0.130502
-0.105297
-0.0819793
-0.0640113
-0.0513153
-0.0437459
-0.0409976
-0.0402794
-0.038629
-0.0355753
-0.0331913
-0.0332049
-0.0362368
-0.0430396
-0.0722598
-0.0689373
-0.0709854
-0.0782442
-0.0929592
-0.115006
-0.138018
-0.151362
-0.147651
-0.128803
-0.104064
-0.0813192
-0.0638763
-0.0516257
-0.0444824
-0.0421282
-0.0417107
-0.0401974
-0.0371022
-0.0345296
-0.0342528
-0.0368928
-0.04319
-0.0739997
-0.0701229
-0.0716636
-0.078446
-0.0926693
-0.114177
-0.136642
-0.149559
-0.1457
-0.127067
-0.102812
-0.0806515
-0.0637404
-0.0519429
-0.045236
-0.0432869
-0.0431788
-0.0418036
-0.0386578
-0.0358807
-0.0352982
-0.0375346
-0.0433201
-0.0757011
-0.0712564
-0.0722795
-0.0785743
-0.0922924
-0.113251
-0.135171
-0.147675
-0.143689
-0.125295
-0.101541
-0.0799754
-0.0636024
-0.052266
-0.0460056
-0.0444729
-0.0446829
-0.0434465
-0.0402411
-0.0372439
-0.0363406
-0.0381622
-0.0434306
-0.0773622
-0.0723371
-0.0728333
-0.0786302
-0.0918303
-0.112231
-0.133607
-0.145712
-0.141622
-0.123488
-0.100251
-0.0792902
-0.0634613
-0.0525938
-0.0467904
-0.0456852
-0.046222
-0.0451249
-0.0418509
-0.0386182
-0.0373793
-0.0387758
-0.0435225
-0.0789812
-0.0733642
-0.0733253
-0.0786151
-0.0912852
-0.11112
-0.131953
-0.143673
-0.139501
-0.121647
-0.098943
-0.0785951
-0.063316
-0.0529251
-0.0475892
-0.0469229
-0.047795
-0.0468377
-0.0434863
-0.0400027
-0.0384141
-0.0393756
-0.0435965
-0.0805567
-0.0743376
-0.0737562
-0.0785305
-0.0906595
-0.109919
-0.130212
-0.141562
-0.137327
-0.119775
-0.0976166
-0.0778893
-0.0631652
-0.0532589
-0.0484009
-0.0481845
-0.0494005
-0.0485835
-0.0451461
-0.0413968
-0.0394444
-0.0399617
-0.0436536
-0.0820874
-0.0752568
-0.0741266
-0.0783781
-0.0899558
-0.108634
-0.128388
-0.139381
-0.135104
-0.117872
-0.096272
-0.0771721
-0.0630078
-0.0535938
-0.0492241
-0.0494689
-0.0510371
-0.0503611
-0.0468291
-0.0427994
-0.0404698
-0.0405343
-0.0436945
-0.0975268
-0.0835723
-0.0761221
-0.0744377
-0.07816
-0.0891769
-0.107266
-0.126484
-0.137133
-0.132835
-0.115939
-0.0949093
-0.0764425
-0.0628426
-0.0539284
-0.0500574
-0.0507743
-0.0527032
-0.0521689
-0.0485342
-0.0442099
-0.0414899
-0.0410938
-0.0437203
-0.0996514
-0.0850105
-0.0769337
-0.0746906
-0.0778781
-0.0883259
-0.10582
-0.124505
-0.134823
-0.130521
-0.113978
-0.0935287
-0.0756999
-0.0626685
-0.0542616
-0.0508993
-0.0520993
-0.0543972
-0.0540054
-0.0502602
-0.0456274
-0.0425045
-0.0416404
-0.0437317
-0.101737
-0.0864013
-0.0776919
-0.0748865
-0.077535
-0.087406
-0.1043
-0.122452
-0.132454
-0.128166
-0.111991
-0.0921304
-0.0749434
-0.0624841
-0.0545917
-0.0517483
-0.053442
-0.0561171
-0.0558689
-0.0520059
-0.0470512
-0.0435132
-0.0421744
-0.0437297
-0.103782
-0.0877445
-0.0783975
-0.0750272
-0.077133
-0.0864207
-0.102708
-0.120332
-0.130029
-0.125772
-0.109978
-0.0907145
-0.0741721
-0.0622883
-0.0549174
-0.0526025
-0.0548004
-0.0578609
-0.0577577
-0.05377
-0.0484806
-0.0445157
-0.0426961
-0.0437151
-0.105785
-0.0890396
-0.0790513
-0.0751143
-0.076675
-0.0853736
-0.101051
-0.118148
-0.127551
-0.123343
-0.107942
-0.0892812
-0.0733855
-0.0620798
-0.0552371
-0.0534601
-0.0561725
-0.0596266
-0.05967
-0.0555513
-0.0499147
-0.0455118
-0.0432059
-0.043689
-0.107745
-0.0902866
-0.0796543
-0.0751496
-0.0761636
-0.0842683
-0.0993315
-0.115905
-0.125026
-0.12088
-0.105883
-0.0878308
-0.0725826
-0.0618575
-0.0555493
-0.0543193
-0.0575561
-0.0614118
-0.0616039
-0.0573485
-0.051353
-0.0465013
-0.0437042
-0.0436521
-0.109661
-0.0914857
-0.0802076
-0.0751351
-0.0756017
-0.0831089
-0.0975545
-0.113606
-0.122457
-0.118386
-0.103804
-0.0863634
-0.0717628
-0.0616201
-0.0558524
-0.055178
-0.0589488
-0.0632143
-0.0635575
-0.0591603
-0.0527947
-0.047484
-0.0441913
-0.0436054
-0.11153
-0.0926373
-0.0807127
-0.075073
-0.0749926
-0.0818993
-0.0957246
-0.111257
-0.119847
-0.115866
-0.101706
-0.0848793
-0.0709254
-0.0613663
-0.0561446
-0.056034
-0.0603482
-0.0650316
-0.0655288
-0.0609854
-0.0542392
-0.0484597
-0.0446676
-0.0435498
-0.113354
-0.0937417
-0.081171
-0.0749655
-0.0743392
-0.0806436
-0.0938465
-0.108862
-0.117201
-0.113321
-0.0995898
-0.0833789
-0.0700698
-0.0610951
-0.0564244
-0.0568852
-0.0617518
-0.066861
-0.0675156
-0.0628224
-0.0556858
-0.0494284
-0.0451336
-0.043486
-0.115131
-0.0947996
-0.0815841
-0.074815
-0.0736448
-0.0793459
-0.0919249
-0.106427
-0.114523
-0.110754
-0.0974581
-0.0818625
-0.0691953
-0.0608052
-0.05669
-0.0577294
-0.0631569
-0.0686999
-0.0695158
-0.06467
-0.057134
-0.05039
-0.0455896
-0.0434149
)
;

boundaryField
{
    inlet
    {
        type            zeroGradient;
    }
    outlet
    {
        type            fixedValue;
        value           nonuniform 0();
    }
    cylinder
    {
        type            zeroGradient;
    }
    top
    {
        type            symmetryPlane;
    }
    bottom
    {
        type            symmetryPlane;
    }
    frontAndBack
    {
        type            empty;
    }
    procBoundary6to5
    {
        type            processor;
        value           nonuniform List<scalar> 
205
(
-0.142117
-0.144609
-0.147048
-0.149433
-0.151762
-0.154034
-0.156247
-0.1584
-0.160492
-0.162521
-0.131539
-0.131539
-0.132753
-0.133923
-0.135051
-0.136137
-0.137181
-0.138186
-0.139151
-0.140078
-0.140967
-0.141819
-0.142635
-0.143416
-0.144163
-0.144874
-0.145553
-0.146197
-0.146808
-0.147386
-0.147931
-0.148441
-0.148917
-0.149359
-0.149769
-0.15014
-0.150445
-0.150692
-0.151046
-0.151644
-0.151623
-0.111843
-0.111843
-0.105808
-0.09958
-0.0927315
-0.0854635
-0.077854
-0.0700271
-0.0621082
-0.0542253
-0.0465013
-0.0390478
-0.0319593
-0.0253093
-0.0191489
-0.0135071
-0.00839428
-0.003806
0.000273567
0.00386832
0.00700755
0.00972397
0.0120521
0.0140271
0.0156839
0.0170564
0.0181769
0.019076
0.0197821
0.0203212
0.0207172
0.0209913
0.0211629
0.0212488
0.0212641
0.0212221
0.0211342
0.0210104
0.0208595
0.0206888
0.0205046
0.0203123
0.0201164
0.0199205
0.0197279
0.0195409
0.0193615
0.0191913
0.0190314
0.0188828
0.0187458
0.0186211
0.0185086
0.0184085
0.0183207
0.0182453
0.018182
0.0181309
0.0180921
0.0180658
0.0180522
0.0154697
0.0154862
0.0155186
0.0155668
0.0156311
0.0157122
0.0158109
0.0159284
0.0160661
0.0162255
0.0164083
0.0166163
0.0168515
0.0171158
0.0174112
0.01774
0.018104
0.0185052
0.0189454
0.0194262
0.01995
0.0205177
0.0211285
0.0217818
0.0224764
0.0232099
0.023978
0.0247749
0.0255925
0.0264205
0.0272468
0.0280587
0.028846
0.0296021
0.0302534
0.0307741
0.0311503
0.0313649
0.0314048
0.031264
0.030945
0.0304566
0.0298091
0.0290085
0.0280491
0.026912
0.0255753
0.02402
0.0222386
0.0202117
0.0154528
0.0154528
0.012686
0.00964594
0.00627731
0.00252312
-0.0016644
-0.00628993
-0.0112129
-0.0161697
-0.0217111
-0.0217111
-0.0292475
-0.031431
-0.0332043
-0.0351721
-0.037264
-0.0394049
-0.0415867
-0.0438101
-0.046071
-0.0483643
-0.0506857
-0.0530312
-0.0553969
-0.0577791
-0.0601741
-0.0625783
-0.0649883
-0.0674006
-0.0698119
-0.0722188
-0.0746181
-0.0770064
-0.0793808
-0.081738
-0.0840752
-0.0863894
-0.0886781
-0.0909385
-0.0931683
-0.0953651
-0.0953651
-0.114797
-0.117689
-0.120552
-0.123385
-0.126183
-0.128945
-0.131667
-0.134348
-0.136985
-0.139575
)
;
    }
    procBoundary6to7
    {
        type            processor;
        value           nonuniform List<scalar> 
201
(
-0.0434414
-0.0428593
-0.0422802
-0.0417049
-0.0411342
-0.0405691
-0.0400102
-0.0394582
-0.0389139
-0.0383779
-0.0378507
-0.0373329
-0.0368249
-0.0363271
-0.03584
-0.0353639
-0.034899
-0.0344457
-0.034004
-0.0335743
-0.0331566
-0.032751
-0.0323576
-0.0319765
-0.0316075
-0.0312508
-0.0309063
-0.0305738
-0.0302534
-0.0299449
-0.0296482
-0.0293633
-0.0290902
-0.0288287
-0.0285772
-0.0283338
-0.0281048
-0.0279155
-0.0277605
-0.0274519
-0.0263574
-0.0247531
-0.0231221
-0.0214292
-0.019677
-0.0178716
-0.0160213
-0.0141358
-0.012227
-0.0103082
-0.00839356
-0.00649765
-0.00463458
-0.0028172
-0.00105632
0.000639865
0.00226621
0.00382075
0.0053046
0.00672125
0.00807552
0.00937225
0.0106148
0.0118038
0.0129374
0.0140113
0.0150195
0.0159558
0.0168148
0.0175928
0.0182877
0.0188998
0.0194306
0.0198834
0.0202625
0.0202625
0.0204951
0.0206964
0.0208519
0.0209664
0.0210449
0.0210924
0.0211132
0.0211116
0.0210912
0.0210555
0.0210073
0.0209493
0.020884
0.0208136
0.0207402
0.0206658
0.020592
0.0205206
0.0204533
0.0203914
0.0203365
0.02029
0.0202533
0.0202276
0.0202143
0.0179597
0.0179791
0.0180166
0.0180711
0.0181417
0.0182274
0.0183275
0.0184416
0.0185691
0.0187098
0.0188635
0.0190303
0.0192103
0.0194039
0.0196115
0.0198337
0.0200712
0.0203244
0.0205939
0.0208795
0.0211807
0.0214952
0.0218191
0.0221454
0.0224622
0.022751
0.0229827
0.0231135
0.0230785
0.0227888
0.0221341
0.0210001
0.0193023
0.0170171
0.0141828
0.0108728
0.00717082
0.0031611
-0.00107559
-0.00546563
-0.00994482
-0.0144561
-0.0189442
-0.0233527
-0.0276255
-0.0317072
-0.0355451
-0.0390929
-0.0423125
-0.0451755
-0.0476668
-0.0497869
-0.0515436
-0.0529393
-0.0539791
-0.0547096
-0.0552211
-0.0555606
-0.0556717
-0.0555425
-0.0553229
-0.0555386
-0.0558075
-0.0560118
-0.0561686
-0.0562877
-0.0563694
-0.0564137
-0.0564209
-0.0563918
-0.0563271
-0.0562275
-0.056094
-0.0559275
-0.055729
-0.0554995
-0.0552401
-0.0549521
-0.0546366
-0.0542948
-0.0539282
-0.0535379
-0.0531253
-0.0526918
-0.0522387
-0.0517675
-0.0512795
-0.0507762
-0.0502588
-0.0497289
-0.0491877
-0.0486366
-0.048077
-0.0475101
-0.0469372
-0.0463596
-0.0457784
-0.0451949
-0.0446102
-0.0440253
)
;
    }
}


// ************************************************************************* //
