/*--------------------------------*- C++ -*----------------------------------*\
  =========                 |
  \\      /  F ield         | OpenFOAM: The Open Source CFD Toolbox
   \\    /   O peration     | Website:  https://openfoam.org
    \\  /    A nd           | Version:  7
     \\/     M anipulation  |
\*---------------------------------------------------------------------------*/
FoamFile
{
    version     2.0;
    format      ascii;
    class       volScalarField;
    location    "80";
    object      p;
}
// * * * * * * * * * * * * * * * * * * * * * * * * * * * * * * * * * * * * * //

dimensions      [0 2 -2 0 0 0 0];

internalField   nonuniform List<scalar> 
4575
(
0.243436
0.252841
0.262034
0.276913
0.271006
0.286192
0.279745
0.295224
0.288243
0.303997
0.296488
0.321403
0.312499
0.304469
0.330118
0.320718
0.312176
0.338522
0.328642
0.3196
0.346602
0.336259
0.326728
0.364811
0.354346
0.343557
0.333553
0.372695
0.361741
0.350526
0.340063
0.380198
0.368777
0.357155
0.34625
0.387306
0.375441
0.363433
0.352105
0.394009
0.381724
0.36935
0.357619
0.412993
0.400295
0.387616
0.374897
0.362784
0.419249
0.406154
0.393106
0.380066
0.367592
0.425041
0.411577
0.398186
0.384847
0.372037
0.430359
0.416554
0.402847
0.389233
0.376112
0.435193
0.421078
0.407083
0.393217
0.379809
0.439536
0.42514
0.410884
0.396792
0.383125
0.44338
0.428733
0.414247
0.399953
0.386053
0.446717
0.431853
0.417163
0.402693
0.388589
0.449543
0.434491
0.419629
0.405008
0.39073
0.451852
0.436646
0.42164
0.406894
0.39247
0.45364
0.438311
0.423193
0.408347
0.393809
0.470473
0.454904
0.439485
0.424284
0.409366
0.394743
0.47127
0.45564
0.440165
0.424911
0.409947
0.395271
0.471502
0.455848
0.440348
0.425073
0.41009
0.395391
0.47117
0.455526
0.440036
0.424769
0.409793
0.395103
0.470273
0.454674
0.439226
0.423999
0.409057
0.394406
0.468812
0.453293
0.437921
0.422764
0.407882
0.393302
0.451385
0.436122
0.421065
0.40627
0.391792
0.448953
0.433831
0.418904
0.404223
0.389877
0.446
0.431052
0.416285
0.401744
0.38756
0.442529
0.427787
0.413212
0.398836
0.384844
0.438547
0.424043
0.409687
0.395503
0.381731
0.43406
0.419824
0.405718
0.39175
0.378227
0.429073
0.415137
0.401309
0.387583
0.374336
0.423594
0.409989
0.396466
0.383007
0.370063
0.417633
0.404387
0.391198
0.378029
0.365413
0.411197
0.39834
0.385511
0.372656
0.360393
0.404296
0.391856
0.379415
0.366896
0.35501
0.384945
0.372917
0.360758
0.34927
0.377619
0.366029
0.35425
0.343181
0.369886
0.358758
0.347382
0.336752
0.36176
0.351118
0.340164
0.329991
0.353251
0.343117
0.332605
0.322907
0.334769
0.324718
0.315509
0.326085
0.316512
0.307807
0.317077
0.308
0.29981
0.307758
0.299194
0.291529
0.290104
0.282975
0.280744
0.274157
0.271125
0.265087
0.255774
0.246229
0.236462
0.117953
0.119128
0.121366
0.124531
0.128492
0.133187
0.138496
0.144369
0.150656
0.157286
0.164045
0.170817
0.177282
0.183262
0.188281
0.192115
0.194053
0.19392
0.19061
0.184297
0.172984
0.117125
0.118253
0.120392
0.123412
0.127173
0.131608
0.136588
0.142049
0.14783
0.153844
0.159866
0.16576
0.1712
0.175998
0.179682
0.18204
0.182396
0.180617
0.175721
0.167927
0.155748
0.116219
0.117296
0.119328
0.12219
0.125736
0.129894
0.134523
0.139552
0.144808
0.150192
0.155466
0.160489
0.164928
0.168601
0.171046
0.17208
0.17108
0.167976
0.161943
0.153263
0.140947
0.115233
0.116253
0.118172
0.120866
0.124187
0.128053
0.132318
0.136901
0.141619
0.146362
0.150888
0.155048
0.158512
0.161104
0.16239
0.162208
0.16002
0.155781
0.148871
0.139534
0.12719
0.114164
0.115125
0.116925
0.119444
0.122529
0.126094
0.129986
0.134113
0.138289
0.142393
0.146182
0.149502
0.152038
0.153616
0.153847
0.152584
0.149387
0.144219
0.136657
0.12688
0.114583
0.113012
0.113911
0.115587
0.117924
0.120767
0.124021
0.127534
0.131201
0.134835
0.138307
0.14138
0.143895
0.14556
0.146205
0.145495
0.143294
0.139267
0.133379
0.125365
0.115367
0.103261
0.111776
0.11261
0.114159
0.116307
0.118902
0.12184
0.124968
0.128174
0.131272
0.134125
0.136508
0.13826
0.139116
0.138915
0.137378
0.134383
0.129688
0.123266
0.114976
0.104941
0.0931644
0.110457
0.111223
0.112641
0.114596
0.116937
0.119556
0.122298
0.125045
0.127616
0.12987
0.131594
0.13263
0.132745
0.131787
0.129534
0.125879
0.120662
0.113868
0.105448
0.0955184
0.084162
0.109053
0.10975
0.111033
0.112792
0.114876
0.117174
0.119532
0.121827
0.123885
0.125563
0.126665
0.127038
0.126481
0.124856
0.121993
0.117805
0.112195
0.105167
0.0967358
0.0870159
0.0761362
0.107565
0.108191
0.109339
0.110899
0.112725
0.114702
0.116681
0.118534
0.120098
0.121228
0.121748
0.121513
0.120356
0.118153
0.114781
0.110172
0.104285
0.097138
0.0887913
0.0793566
0.0689889
0.105994
0.106549
0.107559
0.10892
0.110489
0.112148
0.113755
0.11518
0.11627
0.116884
0.116867
0.116082
0.114395
0.111699
0.107911
0.102986
0.096922
0.0897506
0.0815635
0.0724679
0.0626324
0.104342
0.104824
0.105698
0.106859
0.108173
0.109521
0.110765
0.111779
0.11242
0.112554
0.112044
0.110768
0.10862
0.105512
0.101396
0.0962451
0.0900885
0.0829702
0.0750005
0.0662809
0.0569847
0.102611
0.103021
0.103757
0.104721
0.105784
0.106828
0.107724
0.108346
0.108565
0.108255
0.1073
0.105591
0.103048
0.0996045
0.095238
0.0899407
0.0837638
0.0767602
0.069051
0.0607304
0.05197
0.100803
0.10114
0.101742
0.102511
0.10333
0.10408
0.104641
0.104893
0.10472
0.104005
0.102652
0.100567
0.0976937
0.0939834
0.0894367
0.0840613
0.0779238
0.0710832
0.0636649
0.0557551
0.0475194
0.0989203
0.0991869
0.0996557
0.100236
0.100817
0.101285
0.101529
0.101435
0.1009
0.0998206
0.0981156
0.0957099
0.0925656
0.0886519
0.083987
0.0785915
0.0725423
0.0659013
0.0587943
0.0512986
0.043571
0.0969673
0.0971644
0.0975037
0.0979006
0.0982531
0.0984528
0.0983983
0.0979843
0.0971201
0.0957149
0.0937046
0.0910299
0.08767
0.0836096
0.0788807
0.0735137
0.0675918
0.0611778
0.054394
0.0473089
0.0400693
0.0949476
0.0950772
0.0952913
0.095512
0.0956466
0.0955934
0.0952607
0.0945529
0.0933921
0.0917006
0.0894296
0.0865346
0.0830099
0.0788531
0.0741069
0.0688088
0.0630448
0.0568766
0.0504216
0.043739
0.0369647
0.0928657
0.0929303
0.0930241
0.0930769
0.0930055
0.0927159
0.0921267
0.0911524
0.0897278
0.0877883
0.0852989
0.0822292
0.0785855
0.0743767
0.0696529
0.0644564
0.0588736
0.0529639
0.0468377
0.0405459
0.0342132
0.0907263
0.0907291
0.0907083
0.0906024
0.0903379
0.0898296
0.0890062
0.0877932
0.0861373
0.0839867
0.0813191
0.0781162
0.0743948
0.0701725
0.0655043
0.0604357
0.0550513
0.0494071
0.043606
0.0376908
0.0317756
0.0885349
0.0884791
0.0883502
0.0880958
0.0876521
0.0869436
0.0859089
0.0844848
0.0826293
0.080303
0.0774945
0.0741965
0.0704338
0.0662311
0.0616462
0.056726
0.0515519
0.0461759
0.0406932
0.035139
0.029617
0.0862972
0.0861864
0.0859565
0.0855645
0.0849563
0.0840664
0.0828436
0.0812357
0.0792115
0.0767428
0.073828
0.070469
0.0666971
0.0625421
0.058063
0.0533066
0.0483505
0.0432422
0.0380689
0.0328591
0.0277065
0.0840191
0.0838575
0.0835341
0.0830159
0.0822585
0.0812066
0.0798188
0.0780537
0.0758901
0.0733102
0.0703206
0.0669312
0.0631779
0.0590941
0.0547387
0.0501576
0.0454236
0.0405797
0.0357052
0.0308227
0.0260167
0.0817072
0.0814989
0.0810901
0.0804575
0.0795664
0.0783718
0.0768417
0.0749452
0.0726701
0.0700078
0.0669721
0.0635793
0.0598684
0.0558753
0.0516577
0.0472596
0.0427489
0.0381641
0.033577
0.0290046
0.0245234
0.0793679
0.0791175
0.0786316
0.0778967
0.0768876
0.0755694
0.0739193
0.0719159
0.0695554
0.0668373
0.0637812
0.0604084
0.0567603
0.0528736
0.0488044
0.0445942
0.0403057
0.0359732
0.0316611
0.0273821
0.0232048
0.0770082
0.0767201
0.0761657
0.0753407
0.0742294
0.0728064
0.0710576
0.0689706
0.0665488
0.063799
0.0607453
0.0574131
0.0538446
0.050077
0.0461637
0.0421439
0.0380747
0.0339865
0.029937
0.0259349
0.0220417
0.074635
0.0743137
0.0736994
0.0727967
0.0715985
0.0700889
0.0682619
0.066113
0.0636524
0.0608925
0.0578614
0.054587
0.0511121
0.0474733
0.0437211
0.0398919
0.0360378
0.0321852
0.0283857
0.0246446
0.0210172
0.0722554
0.0719056
0.07124
0.0702715
0.0690015
0.0674228
0.0655368
0.0633464
0.0608671
0.0581165
0.0551254
0.0519236
0.0485535
0.0450508
0.0414628
0.0378229
0.0341784
0.0305522
0.0269901
0.023495
0.0201158
0.0698764
0.0695026
0.0687941
0.0677717
0.0664444
0.0648132
0.0628863
0.0606729
0.0581933
0.0554691
0.0525329
0.049416
0.0461595
0.042798
0.0393754
0.0359222
0.0324812
0.0290718
0.025735
0.0224711
0.019324
0.067505
0.0671116
0.0663687
0.0653036
0.0639329
0.0622649
0.0603137
0.0580942
0.0556306
0.0529476
0.0500792
0.047057
0.043921
0.0407039
0.0374464
0.0341763
0.0309319
0.0277298
0.0246063
0.0215599
0.0186296
0.0651483
0.0647396
0.06397
0.0628732
0.0614721
0.0597818
0.0578217
0.0556113
0.0531781
0.0505492
0.0477591
0.0448397
0.0418289
0.0387579
0.0356641
0.0325726
0.0295175
0.0265132
0.0235914
0.0207494
0.0180218
0.0628129
0.062393
0.0616044
0.0604861
0.0590668
0.0573676
0.0554124
0.0532247
0.0508345
0.0482705
0.0455675
0.0427568
0.0398746
0.0369501
0.0340175
0.0310994
0.0282263
0.0254101
0.0226789
0.0200289
0.0174907
0.0605056
0.0600783
0.0592777
0.0581475
0.0567213
0.0550253
0.0530874
0.0509345
0.0485979
0.046108
0.0434989
0.0408014
0.0380497
0.0352709
0.0324962
0.029746
0.0270471
0.0244097
0.0218585
0.0193887
0.0170275
0.0582324
0.0578015
0.0569956
0.0558622
0.0544395
0.0527577
0.0508481
0.0487401
0.0464664
0.0440579
0.0415481
0.0389669
0.0363462
0.0337114
0.0310907
0.0285023
0.02597
0.0235024
0.0211209
0.0188203
0.0166246
0.0559997
0.0555683
0.0547632
0.0536348
0.0522247
0.0505669
0.0486951
0.0466409
0.0444377
0.0421164
0.0397099
0.0372466
0.0347566
0.0322632
0.0297921
0.0273593
0.0249859
0.0226791
0.0204576
0.0183157
0.0162747
0.0538129
0.0533841
0.0525853
0.0514692
0.0500799
0.0484545
0.0466289
0.0446359
0.0425092
0.0402797
0.037979
0.0356344
0.0332737
0.0309186
0.028592
0.0263085
0.0240865
0.0219319
0.019861
0.017868
0.0159716
0.0516776
0.0512541
0.0504665
0.0493689
0.0480077
0.0464222
0.0446496
0.0427238
0.0406784
0.0385438
0.0363504
0.0341241
0.0318907
0.0296701
0.027483
0.0253423
0.0232641
0.0212534
0.0193242
0.0174709
0.0157095
0.0495986
0.0491829
0.0484108
0.0473373
0.0460104
0.0444708
0.042757
0.0409031
0.0389425
0.0369049
0.0348193
0.0327101
0.0306013
0.0285111
0.026458
0.0244536
0.0225119
0.020637
0.0188411
0.0171185
0.0154833
0.0475806
0.0471747
0.0464218
0.0453772
0.0440897
0.0426013
0.0409507
0.0391723
0.0372989
0.0353593
0.033381
0.0313871
0.0293997
0.0274353
0.0255107
0.023636
0.0218236
0.0200768
0.0184061
0.0168059
0.0152886
0.0456277
0.0452333
0.0445027
0.043491
0.0422472
0.0408139
0.03923
0.0375296
0.0357448
0.0339033
0.0320312
0.0301501
0.0282802
0.0264369
0.024635
0.0228836
0.0211935
0.0195673
0.0180141
0.0165285
0.0151211
0.0437437
0.0433623
0.0426565
0.0416808
0.040484
0.0391089
0.0375941
0.0359734
0.0342776
0.0325335
0.0307657
0.0289942
0.0272379
0.0255106
0.0238258
0.0221912
0.0206165
0.0191037
0.0176606
0.0162821
0.0149774
0.0419318
0.0415645
0.0408856
0.0399483
0.0388011
0.0374864
0.0360422
0.0345017
0.0328946
0.0312465
0.0295804
0.0279152
0.0262681
0.0246517
0.0230779
0.0215539
0.0200879
0.0186816
0.0173416
0.0160631
0.014854
0.0401951
0.0398428
0.0391921
0.0382951
0.0371991
0.0359461
0.0345732
0.0331127
0.0315932
0.030039
0.0284717
0.026909
0.0253664
0.0238555
0.0223871
0.0209675
0.0196037
0.0182972
0.0170535
0.0158683
0.0147482
0.038536
0.0381992
0.0375778
0.0367222
0.0356785
0.0344876
0.033186
0.0318047
0.030371
0.0289082
0.0274363
0.0259717
0.0245288
0.0231181
0.0217493
0.0204278
0.01916
0.0179468
0.0167931
0.0156948
0.0146574
0.0369567
0.0366358
0.0360442
0.0352305
0.0342394
0.0331106
0.0318794
0.0305757
0.0292256
0.027851
0.0264707
0.0250999
0.0237518
0.0224359
0.0211608
0.0199316
0.0187535
0.0176275
0.0165576
0.01554
0.0145794
0.0354591
0.0351542
0.0345926
0.0338208
0.0328819
0.0318144
0.0306522
0.0294241
0.0281548
0.0268649
0.0255722
0.0242905
0.023032
0.0218054
0.0206185
0.0194755
0.0183813
0.0173365
0.0163444
0.0154017
0.0145123
0.0340446
0.0337557
0.0332237
0.0324934
0.0316059
0.0305984
0.0295032
0.0283481
0.0271564
0.0259475
0.0247379
0.0235405
0.0223665
0.0212238
0.0201193
0.0190569
0.0180407
0.0170713
0.0161514
0.0152781
0.0144544
0.0327145
0.0324413
0.0319385
0.0312487
0.0304113
0.0294618
0.0284314
0.0273462
0.0262285
0.0250965
0.0239654
0.0228475
0.0217527
0.0206884
0.0196607
0.0186732
0.0177294
0.0168298
0.0159767
0.0151674
0.0144044
0.0314699
0.0312119
0.0307374
0.0300869
0.0292978
0.0284041
0.0274355
0.0264169
0.0253693
0.0243097
0.0232526
0.0222089
0.0211881
0.0201967
0.0192404
0.0183223
0.0174454
0.0166103
0.0158187
0.0150682
0.0143609
0.0303117
0.0300683
0.029621
0.0290081
0.0282652
0.0274246
0.0265146
0.0255589
0.0245771
0.0235856
0.0225973
0.0216229
0.0206707
0.0197469
0.0188565
0.0180023
0.017187
0.0164111
0.0156758
0.0149793
0.014323
0.0292406
0.0290112
0.0285898
0.0280124
0.0273132
0.0265228
0.0256678
0.0247709
0.0238507
0.0229223
0.0219981
0.0210876
0.0201987
0.0193371
0.0185072
0.0177116
0.0169527
0.0162308
0.0155471
0.0148998
0.0142899
0.0282575
0.0280412
0.027644
0.0271002
0.0264418
0.0256981
0.0248944
0.0240522
0.0231889
0.0223187
0.0214533
0.0206015
0.0197706
0.0189658
0.0181911
0.0174489
0.0167412
0.0160685
0.0154314
0.0148287
0.0142609
0.0273631
0.027159
0.0267843
0.0262715
0.025651
0.0249504
0.0241939
0.0234018
0.0225906
0.0217737
0.0209619
0.0201635
0.0193852
0.0186318
0.017907
0.0172131
0.0165516
0.0159231
0.0153281
0.0147654
0.0142354
0.0265584
0.0263655
0.0260114
0.0255269
0.0249409
0.0242796
0.0235661
0.0228194
0.0220553
0.0212865
0.0205229
0.0197726
0.0190415
0.0183343
0.0176542
0.0170033
0.0163831
0.0157941
0.0152366
0.0147095
0.0142131
0.0258446
0.0256617
0.0253261
0.0248671
0.0243121
0.0236861
0.0230109
0.0223048
0.0215827
0.0208566
0.020136
0.0194282
0.018739
0.0180725
0.0174318
0.016819
0.0162352
0.0156809
0.0151563
0.0146606
0.0141938
0.025223
0.025049
0.0247298
0.0242932
0.0237655
0.0231704
0.0225289
0.0218583
0.021173
0.0204842
0.0198009
0.0191301
0.0184772
0.0178461
0.0172397
0.0166597
0.0161075
0.0155832
0.0150871
0.0146185
0.0141771
0.0246957
0.0245293
0.0242241
0.0238067
0.0233023
0.0227337
0.0221209
0.0214806
0.0208265
0.0201694
0.0195178
0.0188785
0.0182563
0.0176552
0.0170777
0.0165255
0.0159998
0.0155009
0.0150288
0.014583
0.0141632
0.0242652
0.024105
0.0238114
0.0234098
0.0229246
0.0223778
0.0217885
0.021173
0.0205445
0.0199132
0.0192876
0.0186738
0.0180768
0.0175
0.016946
0.0164165
0.0159124
0.015434
0.0149815
0.0145542
0.0141518
0.0239348
0.0237794
0.0234947
0.0231054
0.022635
0.0221049
0.0215338
0.0209374
0.0203284
0.0197171
0.0191113
0.0185172
0.0179394
0.0173813
0.0168454
0.0163332
0.0158456
0.015383
0.0149453
0.0145322
0.0141431
0.0237086
0.0235566
0.023278
0.0228971
0.022437
0.0219184
0.0213597
0.0207763
0.0201808
0.0195831
0.0189909
0.0184103
0.0178456
0.0173003
0.0167767
0.0162763
0.0158
0.0153481
0.0149206
0.0145171
0.0141371
0.0235921
0.0234418
0.0231663
0.0227899
0.0223351
0.0218224
0.0212702
0.0206935
0.020105
0.0195142
0.018929
0.0183553
0.0177974
0.0172586
0.0167414
0.016247
0.0157765
0.0153302
0.0149079
0.0145094
0.014134
0.122494
0.12373
0.126147
0.129582
0.133948
0.139246
0.145382
0.15244
0.160313
0.169148
0.178807
0.189503
0.20106
0.213739
0.22733
0.242137
0.257871
0.274916
0.29286
0.312241
0.332356
0.354019
0.375962
0.122528
0.123765
0.126184
0.12962
0.133989
0.13929
0.145429
0.152491
0.160368
0.169206
0.178867
0.189563
0.201121
0.213792
0.227394
0.242205
0.257944
0.274998
0.292958
0.312295
0.332376
0.354004
0.375897
0.122554
0.123792
0.126212
0.12965
0.134021
0.139324
0.145466
0.152529
0.160409
0.169244
0.178902
0.189595
0.201169
0.21387
0.22743
0.242221
0.257932
0.274948
0.292856
0.31215
0.332162
0.353706
0.375481
0.122573
0.123811
0.126232
0.129671
0.134043
0.139347
0.145491
0.152554
0.160436
0.169263
0.178928
0.189639
0.201178
0.213848
0.227397
0.242161
0.257831
0.274795
0.292629
0.31184
0.331735
0.353141
0.374725
0.122584
0.123823
0.126244
0.129684
0.134057
0.139362
0.145506
0.152567
0.160442
0.169276
0.178939
0.189621
0.201148
0.213794
0.227314
0.242036
0.257649
0.274541
0.292275
0.311365
0.331096
0.352311
0.373633
0.122587
0.123826
0.126249
0.129689
0.134062
0.139366
0.14551
0.152568
0.160415
0.169276
0.178915
0.189581
0.201088
0.213704
0.227181
0.241849
0.257385
0.274183
0.291787
0.310722
0.330244
0.351214
0.372204
0.122584
0.123823
0.126245
0.129685
0.134057
0.13936
0.145503
0.152557
0.160449
0.169243
0.178871
0.189519
0.200997
0.213575
0.226998
0.241597
0.257038
0.27372
0.291166
0.309912
0.329179
0.349853
0.370441
0.122572
0.123811
0.126233
0.129673
0.134044
0.139345
0.145485
0.152529
0.160394
0.169195
0.178808
0.189431
0.200874
0.213405
0.226764
0.241281
0.25661
0.273153
0.290413
0.308935
0.327903
0.348229
0.368345
0.122554
0.123792
0.126214
0.129652
0.134022
0.13932
0.145458
0.152488
0.160343
0.169132
0.178725
0.189317
0.200719
0.213195
0.226479
0.240901
0.2561
0.272484
0.289528
0.307793
0.326417
0.346344
0.36592
0.122527
0.123765
0.126186
0.129624
0.133991
0.139285
0.145421
0.152469
0.160283
0.169053
0.178621
0.189178
0.200533
0.212945
0.226143
0.240457
0.255508
0.271712
0.288512
0.306486
0.324723
0.3442
0.363168
0.122494
0.123731
0.126151
0.129586
0.133951
0.139241
0.145373
0.1524
0.160208
0.168957
0.178496
0.189014
0.200315
0.212656
0.225758
0.23995
0.254835
0.270837
0.287366
0.305016
0.322821
0.341799
0.360094
0.122452
0.123689
0.126107
0.129541
0.133902
0.139187
0.145309
0.152325
0.160119
0.168844
0.178351
0.188824
0.200066
0.212328
0.225322
0.239379
0.254082
0.269861
0.28609
0.303384
0.320714
0.339144
0.3567
0.122404
0.12364
0.126056
0.129487
0.133845
0.139125
0.14521
0.152238
0.160016
0.168714
0.178186
0.18861
0.199785
0.21196
0.224837
0.238746
0.253249
0.268783
0.284686
0.30159
0.318404
0.336238
0.352992
0.122348
0.123583
0.125998
0.129426
0.133779
0.139054
0.145174
0.152138
0.159898
0.168568
0.178001
0.188371
0.199474
0.211553
0.224303
0.23805
0.252335
0.267606
0.283154
0.299638
0.315892
0.333084
0.348974
0.122285
0.123519
0.125931
0.129356
0.133704
0.138973
0.145058
0.152026
0.159767
0.168405
0.177795
0.188107
0.199132
0.211108
0.223719
0.237293
0.251343
0.266329
0.281495
0.297527
0.313181
0.329686
0.34465
0.122214
0.123447
0.125857
0.129278
0.133621
0.138882
0.144954
0.151904
0.159623
0.168226
0.17757
0.187818
0.198759
0.210624
0.223087
0.236473
0.250273
0.264953
0.279711
0.29526
0.310274
0.326046
0.340027
0.122136
0.123368
0.125775
0.129192
0.13353
0.13878
0.144842
0.151771
0.159465
0.168031
0.177326
0.187505
0.198356
0.210102
0.222406
0.235593
0.249124
0.263478
0.277802
0.292839
0.307173
0.322169
0.335111
0.122051
0.123281
0.125686
0.129098
0.13343
0.138664
0.144719
0.151626
0.159293
0.167819
0.177061
0.187168
0.197923
0.209542
0.221678
0.234651
0.247899
0.261907
0.27577
0.290265
0.30388
0.318058
0.329906
0.121959
0.123187
0.125589
0.128997
0.133323
0.138545
0.144584
0.15147
0.159108
0.167592
0.176778
0.186807
0.19746
0.208944
0.220902
0.233649
0.246597
0.26024
0.273617
0.28754
0.300399
0.313719
0.32442
0.12186
0.123086
0.125484
0.128888
0.133208
0.138442
0.144439
0.151302
0.158909
0.167348
0.176475
0.186423
0.196968
0.208309
0.220079
0.232587
0.245219
0.258477
0.271343
0.284666
0.296732
0.309155
0.31866
0.121753
0.122978
0.125373
0.128771
0.133084
0.138297
0.144284
0.151124
0.158698
0.16709
0.176153
0.186015
0.196447
0.207637
0.21921
0.231466
0.243766
0.256619
0.26895
0.281646
0.292882
0.304371
0.312632
0.12164
0.122863
0.125254
0.128647
0.132952
0.138149
0.144121
0.150935
0.158473
0.166816
0.175813
0.185584
0.195896
0.206929
0.218294
0.230286
0.242239
0.254669
0.26644
0.278481
0.288853
0.299372
0.306344
0.121519
0.122741
0.125128
0.128515
0.132806
0.137994
0.143948
0.150734
0.158236
0.166526
0.175454
0.18513
0.195317
0.206184
0.217333
0.229048
0.240639
0.252625
0.263814
0.275174
0.284648
0.294163
0.299804
0.121392
0.122612
0.124994
0.128376
0.132644
0.13783
0.143765
0.150523
0.157987
0.166222
0.175077
0.184653
0.19471
0.205403
0.216327
0.227752
0.238966
0.250491
0.261073
0.271727
0.28027
0.288748
0.293018
0.121257
0.122476
0.124854
0.128231
0.132531
0.137657
0.143574
0.150302
0.157725
0.165903
0.174682
0.184154
0.194075
0.204586
0.215276
0.226398
0.237222
0.248265
0.25822
0.268142
0.275723
0.283134
0.285996
0.121116
0.122333
0.124707
0.128078
0.132353
0.137476
0.143373
0.15007
0.15745
0.165569
0.174269
0.183633
0.193412
0.203735
0.21418
0.224988
0.235407
0.245951
0.255256
0.264422
0.271009
0.277326
0.278745
0.120968
0.122183
0.124553
0.127915
0.132176
0.137287
0.143163
0.149827
0.157164
0.165221
0.173839
0.18309
0.192722
0.202848
0.213041
0.223522
0.233523
0.243548
0.252183
0.26057
0.266133
0.27133
0.271273
0.120813
0.122027
0.124392
0.127742
0.131997
0.137091
0.142944
0.149575
0.156866
0.164859
0.173392
0.182525
0.192005
0.201928
0.211859
0.222001
0.231569
0.241057
0.249004
0.256586
0.261098
0.265151
0.263589
0.120652
0.121864
0.124226
0.12758
0.131809
0.136887
0.142717
0.149313
0.156557
0.164482
0.172927
0.181939
0.191262
0.200973
0.210635
0.220425
0.229548
0.23848
0.245719
0.252474
0.255908
0.258795
0.255699
0.120484
0.121695
0.124052
0.127398
0.131614
0.136675
0.14248
0.149041
0.156235
0.164093
0.172446
0.181333
0.190492
0.199985
0.209368
0.218794
0.227459
0.235818
0.242331
0.248236
0.250567
0.252268
0.247613
0.120309
0.121519
0.123869
0.127206
0.131413
0.136456
0.142236
0.148759
0.155903
0.163689
0.171948
0.180706
0.189696
0.198964
0.208059
0.21711
0.225305
0.233071
0.238842
0.243874
0.245078
0.245577
0.239336
0.120128
0.121338
0.123675
0.12701
0.131204
0.13623
0.141983
0.148468
0.15556
0.163273
0.171434
0.180058
0.188875
0.19791
0.206709
0.215373
0.223085
0.230241
0.235253
0.23939
0.239445
0.238726
0.230875
0.119941
0.12115
0.123499
0.126807
0.130989
0.135996
0.141722
0.148168
0.155206
0.162844
0.170904
0.179391
0.188029
0.196824
0.205318
0.213584
0.220801
0.227328
0.231569
0.234785
0.233673
0.231723
0.222236
0.119747
0.120956
0.123293
0.126599
0.130768
0.135755
0.141453
0.147858
0.154842
0.162402
0.170359
0.178704
0.187158
0.195707
0.203888
0.211744
0.218453
0.224334
0.227789
0.230062
0.227767
0.224572
0.213424
0.119547
0.120755
0.123085
0.126384
0.13054
0.135506
0.141177
0.14754
0.154467
0.161947
0.169798
0.177998
0.186262
0.194558
0.202417
0.209852
0.216042
0.22126
0.223916
0.22522
0.221729
0.217277
0.119341
0.120549
0.122872
0.126163
0.130305
0.135251
0.140891
0.147212
0.15408
0.161479
0.169219
0.17727
0.185338
0.193374
0.200902
0.207905
0.213563
0.218101
0.219947
0.220259
0.215563
0.20984
0.119129
0.120337
0.122655
0.125936
0.130064
0.134988
0.140598
0.146875
0.153682
0.160996
0.168623
0.17652
0.184387
0.192155
0.199344
0.205905
0.211021
0.214864
0.215891
0.215188
0.209289
0.202276
0.118911
0.120119
0.122433
0.125707
0.129821
0.134726
0.140308
0.146543
0.153291
0.160523
0.168038
0.175782
0.183446
0.190945
0.197789
0.2039
0.208464
0.211598
0.211791
0.210043
0.20293
0.194611
0.118687
0.119897
0.122208
0.125477
0.129582
0.134472
0.140029
0.146228
0.152924
0.160079
0.167487
0.175081
0.182545
0.189771
0.196262
0.201907
0.205892
0.208279
0.207596
0.204739
0.196364
0.186679
0.118456
0.119663
0.121963
0.125217
0.129299
0.134157
0.139671
0.145808
0.152423
0.159468
0.166732
0.174133
0.181348
0.188248
0.194331
0.19945
0.202804
0.204389
0.202812
0.198808
0.189253
0.115299
0.116438
0.118608
0.121671
0.125507
0.130064
0.13522
0.14094
0.147076
0.153579
0.160234
0.166957
0.173417
0.179487
0.184649
0.188766
0.191006
0.191398
0.188478
0.183067
0.171854
0.115605
0.116748
0.118932
0.122015
0.125879
0.130476
0.135686
0.141478
0.147708
0.154336
0.161152
0.168087
0.174816
0.181235
0.18683
0.1915
0.1944
0.195625
0.193629
0.189402
0.179409
0.168151
0.115904
0.117046
0.119235
0.122328
0.126208
0.130828
0.136071
0.141911
0.148206
0.154926
0.161866
0.168969
0.175921
0.182637
0.188611
0.193776
0.197286
0.199292
0.198207
0.19513
0.186443
0.176588
0.116198
0.11734
0.119536
0.12264
0.126539
0.131186
0.136466
0.142359
0.148726
0.155542
0.162609
0.169884
0.177057
0.184065
0.190407
0.196049
0.20014
0.202889
0.202671
0.200678
0.193248
0.184737
0.116486
0.11763
0.119834
0.122951
0.12687
0.131546
0.136866
0.142813
0.149252
0.156167
0.163363
0.170809
0.178203
0.1855
0.192205
0.198316
0.202977
0.206453
0.207088
0.206147
0.199967
0.19278
0.116768
0.117914
0.120126
0.123256
0.127195
0.1319
0.137258
0.143259
0.149769
0.15678
0.164101
0.171715
0.179323
0.186902
0.193961
0.200531
0.205753
0.20994
0.211419
0.211508
0.206577
0.200696
0.117045
0.118191
0.120413
0.123556
0.127513
0.132246
0.137642
0.143695
0.150274
0.157378
0.164822
0.172598
0.180415
0.188269
0.195674
0.202692
0.208461
0.213343
0.215655
0.216748
0.213059
0.208468
0.117316
0.118463
0.120694
0.123849
0.127826
0.132586
0.138019
0.144123
0.150769
0.157964
0.165527
0.173462
0.181483
0.189605
0.197347
0.204801
0.211105
0.216665
0.219798
0.221869
0.219409
0.216097
0.204994
0.117581
0.11873
0.120969
0.124137
0.128132
0.132919
0.138388
0.144542
0.151254
0.158539
0.166217
0.174307
0.182527
0.19091
0.19898
0.206858
0.213686
0.219905
0.223845
0.226871
0.225624
0.223579
0.214168
0.117839
0.118991
0.121238
0.124418
0.128432
0.133245
0.13875
0.144953
0.151729
0.159101
0.166892
0.175133
0.183546
0.192182
0.200572
0.208864
0.216203
0.223063
0.227796
0.231752
0.231698
0.230908
0.223161
0.118092
0.119246
0.121503
0.124694
0.128726
0.133565
0.139104
0.145354
0.152193
0.15965
0.167551
0.175939
0.184539
0.193423
0.202124
0.210816
0.218654
0.226137
0.231648
0.236511
0.237629
0.238078
0.23197
0.118338
0.119495
0.121761
0.124963
0.129012
0.133877
0.13945
0.145747
0.152647
0.160186
0.168194
0.176724
0.185507
0.19463
0.203633
0.212715
0.22104
0.229127
0.235398
0.241146
0.243411
0.245084
0.240587
0.118578
0.119737
0.122004
0.125226
0.129293
0.134182
0.139788
0.14613
0.153089
0.160709
0.168821
0.177489
0.186449
0.195805
0.205101
0.21456
0.223358
0.232031
0.239045
0.245654
0.249041
0.25192
0.249006
0.118812
0.119973
0.122251
0.125483
0.129566
0.134479
0.140117
0.146504
0.153521
0.161218
0.169431
0.178234
0.187365
0.196945
0.206527
0.21635
0.225609
0.234848
0.242587
0.250034
0.254515
0.258579
0.257219
0.119039
0.120204
0.12249
0.125733
0.129832
0.134769
0.140438
0.146868
0.153941
0.161714
0.170024
0.178957
0.188254
0.198052
0.207909
0.218085
0.227791
0.237578
0.246022
0.254283
0.25983
0.265055
0.26522
0.11926
0.120427
0.122722
0.125975
0.130091
0.135051
0.140751
0.147222
0.154349
0.162195
0.1706
0.179658
0.189116
0.199124
0.209248
0.219764
0.229903
0.24022
0.249347
0.258399
0.264982
0.271343
0.273
0.119474
0.120644
0.122947
0.126211
0.130343
0.135325
0.141054
0.147566
0.154746
0.162663
0.171159
0.180338
0.189951
0.200161
0.210543
0.221386
0.231945
0.242772
0.252562
0.262381
0.269968
0.277437
0.280551
0.119681
0.120855
0.123164
0.126443
0.130588
0.135591
0.141349
0.1479
0.15513
0.163116
0.1717
0.180996
0.190758
0.201163
0.211794
0.222952
0.233915
0.245234
0.255664
0.266224
0.274784
0.283332
0.287865
0.119882
0.121059
0.123375
0.126673
0.130826
0.135849
0.141635
0.148224
0.155503
0.163554
0.172223
0.181631
0.191538
0.202129
0.212999
0.22446
0.235813
0.247605
0.258652
0.269928
0.279428
0.289021
0.294935
0.120076
0.121256
0.123578
0.126866
0.131056
0.136099
0.141911
0.148537
0.155863
0.163978
0.172728
0.182244
0.192289
0.203059
0.214159
0.225909
0.237637
0.249883
0.261524
0.273489
0.283894
0.294501
0.301752
0.120263
0.121447
0.123775
0.127081
0.131278
0.13634
0.142178
0.148839
0.15621
0.164387
0.173214
0.182834
0.193011
0.203952
0.215274
0.2273
0.239388
0.252067
0.264279
0.276906
0.288182
0.299765
0.308309
0.120443
0.12163
0.123965
0.127284
0.131492
0.136573
0.142436
0.149131
0.156545
0.16478
0.173682
0.183401
0.193704
0.204809
0.216341
0.228631
0.241064
0.254158
0.266914
0.280177
0.292287
0.30481
0.314599
0.120616
0.121807
0.124148
0.127476
0.131698
0.136797
0.142684
0.149411
0.156867
0.165158
0.174132
0.183944
0.194368
0.205629
0.217363
0.229903
0.242664
0.256153
0.269429
0.283299
0.296206
0.30963
0.320614
0.120782
0.121976
0.124324
0.127661
0.131895
0.137013
0.142922
0.14968
0.157176
0.16552
0.174562
0.184464
0.195003
0.206411
0.218336
0.231115
0.244188
0.258052
0.271823
0.28627
0.299936
0.314221
0.326349
0.120941
0.122138
0.124493
0.127838
0.132085
0.137219
0.14315
0.149938
0.157472
0.165866
0.174973
0.184959
0.195608
0.207156
0.219262
0.232266
0.245635
0.259854
0.274093
0.289089
0.303475
0.318579
0.331796
0.121093
0.122294
0.124654
0.128007
0.132266
0.137417
0.143369
0.150185
0.157754
0.166196
0.175364
0.185431
0.196183
0.207862
0.22014
0.233356
0.247004
0.261558
0.276239
0.291753
0.306821
0.3227
0.336949
0.121238
0.122442
0.124808
0.128169
0.132438
0.137605
0.143577
0.15042
0.158023
0.166511
0.175736
0.185878
0.196727
0.20853
0.22097
0.234384
0.248294
0.263164
0.27826
0.294261
0.309969
0.32658
0.341802
0.121375
0.122582
0.124954
0.128323
0.132603
0.137785
0.143775
0.150643
0.158278
0.166809
0.176088
0.186301
0.197241
0.20916
0.22175
0.235351
0.249506
0.26467
0.280154
0.296611
0.312919
0.330215
0.346351
0.121506
0.122716
0.125092
0.128469
0.132759
0.137955
0.143962
0.150854
0.15852
0.16709
0.17642
0.186699
0.197724
0.20975
0.222482
0.236255
0.250638
0.266075
0.28192
0.298802
0.315668
0.333602
0.35059
0.121629
0.122842
0.125223
0.128607
0.132906
0.138115
0.144139
0.151054
0.158747
0.167355
0.176732
0.187073
0.198177
0.210302
0.223164
0.237097
0.25169
0.26738
0.283558
0.300833
0.318213
0.336738
0.354515
0.121744
0.12296
0.125347
0.128736
0.133045
0.138266
0.144306
0.151241
0.158961
0.167603
0.177024
0.187421
0.198598
0.210814
0.223796
0.237875
0.252662
0.268584
0.285066
0.302701
0.320553
0.339621
0.35812
0.121853
0.123072
0.125462
0.128859
0.133175
0.138408
0.144462
0.151417
0.159161
0.167834
0.177296
0.187744
0.198987
0.211287
0.224378
0.23859
0.253553
0.269685
0.286444
0.304405
0.322687
0.342247
0.361403
0.121954
0.123175
0.12557
0.128974
0.133297
0.13854
0.144608
0.15158
0.159346
0.168049
0.177547
0.188042
0.199346
0.21172
0.22491
0.239242
0.254362
0.270683
0.287691
0.305946
0.324611
0.344613
0.364359
0.122047
0.123271
0.125669
0.129073
0.13341
0.138662
0.144742
0.151731
0.159517
0.168246
0.177777
0.188314
0.199672
0.212114
0.225391
0.23983
0.25509
0.271579
0.288807
0.307321
0.326326
0.346719
0.366986
0.122134
0.12336
0.125761
0.129173
0.133514
0.138775
0.144866
0.15187
0.159674
0.168427
0.177987
0.188561
0.199967
0.212467
0.225821
0.240353
0.255736
0.272371
0.289789
0.308529
0.32783
0.348562
0.369281
0.122212
0.12344
0.125846
0.129263
0.133609
0.138878
0.144979
0.151996
0.159817
0.16859
0.178176
0.188782
0.200229
0.212781
0.226201
0.240812
0.2563
0.273059
0.290639
0.309571
0.329121
0.350141
0.371241
0.122284
0.123514
0.125922
0.129344
0.133694
0.138971
0.145082
0.15211
0.159945
0.168736
0.178344
0.188978
0.20046
0.213054
0.22653
0.241207
0.256781
0.273642
0.291356
0.310445
0.330199
0.351454
0.372865
0.122348
0.123579
0.12599
0.129416
0.133771
0.139055
0.145173
0.152211
0.160059
0.168865
0.178491
0.189148
0.200659
0.213287
0.226807
0.241538
0.257179
0.274122
0.29194
0.311151
0.331063
0.3525
0.374151
0.122404
0.123637
0.12605
0.12948
0.133839
0.139129
0.145254
0.1523
0.160158
0.168976
0.178617
0.189292
0.200826
0.213481
0.227035
0.241804
0.257496
0.274498
0.29239
0.31169
0.331714
0.353279
0.375098
0.122453
0.123687
0.126103
0.129535
0.133898
0.139192
0.145323
0.152377
0.160243
0.169071
0.178723
0.189412
0.200961
0.213634
0.227211
0.242005
0.257728
0.274764
0.292699
0.312055
0.332147
0.353788
0.375705
0.015158
0.0150204
0.0147685
0.0144248
0.0140105
0.0135449
0.013045
0.0125251
0.0119965
0.0114683
0.0109475
0.0104393
0.00994752
0.00947493
0.0090234
0.00859403
0.00818738
0.0078035
0.00744214
0.00710269
0.0067845
0.0152648
0.0151253
0.01487
0.0145216
0.0141015
0.0136296
0.0131229
0.0125957
0.0120599
0.0115244
0.0109963
0.0104809
0.0099822
0.0095029
0.00904494
0.00860944
0.00819698
0.00780759
0.00744105
0.00709672
0.00677398
0.0154722
0.0153291
0.0150672
0.0147096
0.0142786
0.0137943
0.0132743
0.0127334
0.0121833
0.0116336
0.0110913
0.010562
0.0100497
0.00955738
0.00908689
0.00863945
0.00821567
0.00781557
0.00743896
0.00708514
0.00675352
0.0157757
0.0156274
0.0153558
0.014985
0.0145381
0.0140358
0.0134964
0.0129352
0.0123644
0.0117937
0.0112307
0.010681
0.0101488
0.00963731
0.00914847
0.00868351
0.00824311
0.00782727
0.00743585
0.00706805
0.00672334
0.016172
0.0160169
0.0157328
0.0153449
0.0148771
0.0143515
0.0137868
0.0131992
0.0126013
0.0120033
0.0114131
0.0108368
0.0102787
0.00974208
0.00922919
0.00874127
0.00827909
0.00784263
0.00743179
0.00704568
0.00668382
0.0166587
0.0164953
0.0161959
0.0157871
0.015294
0.0147398
0.0141443
0.0135242
0.012893
0.0122616
0.0116381
0.0110289
0.0104389
0.00987138
0.00932885
0.00881263
0.00832357
0.00786164
0.00742682
0.00701807
0.00663502
0.0172342
0.0170611
0.0167438
0.0163104
0.0157876
0.0151998
0.0145679
0.0139096
0.0132393
0.0125682
0.0119053
0.0112573
0.0106294
0.0100252
0.00944751
0.00889765
0.00837662
0.00788439
0.00742101
0.00698531
0.00657701
0.0178975
0.0177133
0.0173755
0.0169142
0.0163575
0.0157311
0.0150576
0.0143555
0.0136401
0.0129234
0.012215
0.0115221
0.0108505
0.010204
0.00958545
0.00899658
0.00843846
0.00791105
0.0074145
0.00694744
0.00650978
0.0186479
0.0184514
0.0180908
0.0175981
0.0170034
0.016334
0.0156137
0.0148623
0.014096
0.0133278
0.0125679
0.0118242
0.0111028
0.0104081
0.00974319
0.00910988
0.00850946
0.00794189
0.00740745
0.00690457
0.00643334
0.0194854
0.0192752
0.0188896
0.0183625
0.0177259
0.0170089
0.0162367
0.0154306
0.0146078
0.0137822
0.0129648
0.0121643
0.0113873
0.0106385
0.00992147
0.00923818
0.00859015
0.00797731
0.00740014
0.00685683
0.00634767
0.0204099
0.020185
0.0197723
0.0192077
0.0185255
0.0177566
0.0169278
0.0160617
0.0151768
0.0142879
0.0134072
0.0125438
0.0117051
0.0108962
0.0101213
0.00938233
0.00868122
0.00801787
0.00739295
0.00680443
0.00625284
0.0214216
0.021181
0.0207391
0.0201343
0.019403
0.0185781
0.0176881
0.016757
0.0158045
0.0148466
0.0138965
0.0129642
0.0120577
0.0111828
0.0103439
0.00954343
0.00878358
0.00806426
0.00738641
0.00674768
0.00614896
0.0225208
0.0222634
0.0217905
0.0211431
0.0203596
0.0194748
0.0185192
0.0175181
0.0164926
0.0154601
0.0144347
0.0134273
0.0124469
0.0114997
0.0105907
0.00972279
0.00889835
0.00811741
0.00738119
0.00668705
0.00603624
0.0237075
0.0234326
0.0229272
0.0222348
0.0213961
0.0204481
0.0194226
0.0183469
0.0172433
0.0161306
0.015024
0.0139354
0.0128748
0.0118489
0.0108637
0.00992201
0.00902691
0.00817844
0.00737816
0.00662314
0.00591505
0.0249818
0.0246887
0.0241495
0.0234102
0.0225139
0.0214993
0.0204003
0.0192454
0.0180589
0.0168604
0.0156668
0.0144909
0.0133437
0.0122329
0.0111648
0.010143
0.00917091
0.00824872
0.00737844
0.00655676
0.00578591
0.0263436
0.0260318
0.0254578
0.0246701
0.023714
0.0226301
0.0214541
0.0202161
0.0189417
0.0176523
0.0163659
0.0150966
0.0138565
0.012654
0.0114965
0.0103879
0.00933229
0.00832994
0.00738338
0.00648897
0.00564953
0.0277925
0.0274617
0.0268522
0.0260149
0.0249974
0.023842
0.022586
0.0212611
0.0198946
0.0185092
0.0171244
0.0157556
0.0144162
0.0131155
0.0118617
0.0106594
0.00951336
0.00842407
0.00739465
0.00642108
0.00550689
0.029328
0.028978
0.0283326
0.0274452
0.0263652
0.0251365
0.0237981
0.0223831
0.0209204
0.0194342
0.0179456
0.0164715
0.0150262
0.0136205
0.0122634
0.0109603
0.0097168
0.00853349
0.00741426
0.00635471
0.00535923
0.030949
0.0305799
0.0298989
0.0289612
0.0278181
0.0265151
0.0250924
0.0235846
0.0220222
0.0204309
0.0188333
0.0172479
0.0156905
0.0141728
0.0127054
0.0112942
0.0099457
0.00866094
0.00744457
0.00629185
0.00520811
0.0326542
0.0322664
0.0315502
0.0305628
0.0293569
0.0279792
0.0264711
0.0248684
0.0232032
0.0215028
0.0197914
0.0180891
0.0164132
0.0147768
0.0131917
0.0116648
0.0102036
0.00880963
0.00748842
0.00623488
0.00505546
0.0344418
0.034036
0.0332856
0.0322497
0.030982
0.02953
0.0279361
0.0262372
0.0244668
0.0226538
0.0208243
0.0189996
0.0171991
0.0154371
0.013727
0.0120765
0.0104947
0.00898327
0.00754908
0.00618663
0.00490363
0.0363096
0.0358867
0.0351038
0.0340213
0.0326936
0.0311685
0.0294893
0.0276937
0.0258166
0.0238882
0.0219365
0.0199845
0.0180533
0.0161589
0.0143162
0.0125342
0.0108234
0.0091861
0.00763035
0.00615041
0.00475543
0.038255
0.0378162
0.0370031
0.0358766
0.0344915
0.0328958
0.0311327
0.0292408
0.0272561
0.0252102
0.0231329
0.0210489
0.0189814
0.0169478
0.0149651
0.0130435
0.0111951
0.00942296
0.00773662
0.00613009
0.00461417
0.0402748
0.0398218
0.0389811
0.0378142
0.0363755
0.0347122
0.0328679
0.0308811
0.028789
0.0266244
0.0244189
0.0221988
0.0199895
0.0178102
0.01568
0.0136104
0.0116156
0.00969932
0.0078729
0.00613014
0.00448372
0.0423654
0.0419
0.0410353
0.0398323
0.0383446
0.0366184
0.0346964
0.0326174
0.0304191
0.0281355
0.0257998
0.0234402
0.0210842
0.0187529
0.0164677
0.0142418
0.0120915
0.0100214
0.00804489
0.00615569
0.0043686
0.0445226
0.0440473
0.0431625
0.0419287
0.0403978
0.0386142
0.0366195
0.0344521
0.0321501
0.0297483
0.0272815
0.0247797
0.0222726
0.0197833
0.0173358
0.0149452
0.01263
0.010396
0.00825902
0.00621259
0.004274
0.046742
0.0462592
0.0453593
0.0441008
0.0425336
0.0406994
0.0386384
0.0363878
0.0339858
0.0314678
0.0288701
0.0262241
0.0235622
0.0209095
0.0182927
0.0157289
0.0132393
0.010831
0.00852253
0.00630746
0.00420583
0.0490184
0.0485312
0.0476215
0.0463455
0.0447499
0.0428733
0.0407536
0.0384265
0.0359297
0.033299
0.0305717
0.0277809
0.0249612
0.0221402
0.0193473
0.0166019
0.0139282
0.011335
0.00884355
0.00644779
0.00417085
0.0513463
0.0508581
0.0499447
0.0486591
0.0470442
0.0451347
0.0429656
0.0405702
0.0379855
0.0352469
0.0323927
0.0294575
0.0264782
0.0234846
0.0205094
0.0175742
0.0147067
0.0119175
0.00923112
0.00664198
0.00417668
0.0537199
0.0532344
0.0523239
0.0510376
0.0494138
0.0474822
0.0452743
0.0428206
0.0401565
0.0373165
0.0343399
0.031262
0.0281223
0.0249527
0.0217894
0.0186565
0.0155856
0.0125891
0.00969531
0.00689943
0.00423188
0.056133
0.055654
0.0547537
0.0534764
0.051855
0.0499135
0.0476792
0.0451788
0.0424456
0.0395128
0.0364197
0.0332025
0.0299029
0.026555
0.0231987
0.0198607
0.0165766
0.0133613
0.0102473
0.0072306
0.00434609
0.0585789
0.0581107
0.0572284
0.0559706
0.054364
0.0524262
0.0501793
0.0476456
0.0448556
0.0418403
0.0386387
0.0352874
0.0318299
0.0283028
0.0247493
0.0211993
0.0176927
0.014247
0.0108993
0.00764713
0.00453003
0.0610508
0.0605978
0.0597417
0.0585146
0.0569362
0.0550169
0.052773
0.0502214
0.0473889
0.0443035
0.0410035
0.0375251
0.0339138
0.0302078
0.0264543
0.022686
0.0189478
0.01526
0.0116651
0.00816194
0.00479567
0.0635416
0.0631085
0.0622872
0.0611026
0.0595667
0.057682
0.0554581
0.0529056
0.050047
0.0469064
0.0435204
0.0399243
0.036165
0.0322824
0.0283273
0.0243355
0.0203571
0.0164157
0.0125594
0.00878928
0.00515632
0.0660441
0.0656356
0.064858
0.0637283
0.06225
0.0604171
0.0582317
0.0556974
0.0528312
0.0496525
0.0461954
0.0424934
0.0385944
0.0345393
0.0303826
0.0261634
0.0219371
0.0177307
0.0135988
0.00954493
0.00562674
0.0685511
0.068172
0.0674471
0.0663849
0.06498
0.063217
0.0610902
0.0585949
0.0557419
0.0525447
0.049034
0.0452407
0.0412127
0.0369917
0.0326356
0.0281864
0.0237052
0.019223
0.0148012
0.0104463
0.00622327
0.071055
0.0707102
0.0700473
0.0690654
0.0677501
0.0660763
0.0640293
0.0615956
0.0587787
0.0555852
0.0520413
0.0481741
0.0440309
0.0396533
0.0351021
0.0304222
0.0256806
0.0209123
0.0161863
0.0115124
0.00696405
0.0735485
0.0732429
0.072651
0.0717626
0.0705535
0.0689885
0.0670437
0.0646959
0.0619403
0.0587752
0.0552214
0.0513011
0.0470597
0.0425376
0.0377986
0.0328896
0.0278835
0.0228199
0.0177755
0.0127645
0.00786911
0.0760244
0.0757627
0.0752509
0.0744688
0.0733828
0.0719468
0.0701276
0.0678913
0.0652242
0.0621151
0.0585779
0.0546284
0.0503093
0.0456587
0.040742
0.0356081
0.0303357
0.0249687
0.0195923
0.0142257
0.00896068
0.0784756
0.0782624
0.0778393
0.0771764
0.07623
0.0749437
0.0732742
0.0711765
0.0686269
0.0656038
0.0621128
0.058162
0.0537895
0.0490301
0.0439498
0.0385984
0.0330602
0.0273835
0.0216625
0.0159216
0.0102634
0.0808952
0.0807349
0.0804088
0.0798775
0.0790872
0.0779712
0.0764758
0.0745449
0.0721437
0.0692391
0.0658272
0.0619066
0.0575094
0.0526652
0.0474394
0.0418818
0.0360815
0.030091
0.0240138
0.0178803
0.0118045
0.0832766
0.0831732
0.082952
0.0825642
0.0819458
0.0810206
0.0797241
0.0779889
0.0757685
0.0730174
0.0697207
0.0658657
0.0614769
0.0565768
0.0512284
0.0454802
0.0394253
0.0331199
0.0266766
0.0201328
0.0136144
0.0856135
0.0855709
0.0854617
0.0852285
0.0847975
0.0840828
0.0830099
0.0814998
0.0794939
0.0769334
0.0737909
0.070041
0.0656985
0.0607766
0.055334
0.049416
0.0431185
0.0365007
0.0296839
0.0227131
0.0157267
0.0878999
0.0879214
0.0879309
0.0878627
0.0876333
0.0871485
0.0863234
0.085068
0.0833111
0.0809802
0.0780338
0.0744327
0.0701791
0.0652752
0.0597728
0.053712
0.0471893
0.040266
0.0330715
0.0256588
0.018179
0.0901305
0.0902191
0.0903529
0.0904591
0.0904445
0.0902079
0.0896539
0.0886827
0.0872097
0.0851489
0.0824434
0.0790384
0.0749216
0.0700817
0.0645604
0.0583905
0.0516664
0.0444502
0.036878
0.0290109
0.0210131
0.0923001
0.0924582
0.0927214
0.0930103
0.0932225
0.093251
0.0929905
0.0923322
0.0911781
0.089429
0.0870112
0.0838536
0.0799265
0.0752027
0.0697109
0.0634733
0.0565793
0.0490896
0.041145
0.0328148
0.0242755
0.0944042
0.0946338
0.0950304
0.095509
0.0959586
0.0962677
0.0963214
0.0960038
0.0952031
0.0938079
0.0917265
0.0888708
0.0851912
0.0806427
0.0752363
0.0689813
0.0619575
0.054222
0.0459169
0.0371199
0.0280181
0.0964387
0.0967412
0.0972744
0.0979486
0.0986445
0.0992478
0.0996349
0.0996842
0.0992704
0.0982714
0.096576
0.09408
0.0907102
0.0864026
0.081146
0.0749334
0.0678299
0.0598862
0.0512413
0.0419803
0.0322985
0.0984002
0.0987764
0.0994485
0.100323
0.101272
0.102181
0.102919
0.103359
0.103364
0.102803
0.101544
0.0994676
0.0964742
0.09248
0.0874458
0.0813462
0.0742244
0.0661218
0.057168
0.0474546
0.0371808
0.100285
0.100736
0.101548
0.102625
0.103834
0.105058
0.106161
0.107015
0.107468
0.107385
0.106612
0.105017
0.10247
0.098868
0.0941375
0.0882328
0.0811666
0.0729682
0.0637492
0.0536062
0.0427361
0.102092
0.102616
0.103569
0.104851
0.106322
0.10787
0.109349
0.110635
0.111565
0.111998
0.11176
0.110708
0.10868
0.105555
0.101218
0.095602
0.0886792
0.0804639
0.0710383
0.0605027
0.0490425
0.103818
0.104415
0.105508
0.106995
0.10873
0.110606
0.112472
0.114206
0.115636
0.11662
0.116964
0.116517
0.115082
0.112523
0.108677
0.103457
0.0967799
0.0886451
0.0790892
0.0682153
0.0561842
0.105462
0.106131
0.107363
0.109052
0.111052
0.113258
0.115518
0.117713
0.119663
0.121229
0.122199
0.122416
0.12165
0.119751
0.1165
0.111794
0.10548
0.0975444
0.0879551
0.076819
0.0642514
0.107022
0.107762
0.10913
0.11102
0.113283
0.115819
0.118475
0.12114
0.123628
0.125803
0.127438
0.128377
0.128352
0.127206
0.124662
0.1206
0.114784
0.107188
0.0976868
0.0863939
0.073345
0.108499
0.109307
0.110809
0.112896
0.115417
0.118281
0.121334
0.124473
0.127511
0.130317
0.132654
0.134364
0.135153
0.134855
0.133133
0.129855
0.124686
0.117597
0.108332
0.097027
0.0835879
0.109892
0.110766
0.112398
0.114676
0.117451
0.120638
0.124086
0.1277
0.131295
0.134748
0.137816
0.140344
0.142014
0.142656
0.141874
0.13953
0.135176
0.128786
0.119934
0.108807
0.0951152
0.111202
0.112138
0.113897
0.116359
0.119382
0.122885
0.126722
0.130809
0.134964
0.139075
0.142897
0.146282
0.148894
0.150561
0.150841
0.14958
0.146225
0.140749
0.132515
0.121788
0.107984
0.112428
0.113425
0.115304
0.117944
0.121206
0.125016
0.129234
0.133787
0.1385
0.143272
0.147863
0.152132
0.155738
0.158502
0.159951
0.159913
0.157743
0.153392
0.146004
0.135896
0.122045
0.113572
0.114624
0.116618
0.119426
0.122916
0.127021
0.131608
0.136613
0.141874
0.1473
0.152662
0.157826
0.162455
0.166366
0.169072
0.17037
0.169559
0.166529
0.160254
0.150996
0.137196
0.114637
0.115741
0.117841
0.120806
0.12451
0.128892
0.133829
0.139269
0.14506
0.151128
0.157257
0.163326
0.16901
0.174132
0.178201
0.180999
0.181792
0.18042
0.175732
0.167945
0.154958
)
;

boundaryField
{
    inlet
    {
        type            zeroGradient;
    }
    outlet
    {
        type            fixedValue;
        value           nonuniform 0();
    }
    cylinder
    {
        type            zeroGradient;
    }
    top
    {
        type            symmetryPlane;
    }
    bottom
    {
        type            symmetryPlane;
    }
    frontAndBack
    {
        type            empty;
    }
    procBoundary0to1
    {
        type            processor;
        value           nonuniform List<scalar> 
216
(
0.203856
0.214032
0.224024
0.233828
0.233828
0.247724
0.257667
0.267401
0.267401
0.283693
0.293521
0.303091
0.312389
0.312389
0.329707
0.338991
0.347945
0.356556
0.356556
0.375133
0.383542
0.391545
0.399129
0.406282
0.406282
0.425677
0.432354
0.438538
0.444216
0.44938
0.454021
0.458129
0.461699
0.464723
0.467197
0.469115
0.469115
0.486113
0.486974
0.487233
0.486891
0.485945
0.484399
0.466789
0.466789
0.464207
0.461069
0.457381
0.453147
0.448373
0.443068
0.43724
0.430897
0.424049
0.416706
0.396942
0.396942
0.389145
0.380917
0.37227
0.363218
0.344374
0.344374
0.335139
0.325562
0.315655
0.298141
0.298141
0.288239
0.278067
0.26126
0.26126
0.251162
0.240842
0.226483
0.226483
0.216299
0.20592
0.19535
0.158
0.140497
0.126064
0.112526
0.100249
0.0894478
0.0799845
0.0716605
0.0643295
0.0578798
0.0522122
0.0472346
0.0428639
0.0390269
0.0356592
0.0327042
0.0301125
0.0278404
0.0258501
0.0241081
0.0225854
0.0212561
0.0200979
0.0190908
0.0182173
0.017462
0.0168112
0.0162525
0.0157751
0.0153693
0.0150266
0.014739
0.0144997
0.0143024
0.0141416
0.0140122
0.0139099
0.0138305
0.0137705
0.0137268
0.0136965
0.0136772
0.0136668
0.0136632
0.013665
0.0136707
0.0136792
0.0136894
0.0137007
0.0137122
0.0137236
0.0137343
0.0137443
0.0137532
0.013761
0.0137675
0.0137728
0.0137768
0.0137795
0.0137808
0.204436
0.204436
0.195272
0.185941
0.17644
0.166556
0.178033
0.178033
0.159001
0.159001
0.145973
0.156449
0.166511
0.176397
0.186111
0.195642
0.195642
0.0064865
0.00647171
0.00644278
0.0064002
0.0063444
0.00627546
0.00619345
0.00609828
0.00598985
0.00586804
0.00573272
0.00558381
0.00542129
0.00524525
0.00505591
0.00485368
0.00463915
0.00441318
0.0041769
0.00393178
0.00367965
0.0034228
0.00316395
0.00290636
0.00265387
0.00241096
0.0021828
0.00197533
0.00179529
0.00165036
0.00154916
0.00150139
0.00151792
0.00161085
0.00179369
0.00208146
0.00249087
0.00304048
0.00375094
0.00464527
0.00574913
0.00709121
0.00870368
0.0106226
0.0128888
0.0155481
0.0186524
0.0222605
0.0264386
0.0312623
0.0368165
0.0431955
0.0505006
0.0588459
0.0683828
0.0793179
0.0917888
0.105559
0.120247
0.138202
)
;
    }
}


// ************************************************************************* //
