/*--------------------------------*- C++ -*----------------------------------*\
  =========                 |
  \\      /  F ield         | OpenFOAM: The Open Source CFD Toolbox
   \\    /   O peration     | Website:  https://openfoam.org
    \\  /    A nd           | Version:  7
     \\/     M anipulation  |
\*---------------------------------------------------------------------------*/
FoamFile
{
    version     2.0;
    format      ascii;
    class       volScalarField;
    location    "160";
    object      p;
}
// * * * * * * * * * * * * * * * * * * * * * * * * * * * * * * * * * * * * * //

dimensions      [0 2 -2 0 0 0 0];

internalField   nonuniform List<scalar> 
4575
(
-0.0867573
-0.0777531
-0.0747385
-0.0781912
-0.0894914
-0.105742
-0.118939
-0.120758
-0.109711
-0.0924345
-0.0764889
-0.0652452
-0.0585626
-0.0568489
-0.0608656
-0.068159
-0.0728905
-0.0711251
-0.0636377
-0.0551613
-0.0483764
-0.0442567
-0.0431167
-0.0448478
-0.0861252
-0.0777373
-0.0752847
-0.0793452
-0.0913135
-0.108181
-0.121773
-0.12363
-0.112248
-0.0943827
-0.0777501
-0.0658503
-0.0585715
-0.0562548
-0.0596418
-0.0663659
-0.0707351
-0.0689301
-0.0617351
-0.0537519
-0.0475109
-0.0439408
-0.0433725
-0.0456547
-0.0854412
-0.0776723
-0.0757848
-0.0804534
-0.0930871
-0.110573
-0.124566
-0.126474
-0.114766
-0.0963133
-0.0789917
-0.066434
-0.0585615
-0.0556482
-0.0584134
-0.0645771
-0.0685919
-0.0667498
-0.0598422
-0.0523413
-0.0466362
-0.0436143
-0.0436225
-0.0464646
-0.084704
-0.0775558
-0.0762355
-0.0815114
-0.094807
-0.112911
-0.127313
-0.129284
-0.117261
-0.0982253
-0.0802138
-0.0669974
-0.0585342
-0.0550312
-0.0571834
-0.062796
-0.0664637
-0.0645864
-0.0579603
-0.0509299
-0.0457519
-0.0432765
-0.0438656
-0.0472762
-0.0839119
-0.0773854
-0.0766337
-0.0825152
-0.0964684
-0.115191
-0.130009
-0.132059
-0.119732
-0.100118
-0.0814168
-0.0675414
-0.0584913
-0.0544062
-0.0559544
-0.0610255
-0.0643536
-0.062442
-0.0560905
-0.0495183
-0.0448582
-0.0429268
-0.0441008
-0.048088
-0.0830639
-0.0771591
-0.0769765
-0.0834606
-0.0980663
-0.117406
-0.13265
-0.134794
-0.122176
-0.10199
-0.0826011
-0.0680674
-0.0584344
-0.0537753
-0.0547294
-0.0592688
-0.0622643
-0.0603187
-0.0542341
-0.0481069
-0.0439548
-0.0425646
-0.0443267
-0.0488987
-0.0821588
-0.0768749
-0.0772609
-0.0843436
-0.0995961
-0.119553
-0.13523
-0.137486
-0.124591
-0.103841
-0.083767
-0.0685764
-0.0583653
-0.0531407
-0.0535107
-0.0575285
-0.0601985
-0.0582185
-0.0523922
-0.0466963
-0.0430418
-0.0421891
-0.0445423
-0.0497067
-0.0811959
-0.076531
-0.0774843
-0.0851606
-0.101053
-0.121626
-0.137747
-0.140129
-0.126975
-0.10567
-0.0849151
-0.0690696
-0.0582854
-0.0525043
-0.0523009
-0.0558076
-0.0581586
-0.0561433
-0.0505661
-0.0452869
-0.0421191
-0.0417997
-0.0447463
-0.0505105
-0.0801746
-0.0761258
-0.0776441
-0.0859078
-0.102433
-0.123621
-0.140195
-0.142718
-0.129325
-0.107476
-0.0860458
-0.0695483
-0.0581965
-0.051868
-0.0511023
-0.0541084
-0.0561473
-0.0540949
-0.0487569
-0.0438794
-0.0411869
-0.0413959
-0.0449374
-0.0513084
-0.0790944
-0.0756579
-0.077738
-0.0865819
-0.103732
-0.125533
-0.14257
-0.145251
-0.13164
-0.109259
-0.0871596
-0.0700138
-0.0581
-0.0512339
-0.0499171
-0.0524334
-0.0541667
-0.0520752
-0.0469659
-0.0424745
-0.0402451
-0.0409769
-0.0451145
-0.052099
-0.0751261
-0.0777637
-0.0871796
-0.104945
-0.127358
-0.144868
-0.147727
-0.133917
-0.111018
-0.0882569
-0.0704672
-0.0579975
-0.0506035
-0.0487474
-0.0507847
-0.052219
-0.050086
-0.0451942
-0.0410727
-0.0392939
-0.0405423
-0.0452762
-0.0528803
-0.0745293
-0.0777194
-0.0876979
-0.106069
-0.129091
-0.147086
-0.150145
-0.136155
-0.112752
-0.0893384
-0.0709097
-0.0578905
-0.0499787
-0.047595
-0.0491645
-0.0503062
-0.048129
-0.043443
-0.0396749
-0.0383335
-0.0400914
-0.0454213
-0.0536509
-0.073867
-0.0776031
-0.088134
-0.1071
-0.130729
-0.149218
-0.152502
-0.138352
-0.114461
-0.0904046
-0.0713428
-0.0577805
-0.0493609
-0.0464617
-0.0475747
-0.0484303
-0.0462057
-0.0417135
-0.0382817
-0.037364
-0.0396236
-0.0455484
-0.0544089
-0.0731385
-0.0774135
-0.0884853
-0.108036
-0.132269
-0.151263
-0.154792
-0.140506
-0.116143
-0.0914558
-0.0717674
-0.0576689
-0.0487517
-0.0453491
-0.0460168
-0.0465928
-0.0443177
-0.0400069
-0.0368939
-0.0363857
-0.0391386
-0.0456565
-0.0551525
-0.0723436
-0.0771492
-0.0887497
-0.108872
-0.133706
-0.153216
-0.157012
-0.142614
-0.117799
-0.0924927
-0.072185
-0.0575571
-0.0481524
-0.0442587
-0.0444924
-0.0447956
-0.0424664
-0.0383242
-0.0355124
-0.0353989
-0.0386358
-0.0457441
-0.05588
-0.0714822
-0.0768091
-0.0889251
-0.109606
-0.135037
-0.155074
-0.15916
-0.144676
-0.119427
-0.0935157
-0.0725965
-0.0574464
-0.0475644
-0.0431916
-0.0430029
-0.0430398
-0.0406532
-0.0366667
-0.034138
-0.0344039
-0.0381147
-0.0458101
-0.0565897
-0.0705546
-0.0763925
-0.0890097
-0.110236
-0.13626
-0.156834
-0.161231
-0.146688
-0.121028
-0.0945253
-0.0730033
-0.0573381
-0.0469889
-0.0421492
-0.0415494
-0.0413268
-0.0388793
-0.0350355
-0.0327716
-0.033401
-0.0375751
-0.0458533
-0.0572796
-0.0695612
-0.0758989
-0.0890021
-0.110759
-0.137372
-0.158494
-0.163224
-0.148649
-0.122599
-0.0955218
-0.0734064
-0.0572335
-0.046427
-0.0411324
-0.040133
-0.0396578
-0.0371459
-0.0334318
-0.031414
-0.0323908
-0.0370165
-0.0458725
-0.057948
-0.0685029
-0.0753281
-0.0889012
-0.111174
-0.13837
-0.160051
-0.165135
-0.150558
-0.124142
-0.0965056
-0.0738069
-0.0571337
-0.0458798
-0.0401421
-0.0387543
-0.0380335
-0.0354541
-0.0318564
-0.0300663
-0.0313736
-0.0364387
-0.0458666
-0.0585932
-0.0673805
-0.0746799
-0.0887061
-0.111478
-0.139252
-0.161501
-0.166964
-0.152412
-0.125654
-0.0974771
-0.0742059
-0.05704
-0.0453482
-0.0391789
-0.0374142
-0.0364549
-0.033805
-0.0303107
-0.0287293
-0.03035
-0.0358414
-0.0458344
-0.0592133
-0.0661954
-0.0739548
-0.0884163
-0.111671
-0.140017
-0.162844
-0.168708
-0.15421
-0.127135
-0.0984366
-0.0746042
-0.0569533
-0.0448332
-0.0382436
-0.036113
-0.0349225
-0.0321995
-0.0287956
-0.027404
-0.0293205
-0.0352245
-0.0457749
-0.0598066
-0.064949
-0.0731533
-0.0880314
-0.111752
-0.140663
-0.164077
-0.170364
-0.15595
-0.128585
-0.0993842
-0.075003
-0.0568748
-0.0443354
-0.0373367
-0.0348512
-0.0334367
-0.0306383
-0.0273121
-0.0260915
-0.0282857
-0.0345878
-0.045687
-0.0603713
-0.0636432
-0.0722762
-0.0875515
-0.111719
-0.141189
-0.165199
-0.171932
-0.15763
-0.130003
-0.10032
-0.075403
-0.0568055
-0.0438558
-0.0364584
-0.0336287
-0.0319978
-0.0291222
-0.0258613
-0.0247928
-0.0272462
-0.0339313
-0.04557
-0.0609057
-0.0622799
-0.0713247
-0.086977
-0.111572
-0.141593
-0.166208
-0.173409
-0.159249
-0.131388
-0.101245
-0.075805
-0.0567462
-0.043395
-0.0356092
-0.0324458
-0.030606
-0.0276517
-0.0244441
-0.0235088
-0.0262029
-0.0332549
-0.0454227
-0.0614082
-0.0608613
-0.0703001
-0.0863084
-0.111311
-0.141876
-0.167103
-0.174792
-0.160804
-0.132739
-0.102158
-0.0762098
-0.056698
-0.0429536
-0.0347891
-0.0313023
-0.0292612
-0.0262273
-0.0230614
-0.0222406
-0.0251563
-0.0325588
-0.0452446
-0.0618772
-0.0593901
-0.0692041
-0.0855467
-0.110937
-0.142037
-0.167884
-0.17608
-0.162294
-0.134055
-0.10306
-0.0766181
-0.0566617
-0.0425322
-0.0339984
-0.030198
-0.0279633
-0.0248494
-0.021714
-0.0209893
-0.0241072
-0.031843
-0.0450347
-0.0623111
-0.057869
-0.0680386
-0.0846931
-0.110449
-0.142076
-0.16855
-0.177271
-0.163716
-0.135336
-0.10395
-0.0770305
-0.056638
-0.0421312
-0.033237
-0.0291324
-0.0267119
-0.0235182
-0.020403
-0.0197559
-0.0230565
-0.0311078
-0.0447924
-0.0627085
-0.0563008
-0.0668058
-0.0837491
-0.109849
-0.141993
-0.1691
-0.178365
-0.165071
-0.13658
-0.104829
-0.0774476
-0.0566277
-0.0417513
-0.0325051
-0.0281051
-0.0255066
-0.0222337
-0.019129
-0.0185415
-0.022005
-0.0303535
-0.0445171
-0.0630678
-0.0546887
-0.0655081
-0.0827164
-0.109137
-0.141789
-0.169535
-0.17936
-0.166354
-0.137786
-0.105696
-0.0778696
-0.0566315
-0.0413928
-0.0318024
-0.0271156
-0.0243468
-0.0209961
-0.0178927
-0.0173471
-0.0209536
-0.0295803
-0.0442084
-0.0633877
-0.0530361
-0.064148
-0.0815971
-0.108315
-0.141465
-0.169855
-0.180256
-0.167566
-0.138954
-0.106552
-0.0782971
-0.0566501
-0.041056
-0.0311289
-0.0261631
-0.0232317
-0.0198052
-0.016695
-0.016174
-0.0199032
-0.0287888
-0.0438657
-0.063667
-0.0513465
-0.0627286
-0.0803935
-0.107384
-0.141021
-0.17006
-0.181051
-0.168704
-0.140081
-0.107394
-0.0787302
-0.0566838
-0.0407413
-0.0304845
-0.0252468
-0.0221606
-0.0186606
-0.0155364
-0.0150231
-0.0188548
-0.0279793
-0.0434888
-0.0639045
-0.0496236
-0.0612528
-0.0791081
-0.106346
-0.140459
-0.170151
-0.181745
-0.169766
-0.141167
-0.108224
-0.0791692
-0.0567335
-0.0404491
-0.0298691
-0.0243661
-0.0211326
-0.0175621
-0.0144176
-0.0138956
-0.0178094
-0.0271525
-0.0430775
-0.064099
-0.0478713
-0.059724
-0.0777437
-0.105202
-0.139781
-0.170129
-0.182337
-0.17075
-0.142211
-0.109042
-0.0796151
-0.0568003
-0.0401803
-0.029283
-0.0235204
-0.0201469
-0.0165095
-0.0133392
-0.0127929
-0.0167682
-0.0263089
-0.0426315
-0.0642496
-0.0460937
-0.0581457
-0.0763034
-0.103955
-0.138988
-0.169995
-0.182826
-0.171654
-0.143211
-0.109848
-0.0800689
-0.056885
-0.0399353
-0.0287258
-0.0227085
-0.0192022
-0.0155022
-0.0123023
-0.0117161
-0.0157323
-0.0254494
-0.0421509
-0.0643552
-0.0442951
-0.0565216
-0.0747905
-0.102608
-0.138081
-0.16975
-0.183212
-0.172479
-0.144168
-0.110638
-0.0805255
-0.0569832
-0.0397101
-0.0281945
-0.0219272
-0.0182948
-0.0145375
-0.0113067
-0.0106659
-0.0147028
-0.0245747
-0.0416356
-0.0644152
-0.0424788
-0.054855
-0.0732083
-0.101163
-0.137065
-0.169401
-0.183508
-0.173232
-0.145076
-0.111402
-0.0809727
-0.0570854
-0.0394988
-0.0276853
-0.0211733
-0.0174208
-0.0136108
-0.0103473
-0.00964073
-0.0136793
-0.0236851
-0.0410861
-0.0644297
-0.0406478
-0.0531487
-0.0715599
-0.0996235
-0.135942
-0.16895
-0.183703
-0.173894
-0.145918
-0.112137
-0.0814234
-0.0572092
-0.039318
-0.0272126
-0.0204595
-0.0165921
-0.0127337
-0.00944425
-0.00864618
-0.0126653
-0.0227823
-0.040503
-0.0643982
-0.0388196
-0.0514179
-0.0698513
-0.0979833
-0.134688
-0.168325
-0.18367
-0.174355
-0.146693
-0.112924
-0.0819772
-0.0574442
-0.0392354
-0.0268219
-0.0198203
-0.0158474
-0.0119528
-0.00858695
-0.00771889
-0.0116844
-0.0218764
-0.0398841
-0.0643073
-0.0370414
-0.0497023
-0.068103
-0.0962209
-0.133222
-0.167408
-0.183334
-0.174634
-0.147519
-0.113862
-0.0826878
-0.0578045
-0.0392385
-0.0264829
-0.0192145
-0.0151457
-0.0112404
-0.00783421
-0.0068667
-0.0107464
-0.0209718
-0.0392206
-0.0641333
-0.0351983
-0.047871
-0.0662898
-0.0945005
-0.131978
-0.167064
-0.183856
-0.175615
-0.148524
-0.114565
-0.0829852
-0.0577291
-0.0388621
-0.0258417
-0.0183347
-0.0141333
-0.0101759
-0.00677721
-0.0057367
-0.00960427
-0.0199494
-0.0385345
-0.0640385
-0.0415384
-0.0608334
-0.0917676
-0.133518
-0.172667
-0.191304
-0.182043
-0.151503
-0.115213
-0.0822144
-0.0561708
-0.0369555
-0.0237193
-0.0157953
-0.0110126
-0.00646417
-0.00240302
-0.00148537
-0.00558987
-0.0167665
-0.0370401
-0.0648781
-0.0370827
-0.0571179
-0.0888899
-0.131332
-0.170641
-0.189178
-0.179185
-0.149485
-0.11297
-0.0798432
-0.0537777
-0.0345466
-0.021204
-0.0131083
-0.00830633
-0.00395374
-0.000256812
0.00094403
-0.00303807
-0.0146449
-0.036002
-0.0654796
-0.033413
-0.053973
-0.0856344
-0.127558
-0.167149
-0.186766
-0.177323
-0.14714
-0.110369
-0.0772146
-0.0512187
-0.032051
-0.0187034
-0.0105076
-0.00567859
-0.00142033
0.0023691
0.00345717
-0.00076976
-0.0128614
-0.0350549
-0.0657332
-0.0291607
-0.0499285
-0.0813778
-0.123301
-0.163779
-0.184055
-0.17441
-0.143754
-0.106962
-0.0740838
-0.0484101
-0.029473
-0.0162289
-0.00800205
-0.00316862
0.00104439
0.00483068
0.00598936
0.00169003
-0.0108085
-0.0338186
-0.0657619
-0.0244679
-0.0451634
-0.0764824
-0.118659
-0.159494
-0.179738
-0.169982
-0.139239
-0.1028
-0.0705006
-0.0453726
-0.0268225
-0.0137886
-0.00560214
-0.000812364
0.00329797
0.00703162
0.0083812
0.00414833
-0.0086265
-0.0323857
-0.0655925
-0.0197254
-0.0401443
-0.0711457
-0.113032
-0.153539
-0.173723
-0.164049
-0.133604
-0.097889
-0.0664716
-0.0421169
-0.0241126
-0.011394
-0.00331668
0.00138518
0.00535177
0.0090399
0.0105725
0.00645445
-0.00649052
-0.0308512
-0.0651144
-0.0151015
-0.0350104
-0.0651927
-0.106079
-0.145915
-0.166013
-0.156601
-0.126857
-0.0922606
-0.0620281
-0.0386644
-0.0213586
-0.00905537
-0.00115139
0.00342849
0.00722311
0.0108486
0.0125504
0.00857229
-0.00444835
-0.0292045
-0.0642135
-0.0105856
-0.0296739
-0.0584954
-0.0978848
-0.136745
-0.156616
-0.147662
-0.119045
-0.0859692
-0.0572126
-0.0350404
-0.0185755
-0.00678225
0.000888856
0.00531931
0.00891772
0.0124541
0.0143143
0.0105005
-0.00249308
-0.027413
-0.0628501
-0.00612104
-0.0240833
-0.0511322
-0.0886003
-0.126086
-0.145587
-0.137315
-0.110257
-0.0790928
-0.0520808
-0.0312762
-0.0157794
-0.00458304
0.00279935
0.007057
0.010441
0.0138594
0.0158616
0.0122332
-0.000627119
-0.0254791
-0.061022
-0.0016878
-0.0182873
-0.0432163
-0.0783022
-0.114036
-0.133074
-0.125713
-0.100623
-0.0717316
-0.0467005
-0.0274082
-0.0129863
-0.00246489
0.00457646
0.00864023
0.0117981
0.0150678
0.0171855
0.013754
0.00112502
-0.0234277
-0.0587207
0.00270607
-0.0123334
-0.0348001
-0.0670905
-0.100803
-0.119315
-0.113073
-0.0903117
-0.0640056
-0.0411487
-0.0234778
-0.0102129
-0.000433376
0.00621845
0.0100676
0.0129925
0.0160814
0.0182766
0.0150405
0.00272966
-0.0212829
-0.0559348
0.00707087
-0.00621648
-0.0259324
-0.0551558
-0.0866894
-0.104625
-0.0996681
-0.0795268
-0.0560502
-0.0355094
-0.0195299
-0.00747601
0.00150773
0.00772602
0.0113388
0.0140266
0.0169016
0.0191229
0.0160685
0.00415452
-0.0190663
-0.0526676
0.0114527
9.2495e-05
-0.0167093
-0.0427724
-0.07207
-0.0893847
-0.0858228
-0.0684976
-0.0480103
-0.0298692
-0.0156112
-0.00479267
0.00335652
0.00910267
0.012456
0.0149026
0.0175302
0.0197118
0.0168135
0.00536868
-0.0168058
-0.0489419
0.0159263
0.00662114
-0.00727487
-0.0302838
-0.0573815
-0.0740177
-0.0718856
-0.057467
-0.0400331
-0.0243132
-0.0117684
-0.00218006
0.00511278
0.0103549
0.0134253
0.0156253
0.017972
0.0200311
0.0172521
0.00634019
-0.0145372
-0.0447943
0.0205819
0.0133882
0.00217571
-0.0181021
-0.0430934
-0.0589499
-0.0582054
-0.0466763
-0.032261
-0.018921
-0.00804583
0.00034484
0.00677774
0.011492
0.0142577
0.0162034
0.018238
0.02008
0.0173643
0.00703844
-0.0122983
-0.0402723
0.025471
0.0203423
0.0113588
-0.00668322
-0.0296444
-0.044568
-0.0451079
-0.0363513
-0.0248235
-0.0137626
-0.00448303
0.00276565
0.00835363
0.0125256
0.0149689
0.016652
0.0183476
0.0198657
0.0171395
0.00744089
-0.0101235
-0.0354333
0.0304726
0.0272206
0.0198651
0.00355833
-0.0173575
-0.0311888
-0.0328766
-0.0266885
-0.0178318
-0.0088961
-0.00111296
0.00506722
0.00984321
0.0134689
0.0155792
0.016993
0.0183309
0.019417
0.0165865
0.00754238
-0.00803827
-0.0303409
0.0351911
0.0334834
0.0272143
0.0123593
-0.00640536
-0.0190543
-0.0217424
-0.0178452
-0.0113732
-0.0043656
0.00203931
0.00723624
0.0112494
0.0143362
0.0161113
0.0172544
0.0182292
0.0187878
0.015745
0.00736645
-0.00605246
-0.0250617
0.039111
0.038526
0.0330324
0.0196429
0.00313346
-0.00834078
-0.0118719
-0.00992973
-0.00550759
-0.000200985
0.00495709
0.00926194
0.0125744
0.0151416
0.0165895
0.0174682
0.0180927
0.0180606
0.0146966
0.0069789
-0.00415057
-0.0196637
0.0418708
0.0420009
0.0372058
0.0254493
0.0111918
0.000821676
-0.00335515
-0.00299547
-0.000266631
0.00358169
0.00763163
0.0111366
0.0138197
0.015898
0.0170371
0.017668
0.0179753
0.017343
0.0135739
0.00650081
-0.00228405
-0.0142157
0.0434177
0.0439483
0.0398675
0.0298506
0.0177156
0.00838926
0.00380008
0.00295929
0.0043456
0.00697853
0.0100611
0.0128561
0.0149852
0.0166162
0.0174738
0.0178854
0.0179289
0.0167557
0.0125564
0.00611123
-0.000368857
-0.00878759
0.0439466
0.0446563
0.0412729
0.0329465
0.0227337
0.0144158
0.00966147
0.00798215
0.00834837
0.00999567
0.0122492
0.0144198
0.0160699
0.0173038
0.0179137
0.0181432
0.0179951
0.0164142
0.0118493
0.00603198
0.00170342
-0.00345454
0.0437203
0.0444661
0.0417102
0.0349062
0.0263896
0.0190587
0.0143593
0.012153
0.0117774
0.0126468
0.0142035
0.0158308
0.0170723
0.0179652
0.0183646
0.0184541
0.0181931
0.0164004
0.0116862
0.00648596
0.00403986
0.00169738
0.0429748
0.0436782
0.041458
0.0359582
0.0289109
0.0225287
0.0180529
0.0155671
0.0146787
0.014951
0.0159343
0.0170952
0.0179916
0.0186016
0.0188296
0.0188227
0.0185222
0.0167376
0.0121679
0.00762864
0.00671083
0.00656938
0.0418951
0.0425261
0.0407517
0.0363361
0.0305418
0.0250477
0.0209044
0.018323
0.0171034
0.0169314
0.0174535
0.0182206
0.0188287
0.0192115
0.0193067
0.0192436
0.0189649
0.0173899
0.0132775
0.00949654
0.00971416
0.0110544
0.0406173
0.0411751
0.0397686
0.0362395
0.0314995
0.0268164
0.0230642
0.0205152
0.0191037
0.0186134
0.0187742
0.0192157
0.0195857
0.0197916
0.0197902
0.0197034
0.0194895
0.018264
0.0148775
0.0119724
0.0129452
0.015042
0.0392371
0.0397342
0.0386314
0.035822
0.0319613
0.028001
0.0246603
0.0222294
0.0207305
0.0200239
0.0199101
0.0200893
0.0202658
0.0203375
0.0202715
0.0201847
0.0200561
0.0192359
0.0167421
0.0147805
0.0161835
0.018426
0.0378194
0.0382728
0.0374217
0.0351948
0.0320631
0.0287367
0.0258028
0.0235425
0.0220324
0.0211901
0.0208754
0.0208495
0.0208726
0.020845
0.0207405
0.0206693
0.0206278
0.0201902
0.0186137
0.0175436
0.0191319
0.0211215
0.0364076
0.0368335
0.0361924
0.034437
0.0319065
0.0291314
0.0265837
0.024522
0.023054
0.0221389
0.0216846
0.0215041
0.0214095
0.0213103
0.0211867
0.0211389
0.0211747
0.0210504
0.0202741
0.0199339
0.0215232
0.0230937
0.0350301
0.0354421
0.0349767
0.0336042
0.0315693
0.0292677
0.0270768
0.0252255
0.0238359
0.0228961
0.0223521
0.0220605
0.0218791
0.0217301
0.0216001
0.0215771
0.021674
0.0217743
0.0215091
0.0217584
0.0232318
0.0243868
0.0337048
0.0341132
0.0337957
0.0327347
0.0311088
0.029211
0.0273434
0.0257029
0.0244147
0.0234858
0.0228921
0.0225258
0.0222838
0.0221019
0.0219722
0.0219708
0.0221101
0.022355
0.0224512
0.0230066
0.0243
0.0251157
0.032443
0.0328547
0.0326621
0.0318552
0.0305663
0.0290127
0.027434
0.0259968
0.0248226
0.0239304
0.0233181
0.0229069
0.0226259
0.0224238
0.0222974
0.022311
0.0224743
0.0227976
0.023095
0.0237788
0.0248652
0.0254245
0.031251
0.0316701
0.0315829
0.0309844
0.0299736
0.0287116
0.0273886
0.0261426
0.0250881
0.0242502
0.023643
0.0232105
0.0229076
0.022695
0.0225725
0.022594
0.0227645
0.0231166
0.0235022
0.0242
0.0250786
0.0254471
0.0301317
0.0305602
0.0305618
0.0301348
0.0293536
0.0283385
0.0272395
0.0261705
0.0252358
0.0244636
0.0238788
0.0234435
0.0231321
0.0229159
0.0227969
0.0228194
0.0229837
0.0233302
0.0237315
0.0243778
0.0250641
0.0252885
0.0290858
0.0295241
0.0296003
0.0293143
0.0287233
0.0279173
0.0270132
0.0261052
0.025287
0.024587
0.0240369
0.0236123
0.0233026
0.0230881
0.0229713
0.0229894
0.0231374
0.0234567
0.0238313
0.0243928
0.0249097
0.0250232
0.0281125
0.0285599
0.0286983
0.0285283
0.0280948
0.0274653
0.0267301
0.0259675
0.0252599
0.0246349
0.0241274
0.0237237
0.0234231
0.0232137
0.0230983
0.0231078
0.0232327
0.0235111
0.0238374
0.0243015
0.0246739
0.0247006
0.023943
0.0272102
0.0276648
0.0278546
0.0277806
0.0274775
0.0269923
0.026406
0.0257742
0.0251702
0.0246201
0.02416
0.0237837
0.0234978
0.0232961
0.0231814
0.0231797
0.023278
0.0235058
0.0237761
0.0241426
0.0243944
0.0243527
0.0236902
0.0263761
0.0268358
0.0270676
0.0270728
0.0268787
0.0265158
0.0260553
0.0255395
0.0250311
0.0245537
0.0241431
0.0237987
0.0235311
0.023339
0.0232249
0.0232105
0.0232808
0.0234583
0.023668
0.0239427
0.0240949
0.0239989
0.0234114
0.0256075
0.0260698
0.0263353
0.0264054
0.0263035
0.0260424
0.0256889
0.0252752
0.0248538
0.0244457
0.0240848
0.0237744
0.0235276
0.0233463
0.0232329
0.0232055
0.0232479
0.023378
0.0235284
0.0237198
0.0237905
0.0236512
0.0231221
0.024901
0.0253635
0.0256552
0.0257774
0.0257576
0.0255761
0.0253148
0.0249907
0.0246478
0.0243044
0.0239921
0.0237165
0.0234917
0.0233221
0.0232098
0.0231699
0.0231859
0.0232721
0.0233678
0.0234857
0.0234902
0.0233163
0.022832
0.0242533
0.0247136
0.0250246
0.0251847
0.0251979
0.0251177
0.0249391
0.0246937
0.024421
0.0241373
0.0238713
0.0236301
0.0234279
0.0232705
0.0231597
0.0231085
0.0231004
0.0231469
0.0231938
0.0232485
0.0231991
0.0229978
0.0225476
0.0236608
0.0241169
0.0244426
0.0246363
0.0247073
0.0246801
0.0245682
0.0243907
0.0241801
0.0239508
0.0237282
0.0235202
0.0233405
0.0231954
0.0230868
0.0230256
0.0229962
0.0230074
0.023012
0.0230133
0.0229204
0.0226972
0.022273
0.0231208
0.0235704
0.0239063
0.0241273
0.0242416
0.0242622
0.0242061
0.0240867
0.0239307
0.0237503
0.0235679
0.0233914
0.0232334
0.0231007
0.022995
0.0229253
0.0228775
0.0228581
0.0228265
0.0227832
0.0226553
0.0224148
0.0220106
0.0226307
0.0230717
0.0234141
0.0236556
0.0238035
0.0238649
0.0238556
0.0237858
0.0236774
0.0235406
0.0233949
0.0232476
0.0231105
0.02299
0.0228877
0.0228111
0.0227479
0.0227024
0.0226404
0.0225604
0.0224046
0.0221504
0.0217615
0.0221867
0.0226181
0.0229632
0.0232201
0.0233938
0.0234891
0.0235189
0.0234913
0.0234241
0.0233258
0.0232131
0.0230928
0.0229754
0.0228666
0.0227684
0.0226865
0.02261
0.0225431
0.022456
0.0223461
0.022168
0.0219033
0.0215262
0.0217855
0.0222063
0.0225514
0.022819
0.0230127
0.0231355
0.0231978
0.0232058
0.023174
0.0231095
0.0230263
0.0229305
0.0228313
0.0227339
0.0226401
0.0225544
0.0224679
0.0223829
0.0222752
0.0221412
0.0219456
0.0216727
0.021305
0.0214243
0.0218334
0.0221763
0.0224508
0.0226596
0.0228045
0.0228935
0.0229314
0.0229299
0.0228947
0.0228376
0.0227638
0.0226813
0.0225946
0.0225055
0.0224175
0.0223232
0.0222236
0.0220993
0.0219461
0.0217368
0.0214579
0.0210976
0.0211002
0.0214969
0.0218357
0.0221142
0.0223341
0.0224964
0.0226071
0.0226699
0.022694
0.0226841
0.0226499
0.0225956
0.0225284
0.0224518
0.0223675
0.0222783
0.022178
0.0220669
0.0219295
0.0217613
0.0215414
0.0212582
0.0209039
0.0208107
0.0211946
0.0215278
0.0218079
0.0220356
0.0222112
0.0223395
0.0224227
0.0224684
0.0224801
0.0224656
0.0224287
0.022375
0.0223078
0.0222285
0.022139
0.0220345
0.0219145
0.0217669
0.021587
0.0213592
0.0210729
0.0207236
0.0205535
0.0209244
0.0212509
0.0215305
0.0217633
0.0219491
0.0220911
0.0221911
0.0222546
0.0222846
0.0222871
0.0222653
0.0222239
0.0221652
0.0220908
0.0220017
0.0218944
0.0217678
0.0216123
0.0214236
0.0211898
0.0209016
0.0205566
0.0203262
0.0206842
0.0210034
0.021281
0.0215167
0.0217098
0.0218626
0.021976
0.0220543
0.0220995
0.0221166
0.0221078
0.0220771
0.0220262
0.0219564
0.0218685
0.0217594
0.0216279
0.0214667
0.0212714
0.0210333
0.0207441
0.0204028
0.0201268
0.0204723
0.0207836
0.0210582
0.0212951
0.0214933
0.0216543
0.0217784
0.0218687
0.0219265
0.0219559
0.0219582
0.0219368
0.021893
0.0218276
0.0217411
0.0216312
0.0214963
0.021331
0.0211309
0.0208898
0.0206002
0.0202622
0.0199535
0.020287
0.0205905
0.0208612
0.021098
0.0212996
0.0214666
0.021599
0.021699
0.0217672
0.0218067
0.0218185
0.0218052
0.0217674
0.0217062
0.0216214
0.0215112
0.0213742
0.021206
0.0210026
0.0207596
0.0204701
0.0201349
0.0198045
0.0201269
0.0204227
0.0206892
0.020925
0.0211286
0.0213
0.0214387
0.0215463
0.0216229
0.0216708
0.0216905
0.0216839
0.0216516
0.021594
0.021511
0.0214012
0.0212628
0.0210927
0.0208871
0.0206429
0.0203539
0.0200212
0.0196786
0.0199908
0.0202794
0.0205416
0.0207758
0.0209803
0.0211548
0.0212983
0.0214118
0.0214951
0.0215497
0.0215758
0.021575
0.0215472
0.0214929
0.0214116
0.0213024
0.0211634
0.0209922
0.0207851
0.0205403
0.020252
0.0199215
0.0195746
0.0198778
0.0201599
0.020418
0.0206503
0.0208551
0.0210315
0.0211785
0.0212965
0.0213849
0.0214449
0.0214763
0.0214801
0.021456
0.0214046
0.0213249
0.0212165
0.0210772
0.0209053
0.0206975
0.0204524
0.0201649
0.0198363
0.0194915
0.0197873
0.0200637
0.0203181
0.0205486
0.0207532
0.0209308
0.0210803
0.0212016
0.0212939
0.021358
0.0213934
0.0214008
0.0213798
0.0213308
0.0212528
0.0211449
0.0210055
0.0208334
0.0206252
0.0203801
0.0200933
0.0197663
0.019429
0.0197188
0.0199908
0.0202422
0.020471
0.0206752
0.0208535
0.0210046
0.0211282
0.0212234
0.0212905
0.0213288
0.021339
0.0213203
0.021273
0.021196
0.0210889
0.0209497
0.0207775
0.0205692
0.0203242
0.0200381
0.0197122
0.0193868
0.0196725
0.0199413
0.0201905
0.0204181
0.0206219
0.0208006
0.0209527
0.0210778
0.0211748
0.0212438
0.0212841
0.0212961
0.0212789
0.0212329
0.0211567
0.0210501
0.0209111
0.0207389
0.0205306
0.0202857
0.0200001
0.019675
0.0193652
0.0196488
0.019916
0.020164
0.0203909
0.0205945
0.0207734
0.020926
0.0210518
0.0211497
0.0212196
0.0212609
0.0212738
0.0212575
0.021212
0.0211363
0.02103
0.0208911
0.0207189
0.0205106
0.0202658
0.0199805
0.0196558
0.0180413
0.0184164
0.0187823
0.0191369
0.0194778
0.0198028
0.0201097
0.020396
0.0206593
0.0208974
0.0211076
0.0212881
0.0214363
0.0215512
0.0216304
0.021674
0.0216802
0.0216505
0.0215837
0.0214824
0.0213458
0.0211769
0.020975
0.0180575
0.0184344
0.018802
0.0191581
0.0195005
0.0198269
0.0201349
0.0204223
0.0206865
0.0209253
0.021136
0.0213167
0.0214649
0.0215794
0.0216579
0.0217005
0.0217054
0.0216741
0.0216055
0.0215025
0.0213641
0.0211938
0.0209906
0.0180889
0.0184694
0.0188402
0.0191993
0.0195444
0.0198734
0.0201837
0.0204732
0.0207392
0.0209794
0.0211911
0.0213724
0.0215205
0.0216343
0.0217114
0.0217519
0.0217541
0.0217198
0.0216477
0.0215413
0.0213995
0.0212263
0.0210206
0.018135
0.0185206
0.018896
0.0192594
0.0196085
0.0199411
0.0202548
0.0205473
0.0208159
0.0210582
0.0212714
0.0214534
0.0216015
0.0217142
0.0217892
0.0218268
0.021825
0.0217861
0.0217089
0.0215973
0.0214505
0.0212729
0.0210636
0.0181953
0.0185872
0.0189686
0.0193374
0.0196915
0.0200288
0.0203469
0.0206433
0.0209154
0.0211605
0.0213757
0.0215588
0.0217068
0.0218182
0.0218904
0.0219239
0.0219167
0.0218717
0.0217876
0.0216691
0.0215156
0.0213322
0.0211182
0.0182694
0.0186688
0.0190571
0.0194323
0.0197925
0.0201355
0.0204589
0.0207602
0.0210366
0.0212852
0.021503
0.0216875
0.0218355
0.0219452
0.0220139
0.0220424
0.0220283
0.0219755
0.0218826
0.0217554
0.0215933
0.0214026
0.0211828
0.0183571
0.0187649
0.0191609
0.0195435
0.0199106
0.0202602
0.0205898
0.0208969
0.0211785
0.0214315
0.0216526
0.0218389
0.0219868
0.0220946
0.0221591
0.0221812
0.0221588
0.0220964
0.0219926
0.0218548
0.0216822
0.0214827
0.0212559
0.0184582
0.018875
0.0192795
0.01967
0.0200448
0.0204018
0.0207387
0.0210525
0.0213403
0.0215987
0.0218236
0.0220122
0.0221603
0.0222658
0.0223253
0.0223399
0.0223074
0.0222333
0.0221164
0.0219658
0.0217811
0.0215711
0.0213358
0.0185724
0.0189987
0.019412
0.0198111
0.0201943
0.0205595
0.0209045
0.0212262
0.0215211
0.0217854
0.0220155
0.022207
0.0223555
0.0224586
0.0225122
0.0225179
0.0224732
0.0223853
0.0222528
0.0220868
0.0218878
0.0216657
0.021421
0.0186995
0.0191354
0.0195579
0.0199659
0.020358
0.0207322
0.0210863
0.0214169
0.0217204
0.0219921
0.0222279
0.0224231
0.0225724
0.0226727
0.0227196
0.0227149
0.0226557
0.0225514
0.0224004
0.0222172
0.0220009
0.021765
0.0215096
0.018839
0.0192844
0.0197161
0.0201333
0.0205348
0.0209187
0.0212829
0.0216239
0.0219376
0.0222177
0.0224605
0.0226601
0.0228108
0.0229083
0.0229475
0.0229305
0.0228544
0.0227305
0.0225579
0.0223542
0.0221183
0.0218669
0.0215996
0.0189904
0.019445
0.0198858
0.0203123
0.0207235
0.0211178
0.0214932
0.0218461
0.0221725
0.0224618
0.0227127
0.0229182
0.023071
0.0231657
0.023196
0.0231648
0.0230685
0.0229218
0.0227236
0.0224963
0.0222382
0.0219693
0.021689
0.0191531
0.0196163
0.0200659
0.0205016
0.0209228
0.0213281
0.0217155
0.0220821
0.0224256
0.0227233
0.0229842
0.0231972
0.0233533
0.0234453
0.0234656
0.0234177
0.0232978
0.0231242
0.0228958
0.0226416
0.0223584
0.02207
0.0217756
0.0193261
0.0197971
0.0202549
0.0206997
0.0211313
0.0215479
0.0219481
0.0223293
0.0226998
0.0230003
0.0232743
0.0234975
0.0236584
0.0237478
0.0237568
0.0236893
0.0235417
0.0233364
0.0230723
0.0227878
0.0224763
0.0221665
0.021857
0.0195084
0.0199861
0.0204515
0.0209051
0.0213472
0.0217758
0.0221892
0.0225804
0.0229328
0.0232865
0.0235826
0.0238193
0.023987
0.0240741
0.0240702
0.0239798
0.0237995
0.0235574
0.0232504
0.0229328
0.0225892
0.0222561
0.0219306
0.0196984
0.0201816
0.0206538
0.0211161
0.0215689
0.0220105
0.0224393
0.0228488
0.0232327
0.0235954
0.023911
0.0241636
0.0243401
0.0244253
0.0244067
0.0242892
0.0240705
0.0237862
0.0234399
0.0230742
0.022694
0.0223355
0.0219934
0.0198946
0.0203817
0.0208598
0.0213304
0.0217943
0.0222499
0.0226963
0.0231269
0.0235378
0.0239206
0.0242591
0.0245309
0.0247189
0.0248028
0.0247672
0.0246177
0.0243532
0.0240183
0.0236172
0.0232066
0.0227868
0.0224013
0.0220423
0.0200947
0.0205842
0.0210673
0.0215458
0.0220211
0.0224917
0.0229572
0.0234111
0.0238497
0.0242594
0.0246259
0.0249214
0.0251244
0.0252079
0.025153
0.0249652
0.0246461
0.0242511
0.0237875
0.0233259
0.0228633
0.0224496
0.0220736
0.0202961
0.0207864
0.0212735
0.0217597
0.0222466
0.0227331
0.0232193
0.0236985
0.0241678
0.02461
0.0250106
0.0253355
0.025558
0.0256424
0.025565
0.0253313
0.0249471
0.0244813
0.0239459
0.023427
0.0229185
0.0224759
0.0220834
0.0204961
0.0209854
0.0214756
0.0219692
0.0224681
0.0229711
0.0234793
0.0239862
0.0244896
0.02497
0.0254117
0.0257731
0.0260209
0.0261081
0.0260043
0.0257153
0.0252532
0.0247038
0.0240863
0.0235039
0.022947
0.0224752
0.0220673
0.0206909
0.0211778
0.0216704
0.0221712
0.0226823
0.0232025
0.0237339
0.0242706
0.0248119
0.0253368
0.0258277
0.026234
0.0265143
0.0266067
0.0264722
0.0261159
0.0255602
0.0249123
0.0242013
0.0235493
0.0229423
0.0224423
0.0220205
0.0208767
0.0213598
0.0218542
0.0223624
0.0228859
0.0234238
0.0239793
0.0245476
0.0251305
0.0257067
0.0262561
0.0267174
0.027039
0.02714
0.026969
0.0265308
0.0258622
0.0250983
0.0242814
0.0235542
0.0228971
0.0223709
0.0219379
0.0210489
0.0215271
0.0220233
0.022539
0.0230754
0.0236313
0.0242114
0.0248124
0.0254399
0.0260748
0.0266932
0.0272215
0.0275956
0.0277093
0.0274947
0.0269562
0.0261516
0.025251
0.0243147
0.0235083
0.0228033
0.0222547
0.0218139
0.021202
0.0216751
0.0221734
0.0226974
0.0232471
0.0238212
0.0244255
0.0250592
0.0257333
0.026435
0.0271342
0.0277433
0.0281834
0.0283157
0.0280483
0.0273862
0.0264171
0.0253564
0.0242871
0.023399
0.0226517
0.0220866
0.021643
0.0213303
0.0217985
0.0223001
0.0228336
0.0233974
0.0239896
0.0246169
0.0252817
0.0260018
0.0267797
0.0275723
0.0282778
0.0288002
0.0289586
0.0286271
0.0278122
0.0266442
0.0253961
0.0241802
0.0232119
0.0224319
0.0218591
0.0214196
0.021427
0.0218918
0.0223986
0.0229436
0.0235226
0.0241323
0.0247806
0.0254729
0.0262338
0.0270996
0.0279985
0.0288174
0.0294415
0.0296353
0.0292255
0.0282215
0.0268129
0.0253469
0.0239724
0.0229299
0.0221326
0.0215646
0.0211382
0.0214847
0.0219486
0.0224641
0.0230233
0.0236187
0.0242453
0.0249121
0.0256264
0.0264133
0.0273843
0.0284008
0.0293501
0.0300987
0.0303401
0.029834
0.0285953
0.0268966
0.0251795
0.0236371
0.0225335
0.0217411
0.0211949
0.0207941
0.021495
0.0219625
0.0224913
0.0230686
0.0236822
0.0243246
0.0250069
0.0257379
0.0265168
0.0276235
0.028763
0.029858
0.0307569
0.0310617
0.0304366
0.0289067
0.0268596
0.0248563
0.0231425
0.022
0.0212437
0.0207416
0.020383
0.0214487
0.0219261
0.0224748
0.0230753
0.0237094
0.0243664
0.025061
0.0258115
0.0265073
0.0278104
0.0290629
0.0303144
0.0313917
0.03178
0.0310084
0.0291183
0.0266548
0.0243293
0.0224501
0.021304
0.020625
0.020196
0.0199023
0.0213356
0.0218317
0.0224091
0.0230396
0.0236972
0.0243663
0.0250687
0.0258697
0.0270427
0.027952
0.0292689
0.0306801
0.0319645
0.0324616
0.0315105
0.0291769
0.0262217
0.0235379
0.0215145
0.0204167
0.0198685
0.0195488
0.0193508
0.0211448
0.0216712
0.0222884
0.0229576
0.0236427
0.0243202
0.025015
0.0258028
0.0268518
0.0279277
0.0293314
0.0308976
0.0324145
0.0330521
0.0318843
0.0290087
0.0254813
0.022409
0.020284
0.0193064
0.0189561
0.0187903
0.0187292
0.020864
0.0214357
0.0221069
0.0228258
0.023544
0.0242264
0.0248969
0.0256379
0.0266018
0.0277422
0.0291986
0.0308868
0.0326488
0.0334659
0.0320442
0.0285137
0.0243313
0.0208717
0.0187035
0.0179388
0.0178675
0.0179106
0.0180407
0.0204802
0.021116
0.0218586
0.0226412
0.0233999
0.0240849
0.0247165
0.0253842
0.0262572
0.0273797
0.0288079
0.0305357
0.0325289
0.0335721
0.0318698
0.027564
0.0226436
0.0188603
0.0167104
0.0162766
0.016581
0.0169007
0.0172903
0.0199793
0.0207022
0.0215374
0.0224006
0.0232101
0.0238977
0.0244779
0.0250476
0.0258021
0.0268222
0.0280866
0.029698
0.0318608
0.0331826
0.0312016
0.0260072
0.0202703
0.0161928
0.0142285
0.0142794
0.0150738
0.0157538
0.0164849
0.0193461
0.0201839
0.0211369
0.0221008
0.0229742
0.0236675
0.024187
0.0246364
0.0252369
0.0260655
0.0269645
0.0282086
0.030407
0.0320542
0.0298438
0.0236769
0.0170606
0.0127658
0.0111845
0.0119065
0.0133236
0.0144669
0.0156323
0.0185648
0.0195504
0.0206503
0.0217386
0.0226916
0.0233976
0.023852
0.0241635
0.0245749
0.0250886
0.0254061
0.0259458
0.0279532
0.0299309
0.0275755
0.0204006
0.012872
0.00847956
0.00751414
0.00912005
0.011311
0.0130415
0.0147399
0.0176186
0.0187906
0.0200708
0.02131
0.0223613
0.0230907
0.0234823
0.0236457
0.0238443
0.0239672
0.02349
0.0229661
0.0244586
0.0266444
0.0241758
0.0159994
0.00757597
0.00325013
0.0031656
0.00588887
0.00902238
0.0114836
0.013813
0.0164904
0.0178929
0.0193912
0.0208105
0.0219807
0.022749
0.0230875
0.023103
0.023081
0.0227754
0.0213564
0.0195547
0.0201874
0.0222308
0.0194737
0.0102875
0.00105709
-0.00298294
-0.0018949
0.00219248
0.00645292
0.00980234
0.0128541
0.0151626
0.0168459
0.0186041
0.0202345
0.0215457
0.0223738
0.0226762
0.0225548
0.0223251
0.0216076
0.0192441
0.0161654
0.0156327
0.0169449
0.013408
0.00310982
-0.00677756
-0.0102502
-0.00767836
-0.00197449
0.00360893
0.00800836
0.0118625
0.0136176
0.0156387
0.017702
0.0195748
0.0210513
0.0219657
0.0222544
0.0220175
0.0216157
0.0205664
0.0174635
0.0132507
0.0112938
0.011129
0.00606361
-0.00557863
-0.0159558
-0.01854
-0.0141681
-0.00659851
0.000508685
0.0061126
0.0108338
0.0118387
0.0142608
0.0166768
0.0188229
0.0204918
0.0215234
0.0218238
0.0215015
0.0209802
0.0197229
0.0161846
0.0110325
0.00744832
0.00506419
-0.00234919
-0.0156544
-0.026389
-0.0277776
-0.0213127
-0.0116439
-0.00281805
0.00412512
0.00976001
0.0098102
0.0127028
0.0155197
0.0179695
0.0198616
0.0210436
0.0213805
0.0210069
0.0204247
0.0190929
0.0153728
0.00948751
0.00412784
-0.00107757
-0.0115485
-0.0268442
-0.0378635
-0.0378153
-0.0290204
-0.0170512
-0.0063316
0.00205495
0.00863059
0.00751863
0.0109563
0.0142212
0.0170047
0.0191555
0.0205197
0.0209146
0.0205216
0.0199346
0.0186445
0.0149253
0.00844763
0.00122109
-0.00720191
-0.0212251
-0.0387751
-0.0500643
-0.0484381
-0.03716
-0.0227376
-0.00998486
-8.93619e-05
0.00743448
0.00495337
0.00901353
0.0127712
0.0159197
0.0183677
0.0199405
0.0204087
0.0200213
0.0194773
0.0183034
0.0146701
0.00768409
-0.0014287
-0.0132544
-0.03108
-0.0510375
-0.0626259
-0.0593918
-0.0455702
-0.0286021
-0.0137261
-0.00229894
0.00616194
0.00210724
0.00686785
0.0111596
0.0147068
0.0174906
0.0192896
0.0198376
0.0194727
0.0190061
0.0179714
0.0144304
0.0069799
-0.0039715
-0.0191971
-0.0408443
-0.0632406
-0.0751752
-0.0704022
-0.0540692
-0.0345314
-0.0175019
-0.00456393
0.00480574
-0.00102308
0.00451355
0.00937758
0.01336
0.0165132
0.0185459
0.0191707
0.018838
0.018468
0.0175577
0.0140693
0.00616783
-0.00652556
-0.0249964
-0.0502899
-0.0750443
-0.0873659
-0.0811922
-0.0624662
-0.0404077
-0.0212598
-0.00687313
0.00336203
-0.00443678
0.00194652
0.00741817
0.0118735
0.0154216
0.0176844
0.018374
0.0180804
0.0178158
0.0170203
0.0134963
0.00513985
-0.00916684
-0.0306177
-0.0592364
-0.0861682
-0.0989028
-0.0915091
-0.0705764
-0.0461166
-0.0249506
-0.00921369
0.00183076
-0.00812856
-0.000834968
0.00527748
0.010242
0.014199
0.0166773
0.0174142
0.0171684
0.0170113
0.0162558
0.0126569
0.00384012
-0.0119286
-0.036023
-0.0675487
-0.0964
-0.10955
-0.101139
-0.0782322
-0.0515533
-0.0285299
-0.0115711
0.000215869
-0.0120881
-0.00382934
0.00295491
0.00845917
0.0128263
0.0154957
0.0162613
0.0160768
0.016028
0.0152667
0.0115284
0.00225052
-0.0148103
-0.0411711
-0.0751313
-0.105597
-0.119138
-0.109908
-0.085289
-0.0566277
-0.0319593
-0.013929
-0.00147509
-0.0162996
-0.00703072
0.00045316
0.00651806
0.0112836
0.0141107
0.0148894
0.0147837
0.014843
0.0140388
0.0101071
0.000375221
-0.0177926
-0.0460194
-0.0819233
-0.113671
-0.127551
-0.117683
-0.091631
-0.0612677
-0.0352066
-0.0162701
-0.00323154
-0.010428
-0.00222229
0.00441127
0.0095505
0.0124951
0.0132755
0.0132675
0.0134343
0.0125615
0.00839852
-0.0017662
-0.0208489
-0.050535
-0.0878919
-0.120582
-0.134723
-0.124374
-0.0971732
-0.06542
-0.0382461
-0.0185763
-0.00504068
-0.0140047
-0.00506365
0.00213161
0.00760708
0.0106239
0.011398
0.0115047
0.011778
0.010823
0.00641284
-0.00413923
-0.0239407
-0.0546992
-0.0930336
-0.126327
-0.14063
-0.129928
-0.10186
-0.0690499
-0.0410577
-0.0208294
-0.00688835
-0.0177384
-0.00806118
-0.000327128
0.00543495
0.00847452
0.00923481
0.0094682
0.00984796
0.00880994
0.00416008
-0.00670343
-0.0270101
-0.0584881
-0.0973734
-0.130934
-0.145276
-0.134325
-0.105666
-0.0721405
-0.0436271
-0.0230121
-0.00875992
-0.021602
-0.0112034
-0.00296946
0.00301794
0.00602663
0.0067623
0.00712836
0.00762058
0.00650915
0.00164548
-0.00943383
-0.0300055
-0.0618507
-0.100931
-0.134457
-0.148697
-0.137573
-0.108589
-0.0746895
-0.0459444
-0.0251084
-0.0106412
-0.025564
-0.0144769
-0.00579765
0.00034272
0.0032622
0.00395652
0.00445526
0.00506787
0.00390787
-0.00113213
-0.0123316
-0.0329277
-0.0647517
-0.10368
-0.136947
-0.150947
-0.139704
-0.110649
-0.0767077
-0.0480045
-0.0271043
-0.0125191
-0.0295898
-0.0178664
-0.00881113
-0.00260123
0.00016362
0.000793984
0.00142897
0.00216548
0.000995263
-0.00417032
-0.015392
-0.0358087
-0.0672503
-0.105608
-0.138402
-0.152096
-0.140773
-0.111884
-0.0782157
-0.0498058
-0.0289882
-0.0143823
-0.0336422
-0.0213541
-0.0120056
-0.00581962
-0.00328681
-0.00276215
-0.00197238
-0.00109639
-0.00221685
-0.00741291
-0.0185143
-0.0385804
-0.0694493
-0.106904
-0.138855
-0.152184
-0.14084
-0.112347
-0.0792421
-0.0513504
-0.030751
-0.016221
-0.0376831
-0.0249181
-0.0153707
-0.00930765
-0.00709052
-0.00673969
-0.00582731
-0.00473171
-0.00562443
-0.0106542
-0.0214181
-0.0409809
-0.0713046
-0.107915
-0.13872
-0.151287
-0.139965
-0.11209
-0.0798186
-0.0526441
-0.0323865
-0.018027
-0.0416926
-0.0285569
-0.0189054
-0.0130596
-0.0112102
-0.0109813
-0.00994384
-0.0085326
-0.00899717
-0.0136617
-0.0239174
-0.0428628
-0.0726486
-0.108667
-0.138554
-0.150089
-0.138464
-0.11123
-0.0799762
-0.053689
-0.0338898
-0.0197945
-0.0455964
-0.0321884
-0.0225908
-0.0170597
-0.0154836
-0.0151379
-0.0136872
-0.0118374
-0.0125386
-0.0170909
-0.0269533
-0.045082
-0.0736767
-0.108464
-0.137467
-0.14854
-0.136996
-0.110038
-0.0798834
-0.0545564
-0.0352914
-0.0215534
-0.067531
-0.0487228
-0.0351922
-0.0256733
-0.0208636
-0.0205273
-0.0212283
-0.0200371
-0.0176861
-0.0178265
-0.022257
-0.0316947
-0.0484095
-0.074527
-0.106319
-0.13282
-0.142695
-0.131883
-0.107081
-0.0788558
-0.0547989
-0.0361332
-0.0228656
-0.0680725
-0.049414
-0.0360426
-0.026782
-0.0223773
-0.0223894
-0.0231796
-0.0217828
-0.0192339
-0.01925
-0.0236526
-0.0330409
-0.0496008
-0.0753777
-0.106561
-0.132268
-0.141471
-0.130407
-0.105844
-0.0781218
-0.0545681
-0.036254
-0.023251
-0.0677997
-0.0494478
-0.0363726
-0.0274811
-0.0235013
-0.0237706
-0.0245743
-0.0230639
-0.0204457
-0.020444
-0.0248513
-0.0342333
-0.0507261
-0.0762732
-0.106999
-0.132105
-0.140744
-0.129318
-0.104717
-0.0772802
-0.0541427
-0.0361927
-0.0234697
-0.067709
-0.0496135
-0.0367969
-0.028239
-0.0246542
-0.0251884
-0.0260581
-0.0244955
-0.0217918
-0.0217409
-0.0261174
-0.0354473
-0.0518135
-0.0770672
-0.107281
-0.131761
-0.139864
-0.128174
-0.103641
-0.0765276
-0.0537917
-0.0361822
-0.0237235
-0.0678137
-0.0499447
-0.0373638
-0.029124
-0.0259293
-0.0267438
-0.027697
-0.0260719
-0.0232421
-0.0231063
-0.0274184
-0.0366586
-0.0528587
-0.0777844
-0.107458
-0.131287
-0.138845
-0.126929
-0.102541
-0.0758094
-0.0534919
-0.0362191
-0.0240213
-0.0679516
-0.0503201
-0.0379854
-0.0300768
-0.0272822
-0.0283825
-0.0294178
-0.0277378
-0.0247427
-0.0245015
-0.028726
-0.0378504
-0.0538577
-0.0784338
-0.107557
-0.130734
-0.137754
-0.125628
-0.10141
-0.0750857
-0.0531993
-0.0362696
-0.0243369
-0.0680867
-0.0507089
-0.0386357
-0.0310748
-0.0286903
-0.030081
-0.031198
-0.0294843
-0.0262886
-0.025922
-0.0300369
-0.0390203
-0.054809
-0.0790136
-0.107577
-0.130105
-0.136602
-0.124286
-0.100257
-0.0743559
-0.0529073
-0.036326
-0.0246634
-0.0682374
-0.0511242
-0.0393234
-0.0321228
-0.0301568
-0.0318438
-0.0330434
-0.0312759
-0.0278812
-0.0273681
-0.0313504
-0.0401671
-0.0557108
-0.0795222
-0.107515
-0.129397
-0.135385
-0.122904
-0.0990869
-0.0736255
-0.0526201
-0.0363916
-0.025003
-0.0684133
-0.0515733
-0.0400542
-0.0332255
-0.0316863
-0.0336761
-0.0349585
-0.0330373
-0.0295169
-0.0288378
-0.032664
-0.0412887
-0.0565618
-0.079959
-0.107371
-0.128609
-0.134103
-0.121479
-0.0979002
-0.0728961
-0.0523396
-0.036468
-0.0253574
-0.0686131
-0.0520556
-0.0408281
-0.0343834
-0.03328
-0.0355788
-0.036943
-0.0348948
-0.0311933
-0.0303285
-0.0339754
-0.0423831
-0.0573606
-0.0803233
-0.107146
-0.127743
-0.132757
-0.120014
-0.0966974
-0.0721672
-0.0520651
-0.036555
-0.025727
-0.0688343
-0.0525692
-0.0416437
-0.0355959
-0.034938
-0.0375518
-0.0389955
-0.0368035
-0.0329083
-0.0318377
-0.0352822
-0.0434484
-0.058106
-0.0806146
-0.106839
-0.126799
-0.13135
-0.11851
-0.0954795
-0.0714384
-0.0517961
-0.0366522
-0.0261118
-0.069076
-0.0531133
-0.0425005
-0.0368626
-0.0366603
-0.0395948
-0.0411148
-0.0387692
-0.0346604
-0.0333633
-0.0365823
-0.044483
-0.0587972
-0.0808329
-0.10645
-0.125779
-0.129882
-0.116969
-0.0942476
-0.0707099
-0.0515321
-0.0367596
-0.026512
-0.0693377
-0.0536871
-0.0433981
-0.0381834
-0.038447
-0.0417074
-0.0432997
-0.0407905
-0.0364475
-0.0349031
-0.0378737
-0.0454853
-0.0594332
-0.0809779
-0.105982
-0.124683
-0.128356
-0.115394
-0.0930028
-0.0699813
-0.0512729
-0.0368768
-0.0269278
-0.0696184
-0.05429
-0.0443359
-0.039558
-0.0402979
-0.0438888
-0.0455488
-0.042864
-0.0382675
-0.036455
-0.0391543
-0.0464539
-0.0600134
-0.08105
-0.105433
-0.123514
-0.126774
-0.113784
-0.0917457
-0.0692527
-0.0510181
-0.037004
-0.0273595
-0.0699171
-0.0549209
-0.0453133
-0.0409858
-0.0422124
-0.0461379
-0.0478603
-0.0449874
-0.0401184
-0.0380167
-0.0404222
-0.0473876
-0.0605374
-0.0810492
-0.104805
-0.122271
-0.125136
-0.112143
-0.0904774
-0.0685239
-0.0507673
-0.0371408
-0.0278072
-0.0702326
-0.0555787
-0.0463292
-0.042466
-0.0441898
-0.0484534
-0.0502324
-0.0471584
-0.0419981
-0.0395863
-0.0416757
-0.0482851
-0.0610048
-0.0809763
-0.1041
-0.120959
-0.123446
-0.110472
-0.0891985
-0.0677945
-0.0505202
-0.0372871
-0.0282712
-0.0705637
-0.056262
-0.0473827
-0.0439978
-0.0462289
-0.0508335
-0.0526628
-0.0493745
-0.0439045
-0.0411615
-0.0429129
-0.0491454
-0.0614156
-0.080832
-0.103318
-0.119577
-0.121705
-0.108773
-0.0879097
-0.0670643
-0.0502765
-0.0374428
-0.0287516
-0.070909
-0.0569694
-0.0484726
-0.04558
-0.0483282
-0.0532764
-0.0551493
-0.0516335
-0.0458356
-0.0427405
-0.0441323
-0.0499679
-0.0617698
-0.0806171
-0.102462
-0.118128
-0.119916
-0.107046
-0.0866118
-0.0663331
-0.0500356
-0.0376077
-0.0292485
-0.0712668
-0.0576994
-0.0495974
-0.0472111
-0.0504858
-0.0557796
-0.0576893
-0.0539329
-0.0477891
-0.0443211
-0.0453323
-0.0507516
-0.0620677
-0.0803328
-0.101532
-0.116615
-0.118081
-0.105295
-0.0853054
-0.0656004
-0.0497974
-0.0377815
-0.029762
-0.0716354
-0.0584503
-0.0507558
-0.0488896
-0.0526997
-0.0583408
-0.0602801
-0.0562704
-0.0497631
-0.0459016
-0.0465115
-0.0514961
-0.0623097
-0.0799803
-0.100532
-0.115039
-0.116204
-0.10352
-0.0839909
-0.0648661
-0.0495613
-0.0379641
-0.0302922
-0.0720132
-0.0592203
-0.0519459
-0.0506135
-0.0549675
-0.0609572
-0.062919
-0.0586436
-0.0517554
-0.0474799
-0.0476687
-0.0522011
-0.0624964
-0.0795613
-0.0994617
-0.113403
-0.114285
-0.101723
-0.082669
-0.0641296
-0.0493269
-0.0381551
-0.030839
-0.072398
-0.0600075
-0.053166
-0.0523808
-0.0572864
-0.0636257
-0.0656031
-0.0610499
-0.0537639
-0.0490544
-0.0488026
-0.0528661
-0.0626286
-0.0790774
-0.0983251
-0.11171
-0.112327
-0.0999069
-0.08134
-0.0633907
-0.0490938
-0.0383544
-0.0314024
-0.0727879
-0.0608096
-0.0544138
-0.0541888
-0.0596535
-0.0663431
-0.0683293
-0.063487
-0.0557864
-0.0506231
-0.0499122
-0.0534912
-0.0627072
-0.0785304
-0.0971244
-0.109963
-0.110333
-0.0980719
-0.0800045
-0.062649
-0.0488616
-0.0385617
-0.0319824
-0.0731807
-0.0616246
-0.0556872
-0.0560349
-0.0620654
-0.0691059
-0.0710946
-0.0659523
-0.057821
-0.0521847
-0.0509965
-0.0540763
-0.0627333
-0.0779225
-0.0958621
-0.108164
-0.108303
-0.0962202
-0.0786627
-0.061904
-0.0486299
-0.0387766
-0.0325788
-0.073574
-0.06245
-0.0569838
-0.0579162
-0.0645187
-0.0719105
-0.0738957
-0.0684433
-0.0598655
-0.0537373
-0.0520547
-0.0546217
-0.0627082
-0.0772557
-0.0945411
-0.106317
-0.106241
-0.0943533
-0.0773151
-0.0611554
-0.0483981
-0.0389987
-0.0331915
-0.0739654
-0.0632835
-0.0583008
-0.0598294
-0.0670096
-0.074753
-0.0767294
-0.0709574
-0.0619178
-0.0552796
-0.0530862
-0.0551276
-0.0626333
-0.0765325
-0.0931643
-0.104424
-0.104151
-0.0924729
-0.0759619
-0.0604028
-0.0481658
-0.0392278
-0.0338203
-0.0743524
-0.0641223
-0.0596354
-0.0617709
-0.0695339
-0.0776294
-0.0795925
-0.0734922
-0.0639761
-0.0568102
-0.0540904
-0.0555946
-0.0625102
-0.0757555
-0.091735
-0.102489
-0.102034
-0.0905805
-0.0746035
-0.0596458
-0.0479325
-0.0394634
-0.0344648
-0.0747325
-0.0649638
-0.0609846
-0.063737
-0.0720877
-0.0805355
-0.0824814
-0.0760452
-0.0660384
-0.0583278
-0.0550667
-0.0560232
-0.0623405
-0.0749271
-0.0902563
-0.100516
-0.0998945
-0.0886777
-0.0732401
-0.058884
-0.0476978
-0.039705
-0.0351247
-0.0751028
-0.0658051
-0.0623453
-0.0657238
-0.0746663
-0.0834671
-0.0853927
-0.0786136
-0.0681028
-0.0598313
-0.056015
-0.0564141
-0.0621261
-0.0740503
-0.0887316
-0.0985063
-0.0977337
-0.0867658
-0.0718718
-0.0581169
-0.047461
-0.0399521
-0.0357997
-0.0754608
-0.0666433
-0.063714
-0.067727
-0.0772652
-0.0864197
-0.0883229
-0.081195
-0.0701674
-0.0613196
-0.056935
-0.0567681
-0.061869
-0.073128
-0.0871644
-0.0964648
-0.0955543
-0.0848466
-0.0704991
-0.0573443
-0.0472217
-0.0402043
-0.0364893
-0.0906632
-0.0758035
-0.0674753
-0.0650872
-0.0697423
-0.0798796
-0.0893887
-0.0912684
-0.0837868
-0.0722305
-0.0627916
-0.0578266
-0.0570863
-0.061571
-0.0721629
-0.0855582
-0.0943947
-0.0933589
-0.0829212
-0.069122
-0.0565656
-0.0469793
-0.040461
-0.037193
-0.090437
-0.076128
-0.0682981
-0.0664611
-0.0717651
-0.0825046
-0.0923695
-0.0942256
-0.0863864
-0.0742903
-0.0642467
-0.05869
-0.0573695
-0.0612345
-0.0711584
-0.0839166
-0.0922995
-0.0911501
-0.0809913
-0.0677408
-0.0557807
-0.0467333
-0.0407214
-0.0379102
-0.0901805
-0.0764316
-0.0691083
-0.067832
-0.0737906
-0.0851351
-0.0953575
-0.0971907
-0.0889913
-0.0763453
-0.065684
-0.0595251
-0.0576191
-0.0608615
-0.0701174
-0.0822433
-0.0901828
-0.088931
-0.0790581
-0.0663557
-0.054989
-0.0464831
-0.0409851
-0.0386403
-0.0898913
-0.0767112
-0.0699028
-0.0691959
-0.075814
-0.0877659
-0.0983479
-0.10016
-0.0915987
-0.0783938
-0.0671029
-0.0603324
-0.0578361
-0.0604544
-0.0690432
-0.0805419
-0.0880479
-0.0867048
-0.0771231
-0.0649669
-0.0541903
-0.0462281
-0.0412513
-0.0393826
-0.0895671
-0.076964
-0.0706782
-0.0705486
-0.0778303
-0.0903918
-0.101336
-0.10313
-0.0942063
-0.0804343
-0.0685028
-0.0611121
-0.058022
-0.0600155
-0.067939
-0.0788163
-0.0858985
-0.0844739
-0.0751876
-0.0635747
-0.0533842
-0.0459677
-0.0415193
-0.0401363
-0.0892055
-0.0771869
-0.0714311
-0.071886
-0.0798345
-0.0930074
-0.104316
-0.106097
-0.0968113
-0.0824655
-0.0698835
-0.0618648
-0.058178
-0.0595472
-0.0668081
-0.07707
-0.083738
-0.0822406
-0.073253
-0.0621791
-0.0525704
-0.0457013
-0.0417882
-0.0409007
-0.0888041
-0.077377
-0.0721581
-0.0732037
-0.0818214
-0.0956074
-0.107285
-0.109058
-0.0994114
-0.0844858
-0.0712445
-0.062591
-0.0583056
-0.0590518
-0.0656537
-0.0753069
-0.08157
-0.0800072
-0.0713205
-0.0607805
-0.0517487
-0.0454282
-0.0420573
-0.0416747
-0.0883607
-0.0775316
-0.0728557
-0.0744975
-0.0837857
-0.0981863
-0.110236
-0.112008
-0.102004
-0.0864941
-0.0725856
-0.0632914
-0.0584063
-0.0585319
-0.064479
-0.0735307
-0.0793979
-0.0777763
-0.0693915
-0.0593792
-0.0509186
-0.0451479
-0.0423256
-0.0424575
-0.0878731
-0.0776476
-0.0735206
-0.0757629
-0.0857223
-0.100739
-0.113165
-0.114943
-0.104586
-0.0884891
-0.0739067
-0.0639666
-0.0584817
-0.0579898
-0.0632873
-0.0717449
-0.0772251
-0.0755506
-0.0674671
-0.0579753
-0.05008
-0.0448596
-0.0425923
-0.043248
-0.0873393
-0.0777224
-0.0741493
-0.0769956
-0.087626
-0.103259
-0.116068
-0.117862
-0.107156
-0.0904696
-0.0752078
-0.0646176
-0.0585332
-0.057428
-0.0620818
-0.0699531
-0.0750549
-0.0733327
-0.0655488
-0.0565693
-0.0492327
-0.0445628
-0.0428563
-0.0440451
)
;

boundaryField
{
    inlet
    {
        type            zeroGradient;
    }
    outlet
    {
        type            fixedValue;
        value           nonuniform 0();
    }
    cylinder
    {
        type            zeroGradient;
    }
    top
    {
        type            symmetryPlane;
    }
    bottom
    {
        type            symmetryPlane;
    }
    frontAndBack
    {
        type            empty;
    }
    procBoundary6to5
    {
        type            processor;
        value           nonuniform List<scalar> 
205
(
-0.103241
-0.101917
-0.100539
-0.099107
-0.0976207
-0.09608
-0.0944853
-0.0928369
-0.0911356
-0.0893822
-0.0779553
-0.0779553
-0.0767572
-0.0755006
-0.074186
-0.0728143
-0.0713865
-0.0699041
-0.0683687
-0.0667821
-0.0651465
-0.0634642
-0.061738
-0.0599705
-0.058165
-0.0563246
-0.0544528
-0.0525533
-0.0506299
-0.0486864
-0.0467271
-0.044756
-0.0427773
-0.0407955
-0.0388151
-0.0368407
-0.0348755
-0.0329219
-0.0310043
-0.0291865
-0.0273185
-0.0290668
-0.0290668
-0.0240569
-0.0197399
-0.0151753
-0.0105192
-0.00603263
-0.00180612
0.00217619
0.00596437
0.00960253
0.0131141
0.0165094
0.0198048
0.023036
0.0262522
0.0294832
0.0326699
0.0356212
0.0381006
0.0399191
0.0410097
0.0414341
0.0413113
0.0407706
0.0399296
0.0388857
0.0377152
0.0364759
0.035211
0.0339517
0.0327206
0.0315336
0.0304011
0.0293297
0.0283234
0.0273835
0.0265104
0.0257027
0.0249585
0.0242753
0.0236499
0.0230797
0.0225621
0.0220947
0.0216722
0.0212923
0.020952
0.0206485
0.020379
0.020141
0.019932
0.0197499
0.0195926
0.0194584
0.0193455
0.0192528
0.0191792
0.019124
0.0190869
0.019068
0.0176593
0.0176734
0.017701
0.0177415
0.0177948
0.0178608
0.0179394
0.0180306
0.0181345
0.0182512
0.0183805
0.0185222
0.0186759
0.0188412
0.0190171
0.0192026
0.0193961
0.0195958
0.0197994
0.020004
0.0202062
0.0204018
0.0205859
0.020753
0.0208963
0.0210083
0.0210802
0.0211021
0.0210627
0.0209493
0.0207478
0.0204423
0.0200155
0.0194482
0.0187195
0.0178072
0.0166874
0.0153351
0.0137244
0.0118288
0.0096221
0.00707858
0.00417429
0.000888011
-0.00279726
-0.00689275
-0.0114022
-0.0163204
-0.0216315
-0.0273074
-0.0207407
-0.0207407
-0.0253823
-0.0301878
-0.0351138
-0.04011
-0.0451224
-0.0500904
-0.0549637
-0.0596762
-0.0642659
-0.0642659
-0.0934835
-0.0938585
-0.0932766
-0.0929437
-0.0928334
-0.0927399
-0.0926249
-0.0925137
-0.0924175
-0.0923338
-0.0922594
-0.0921932
-0.0921344
-0.092082
-0.0920349
-0.0919916
-0.0919509
-0.0919112
-0.0918709
-0.0918285
-0.0917822
-0.0917301
-0.0916704
-0.0916011
-0.09152
-0.091425
-0.091314
-0.0911847
-0.0910347
-0.0908617
-0.0908617
-0.113711
-0.112872
-0.111991
-0.111065
-0.110095
-0.109077
-0.108011
-0.106896
-0.105729
-0.104511
)
;
    }
    procBoundary6to7
    {
        type            processor;
        value           nonuniform List<scalar> 
201
(
-0.0463195
-0.0475627
-0.0488177
-0.0500834
-0.0513585
-0.0526415
-0.053931
-0.0552256
-0.0565238
-0.057824
-0.0591245
-0.0604236
-0.0617198
-0.0630111
-0.0642958
-0.0655721
-0.066838
-0.0680918
-0.0693314
-0.0705549
-0.0717604
-0.0729459
-0.0741095
-0.0752492
-0.076363
-0.077449
-0.0785054
-0.0795301
-0.0805215
-0.0814776
-0.0823968
-0.0832773
-0.0841175
-0.0849156
-0.0856704
-0.0863823
-0.0870488
-0.0876429
-0.088138
-0.0888342
-0.0920981
-0.0944734
-0.0962891
-0.0980285
-0.0994751
-0.100328
-0.100465
-0.0998399
-0.0983936
-0.0960646
-0.0928148
-0.0886367
-0.0835511
-0.0776062
-0.0708777
-0.0634647
-0.0554896
-0.0470972
-0.0384511
-0.0297318
-0.0211383
-0.0128848
-0.00519099
0.00173334
0.00771347
0.0126391
0.0164964
0.0193684
0.0214016
0.0227633
0.0236107
0.0240767
0.024269
0.0242717
0.0241477
0.0241477
0.0225749
0.0225219
0.022404
0.0222432
0.0220554
0.0218524
0.0216424
0.0214314
0.0212232
0.0210207
0.0208258
0.0206397
0.0204633
0.0202973
0.020142
0.0199979
0.0198653
0.0197447
0.0196366
0.0195416
0.0194601
0.0193931
0.0193413
0.0193056
0.0192872
0.0207425
0.0207573
0.0207855
0.0208259
0.0208771
0.0209377
0.0210059
0.0210804
0.0211595
0.0212414
0.0213243
0.0214064
0.0214856
0.0215597
0.0216265
0.0216832
0.0217273
0.0217555
0.0217645
0.0217506
0.0217096
0.0216373
0.0215289
0.0213797
0.0211851
0.0209413
0.0206453
0.0202956
0.0198932
0.0194415
0.0189461
0.018414
0.0178541
0.0172769
0.0166947
0.016119
0.0155579
0.0150141
0.0144846
0.0139597
0.0134232
0.0128556
0.0122368
0.011548
0.010773
0.00989914
0.00891827
0.00782686
0.0066259
0.00532017
0.00391727
0.00242633
0.000856842
-0.000782153
-0.00248275
-0.00423887
-0.00604535
-0.0078937
-0.00977258
-0.0116962
-0.0135621
-0.0141218
-0.0144753
-0.0148629
-0.0153035
-0.0157692
-0.0162517
-0.0167534
-0.0172766
-0.0178219
-0.0183895
-0.0189798
-0.0195932
-0.02023
-0.0208907
-0.0215753
-0.0222843
-0.0230176
-0.0237756
-0.0245583
-0.0253658
-0.026198
-0.0270549
-0.0279364
-0.0288423
-0.0297725
-0.0307267
-0.0317046
-0.0327057
-0.0337297
-0.034776
-0.0358442
-0.0369336
-0.0380435
-0.0391732
-0.040322
-0.0414889
-0.0426731
-0.0438736
-0.0450895
)
;
    }
}


// ************************************************************************* //
