/*--------------------------------*- C++ -*----------------------------------*\
  =========                 |
  \\      /  F ield         | OpenFOAM: The Open Source CFD Toolbox
   \\    /   O peration     | Website:  https://openfoam.org
    \\  /    A nd           | Version:  7
     \\/     M anipulation  |
\*---------------------------------------------------------------------------*/
FoamFile
{
    version     2.0;
    format      ascii;
    class       volScalarField;
    location    "120";
    object      p;
}
// * * * * * * * * * * * * * * * * * * * * * * * * * * * * * * * * * * * * * //

dimensions      [0 2 -2 0 0 0 0];

internalField   nonuniform List<scalar> 
4575
(
-0.0925163
-0.0813057
-0.0763662
-0.0773239
-0.0856607
-0.100333
-0.115058
-0.121245
-0.114615
-0.0992561
-0.0828388
-0.0702545
-0.0621966
-0.0586659
-0.0605923
-0.0670104
-0.0731019
-0.0739615
-0.0684119
-0.0601999
-0.0527546
-0.0476262
-0.0451623
-0.0459639
-0.091699
-0.0811089
-0.0767174
-0.0782301
-0.0871877
-0.102478
-0.117669
-0.124011
-0.117172
-0.10131
-0.0842471
-0.0710175
-0.0623793
-0.0582909
-0.0596319
-0.0654831
-0.0711538
-0.071868
-0.0665034
-0.0587132
-0.0517825
-0.0471682
-0.0452379
-0.0465708
-0.090831
-0.0808637
-0.0770229
-0.0790921
-0.0886682
-0.104576
-0.120235
-0.126744
-0.119706
-0.103346
-0.0856362
-0.0717594
-0.0625421
-0.057901
-0.0586633
-0.0639555
-0.069213
-0.0697858
-0.0646039
-0.0572269
-0.0508024
-0.0466992
-0.0453054
-0.0471764
-0.0899111
-0.0805681
-0.07728
-0.079906
-0.0900977
-0.10662
-0.122752
-0.129439
-0.122214
-0.105361
-0.0870062
-0.072481
-0.0626864
-0.0574979
-0.0576892
-0.0624306
-0.0672826
-0.0677172
-0.062715
-0.0557419
-0.0498143
-0.0462187
-0.0453638
-0.0477796
-0.0889383
-0.0802202
-0.0774861
-0.0806683
-0.0914714
-0.108606
-0.125216
-0.132092
-0.124694
-0.107355
-0.088357
-0.0731833
-0.0628134
-0.0570836
-0.056712
-0.0609113
-0.0653652
-0.0656646
-0.0608382
-0.0542587
-0.0488184
-0.0457263
-0.0454123
-0.0483791
-0.0879117
-0.0798182
-0.0776386
-0.0813755
-0.0927851
-0.110529
-0.127621
-0.134699
-0.127142
-0.109326
-0.0896885
-0.073867
-0.0629247
-0.0566599
-0.055734
-0.0594002
-0.0634638
-0.0636301
-0.0589748
-0.052778
-0.0478147
-0.0452215
-0.0454499
-0.0489736
-0.0868309
-0.0793604
-0.077735
-0.0820242
-0.0940345
-0.112385
-0.129963
-0.137257
-0.129557
-0.111273
-0.0910008
-0.074533
-0.0630216
-0.0562287
-0.0547576
-0.0579
-0.061581
-0.061616
-0.0571263
-0.0513006
-0.0468035
-0.0447039
-0.0454756
-0.0495617
-0.0856953
-0.0788455
-0.0777731
-0.082611
-0.0952154
-0.114168
-0.132238
-0.139762
-0.131935
-0.113195
-0.0922939
-0.0751824
-0.0631056
-0.0557917
-0.0537849
-0.0564133
-0.0597192
-0.0596243
-0.0552941
-0.0498271
-0.0457849
-0.0441733
-0.0454884
-0.0501421
-0.0845047
-0.0782723
-0.0777509
-0.083133
-0.0963239
-0.115875
-0.134441
-0.14221
-0.134274
-0.115091
-0.0935679
-0.075816
-0.0631779
-0.0553507
-0.052818
-0.0549423
-0.0578809
-0.057657
-0.0534795
-0.0483585
-0.0447591
-0.043629
-0.0454873
-0.0507133
-0.0832592
-0.0776396
-0.0776663
-0.0835871
-0.0973561
-0.117501
-0.136568
-0.144598
-0.136572
-0.116959
-0.094823
-0.0764349
-0.0632401
-0.0549073
-0.0518589
-0.0534894
-0.0560684
-0.0557162
-0.0516839
-0.0468954
-0.0437265
-0.043071
-0.0454715
-0.051274
-0.0769467
-0.0775176
-0.0839706
-0.0983084
-0.119042
-0.138616
-0.146923
-0.138827
-0.118799
-0.0960592
-0.07704
-0.0632934
-0.054463
-0.0509094
-0.0520565
-0.0542837
-0.0538035
-0.0499087
-0.0454387
-0.0426872
-0.0424987
-0.0454398
-0.0518226
-0.0761928
-0.0773033
-0.084281
-0.0991776
-0.120493
-0.140579
-0.14918
-0.141035
-0.120609
-0.0972767
-0.0776323
-0.0633393
-0.0540195
-0.0499712
-0.0506457
-0.0525289
-0.0519209
-0.0481551
-0.0439893
-0.0416418
-0.0419121
-0.0453914
-0.0523578
-0.0753777
-0.0770219
-0.084516
-0.0999604
-0.121853
-0.142456
-0.151367
-0.143195
-0.122389
-0.0984757
-0.0782129
-0.063379
-0.0535781
-0.0490461
-0.0492586
-0.0508058
-0.05007
-0.0464244
-0.042548
-0.0405905
-0.0413107
-0.0453252
-0.0528779
-0.0745011
-0.0766725
-0.0846734
-0.100654
-0.123116
-0.144241
-0.153481
-0.145305
-0.124137
-0.0996562
-0.0787827
-0.0634139
-0.0531403
-0.0481353
-0.047897
-0.0491161
-0.0482524
-0.0447179
-0.0411157
-0.0395338
-0.0406943
-0.0452403
-0.0533815
-0.073563
-0.076254
-0.0847515
-0.101256
-0.12428
-0.145932
-0.155517
-0.147361
-0.125852
-0.100818
-0.0793428
-0.0634453
-0.0527075
-0.0472404
-0.0465621
-0.0474613
-0.0464696
-0.0430368
-0.0396933
-0.0384721
-0.0400629
-0.0451359
-0.0538671
-0.0725638
-0.0757658
-0.0847485
-0.101763
-0.125343
-0.147527
-0.157475
-0.149363
-0.127533
-0.101962
-0.079894
-0.0634744
-0.0522808
-0.0463625
-0.0452555
-0.0458428
-0.044723
-0.0413823
-0.0382818
-0.0374059
-0.0394162
-0.0450109
-0.0543332
-0.0715041
-0.0752075
-0.0846632
-0.102174
-0.1263
-0.149021
-0.15935
-0.151307
-0.129179
-0.103088
-0.0804373
-0.0635024
-0.0518614
-0.0455029
-0.0439781
-0.0442619
-0.0430139
-0.0397556
-0.0368821
-0.0363358
-0.0387542
-0.0448646
-0.0547783
-0.0703845
-0.0745788
-0.0844945
-0.102486
-0.127151
-0.150412
-0.161141
-0.153192
-0.13079
-0.104196
-0.0809736
-0.0635305
-0.0514505
-0.0446624
-0.042731
-0.0427195
-0.0413435
-0.0381578
-0.0354952
-0.0352624
-0.0380768
-0.0446961
-0.0552009
-0.0692061
-0.0738798
-0.0842415
-0.102699
-0.127892
-0.151699
-0.162844
-0.155017
-0.132363
-0.105286
-0.0815039
-0.0635598
-0.0510492
-0.043842
-0.041515
-0.0412166
-0.0397129
-0.03659
-0.034122
-0.0341862
-0.037384
-0.0445047
-0.0555996
-0.0679703
-0.0731108
-0.0839037
-0.102811
-0.128523
-0.152878
-0.164457
-0.156778
-0.133899
-0.106358
-0.0820288
-0.0635916
-0.0506585
-0.0430425
-0.0403309
-0.0397539
-0.0381231
-0.0350532
-0.0327635
-0.033108
-0.0366759
-0.0442895
-0.0559729
-0.0666784
-0.0722723
-0.0834809
-0.10282
-0.129041
-0.153948
-0.165979
-0.158474
-0.135397
-0.107412
-0.0825491
-0.0636267
-0.0502793
-0.0422646
-0.039179
-0.0383321
-0.0365749
-0.0335486
-0.0314207
-0.0320283
-0.0359525
-0.0440498
-0.0563193
-0.0653322
-0.0713653
-0.082973
-0.102726
-0.129445
-0.154908
-0.167406
-0.160103
-0.136854
-0.108448
-0.0830657
-0.0636663
-0.0499124
-0.041509
-0.0380599
-0.0369515
-0.0350691
-0.032077
-0.0300947
-0.030948
-0.035214
-0.0437851
-0.0566376
-0.0639338
-0.0703906
-0.0823804
-0.102529
-0.129735
-0.155756
-0.168739
-0.161664
-0.13827
-0.109466
-0.0835792
-0.0637114
-0.0495588
-0.040776
-0.0369739
-0.0356124
-0.0336063
-0.0306395
-0.0287864
-0.0298677
-0.0344606
-0.0434947
-0.0569264
-0.0624853
-0.0693497
-0.0817036
-0.102229
-0.129909
-0.156491
-0.169974
-0.163155
-0.139645
-0.110465
-0.0840901
-0.0637628
-0.0492192
-0.0400662
-0.035921
-0.034315
-0.0321871
-0.0292368
-0.0274968
-0.0287883
-0.0336925
-0.0431782
-0.0571845
-0.0609892
-0.068244
-0.0809434
-0.101826
-0.129968
-0.157113
-0.17111
-0.164573
-0.140976
-0.111446
-0.0845991
-0.0638214
-0.0488943
-0.03938
-0.0349013
-0.0330593
-0.0308117
-0.02787
-0.0262269
-0.0277106
-0.03291
-0.0428349
-0.0574105
-0.0594481
-0.0670754
-0.080101
-0.101319
-0.129911
-0.157621
-0.172147
-0.165919
-0.142264
-0.112408
-0.0851066
-0.0638881
-0.0485848
-0.0387176
-0.0339146
-0.0318451
-0.0294804
-0.0265381
-0.0249778
-0.0266354
-0.0321136
-0.0424645
-0.0576033
-0.057865
-0.0658459
-0.0791777
-0.10071
-0.129738
-0.158014
-0.173082
-0.167189
-0.143506
-0.113352
-0.0856131
-0.0639637
-0.0482913
-0.0380794
-0.0329609
-0.0306721
-0.0281934
-0.0252425
-0.0237502
-0.0255636
-0.0313036
-0.0420667
-0.0577619
-0.0562427
-0.0645576
-0.0781751
-0.1
-0.129451
-0.158293
-0.173916
-0.168382
-0.144702
-0.114275
-0.0861188
-0.0640489
-0.0480143
-0.0374654
-0.0320398
-0.02954
-0.0269508
-0.0240436
-0.0225454
-0.0244961
-0.0304805
-0.0416413
-0.0578851
-0.0545846
-0.0632132
-0.0770952
-0.0991902
-0.129049
-0.158458
-0.174648
-0.169498
-0.14585
-0.11518
-0.0866242
-0.0641443
-0.0477546
-0.0368759
-0.031151
-0.0284483
-0.025752
-0.0228216
-0.0213641
-0.0234338
-0.0296448
-0.0411879
-0.0579721
-0.052894
-0.0618152
-0.07594
-0.0982816
-0.128534
-0.158511
-0.175277
-0.170535
-0.146949
-0.116063
-0.0871293
-0.0642505
-0.0475124
-0.0363111
-0.030294
-0.0273962
-0.0245967
-0.0216367
-0.0202077
-0.0223776
-0.0287971
-0.0407066
-0.0580219
-0.0511745
-0.0603665
-0.0747118
-0.0972761
-0.127907
-0.158451
-0.175803
-0.17149
-0.147998
-0.116926
-0.0876341
-0.064368
-0.0472883
-0.0357708
-0.0294683
-0.0263831
-0.0234848
-0.0204932
-0.0190768
-0.0213287
-0.0279381
-0.0401973
-0.0580337
-0.0494299
-0.0588703
-0.0734134
-0.0961756
-0.127169
-0.158279
-0.176226
-0.172364
-0.148995
-0.117768
-0.0881389
-0.0644975
-0.0470827
-0.0352555
-0.0286735
-0.0254082
-0.0224158
-0.0193907
-0.0179726
-0.0202879
-0.0270685
-0.03966
-0.0580068
-0.0476638
-0.0573296
-0.0720475
-0.0949823
-0.126322
-0.157998
-0.176545
-0.173154
-0.149939
-0.118587
-0.0886444
-0.0646401
-0.0468967
-0.0347654
-0.0279093
-0.0244707
-0.0213894
-0.0183294
-0.016896
-0.0192565
-0.0261891
-0.0390948
-0.0579406
-0.0458805
-0.0557481
-0.0706171
-0.0936985
-0.125367
-0.157608
-0.176761
-0.173858
-0.150829
-0.119386
-0.0891514
-0.0647966
-0.0467307
-0.0343006
-0.027175
-0.0235695
-0.0204051
-0.0173093
-0.0158483
-0.0182356
-0.0253007
-0.038502
-0.0578345
-0.044084
-0.0541294
-0.0691255
-0.0923267
-0.124307
-0.157111
-0.176874
-0.174479
-0.151665
-0.120161
-0.0896554
-0.0649624
-0.0465809
-0.033858
-0.0264675
-0.0227013
-0.0194598
-0.0163285
-0.0148294
-0.017226
-0.024404
-0.0378819
-0.0576881
-0.0422775
-0.0524764
-0.0675758
-0.0908702
-0.123145
-0.156511
-0.176895
-0.175025
-0.152445
-0.120901
-0.0901437
-0.0651274
-0.0464405
-0.0334335
-0.0257842
-0.0218625
-0.0185495
-0.0153831
-0.0138374
-0.0162273
-0.0234994
-0.0372348
-0.0575016
-0.0404638
-0.050792
-0.065971
-0.0893318
-0.121885
-0.155813
-0.176816
-0.175479
-0.153148
-0.121601
-0.090627
-0.0653091
-0.0463271
-0.0330419
-0.0251376
-0.0210651
-0.0176858
-0.0144825
-0.0128793
-0.0152437
-0.022589
-0.0365616
-0.057275
-0.0386617
-0.0490924
-0.0643201
-0.0877087
-0.120506
-0.154959
-0.17653
-0.175716
-0.153746
-0.122323
-0.0912009
-0.0655996
-0.0463128
-0.0327328
-0.0245621
-0.0203438
-0.016911
-0.0136729
-0.0119935
-0.0143018
-0.0216868
-0.0358641
-0.0569989
-0.036919
-0.0474153
-0.0626477
-0.0859937
-0.118952
-0.15385
-0.175958
-0.175713
-0.154351
-0.123176
-0.0919306
-0.0660204
-0.0463902
-0.0324803
-0.02402
-0.0196563
-0.0161914
-0.0129398
-0.0111801
-0.0134088
-0.0207989
-0.0351385
-0.056656
-0.0351126
-0.0456252
-0.0608836
-0.0842904
-0.117571
-0.153206
-0.176185
-0.176525
-0.155286
-0.123902
-0.0922888
-0.0660086
-0.046076
-0.0319157
-0.0232159
-0.0186848
-0.0151429
-0.0118623
-0.010072
-0.0122893
-0.0197621
-0.0343582
-0.0563599
-0.0395692
-0.0552961
-0.0807355
-0.117645
-0.157263
-0.182527
-0.183759
-0.158689
-0.125
-0.0918482
-0.0646626
-0.0443031
-0.0299472
-0.0209197
-0.0158491
-0.0117306
-0.00795831
-0.00599735
-0.00833286
-0.016376
-0.0323233
-0.05638
-0.0348313
-0.0512651
-0.077566
-0.115339
-0.155477
-0.180839
-0.17927
-0.156831
-0.122831
-0.0894813
-0.0622645
-0.0419034
-0.0274783
-0.0182788
-0.0130832
-0.00901929
-0.00535303
-0.00351044
-0.00569701
-0.0140553
-0.0308815
-0.0563486
-0.0309364
-0.0479284
-0.0743539
-0.111701
-0.151637
-0.177711
-0.177271
-0.1544
-0.120209
-0.0868271
-0.0596833
-0.0393981
-0.0250014
-0.0157254
-0.0104554
-0.00644408
-0.00284632
-0.0010403
-0.00341807
-0.0121329
-0.0296308
-0.0560945
-0.0265838
-0.0438148
-0.0701561
-0.10729
-0.147701
-0.174594
-0.174467
-0.151022
-0.116757
-0.0836088
-0.0567942
-0.0367663
-0.0225156
-0.0132422
-0.00793881
-0.00395501
-0.000387425
0.00146301
-0.000969754
-0.00995972
-0.0280941
-0.0555797
-0.0218499
-0.039035
-0.0652532
-0.102477
-0.143301
-0.170302
-0.170134
-0.146463
-0.11247
-0.0798734
-0.0536246
-0.0340206
-0.0200283
-0.0108344
-0.00554826
-0.00163297
0.00186655
0.00382407
0.00146906
-0.0076762
-0.0263694
-0.0548719
-0.0170829
-0.0340295
-0.0599832
-0.0970008
-0.137564
-0.164358
-0.164263
-0.140737
-0.107367
-0.0756314
-0.0501853
-0.031174
-0.0175514
-0.00851105
-0.00329045
0.000514355
0.00392507
0.00599091
0.00375358
-0.00546261
-0.0245865
-0.0539437
-0.0124457
-0.0289738
-0.054307
-0.0904887
-0.130289
-0.156816
-0.156889
-0.133849
-0.101478
-0.070915
-0.0465001
-0.0282432
-0.0150971
-0.00627999
-0.00116607
0.00249842
0.0058001
0.00795659
0.00585006
-0.00337017
-0.0227614
-0.0527109
-0.00793812
-0.0238194
-0.048083
-0.0829077
-0.12163
-0.147731
-0.148034
-0.12584
-0.0948567
-0.0657708
-0.0425989
-0.0252463
-0.0126768
-0.00414791
0.000824441
0.00432572
0.00749355
0.00972238
0.00775942
-0.00139428
-0.020868
-0.0511267
-0.00351254
-0.0185065
-0.0413271
-0.0744154
-0.111698
-0.137151
-0.137777
-0.116799
-0.0875857
-0.0602601
-0.0385189
-0.0222028
-0.0103015
-0.00212088
0.00267922
0.0060006
0.00900992
0.0112891
0.00947888
0.000464356
-0.0189034
-0.0491899
0.000855756
-0.0130579
-0.034149
-0.0651253
-0.100579
-0.125206
-0.126272
-0.106859
-0.0797713
-0.0544579
-0.0343039
-0.0191339
-0.00798132
-0.000203913
0.00439603
0.00752676
0.0103547
0.0126551
0.0109976
0.00218777
-0.0168893
-0.0469061
0.00516395
-0.0075208
-0.026621
-0.0551215
-0.0884425
-0.11212
-0.113735
-0.0961941
-0.0715426
-0.0484503
-0.0300034
-0.016062
-0.00572498
0.00159962
0.00597303
0.00890675
0.0115326
0.0138171
0.012301
0.00375007
-0.0148511
-0.0442732
0.00941216
-0.00190517
-0.0187843
-0.044547
-0.0755537
-0.0981944
-0.100441
-0.0850195
-0.0630472
-0.0423311
-0.0256709
-0.0130105
-0.00354009
0.00328838
0.00740965
0.0101423
0.012548
0.014771
0.0133736
0.00512644
-0.0128098
-0.0412947
0.0136219
0.00380813
-0.0107052
-0.0336241
-0.0622549
-0.0837886
-0.0867107
-0.0735761
-0.0544442
-0.0361978
-0.0213618
-0.0100038
-0.00143282
0.00486331
0.0087076
0.0112352
0.0134051
0.0155129
0.0142009
0.00629502
-0.0107873
-0.0379882
0.0178302
0.00963917
-0.00249174
-0.02264
-0.0489419
-0.0693014
-0.072889
-0.0621206
-0.045897
-0.030147
-0.0171311
-0.00706613
0.000591887
0.00632768
0.0098717
0.0121891
0.0141104
0.0160417
0.0147708
0.00723562
-0.00880995
-0.0343833
0.0220724
0.015593
0.0057042
-0.0119393
-0.0360383
-0.0551373
-0.0593288
-0.0509102
-0.0375644
-0.0242691
-0.0130302
-0.00422159
0.00253019
0.00768702
0.0109103
0.0130112
0.014674
0.0163621
0.0150758
0.00793118
-0.00690454
-0.0305176
0.0263386
0.0216068
0.0136557
-0.0019108
-0.0239488
-0.0416617
-0.0463516
-0.0401835
-0.0295922
-0.018645
-0.00910468
-0.0014927
0.00437902
0.00894875
0.0118356
0.0137126
0.0151119
0.016489
0.015118
0.0083732
-0.00509308
-0.0264347
0.0304948
0.0274429
0.021016
0.00706973
-0.0129776
-0.0291588
-0.0342277
-0.0301469
-0.0221058
-0.0133421
-0.00539235
0.00110034
0.00613585
0.0101216
0.012663
0.0143097
0.0154469
0.0164512
0.014916
0.00856931
-0.00338733
-0.0221823
0.0342474
0.0326564
0.0273559
0.0147363
-0.00327205
-0.0178251
-0.0231795
-0.0209678
-0.0152042
-0.00841231
-0.00192176
0.00354057
0.00779833
0.0112152
0.01341
0.0148237
0.0157079
0.0162951
0.0145133
0.00855221
-0.00178309
-0.0178094
0.0372562
0.0367739
0.0323294
0.0209948
0.00512593
-0.00780656
-0.0133737
-0.0127636
-0.00895597
-0.00389106
0.00128799
0.00581508
0.00936401
0.0122389
0.0140951
0.0152793
0.0159294
0.0160843
0.0139852
0.00838963
-0.00025337
-0.0133642
0.0393051
0.039548
0.0358292
0.0258855
0.0121879
0.000779486
-0.00490856
-0.00559377
-0.00339594
0.00020261
0.00422681
0.00791545
0.0108303
0.0132011
0.0147357
0.0157022
0.0161478
0.0158944
0.0134392
0.00819153
0.0012571
-0.00889325
0.0403955
0.0410433
0.0379802
0.029502
0.0178849
0.00787552
0.00219493
0.000540952
0.00147314
0.00386452
0.00689241
0.00983785
0.0121945
0.0141083
0.0153465
0.016115
0.0163976
0.015805
0.0129861
0.00810745
0.0028309
-0.00444264
0.0406835
0.0415087
0.0390231
0.0319654
0.0222457
0.0135197
0.00799514
0.00569075
0.00567608
0.00710292
0.00928863
0.0115828
0.0134543
0.014965
0.0159378
0.0165349
0.0167041
0.0158876
0.0128314
0.00831013
0.00456584
-6.25618e-05
0.0403661
0.0412245
0.0392233
0.0334447
0.0253939
0.0178475
0.01262
0.00994336
0.00925683
0.00993531
0.0114238
0.0131545
0.0146083
0.0157732
0.0165159
0.0169723
0.017077
0.0161799
0.0130673
0.00895382
0.00655125
0.00418652
0.0396213
0.0404344
0.0388285
0.0341467
0.0275267
0.021059
0.0162348
0.0134049
0.0122706
0.0123858
0.0133094
0.01456
0.015657
0.0165328
0.0170831
0.0174309
0.0175143
0.0166788
0.0137374
0.0101312
0.00883694
0.0082305
0.0385924
0.0393292
0.0380452
0.0342766
0.028863
0.0233683
0.0190086
0.0161841
0.014777
0.0144825
0.0149591
0.0158078
0.0166032
0.0172421
0.0176377
0.0179074
0.018004
0.0173449
0.0148048
0.0118311
0.0114019
0.0119826
0.0373891
0.0380464
0.0370278
0.034009
0.0296014
0.0249689
0.021094
0.0183831
0.0168357
0.0162561
0.0163881
0.0169073
0.0174509
0.0178992
0.0181757
0.0183933
0.0185248
0.0181098
0.0161451
0.0139198
0.01413
0.0153428
0.0360912
0.0366802
0.0358837
0.0334759
0.0299009
0.0260222
0.0226254
0.0200947
0.0185038
0.0177379
0.0176124
0.0178682
0.0182051
0.0185023
0.0186911
0.0188771
0.019052
0.0188938
0.0175846
0.0161577
0.0168097
0.0182033
0.0347551
0.0352924
0.0346838
0.0327732
0.0298839
0.0266576
0.0237144
0.0214007
0.0198343
0.0189592
0.0186489
0.0186998
0.018871
0.0190502
0.0191765
0.019346
0.0195632
0.0196331
0.0189493
0.0182632
0.0191851
0.0204704
0.03342
0.0339222
0.0334736
0.0319692
0.0296451
0.0269759
0.0244497
0.0223701
0.0208755
0.0199502
0.0195144
0.0194115
0.0194535
0.0195416
0.0196246
0.0197867
0.0200387
0.0202855
0.0201185
0.020019
0.0210547
0.0221046
0.0321126
0.0325936
0.0322832
0.031111
0.0292519
0.0270558
0.0249064
0.0230635
0.0216709
0.0207394
0.0202259
0.0200123
0.0199567
0.019976
0.0200289
0.0201869
0.020462
0.0208251
0.0209883
0.0213165
0.0223479
0.023146
0.0308507
0.0313215
0.0311305
0.0302313
0.0287539
0.0269585
0.0251456
0.023532
0.0222589
0.0213532
0.0207997
0.0205111
0.020385
0.0203533
0.0203843
0.0205378
0.0208233
0.0212511
0.0216156
0.0221705
0.0231203
0.0237003
0.029646
0.0301142
0.0300262
0.0293521
0.0281895
0.0267317
0.0252153
0.0238183
0.0226734
0.0218158
0.0212511
0.0209168
0.0207423
0.0206739
0.0206879
0.0208345
0.0211177
0.0215675
0.0220226
0.0226652
0.0234913
0.0238964
0.0285053
0.0289759
0.0289764
0.028488
0.027586
0.0264127
0.0251551
0.0239587
0.0229437
0.022149
0.0215947
0.0212378
0.021033
0.0209391
0.0209395
0.0210749
0.021344
0.0217839
0.0222595
0.0228993
0.0235844
0.0238516
0.0274324
0.0279077
0.0279839
0.0276496
0.0269631
0.0260298
0.0249974
0.0239833
0.0230954
0.0223724
0.0218441
0.0214824
0.0212614
0.0211511
0.0211396
0.0212602
0.0215061
0.0219146
0.022367
0.022953
0.0234982
0.0236561
0.0264283
0.0269094
0.0270502
0.0268438
0.0263355
0.0256046
0.024767
0.023917
0.0231501
0.0225034
0.0220117
0.0216586
0.0214325
0.0213125
0.0212903
0.0213933
0.0216101
0.0219747
0.0223788
0.0228862
0.0233027
0.0233731
0.025493
0.0259799
0.0261751
0.0260742
0.0257137
0.0251536
0.0244835
0.02378
0.0231266
0.0225571
0.0221089
0.0217741
0.0215511
0.0214266
0.021395
0.0214787
0.0216625
0.0219778
0.0223217
0.0227414
0.0230444
0.023045
0.0223558
0.0246254
0.0251168
0.0253571
0.0253433
0.0251054
0.02469
0.0241629
0.0235893
0.0230405
0.0225469
0.022146
0.021836
0.0216223
0.0214975
0.0214577
0.0215216
0.0216711
0.0219318
0.0222145
0.0225477
0.0227538
0.0226988
0.0220933
0.0238233
0.0243174
0.0245944
0.0246527
0.0245161
0.024216
0.0238167
0.0233584
0.0229053
0.0224844
0.0221323
0.0218514
0.0216512
0.0215292
0.0214827
0.0215273
0.0216435
0.0218502
0.0220725
0.0223253
0.0224503
0.0223511
0.0218126
0.0230839
0.0235787
0.0238855
0.0240031
0.0239505
0.0237511
0.0234563
0.0230989
0.0227321
0.0223798
0.0220762
0.0218265
0.0216429
0.0215261
0.0214743
0.0215008
0.0215857
0.0217439
0.0219081
0.022088
0.0221459
0.0220116
0.0215263
0.0224045
0.0228979
0.0232281
0.0233939
0.0234105
0.0232956
0.0230899
0.0228201
0.0225305
0.0222416
0.021985
0.0217675
0.0216023
0.0214924
0.0214369
0.0214471
0.0215032
0.0216174
0.0217294
0.0218452
0.0218479
0.021686
0.0212424
0.0217815
0.0222718
0.0226196
0.0228243
0.0228977
0.0228535
0.0227236
0.0225295
0.0223084
0.0220776
0.0218655
0.0216798
0.021534
0.0214324
0.0213747
0.0213704
0.021401
0.0214761
0.0215423
0.021603
0.0215608
0.021377
0.0209663
0.0212117
0.021697
0.0220575
0.0222934
0.0224133
0.0224276
0.0223619
0.0222331
0.0220723
0.0218941
0.0217236
0.0215687
0.0214425
0.02135
0.0212916
0.021275
0.0212833
0.0213243
0.0213511
0.0213652
0.0212867
0.0210858
0.0207009
0.0206929
0.021171
0.021539
0.0218003
0.0219578
0.0220204
0.0220086
0.0219359
0.0218277
0.0216966
0.0215644
0.0214387
0.0213319
0.0212491
0.0211911
0.0211645
0.021154
0.0211656
0.0211592
0.0211344
0.0210267
0.0208127
0.020448
0.0202245
0.0206925
0.0210682
0.0213442
0.0215312
0.0216334
0.0216667
0.0216417
0.0215794
0.0214901
0.0213926
0.0212942
0.021206
0.0211333
0.0210768
0.0210422
0.0210161
0.0210029
0.0209688
0.020912
0.0207811
0.020557
0.0202084
0.019798
0.0202561
0.0206322
0.0209226
0.0211331
0.0212675
0.0213384
0.0213538
0.0213309
0.0212784
0.0212123
0.021139
0.0210685
0.0210058
0.0209518
0.0209112
0.0208725
0.0208387
0.0207818
0.020699
0.0205498
0.0203182
0.0199823
0.019413
0.0198598
0.0202344
0.0205343
0.0207632
0.0209235
0.0210253
0.0210747
0.0210857
0.0210653
0.021027
0.0209765
0.0209226
0.0208697
0.020819
0.0207741
0.0207255
0.020675
0.0205995
0.020496
0.0203324
0.0200952
0.0197697
0.0190666
0.0195011
0.0198724
0.0201782
0.0204208
0.0206017
0.0207288
0.0208066
0.0208464
0.0208538
0.02084
0.0208101
0.0207715
0.0207281
0.0206811
0.0206334
0.0205772
0.0205134
0.0204232
0.0203031
0.0201285
0.0198875
0.0195705
0.0187562
0.0191777
0.0195441
0.0198528
0.0201053
0.0203024
0.0204498
0.0205511
0.0206152
0.0206464
0.0206541
0.0206425
0.0206178
0.0205835
0.0205406
0.0204915
0.0204296
0.0203554
0.0202537
0.0201208
0.0199378
0.0196942
0.0193843
0.0184792
0.0188875
0.0192476
0.0195569
0.0198162
0.0200255
0.0201892
0.0203097
0.0203941
0.0204456
0.0204719
0.0204763
0.0204642
0.0204384
0.0203999
0.0203503
0.0202846
0.0202023
0.0200918
0.0199491
0.0197599
0.0195149
0.0192108
0.0182332
0.0186282
0.018981
0.0192891
0.0195526
0.019771
0.0199475
0.0200836
0.0201847
0.0202533
0.0202955
0.020314
0.0203132
0.0202952
0.0202611
0.0202118
0.0201435
0.0200554
0.0199383
0.0197882
0.0195946
0.019349
0.01905
0.0180162
0.0183979
0.0187429
0.0190483
0.0193139
0.0195388
0.0197251
0.0198736
0.0199885
0.0200714
0.0201271
0.0201577
0.0201668
0.020156
0.0201262
0.020078
0.0200082
0.019916
0.019794
0.0196386
0.0194419
0.0191963
0.0189018
0.0178259
0.0181949
0.0185316
0.0188335
0.0190996
0.0193289
0.0195225
0.0196808
0.0198067
0.0199014
0.0199686
0.0200095
0.0200273
0.0200229
0.0199972
0.0199504
0.0198801
0.019785
0.0196597
0.0195006
0.0193019
0.0190568
0.018766
0.0176608
0.0180176
0.0183461
0.0186436
0.0189091
0.019141
0.01934
0.0195059
0.0196407
0.019745
0.0198215
0.0198713
0.0198965
0.0198978
0.019876
0.0198308
0.0197605
0.0196637
0.0195362
0.0193746
0.0191748
0.0189305
0.0186431
0.017519
0.0178645
0.018185
0.018478
0.0187419
0.0189753
0.019178
0.0193496
0.0194913
0.0196033
0.0196876
0.0197447
0.0197762
0.0197825
0.0197642
0.0197208
0.019651
0.0195532
0.0194244
0.0192612
0.0190609
0.0188177
0.0185331
0.0173993
0.0177344
0.0180475
0.0183358
0.0185978
0.0188316
0.0190369
0.0192127
0.0193598
0.0194779
0.0195684
0.0196314
0.0196682
0.0196788
0.0196636
0.019622
0.0195529
0.0194547
0.0193253
0.0191612
0.0189607
0.0187187
0.0184366
0.0173005
0.0176265
0.0179329
0.0182169
0.0184766
0.0187103
0.0189171
0.0190959
0.019247
0.0193699
0.0194653
0.0195331
0.0195743
0.0195884
0.0195759
0.0195359
0.0194677
0.0193695
0.0192397
0.0190753
0.0188749
0.018634
0.0183541
0.0172217
0.0175401
0.0178407
0.0181208
0.0183784
0.0186116
0.0188193
0.0190002
0.0191543
0.0192806
0.0193798
0.0194514
0.0194959
0.0195129
0.0195026
0.019464
0.0193966
0.0192986
0.0191689
0.0190043
0.0188043
0.0185644
0.0182862
0.0171623
0.0174748
0.0177708
0.0180477
0.0183035
0.0185361
0.0187443
0.0189266
0.0190826
0.0192115
0.0193134
0.0193877
0.0194347
0.0194539
0.0194453
0.0194078
0.0193412
0.0192435
0.0191139
0.0189494
0.0187497
0.0185107
0.0182338
0.0171223
0.0174306
0.0177234
0.0179981
0.0182525
0.0184845
0.0186929
0.018876
0.0190334
0.0191639
0.0192676
0.0193436
0.0193924
0.0194129
0.0194055
0.0193689
0.0193028
0.0192054
0.0190759
0.0189115
0.0187121
0.0184737
0.0181977
0.0171019
0.017408
0.0176992
0.0179726
0.0182263
0.018458
0.0186664
0.0188499
0.0190079
0.0191392
0.0192438
0.0193208
0.0193704
0.0193917
0.0193849
0.0193487
0.0192829
0.0191856
0.0190562
0.018892
0.0186927
0.0184546
0.0181791
0.0165239
0.0169
0.0172678
0.017625
0.0179696
0.0182995
0.0186123
0.0189059
0.0191781
0.0194266
0.0196492
0.0198441
0.0200089
0.0201427
0.0202435
0.0203113
0.0203446
0.0203447
0.0203105
0.0202444
0.0201458
0.0200173
0.0198581
0.0165391
0.0169171
0.0172865
0.0176453
0.0179912
0.0183223
0.0186362
0.0189309
0.0192038
0.0194531
0.0196761
0.0198711
0.0200358
0.0201693
0.0202693
0.0203362
0.0203682
0.0203668
0.0203309
0.0202633
0.0201631
0.0200333
0.019873
0.0165689
0.0169503
0.0173229
0.0176845
0.0180331
0.0183666
0.0186826
0.0189792
0.0192538
0.0195043
0.0197282
0.0199235
0.0200881
0.0202208
0.0203195
0.0203844
0.0204138
0.0204096
0.0203705
0.0202997
0.0201964
0.020064
0.0199016
0.0166125
0.016999
0.017376
0.0177418
0.0180941
0.018431
0.0187502
0.0190495
0.0193265
0.0195789
0.0198042
0.02
0.0201643
0.020296
0.0203926
0.0204546
0.0204802
0.0204717
0.0204278
0.0203523
0.0202443
0.0201081
0.0199426
0.0166697
0.0170624
0.0174451
0.0178161
0.0181733
0.0185146
0.0188378
0.0191407
0.0194208
0.0196758
0.0199031
0.0200995
0.0202634
0.0203936
0.0204875
0.0205456
0.0205662
0.0205519
0.0205015
0.0204197
0.0203055
0.0201641
0.0199945
0.0167402
0.0171402
0.0175296
0.0179068
0.0182697
0.0186163
0.0189444
0.0192517
0.0195356
0.0197938
0.0200244
0.0202208
0.0203845
0.0205129
0.0206034
0.0206566
0.0206706
0.020649
0.0205905
0.0205006
0.0203791
0.020231
0.0200562
0.0168237
0.017232
0.0176289
0.0180131
0.0183825
0.0187353
0.0190691
0.0193816
0.01967
0.0199313
0.0201617
0.0203627
0.0205267
0.0206532
0.0207395
0.0207866
0.0207927
0.020762
0.0206934
0.0205935
0.0204626
0.0203067
0.0201258
0.0169203
0.0173373
0.0177425
0.0181343
0.018511
0.0188706
0.019211
0.0195295
0.0198234
0.0200894
0.0203242
0.020526
0.0206899
0.020814
0.0208953
0.0209352
0.0209315
0.0208899
0.0208091
0.0206979
0.0205552
0.02039
0.020202
0.0170296
0.0174559
0.0178697
0.0182697
0.0186542
0.0190214
0.0193692
0.0196947
0.0199951
0.0202666
0.020506
0.0207099
0.0208736
0.020995
0.0210704
0.0211017
0.0210864
0.0210317
0.0209362
0.020811
0.020655
0.0204791
0.0202829
0.0171516
0.0175873
0.0180099
0.0184184
0.0188113
0.0191868
0.0195428
0.0198763
0.0201841
0.0204624
0.0207071
0.0209138
0.0210778
0.0211961
0.0212647
0.0212858
0.0212568
0.0211864
0.0210735
0.0209318
0.0207604
0.0205722
0.0203669
0.0172858
0.0177309
0.0181624
0.0185796
0.0189814
0.0193658
0.019731
0.0200734
0.0203899
0.020676
0.0209272
0.0211377
0.0213022
0.0214173
0.0214782
0.0214874
0.021442
0.021353
0.0212195
0.0210588
0.0208696
0.0206675
0.020452
0.0174319
0.017886
0.0183263
0.0187524
0.0191634
0.0195574
0.0199326
0.0202851
0.0206117
0.0209071
0.0211661
0.0213815
0.0215472
0.0216589
0.0217109
0.0217062
0.0216415
0.0215306
0.0213729
0.0211903
0.0209806
0.0207629
0.0205363
0.0175893
0.0180517
0.0185005
0.0189354
0.0193559
0.0197603
0.0201465
0.0205105
0.020849
0.0211553
0.0214236
0.0216452
0.0218131
0.0219214
0.0219632
0.0219423
0.0218549
0.0217183
0.0215318
0.0213241
0.0210913
0.0208562
0.0206176
0.0177571
0.018227
0.0186837
0.0191274
0.0195578
0.0199731
0.0203716
0.0207486
0.0211008
0.02142
0.0216996
0.0219293
0.0221004
0.0222052
0.0222356
0.0221956
0.0220818
0.021915
0.0216937
0.0214583
0.0211992
0.0209449
0.0206935
0.0179342
0.0184106
0.0188746
0.0193268
0.0197674
0.0201944
0.0206063
0.0209982
0.0213662
0.0217006
0.0219941
0.022234
0.0224097
0.0225112
0.0225286
0.0224665
0.0223215
0.0221196
0.0218564
0.0215908
0.0213017
0.0210263
0.0207614
0.0181192
0.0186008
0.0190714
0.0195319
0.0199828
0.0204224
0.0208492
0.0212579
0.0216441
0.0219964
0.0223069
0.0225596
0.022742
0.0228404
0.0228431
0.022755
0.0225734
0.0223318
0.022036
0.0217198
0.0213957
0.0210973
0.0208185
0.0183104
0.0187957
0.019272
0.0197406
0.0202022
0.0206552
0.0210986
0.021526
0.0219331
0.0223068
0.0226379
0.0229067
0.023098
0.0231938
0.0231799
0.0230611
0.0228359
0.0225457
0.0221964
0.0218384
0.021477
0.0211543
0.0208614
0.0185057
0.0189931
0.0194741
0.0199505
0.0204233
0.0208908
0.0213522
0.0218005
0.0222318
0.0226306
0.0229866
0.0232756
0.0234789
0.023573
0.0235399
0.0233848
0.0231077
0.0227596
0.0223495
0.0219432
0.0215414
0.0211932
0.0208867
0.0187025
0.0191903
0.0196752
0.0201591
0.0206435
0.0211265
0.0216076
0.0220794
0.022538
0.0229664
0.0233524
0.0236666
0.0238859
0.0239794
0.0239244
0.0237259
0.0233867
0.0229704
0.022491
0.0220294
0.021584
0.0212097
0.0208904
0.0188978
0.0193843
0.0198721
0.0203636
0.0208601
0.0213597
0.0218623
0.0223602
0.0228498
0.0233125
0.0237343
0.0240797
0.0243199
0.0244144
0.0243345
0.0240838
0.0236704
0.0231735
0.0226146
0.0220908
0.0215991
0.0211987
0.0208681
0.019088
0.0195716
0.0200617
0.0205608
0.02107
0.0215873
0.0221132
0.0226397
0.0231644
0.0236666
0.0241311
0.0245148
0.0247821
0.0248799
0.0247709
0.0244575
0.0239553
0.0233631
0.022713
0.0221203
0.0215802
0.0211546
0.0208149
0.0192688
0.0197481
0.0202402
0.0207471
0.0212699
0.0218061
0.0223569
0.0229146
0.023478
0.0240257
0.0245406
0.0249711
0.0252731
0.0253772
0.0252345
0.0248453
0.0242363
0.0235312
0.0227769
0.022109
0.0215199
0.0210711
0.0207255
0.0194356
0.0199095
0.0204035
0.020919
0.0214563
0.0220125
0.0225896
0.0231806
0.0237864
0.0243859
0.0249597
0.025447
0.0257932
0.0259077
0.0257255
0.0252441
0.0245062
0.0236675
0.022795
0.0220462
0.0214097
0.0209415
0.0205943
0.0195828
0.0200508
0.0205473
0.0210723
0.0216252
0.0222026
0.022807
0.0234331
0.0240844
0.024742
0.025384
0.0259397
0.0263415
0.026472
0.0262435
0.025649
0.0247551
0.0237591
0.0227536
0.0219197
0.0212397
0.0207582
0.0204154
0.0197041
0.0201664
0.0206666
0.0212029
0.021773
0.0223722
0.0230045
0.0236666
0.0243653
0.0250876
0.0258075
0.0264447
0.0269161
0.0270695
0.0267862
0.026053
0.0249699
0.0237889
0.0226351
0.0217145
0.0209991
0.0205132
0.0201826
0.0197924
0.0202501
0.0207563
0.0213064
0.0218954
0.0225174
0.0231772
0.023875
0.0246224
0.0254146
0.0262219
0.026955
0.0275126
0.027698
0.0273489
0.0264451
0.0251331
0.0237353
0.022418
0.0214131
0.0206755
0.0201978
0.0198896
0.0198397
0.0202954
0.020811
0.0213782
0.0219885
0.0226338
0.0233196
0.0240516
0.0248556
0.0257129
0.026616
0.0274602
0.0281232
0.0283524
0.027924
0.0268094
0.0252206
0.0235706
0.0220765
0.0209953
0.0202553
0.019803
0.0195307
0.019837
0.0202948
0.0208249
0.0214136
0.022048
0.0227166
0.0234258
0.0241874
0.0250387
0.0259678
0.0269748
0.0279453
0.0287348
0.0290224
0.0284988
0.0271233
0.0252
0.0232592
0.0215789
0.0204376
0.0197231
0.019319
0.0191001
0.0197745
0.0202405
0.0207918
0.0214079
0.0220701
0.0227619
0.0234902
0.0242738
0.0251628
0.0261639
0.0272792
0.0283885
0.0293269
0.0296903
0.029052
0.027355
0.0250285
0.0227553
0.0208871
0.0197129
0.0190621
0.0187357
0.018593
0.0196412
0.0201239
0.0207053
0.0213564
0.0220509
0.022766
0.0235076
0.0243028
0.0252191
0.0262838
0.0275044
0.028759
0.0298674
0.0303273
0.0295504
0.027458
0.024651
0.0220018
0.019955
0.0187907
0.0182539
0.0180421
0.0180058
0.0194249
0.0199356
0.0205586
0.0212545
0.0219873
0.0227257
0.023474
0.0242671
0.0251941
0.0263068
0.0276191
0.029013
0.0303062
0.0308871
0.0299449
0.0273682
0.0239941
0.0209273
0.0187299
0.0176365
0.0172783
0.0172269
0.0173362
0.0191124
0.0196659
0.0203448
0.0210973
0.0218762
0.0226385
0.023386
0.024161
0.0250758
0.0262105
0.0275837
0.0290896
0.0305685
0.0312959
0.0301617
0.0270002
0.0229632
0.0194445
0.0171529
0.0162132
0.0161133
0.0162781
0.0165839
0.0186894
0.0193041
0.0200566
0.0208805
0.0217149
0.0225028
0.0232418
0.0239812
0.0248553
0.0259734
0.0273511
0.0289054
0.0305448
0.0314427
0.0300952
0.0262427
0.0214472
0.0174478
0.0151564
0.0144799
0.0147354
0.0151837
0.0157504
0.0181403
0.0188391
0.0196864
0.0205992
0.0215011
0.022318
0.0230415
0.0237264
0.0245286
0.02558
0.0268696
0.0283534
0.0300832
0.0311689
0.0296039
0.0249596
0.019319
0.0148229
0.0126711
0.0123933
0.0131195
0.0139331
0.0148389
0.0174486
0.0182592
0.0192264
0.0202487
0.0212324
0.0220841
0.022787
0.0233988
0.0240983
0.0250327
0.0260913
0.0273139
0.0289978
0.0302688
0.0285121
0.0229997
0.0164454
0.0118584
0.00963459
0.00990984
0.0112407
0.0125184
0.0138539
0.0165966
0.0175519
0.0186685
0.0198241
0.0209065
0.0218011
0.0224817
0.023006
0.0235733
0.024305
0.0249894
0.0256938
0.027116
0.0285238
0.0266196
0.0202025
0.0126521
0.00770911
0.00594204
0.00698605
0.00907635
0.0109357
0.0128008
0.015566
0.0167048
0.0180044
0.0193203
0.0205202
0.0214685
0.02213
0.0225589
0.022973
0.0234425
0.0235969
0.0235038
0.0243815
0.0257854
0.0237312
0.0164026
0.00782763
0.00263978
0.00154241
0.0035872
0.00660908
0.00918629
0.0116842
0.0143377
0.015705
0.0172256
0.0187316
0.0200697
0.0210857
0.021737
0.0220699
0.0223223
0.0224971
0.0220115
0.0209171
0.020961
0.0220764
0.0197081
0.0114313
0.00186503
-0.00340705
-0.0035985
-0.000309136
0.00383012
0.00727639
0.0105074
0.0128924
0.0145394
0.0163237
0.0180517
0.0195496
0.0206511
0.0213072
0.0215512
0.0216439
0.0215195
0.0203564
0.0182286
0.0172182
0.0176134
0.0145187
0.00515115
-0.00532892
-0.0104714
-0.00949257
-0.00470954
0.000741913
0.00521638
0.00927119
0.0112107
0.0131958
0.0152906
0.0172735
0.0189536
0.0201629
0.0208436
0.0210121
0.0209589
0.0205663
0.0188123
0.0157593
0.0135553
0.0127029
0.00825365
-0.00248298
-0.0137928
-0.0185526
-0.0161242
-0.00960117
-0.0026403
0.00301957
0.00797464
0.00927371
0.0116624
0.0141179
0.0163887
0.0182752
0.0196186
0.020346
0.0204569
0.0202849
0.0196849
0.017525
0.0137094
0.0102303
0.00760111
0.00109764
-0.0113735
-0.0234606
-0.0275876
-0.0234426
-0.0149485
-0.00628797
0.000701138
0.00661474
0.00706393
0.00992894
0.0127974
0.0153881
0.0175074
0.0190149
0.0198105
0.0198833
0.0196243
0.0188939
0.0165124
0.012111
0.00730516
0.00245668
-0.00671721
-0.0212866
-0.0341449
-0.0374414
-0.0313559
-0.0206915
-0.01016
-0.00172259
0.00518721
0.00456586
0.00798647
0.0113206
0.0142623
0.0166446
0.0183469
0.0192281
0.0192799
0.018965
0.0181825
0.0157218
0.0108712
0.00470882
-0.00266234
-0.0149461
-0.0319005
-0.0455583
-0.0479064
-0.0397309
-0.0267455
-0.0142049
-0.00423441
0.00368768
0.00176698
0.00582772
0.00967879
0.0130023
0.0156815
0.0176066
0.0185841
0.0186263
0.0182856
0.0175146
0.0150549
0.00983548
0.00231787
-0.0077269
-0.0233547
-0.0428631
-0.0573615
-0.0587277
-0.0484011
-0.0330054
-0.0183631
-0.00681628
0.00211301
-0.00134129
0.00344714
0.00786366
0.0116006
0.0146127
0.0167817
0.017858
0.0178962
0.0175555
0.0168309
0.0143944
0.00884509
6.97725e-06
-0.0127227
-0.0317324
-0.053834
-0.0692055
-0.0696317
-0.0571795
-0.0393518
-0.0225713
-0.00944922
0.00046227
-0.00476297
0.000840993
0.00586791
0.0100516
0.0134313
0.0158559
0.0170249
0.0170592
0.0167392
0.0160703
0.0136407
0.00777118
-0.00232656
-0.0176378
-0.0398988
-0.0645134
-0.080767
-0.0803476
-0.0658708
-0.0456592
-0.0267651
-0.0121134
-0.00126272
-0.00849688
-0.00199227
0.00368629
0.00835137
0.012128
0.0148098
0.0160566
0.0160856
0.0158047
0.0151839
0.0127236
0.00652596
-0.00475157
-0.0224558
-0.0477078
-0.0746539
-0.0917673
-0.0906249
-0.0742846
-0.0518034
-0.0308831
-0.0147884
-0.00305707
-0.0125361
-0.00505138
0.00131644
0.00649727
0.0106914
0.0136213
0.0149242
0.01495
0.0147259
0.0141413
0.0116005
0.00506012
-0.00730177
-0.027152
-0.0550486
-0.0840645
-0.101982
-0.100248
-0.0822472
-0.0576692
-0.0348686
-0.0174533
-0.00491281
-0.0168674
-0.00833144
-0.00124041
0.0044873
0.00910846
0.0122665
0.0136014
0.0136318
0.013481
0.0129094
0.0102487
0.00335242
-0.00998333
-0.031694
-0.0618388
-0.0926107
-0.111243
-0.109044
-0.0896089
-0.0631559
-0.0386724
-0.0200869
-0.00681924
-0.0214706
-0.0118231
-0.00397921
0.0023197
0.00736479
0.0107218
0.0120648
0.0121133
0.0120508
0.0114766
0.00865828
0.00139936
-0.0127869
-0.0360475
-0.0680186
-0.100207
-0.119436
-0.116881
-0.0962492
-0.0681806
-0.0422531
-0.0226684
-0.00876352
-0.0155116
-0.00689115
-7.10987e-06
0.005446
0.00896445
0.0102938
0.010377
0.0104153
0.00982845
0.00682644
-0.000788701
-0.0156936
-0.040186
-0.0735514
-0.106806
-0.126495
-0.123669
-0.102078
-0.0726805
-0.0455779
-0.0251776
-0.0107314
-0.0193766
-0.00996412
-0.00249427
0.0033382
0.00697324
0.0082696
0.00840347
0.00855142
0.00794892
0.00475358
-0.00318932
-0.0186688
-0.0440881
-0.078429
-0.112395
-0.132388
-0.129354
-0.107036
-0.0766127
-0.0486224
-0.0275953
-0.0127081
-0.0233915
-0.0131832
-0.00514195
0.0010288
0.0047294
0.00597391
0.00617044
0.00643329
0.00582069
0.00244034
-0.00577675
-0.021664
-0.0477165
-0.0826607
-0.116994
-0.137116
-0.133912
-0.111091
-0.0799535
-0.0513699
-0.0299043
-0.0146787
-0.0275243
-0.0165311
-0.00794883
-0.00149282
0.00221665
0.00338816
0.0036526
0.0040338
0.00342667
-0.000115174
-0.00853686
-0.024645
-0.0510183
-0.0862329
-0.120643
-0.140711
-0.137349
-0.114237
-0.0826961
-0.0538105
-0.0320891
-0.0166292
-0.0317382
-0.0199885
-0.0109116
-0.00423479
-0.000578993
0.000493646
0.0008251
0.0013268
0.00075006
-0.00291998
-0.0114739
-0.0276214
-0.0539825
-0.089102
-0.123351
-0.143223
-0.139696
-0.116493
-0.0848487
-0.0559408
-0.0341371
-0.018547
-0.0359931
-0.023534
-0.0140243
-0.00720214
-0.00367007
-0.00273015
-0.00233432
-0.00171026
-0.00222339
-0.00597703
-0.0145841
-0.0306127
-0.0566752
-0.0913022
-0.125089
-0.144681
-0.141001
-0.117893
-0.0864315
-0.0577623
-0.0360379
-0.0204212
-0.0402459
-0.0271449
-0.017278
-0.0103952
-0.00706488
-0.00630796
-0.00586019
-0.00510201
-0.00548425
-0.00923453
-0.0177709
-0.0335291
-0.0591354
-0.0930362
-0.125988
-0.145097
-0.141298
-0.118486
-0.0874745
-0.0592814
-0.0377844
-0.0222424
-0.0444551
-0.0307953
-0.0206599
-0.0138077
-0.0107592
-0.0102399
-0.00977116
-0.00890043
-0.00893037
-0.0124986
-0.0207682
-0.0360988
-0.0612255
-0.0945007
-0.126521
-0.144744
-0.140667
-0.118321
-0.0880085
-0.0605076
-0.0393723
-0.0240037
-0.0485893
-0.0344789
-0.0241709
-0.0174421
-0.0147437
-0.0144309
-0.013851
-0.0128113
-0.0123482
-0.0155702
-0.0234176
-0.0381919
-0.0627871
-0.0955732
-0.126938
-0.144239
-0.13955
-0.117579
-0.0880879
-0.061449
-0.040798
-0.0257007
-0.0526199
-0.0381248
-0.0277852
-0.0213299
-0.0190264
-0.0188452
-0.0180413
-0.0159102
-0.016075
-0.0191648
-0.0266747
-0.04073
-0.0642525
-0.0958124
-0.126146
-0.142792
-0.138585
-0.11638
-0.0878681
-0.0621949
-0.0420992
-0.0273656
-0.0761541
-0.0557081
-0.0410884
-0.0307088
-0.0246843
-0.0234132
-0.0243389
-0.0240817
-0.0218935
-0.021318
-0.0241762
-0.031405
-0.0444382
-0.0659086
-0.094723
-0.122494
-0.137722
-0.133507
-0.113178
-0.0864948
-0.0621952
-0.042795
-0.0285031
-0.0766676
-0.0563668
-0.0418911
-0.0317163
-0.0260356
-0.0251328
-0.0262354
-0.0259005
-0.0235272
-0.0227597
-0.0255519
-0.0327332
-0.0456421
-0.0668452
-0.0951652
-0.122234
-0.136776
-0.132187
-0.111975
-0.0857068
-0.0618915
-0.0428496
-0.0288274
-0.076314
-0.0563202
-0.042136
-0.0322955
-0.0270287
-0.0264438
-0.0276275
-0.027211
-0.0247563
-0.0239415
-0.0267204
-0.0338877
-0.0467471
-0.067792
-0.0957587
-0.122307
-0.136305
-0.131308
-0.110959
-0.0848695
-0.0614145
-0.0427204
-0.0289923
-0.0761586
-0.0564151
-0.0424817
-0.0329396
-0.0280534
-0.0277783
-0.0290808
-0.0286335
-0.0261139
-0.0252273
-0.0279613
-0.0350755
-0.0478344
-0.0686623
-0.0962205
-0.122214
-0.135682
-0.13035
-0.109972
-0.0841119
-0.0610132
-0.0426453
-0.0291932
-0.0762096
-0.0566837
-0.0429742
-0.0337101
-0.0291922
-0.0292334
-0.0306751
-0.0301976
-0.0275852
-0.0265891
-0.0292452
-0.0362721
-0.0488937
-0.0694697
-0.0965909
-0.122003
-0.134924
-0.129277
-0.108939
-0.0833721
-0.0606577
-0.0426168
-0.0294361
-0.0762902
-0.0569931
-0.0435168
-0.0345417
-0.0304019
-0.0307654
-0.0323483
-0.0318316
-0.0291091
-0.0279848
-0.0305416
-0.0374576
-0.0499173
-0.0702192
-0.0968899
-0.121717
-0.134096
-0.128145
-0.107865
-0.0826187
-0.0603054
-0.0425991
-0.0296944
-0.0763608
-0.0573097
-0.0440816
-0.0354112
-0.0316613
-0.0323524
-0.034079
-0.0335199
-0.0306767
-0.0294092
-0.031847
-0.0386293
-0.0509033
-0.0709093
-0.0971163
-0.121357
-0.133203
-0.126967
-0.106765
-0.081854
-0.0599505
-0.0425848
-0.0299613
-0.0764418
-0.0576477
-0.044678
-0.036324
-0.0329731
-0.0339979
-0.0358723
-0.0352681
-0.0322911
-0.0308629
-0.0331608
-0.0397861
-0.0518505
-0.0715384
-0.0972682
-0.120921
-0.132244
-0.125742
-0.10564
-0.0810833
-0.0595978
-0.0425771
-0.0302391
-0.0765436
-0.0580154
-0.0453123
-0.0372849
-0.0343416
-0.0357065
-0.0377322
-0.0370786
-0.0339518
-0.0323442
-0.034481
-0.0409261
-0.0527571
-0.0721056
-0.0973454
-0.120409
-0.131216
-0.124469
-0.10449
-0.0803078
-0.0592489
-0.0425778
-0.0305293
-0.0766647
-0.0584119
-0.0459842
-0.0382942
-0.0357675
-0.0374796
-0.0396591
-0.0389509
-0.0356563
-0.0338507
-0.0358051
-0.0420472
-0.0536218
-0.0726102
-0.0973475
-0.11982
-0.130123
-0.123149
-0.103317
-0.0795273
-0.0589032
-0.0425865
-0.0308321
-0.0768026
-0.0588354
-0.046692
-0.039351
-0.0372507
-0.039317
-0.0416519
-0.0408836
-0.0374026
-0.0353801
-0.0371309
-0.0431476
-0.0544433
-0.0730515
-0.0972745
-0.119156
-0.128964
-0.121785
-0.102121
-0.0787419
-0.0585602
-0.0426029
-0.0311473
-0.076956
-0.0592848
-0.0474351
-0.0404548
-0.0387911
-0.0412189
-0.04371
-0.0428759
-0.0391887
-0.0369303
-0.0384564
-0.0442256
-0.0552205
-0.0734292
-0.0971267
-0.118417
-0.127743
-0.120378
-0.100904
-0.0779519
-0.0582194
-0.0426266
-0.0314751
-0.0771245
-0.0597594
-0.048213
-0.0416053
-0.0403886
-0.0431849
-0.0458325
-0.0449271
-0.0410127
-0.0384992
-0.0397796
-0.0452796
-0.0559523
-0.0737428
-0.0969042
-0.117605
-0.126459
-0.118929
-0.0996665
-0.0771573
-0.0578806
-0.0426576
-0.0318154
-0.0773071
-0.0602586
-0.0490249
-0.042802
-0.0420431
-0.0452147
-0.0480179
-0.0470359
-0.0428727
-0.0400849
-0.0410985
-0.046308
-0.056638
-0.0739923
-0.0966075
-0.116719
-0.125114
-0.11744
-0.0984099
-0.0763583
-0.0575435
-0.0426956
-0.0321684
-0.0775028
-0.0607813
-0.04987
-0.0440443
-0.043754
-0.0473074
-0.0502643
-0.0491929
-0.0447671
-0.0416854
-0.0424113
-0.0473094
-0.0572767
-0.0741777
-0.0962373
-0.115762
-0.12371
-0.115913
-0.097135
-0.0755551
-0.0572077
-0.0427404
-0.0325341
-0.0777105
-0.0613262
-0.0507473
-0.0453313
-0.0455207
-0.049462
-0.0525701
-0.0513069
-0.0466934
-0.0432987
-0.043716
-0.0482826
-0.0578681
-0.0742994
-0.0957944
-0.114734
-0.12225
-0.114349
-0.095843
-0.0747475
-0.056873
-0.0427918
-0.0329125
-0.0779288
-0.0618921
-0.0516557
-0.0466621
-0.0473422
-0.0516771
-0.0549341
-0.0535395
-0.0486494
-0.0449228
-0.045011
-0.0492263
-0.0584117
-0.0743576
-0.0952799
-0.113637
-0.120733
-0.11275
-0.0945347
-0.0739356
-0.0565388
-0.0428495
-0.0333038
-0.0781565
-0.0624776
-0.0525938
-0.0480356
-0.0492172
-0.0539509
-0.0573541
-0.0558216
-0.0506331
-0.0465559
-0.0462946
-0.0501397
-0.0589073
-0.0743531
-0.094695
-0.112473
-0.119164
-0.111117
-0.0932111
-0.0731193
-0.0562049
-0.0429133
-0.0337078
-0.0783919
-0.0630811
-0.0535604
-0.0494504
-0.0511442
-0.0562816
-0.0598277
-0.0581439
-0.0526426
-0.0481959
-0.0475652
-0.0510217
-0.0593547
-0.0742865
-0.0940412
-0.111244
-0.117543
-0.109453
-0.091873
-0.0722986
-0.0558709
-0.0429829
-0.0341246
-0.0786336
-0.0637009
-0.0545538
-0.0509049
-0.0531213
-0.0586668
-0.0623523
-0.0605061
-0.0546759
-0.0498409
-0.0488213
-0.0518715
-0.0597543
-0.0741588
-0.0933199
-0.109952
-0.115873
-0.107759
-0.0905213
-0.0714733
-0.0555363
-0.043058
-0.034554
-0.0788798
-0.0643352
-0.0555724
-0.0523975
-0.0551466
-0.0611041
-0.0649251
-0.0629059
-0.0567308
-0.0514892
-0.0500614
-0.0526885
-0.060106
-0.0739712
-0.092533
-0.108598
-0.114156
-0.106036
-0.0891569
-0.0706433
-0.0552009
-0.0431384
-0.034996
-0.0791286
-0.0649822
-0.0566144
-0.0539262
-0.0572175
-0.0635906
-0.0675433
-0.0653405
-0.0588054
-0.0531389
-0.0512842
-0.0534722
-0.0604104
-0.0737248
-0.0916824
-0.107186
-0.112394
-0.104288
-0.0877804
-0.0698084
-0.0548641
-0.0432236
-0.0354505
-0.0793782
-0.0656397
-0.0576776
-0.0554888
-0.0593313
-0.0661235
-0.0702036
-0.0678073
-0.0608974
-0.0547882
-0.0524885
-0.0542221
-0.060668
-0.0734213
-0.0907703
-0.105718
-0.11059
-0.102514
-0.0863926
-0.0689685
-0.0545256
-0.0433134
-0.0359173
-0.0796264
-0.0663057
-0.0587601
-0.0570829
-0.0614853
-0.0686994
-0.0729031
-0.0703037
-0.0630048
-0.0564354
-0.0536733
-0.0549381
-0.0608795
-0.0730621
-0.089799
-0.104195
-0.108747
-0.100718
-0.0849943
-0.0681234
-0.0541849
-0.0434074
-0.0363962
-0.0798712
-0.0669777
-0.0598595
-0.0587058
-0.063676
-0.0713148
-0.0756382
-0.072827
-0.0651255
-0.0580789
-0.0548374
-0.0556198
-0.0610457
-0.072649
-0.0887709
-0.102622
-0.106866
-0.0989012
-0.0835862
-0.0672727
-0.0538417
-0.0435052
-0.036887
-0.0801103
-0.0676535
-0.0609733
-0.0603548
-0.0659002
-0.073966
-0.0784057
-0.0753746
-0.0672575
-0.0597171
-0.05598
-0.0562674
-0.0611677
-0.072184
-0.0876885
-0.101001
-0.104951
-0.097065
-0.0821689
-0.0664165
-0.0534954
-0.0436063
-0.0373893
-0.0803414
-0.0683306
-0.062099
-0.0620266
-0.0681541
-0.0766492
-0.0812019
-0.0779437
-0.0693986
-0.0613485
-0.0571002
-0.0568808
-0.0612464
-0.0716691
-0.0865546
-0.0993351
-0.103005
-0.0952115
-0.0807429
-0.0655543
-0.0531457
-0.0437104
-0.0379029
-0.080562
-0.0690064
-0.0632337
-0.0637181
-0.0704337
-0.0793604
-0.0840233
-0.0805316
-0.0715468
-0.0629717
-0.0581975
-0.0574604
-0.0612831
-0.0711064
-0.0853721
-0.097627
-0.101029
-0.0933423
-0.0793091
-0.064686
-0.0527921
-0.043817
-0.0384273
-0.0807697
-0.0696781
-0.0643746
-0.0654256
-0.0727351
-0.0820951
-0.0868662
-0.0831355
-0.0737002
-0.0645853
-0.0592711
-0.0580064
-0.0612791
-0.0704982
-0.0841439
-0.0958801
-0.0990272
-0.0914593
-0.0778679
-0.0638114
-0.0524341
-0.0439256
-0.0389621
-0.0809619
-0.0703431
-0.0655186
-0.0671454
-0.0750538
-0.0848492
-0.0897267
-0.0857528
-0.0758566
-0.0661881
-0.0603208
-0.0585193
-0.061236
-0.069847
-0.082873
-0.0940976
-0.0970017
-0.0895643
-0.0764198
-0.0629303
-0.0520713
-0.0440356
-0.0395069
-0.09824
-0.0811361
-0.0709985
-0.0666625
-0.0688737
-0.0773853
-0.087618
-0.0926012
-0.0883805
-0.0780143
-0.067779
-0.061346
-0.0589996
-0.0611552
-0.0691552
-0.0815626
-0.0922829
-0.0949554
-0.0876591
-0.0749656
-0.0620424
-0.0517033
-0.0441466
-0.0400611
-0.0978404
-0.0812897
-0.0716415
-0.067803
-0.0706064
-0.0797252
-0.0903969
-0.0954857
-0.0910159
-0.0801712
-0.0693568
-0.0623466
-0.059448
-0.0610383
-0.0684254
-0.0802159
-0.0904392
-0.0928912
-0.0857452
-0.0735057
-0.0611476
-0.0513294
-0.0442579
-0.0406241
-0.0974078
-0.0814199
-0.0722689
-0.0689368
-0.0723392
-0.0820684
-0.0931811
-0.0983763
-0.0936562
-0.0823254
-0.0709206
-0.0633225
-0.0598653
-0.0608872
-0.0676601
-0.0788363
-0.08857
-0.0908119
-0.0838245
-0.0720406
-0.0602456
-0.0509494
-0.0443689
-0.0411953
-0.0969399
-0.0815242
-0.0728779
-0.0700602
-0.0740677
-0.0844102
-0.0959659
-0.101269
-0.0962986
-0.0844753
-0.0724695
-0.0642735
-0.0602522
-0.0607035
-0.0668622
-0.0774269
-0.0866786
-0.0887202
-0.0818987
-0.070571
-0.0593362
-0.0505626
-0.0444789
-0.0417739
-0.0964349
-0.0815998
-0.0734654
-0.0711697
-0.0757874
-0.0867456
-0.0987464
-0.10416
-0.0989402
-0.0866189
-0.0740027
-0.0651999
-0.0606097
-0.0604891
-0.0660342
-0.0759911
-0.0847684
-0.0866189
-0.0799695
-0.0690972
-0.0584194
-0.0501686
-0.0445874
-0.0423593
-0.0958907
-0.0816441
-0.0740282
-0.0722616
-0.0774939
-0.0890694
-0.101517
-0.107046
-0.101578
-0.0887545
-0.0755195
-0.0661017
-0.0609387
-0.0602459
-0.0651791
-0.0745324
-0.0828429
-0.0845108
-0.0780384
-0.06762
-0.057495
-0.0497669
-0.0446935
-0.0429506
-0.0953053
-0.0816544
-0.0745634
-0.0733321
-0.0791823
-0.0913764
-0.104274
-0.109921
-0.10421
-0.0908805
-0.0770193
-0.0669792
-0.0612404
-0.0599758
-0.0642995
-0.073054
-0.0809054
-0.0823986
-0.0761071
-0.0661397
-0.0565628
-0.049357
-0.0447965
-0.043547
-0.0946769
-0.0816283
-0.0750679
-0.0743774
-0.0808479
-0.0936616
-0.107012
-0.112783
-0.106832
-0.0929952
-0.0785015
-0.0678327
-0.0615158
-0.0596807
-0.0633983
-0.0715593
-0.0789592
-0.0802849
-0.0741773
-0.064657
-0.0556227
-0.0489385
-0.0448958
-0.0441475
-0.0940037
-0.0815631
-0.0755385
-0.0753937
-0.0824861
-0.0959196
-0.109725
-0.115627
-0.109442
-0.0950971
-0.0799657
-0.0686628
-0.0617662
-0.0593628
-0.0624782
-0.0700517
-0.0770078
-0.0781724
-0.0722504
-0.0631724
-0.0546747
-0.0485109
-0.0449904
-0.0447512
-0.093284
-0.0814564
-0.0759723
-0.0763772
-0.0840919
-0.0981452
-0.112409
-0.118449
-0.112037
-0.0971845
-0.0814116
-0.0694699
-0.0619927
-0.0590238
-0.0615419
-0.0685343
-0.0750542
-0.0760638
-0.0703281
-0.0616865
-0.0537187
-0.0480736
-0.0450795
-0.045357
)
;

boundaryField
{
    inlet
    {
        type            zeroGradient;
    }
    outlet
    {
        type            fixedValue;
        value           nonuniform 0();
    }
    cylinder
    {
        type            zeroGradient;
    }
    top
    {
        type            symmetryPlane;
    }
    bottom
    {
        type            symmetryPlane;
    }
    frontAndBack
    {
        type            empty;
    }
    procBoundary6to5
    {
        type            processor;
        value           nonuniform List<scalar> 
205
(
-0.111204
-0.109687
-0.108118
-0.106496
-0.104821
-0.103095
-0.101318
-0.0994899
-0.0976131
-0.0956883
-0.0819591
-0.0819591
-0.0806047
-0.0791967
-0.0777362
-0.0762243
-0.0746623
-0.073052
-0.0713953
-0.0696942
-0.0679512
-0.0661687
-0.0643495
-0.0624967
-0.0606133
-0.0587028
-0.0567684
-0.054814
-0.0528432
-0.0508597
-0.0488677
-0.0468709
-0.0448735
-0.0428796
-0.0408935
-0.0389196
-0.0369604
-0.0350184
-0.0331247
-0.031346
-0.0294631
-0.0291547
-0.0291547
-0.0239365
-0.0194589
-0.0148076
-0.0101014
-0.00557291
-0.00130689
0.00271239
0.00653188
0.0101931
0.0137185
0.0171132
0.020378
0.023518
0.0265361
0.0294099
0.0320647
0.0343765
0.0362178
0.0375002
0.038213
0.0384087
0.0381708
0.0375914
0.0367588
0.0357504
0.0346297
0.0334465
0.0322391
0.0310363
0.029859
0.0287225
0.0276371
0.0266093
0.0256433
0.0247406
0.0239018
0.0231261
0.0224114
0.0217552
0.0211546
0.0206073
0.0201125
0.0196646
0.0192603
0.018897
0.018572
0.0182823
0.0180255
0.0177989
0.0176003
0.0174275
0.0172785
0.0171515
0.0170449
0.0169574
0.0168881
0.0168361
0.0168012
0.0167834
0.0161414
0.0161547
0.0161806
0.0162188
0.0162691
0.0163315
0.016406
0.0164929
0.0165921
0.0167038
0.0168279
0.0169645
0.0171131
0.0172732
0.0174441
0.0176248
0.0178137
0.018009
0.0182083
0.0184088
0.018607
0.0187986
0.0189787
0.0191413
0.0192796
0.0193857
0.0194503
0.019463
0.0194119
0.0192835
0.0190627
0.0187327
0.0182746
0.0176679
0.0168901
0.0159169
0.0147222
0.0132788
0.0115579
0.00953049
0.00716709
0.00443891
0.00131861
-0.00221854
-0.00619313
-0.0106199
-0.0155056
-0.0208468
-0.0266276
-0.032817
-0.0263178
-0.0263178
-0.031373
-0.0365919
-0.0419227
-0.0473067
-0.0526819
-0.0579792
-0.0631456
-0.0680953
-0.0729315
-0.0729315
-0.103965
-0.104324
-0.103698
-0.103337
-0.103203
-0.103079
-0.102924
-0.102766
-0.102617
-0.102474
-0.102334
-0.102196
-0.10206
-0.101924
-0.101787
-0.101648
-0.101505
-0.101358
-0.101204
-0.101043
-0.100872
-0.10069
-0.100496
-0.100286
-0.10006
-0.0998147
-0.0995492
-0.099261
-0.0989482
-0.0986085
-0.0986085
-0.12356
-0.122543
-0.12148
-0.120369
-0.119211
-0.118004
-0.116747
-0.115439
-0.114079
-0.112668
)
;
    }
    procBoundary6to7
    {
        type            processor;
        value           nonuniform List<scalar> 
201
(
-0.0477647
-0.0488263
-0.0498954
-0.0509707
-0.0520508
-0.0531345
-0.0542203
-0.0553067
-0.0563923
-0.0574754
-0.0585545
-0.059628
-0.0606941
-0.0617512
-0.0627977
-0.0638316
-0.0648514
-0.0658551
-0.0668411
-0.0678076
-0.0687528
-0.0696749
-0.0705721
-0.0714429
-0.0722853
-0.0730979
-0.0738789
-0.0746268
-0.0753401
-0.0760171
-0.0766566
-0.0772572
-0.0778175
-0.0783363
-0.0788125
-0.0792466
-0.0796367
-0.0799609
-0.0801951
-0.0805924
-0.0829341
-0.0845547
-0.0855866
-0.0864813
-0.0871621
-0.0873787
-0.0869882
-0.0859523
-0.0842429
-0.0818185
-0.0786477
-0.0747244
-0.0700673
-0.0647172
-0.058737
-0.0522097
-0.0452377
-0.0379417
-0.0304598
-0.0229462
-0.0155691
-0.00850919
-0.00195046
0.0039343
0.00900399
0.0131742
0.0164382
0.0188627
0.0205647
0.021683
0.022353
0.0226924
0.022797
0.0227413
0.0225809
0.0225809
0.0210644
0.0209935
0.0208671
0.0207045
0.0205196
0.0203226
0.0201204
0.0199179
0.0197188
0.0195255
0.0193395
0.0191618
0.0189932
0.0188343
0.0186855
0.0185472
0.0184198
0.0183037
0.0181995
0.0181078
0.0180291
0.0179642
0.0179141
0.0178795
0.0178617
0.0196703
0.0196845
0.0197116
0.0197505
0.0197998
0.0198581
0.0199238
0.0199955
0.0200716
0.0201505
0.0202303
0.0203092
0.0203852
0.0204562
0.02052
0.0205739
0.0206152
0.0206409
0.0206475
0.0206313
0.0205881
0.0205135
0.0204025
0.0202501
0.0200514
0.0198015
0.0194963
0.019133
0.0187107
0.0182305
0.0176954
0.0171104
0.0164819
0.0158173
0.0151247
0.0144123
0.013686
0.0129479
0.0121964
0.0114251
0.0106233
0.00977759
0.00887447
0.00790159
0.00684889
0.00570933
0.00447937
0.00315898
0.00175141
0.000262717
-0.00129895
-0.00292428
-0.00460365
-0.0063279
-0.00808887
-0.00987983
-0.0116946
-0.0135266
-0.0153726
-0.0172673
-0.0189126
-0.019427
-0.0197558
-0.0201148
-0.0205211
-0.0209488
-0.0213902
-0.0218475
-0.0223228
-0.0228166
-0.0233291
-0.0238606
-0.0244115
-0.0249821
-0.0255726
-0.0261834
-0.0268146
-0.0274664
-0.0281388
-0.028832
-0.029546
-0.0302807
-0.0310361
-0.0318121
-0.0326085
-0.033425
-0.0342614
-0.0351174
-0.0359925
-0.0368863
-0.0377983
-0.038728
-0.0396746
-0.0406376
-0.0416161
-0.0426094
-0.0436165
-0.0446367
-0.0456688
-0.0467118
)
;
    }
}


// ************************************************************************* //
