/*--------------------------------*- C++ -*----------------------------------*\
  =========                 |
  \\      /  F ield         | OpenFOAM: The Open Source CFD Toolbox
   \\    /   O peration     | Website:  https://openfoam.org
    \\  /    A nd           | Version:  7
     \\/     M anipulation  |
\*---------------------------------------------------------------------------*/
FoamFile
{
    version     2.0;
    format      ascii;
    class       volScalarField;
    location    "120";
    object      p;
}
// * * * * * * * * * * * * * * * * * * * * * * * * * * * * * * * * * * * * * //

dimensions      [0 2 -2 0 0 0 0];

internalField   nonuniform List<scalar> 
4575
(
-0.618883
-0.609649
-0.602708
-0.62622
-0.616646
-0.609481
-0.601725
-0.59309
-0.633491
-0.623591
-0.616206
-0.608148
-0.59907
-0.588654
-0.576473
-0.562277
-0.640658
-0.630449
-0.622845
-0.614473
-0.60492
-0.593832
-0.580782
-0.56556
-0.548215
-0.529051
-0.508548
-0.487259
-0.647682
-0.63718
-0.62936
-0.620659
-0.610598
-0.598793
-0.584824
-0.568532
-0.55005
-0.529764
-0.508226
-0.486035
-0.463729
-0.441736
-0.420348
-0.65452
-0.643745
-0.63571
-0.626664
-0.616061
-0.603493
-0.588558
-0.571161
-0.55152
-0.530113
-0.507559
-0.484492
-0.461461
-0.438882
-0.417027
-0.396047
-0.376006
-0.356898
-0.33871
-0.66113
-0.650102
-0.641853
-0.632445
-0.621264
-0.607889
-0.591945
-0.57341
-0.552599
-0.530079
-0.506531
-0.482619
-0.458896
-0.435763
-0.413469
-0.392144
-0.371833
-0.352512
-0.334172
-0.316822
-0.667465
-0.656206
-0.647743
-0.637954
-0.626163
-0.611936
-0.594943
-0.575246
-0.553261
-0.529641
-0.505125
-0.480403
-0.456023
-0.432369
-0.409666
-0.388021
-0.36746
-0.347946
-0.329469
-0.311971
-0.67348
-0.662012
-0.653336
-0.643147
-0.63071
-0.615591
-0.597516
-0.576639
-0.553481
-0.52878
-0.503329
-0.477832
-0.452832
-0.42869
-0.405607
-0.383668
-0.36288
-0.343192
-0.324595
-0.306963
-0.679128
-0.667475
-0.658583
-0.647976
-0.634858
-0.618811
-0.599624
-0.577556
-0.553233
-0.527478
-0.501126
-0.474894
-0.449312
-0.424716
-0.401283
-0.379075
-0.358082
-0.338242
-0.31954
-0.301791
-0.684359
-0.672546
-0.663439
-0.652392
-0.638562
-0.621553
-0.601231
-0.577967
-0.552496
-0.525717
-0.498504
-0.471578
-0.445452
-0.420437
-0.396685
-0.374235
-0.353059
-0.333087
-0.314299
-0.29645
-0.689127
-0.677179
-0.667854
-0.656348
-0.641776
-0.623774
-0.602302
-0.577846
-0.551249
-0.523481
-0.495449
-0.467873
-0.441243
-0.415845
-0.391803
-0.369137
-0.347802
-0.327719
-0.308863
-0.290932
-0.693384
-0.681325
-0.671781
-0.659797
-0.644455
-0.625436
-0.602803
-0.577166
-0.549471
-0.520755
-0.49195
-0.463767
-0.436675
-0.410929
-0.386628
-0.363774
-0.342304
-0.322133
-0.303226
-0.285233
-0.697081
-0.684937
-0.675171
-0.662691
-0.646553
-0.626499
-0.602703
-0.575902
-0.547143
-0.517525
-0.487994
-0.459251
-0.431738
-0.40568
-0.381153
-0.358137
-0.336557
-0.31632
-0.297382
-0.279346
-0.70017
-0.687968
-0.677978
-0.664984
-0.648029
-0.626927
-0.601973
-0.574031
-0.54425
-0.513777
-0.483572
-0.454316
-0.426423
-0.400091
-0.375369
-0.35222
-0.330555
-0.310275
-0.291326
-0.273266
-0.702606
-0.690371
-0.680155
-0.666633
-0.648843
-0.626685
-0.600584
-0.571534
-0.540774
-0.5095
-0.478672
-0.448952
-0.420723
-0.394153
-0.369269
-0.346015
-0.32429
-0.303991
-0.285052
-0.26699
-0.704345
-0.692102
-0.681659
-0.667593
-0.648956
-0.625741
-0.598512
-0.56839
-0.536703
-0.504682
-0.473286
-0.443151
-0.414629
-0.38786
-0.362846
-0.339517
-0.317758
-0.297463
-0.278555
-0.260512
-0.705342
-0.693118
-0.682444
-0.667825
-0.648332
-0.624066
-0.595734
-0.564584
-0.532024
-0.499314
-0.467405
-0.436906
-0.408135
-0.381204
-0.356094
-0.332718
-0.310952
-0.290686
-0.271831
-0.253829
-0.705558
-0.693376
-0.682472
-0.667289
-0.646937
-0.621633
-0.59223
-0.560101
-0.526726
-0.493388
-0.461023
-0.43021
-0.401235
-0.37418
-0.349007
-0.325615
-0.303869
-0.283656
-0.264877
-0.246937
-0.704952
-0.692838
-0.681702
-0.665951
-0.64474
-0.618416
-0.587981
-0.554927
-0.5208
-0.486896
-0.454133
-0.423058
-0.393922
-0.366783
-0.341581
-0.318202
-0.296503
-0.276368
-0.257689
-0.239837
-0.703488
-0.691466
-0.6801
-0.663777
-0.641715
-0.614396
-0.582973
-0.549053
-0.514239
-0.479833
-0.446731
-0.415444
-0.386193
-0.359008
-0.333812
-0.310477
-0.288851
-0.268817
-0.250266
-0.232525
-0.701132
-0.689225
-0.67763
-0.660737
-0.637836
-0.609553
-0.577193
-0.54247
-0.507036
-0.472193
-0.438811
-0.407366
-0.378045
-0.350853
-0.325696
-0.302436
-0.280909
-0.260999
-0.242598
-0.224977
-0.697854
-0.686085
-0.674264
-0.656804
-0.633082
-0.603873
-0.570631
-0.535172
-0.499187
-0.463975
-0.430373
-0.398821
-0.369475
-0.342316
-0.317233
-0.294078
-0.272677
-0.252915
-0.234678
-0.217135
-0.693625
-0.682016
-0.669974
-0.651954
-0.627434
-0.597342
-0.563279
-0.527154
-0.49069
-0.455175
-0.421413
-0.389807
-0.360481
-0.333394
-0.308422
-0.285403
-0.264156
-0.244573
-0.226517
-0.208946
-0.688422
-0.676994
-0.664735
-0.646168
-0.620878
-0.589951
-0.555132
-0.518413
-0.481545
-0.445794
-0.411932
-0.380324
-0.351064
-0.324089
-0.299261
-0.27641
-0.255347
-0.235979
-0.218145
-0.200531
-0.682222
-0.670996
-0.658529
-0.63943
-0.613402
-0.581694
-0.546187
-0.508951
-0.471751
-0.435834
-0.401931
-0.370373
-0.341224
-0.314401
-0.289753
-0.267101
-0.246253
-0.227117
-0.209473
-0.192108
-0.675009
-0.664004
-0.651338
-0.631725
-0.604999
-0.572567
-0.536445
-0.498768
-0.461311
-0.425295
-0.391413
-0.359956
-0.330963
-0.304331
-0.279898
-0.257478
-0.236875
-0.218005
-0.200555
-0.18352
-0.666768
-0.656005
-0.643149
-0.623045
-0.595664
-0.56257
-0.525907
-0.487869
-0.450231
-0.414184
-0.38038
-0.349077
-0.320285
-0.293882
-0.269701
-0.247546
-0.227217
-0.208633
-0.191421
-0.174717
-0.657489
-0.646985
-0.633953
-0.613385
-0.585394
-0.551706
-0.514579
-0.476258
-0.438515
-0.402504
-0.368838
-0.337739
-0.30919
-0.283058
-0.259167
-0.237306
-0.217281
-0.199008
-0.18207
-0.165693
-0.647166
-0.636939
-0.623745
-0.602742
-0.574193
-0.539978
-0.502468
-0.463945
-0.426171
-0.390263
-0.356793
-0.325947
-0.297685
-0.271871
-0.248297
-0.226762
-0.20707
-0.189134
-0.1725
-0.156452
-0.635796
-0.625863
-0.612522
-0.591117
-0.562064
-0.527396
-0.489582
-0.450939
-0.413208
-0.377469
-0.344252
-0.313708
-0.285785
-0.260316
-0.237098
-0.215922
-0.19659
-0.179018
-0.16271
-0.147002
-0.623379
-0.613757
-0.600288
-0.578516
-0.549018
-0.51397
-0.475934
-0.43725
-0.399638
-0.364133
-0.331224
-0.301036
-0.273488
-0.248404
-0.225577
-0.20479
-0.185845
-0.168663
-0.152704
-0.60992
-0.600624
-0.587046
-0.564948
-0.535064
-0.499713
-0.461538
-0.422894
-0.385472
-0.350265
-0.317721
-0.287935
-0.260805
-0.236145
-0.213741
-0.193373
-0.174844
-0.158076
-0.595428
-0.586474
-0.572808
-0.550423
-0.520218
-0.484641
-0.446409
-0.407884
-0.370724
-0.335878
-0.303754
-0.274416
-0.247746
-0.223547
-0.2016
-0.181681
-0.579915
-0.571316
-0.557585
-0.534958
-0.504496
-0.468772
-0.430566
-0.392239
-0.35541
-0.320986
-0.289334
-0.260491
-0.234322
-0.21062
-0.189163
-0.563396
-0.555166
-0.541394
-0.518571
-0.487919
-0.452127
-0.41403
-0.375977
-0.339546
-0.305605
-0.274477
-0.246173
-0.220545
-0.197376
-0.545891
-0.538042
-0.524255
-0.501282
-0.470508
-0.434728
-0.396822
-0.359114
-0.323153
-0.289751
-0.259196
-0.231477
-0.206428
-0.527422
-0.519966
-0.506189
-0.483116
-0.452289
-0.416606
-0.378961
-0.341674
-0.306249
-0.273441
-0.24351
-0.216417
-0.508014
-0.500962
-0.487223
-0.4641
-0.433294
-0.397787
-0.360466
-0.323684
-0.288854
-0.256696
-0.227434
-0.487696
-0.481057
-0.467385
-0.444267
-0.413559
-0.378267
-0.341386
-0.305165
-0.270991
-0.239536
-0.466497
-0.460284
-0.446707
-0.423654
-0.393117
-0.358086
-0.321733
-0.286145
-0.252685
-0.44445
-0.438677
-0.425225
-0.402292
-0.371929
-0.337343
-0.301542
-0.266649
-0.42159
-0.416273
-0.402979
-0.380199
-0.350103
-0.316016
-0.280845
-0.397953
-0.393115
-0.380009
-0.357394
-0.327691
-0.294144
-0.373578
-0.36924
-0.356321
-0.333978
-0.304706
-0.3485
-0.344703
-0.331979
-0.309976
-0.28119
-0.322754
-0.319556
-0.30705
-0.285423
-0.296413
-0.293843
-0.281578
-0.26963
-0.267525
-0.255602
-0.242361
-0.240715
-0.214643
-0.186537
-0.0839983
-0.109756
-0.13515
-0.133943
-0.160123
-0.158456
-0.148584
-0.184647
-0.182502
-0.172314
-0.208752
-0.205983
-0.195568
-0.17747
-0.232281
-0.228941
-0.218312
-0.199871
-0.175682
-0.255181
-0.251328
-0.240496
-0.221754
-0.197134
-0.169376
-0.277424
-0.273085
-0.262049
-0.2431
-0.218077
-0.189803
-0.298974
-0.294171
-0.282952
-0.263855
-0.23847
-0.209751
-0.180014
-0.319795
-0.314546
-0.303168
-0.283897
-0.258347
-0.229189
-0.198899
-0.169349
-0.339855
-0.334175
-0.322666
-0.303285
-0.277578
-0.248083
-0.217302
-0.187151
-0.158795
-0.359122
-0.353022
-0.341411
-0.321976
-0.296141
-0.266407
-0.235191
-0.204504
-0.175522
-0.14887
-0.377567
-0.371056
-0.35937
-0.339931
-0.314029
-0.2841
-0.25256
-0.221383
-0.19183
-0.164559
-0.139792
-0.395163
-0.388252
-0.376514
-0.357116
-0.331217
-0.301162
-0.269356
-0.237761
-0.207696
-0.179855
-0.154493
-0.131599
-0.411884
-0.404585
-0.392819
-0.373508
-0.347673
-0.317567
-0.285556
-0.253619
-0.223099
-0.194741
-0.168828
-0.145374
-0.12425
-0.42771
-0.420035
-0.408264
-0.389082
-0.363373
-0.333288
-0.301144
-0.268931
-0.238021
-0.209198
-0.18278
-0.158807
-0.137161
-0.117664
-0.44262
-0.434585
-0.42283
-0.403818
-0.378294
-0.348301
-0.316101
-0.28368
-0.252443
-0.223209
-0.196335
-0.171884
-0.149754
-0.129775
-0.111756
-0.456601
-0.448219
-0.436502
-0.417699
-0.392418
-0.362589
-0.330407
-0.297848
-0.266348
-0.236761
-0.209479
-0.184591
-0.162015
-0.141588
-0.123125
-0.106433
-0.469641
-0.460928
-0.449268
-0.43071
-0.405729
-0.376132
-0.344042
-0.31142
-0.279721
-0.249838
-0.222197
-0.196918
-0.173933
-0.153091
-0.134215
-0.117113
-0.101615
-0.0876499
-0.481732
-0.472703
-0.461119
-0.442842
-0.418213
-0.388916
-0.356993
-0.32438
-0.292549
-0.262428
-0.234482
-0.208851
-0.185498
-0.164277
-0.145018
-0.127534
-0.111655
-0.09731
-0.0840541
-0.492869
-0.483543
-0.47205
-0.454085
-0.42986
-0.40093
-0.369247
-0.336714
-0.304819
-0.274521
-0.24632
-0.220387
-0.196699
-0.175135
-0.155525
-0.137688
-0.121453
-0.106751
-0.0931717
-0.0800727
-0.503053
-0.493446
-0.482059
-0.464437
-0.440664
-0.412163
-0.380791
-0.348413
-0.316521
-0.286105
-0.257702
-0.231513
-0.207535
-0.185656
-0.16573
-0.147566
-0.131003
-0.115966
-0.102086
-0.0886617
-0.512284
-0.502416
-0.49115
-0.473895
-0.450618
-0.422609
-0.391619
-0.359467
-0.327646
-0.297174
-0.268621
-0.242221
-0.217994
-0.195842
-0.175623
-0.157165
-0.140297
-0.12495
-0.110795
-0.0970485
-0.520572
-0.510461
-0.499327
-0.482463
-0.459724
-0.432263
-0.401723
-0.369869
-0.338187
-0.30772
-0.279071
-0.252506
-0.22807
-0.205681
-0.185204
-0.166478
-0.149333
-0.133697
-0.1193
-0.105228
-0.527924
-0.517591
-0.506601
-0.490148
-0.467982
-0.441124
-0.4111
-0.379613
-0.348139
-0.317737
-0.289047
-0.262364
-0.237759
-0.215169
-0.194467
-0.175502
-0.158107
-0.142201
-0.127602
-0.113207
-0.534356
-0.523822
-0.512983
-0.496958
-0.475399
-0.449193
-0.419748
-0.388697
-0.357496
-0.327223
-0.298545
-0.271792
-0.247059
-0.224302
-0.203408
-0.184233
-0.166617
-0.150475
-0.13566
-0.121035
-0.539883
-0.52917
-0.518491
-0.502907
-0.481983
-0.456475
-0.427668
-0.397119
-0.366258
-0.336174
-0.307563
-0.280786
-0.255967
-0.23308
-0.212025
-0.192668
-0.174856
-0.158496
-0.143461
-0.128853
-0.544527
-0.533657
-0.523144
-0.508011
-0.487746
-0.462976
-0.434864
-0.40488
-0.374424
-0.34459
-0.316099
-0.289347
-0.264481
-0.2415
-0.220316
-0.200805
-0.182823
-0.166273
-0.151047
-0.136419
-0.548312
-0.537307
-0.526966
-0.512291
-0.492703
-0.468708
-0.441341
-0.411983
-0.381995
-0.35247
-0.324155
-0.297473
-0.272603
-0.249563
-0.228281
-0.208644
-0.190516
-0.173801
-0.158396
-0.143656
-0.551263
-0.540147
-0.529982
-0.515769
-0.496873
-0.473684
-0.447107
-0.418434
-0.388975
-0.359818
-0.331731
-0.305167
-0.280332
-0.257268
-0.235919
-0.216184
-0.197934
-0.181075
-0.165504
-0.150621
-0.55341
-0.542208
-0.532222
-0.518473
-0.500278
-0.477918
-0.452175
-0.424239
-0.395367
-0.366636
-0.33883
-0.312431
-0.287672
-0.264619
-0.243233
-0.223425
-0.205077
-0.188094
-0.172379
-0.157366
-0.554786
-0.543522
-0.533718
-0.52043
-0.502941
-0.481432
-0.456557
-0.429407
-0.401178
-0.372929
-0.345457
-0.319267
-0.294624
-0.271616
-0.250225
-0.230371
-0.211947
-0.194861
-0.179025
-0.163903
-0.555425
-0.544125
-0.534505
-0.521673
-0.504891
-0.484245
-0.46027
-0.433951
-0.406417
-0.378704
-0.351615
-0.325681
-0.301193
-0.278265
-0.256897
-0.237024
-0.218548
-0.201379
-0.185443
-0.170233
-0.555364
-0.544053
-0.534618
-0.522237
-0.506157
-0.486382
-0.463332
-0.437882
-0.411093
-0.383968
-0.357312
-0.331678
-0.307385
-0.28457
-0.263254
-0.243387
-0.224881
-0.207652
-0.191634
-0.176354
-0.554642
-0.543346
-0.534096
-0.522157
-0.506772
-0.48787
-0.465763
-0.441218
-0.415218
-0.388729
-0.362555
-0.337265
-0.313204
-0.290536
-0.269301
-0.249465
-0.230953
-0.213682
-0.197601
-0.18227
-0.553299
-0.542044
-0.532981
-0.521473
-0.506771
-0.48874
-0.467587
-0.443975
-0.418804
-0.392998
-0.367352
-0.342448
-0.318657
-0.296168
-0.275043
-0.255263
-0.236765
-0.219474
-0.203348
-0.187982
-0.551377
-0.540189
-0.531313
-0.520225
-0.50619
-0.489021
-0.46883
-0.446173
-0.421867
-0.396787
-0.371712
-0.347237
-0.323753
-0.301475
-0.280486
-0.260786
-0.242325
-0.225032
-0.208877
-0.193494
-0.548918
-0.537823
-0.529135
-0.518454
-0.505069
-0.488748
-0.469518
-0.447833
-0.424423
-0.400108
-0.375647
-0.35164
-0.328499
-0.306463
-0.285637
-0.266041
-0.247636
-0.23036
-0.214193
-0.198808
-0.545967
-0.53499
-0.526491
-0.516203
-0.503446
-0.487955
-0.469681
-0.448979
-0.42649
-0.402975
-0.379167
-0.355666
-0.332903
-0.31114
-0.290504
-0.271033
-0.252705
-0.235464
-0.219299
-0.203928
-0.542567
-0.531733
-0.523423
-0.513515
-0.501363
-0.486681
-0.46935
-0.449635
-0.428087
-0.405403
-0.382284
-0.359327
-0.336976
-0.315515
-0.295094
-0.275771
-0.257537
-0.240349
-0.2242
-0.208858
-0.538763
-0.528096
-0.519978
-0.510435
-0.498863
-0.484963
-0.468558
-0.449828
-0.429235
-0.407408
-0.385012
-0.362633
-0.340727
-0.319597
-0.299416
-0.280261
-0.262141
-0.245021
-0.228902
-0.2136
-0.534599
-0.524121
-0.516196
-0.507005
-0.495988
-0.482841
-0.46734
-0.449586
-0.429956
-0.409008
-0.387364
-0.365596
-0.344166
-0.323395
-0.303478
-0.284512
-0.266522
-0.249486
-0.233409
-0.21816
-0.530117
-0.519853
-0.512123
-0.503268
-0.49278
-0.480354
-0.465731
-0.448939
-0.430273
-0.410221
-0.389355
-0.368229
-0.347304
-0.326919
-0.30729
-0.288532
-0.270689
-0.253751
-0.237727
-0.222543
-0.52536
-0.515331
-0.507798
-0.499267
-0.489281
-0.477543
-0.463766
-0.447917
-0.430213
-0.411067
-0.391001
-0.370543
-0.350152
-0.330179
-0.31086
-0.292329
-0.274648
-0.257822
-0.241862
-0.226752
-0.520371
-0.510595
-0.503263
-0.495044
-0.485532
-0.474448
-0.461483
-0.446552
-0.429799
-0.411566
-0.392318
-0.372552
-0.352722
-0.333186
-0.314198
-0.295912
-0.278409
-0.261707
-0.245821
-0.230793
-0.515189
-0.505686
-0.498557
-0.490638
-0.481575
-0.471108
-0.458918
-0.444876
-0.42906
-0.411739
-0.393322
-0.37427
-0.355025
-0.335949
-0.317313
-0.29929
-0.281978
-0.265413
-0.249609
-0.509852
-0.500639
-0.493717
-0.486088
-0.477449
-0.467563
-0.45611
-0.442923
-0.428022
-0.411609
-0.394031
-0.375711
-0.357072
-0.33848
-0.320216
-0.504398
-0.495491
-0.488778
-0.48143
-0.473191
-0.463851
-0.453094
-0.440726
-0.426715
-0.411198
-0.394463
-0.498862
-0.490273
-0.483774
-0.476699
-0.468838
-0.460008
-0.449906
-0.438319
-0.493277
-0.485018
-0.478736
-0.471926
-0.464422
-0.487673
-0.479754
-0.473693
-0.26997
-0.27527
-0.280429
-0.285452
-0.290344
-0.295113
-0.247794
-0.252772
-0.257645
-0.262417
-0.267093
-0.271677
-0.227844
-0.232499
-0.237075
-0.241576
-0.246007
-0.25037
-0.209943
-0.214276
-0.21855
-0.22277
-0.226938
-0.231057
-0.1937
-0.197724
-0.201704
-0.205644
-0.209545
-0.21341
-0.17894
-0.182662
-0.186352
-0.190012
-0.193645
-0.197252
-0.165423
-0.16886
-0.172274
-0.175665
-0.179036
-0.182389
-0.153029
-0.156195
-0.159342
-0.162474
-0.16559
-0.168695
-0.141605
-0.144515
-0.147412
-0.150297
-0.153172
-0.156038
-0.131055
-0.133725
-0.136386
-0.139038
-0.141683
-0.144322
-0.12128
-0.123727
-0.126167
-0.128601
-0.13103
-0.133454
-0.112205
-0.114444
-0.116678
-0.118908
-0.121134
-0.123358
-0.10376
-0.105808
-0.107851
-0.109892
-0.11193
-0.113966
-0.0958942
-0.0977639
-0.0996307
-0.101495
-0.103358
-0.10522
-0.088548
-0.0902547
-0.0919591
-0.093662
-0.0953637
-0.0970648
-0.0816878
-0.0832442
-0.0847989
-0.0863524
-0.0879051
-0.0894575
-0.0752726
-0.0766909
-0.078108
-0.0795241
-0.0809397
-0.0823551
-0.069268
-0.0705599
-0.0718509
-0.0731411
-0.0744309
-0.0757207
-0.0636448
-0.0648213
-0.0659969
-0.0671719
-0.0683465
-0.0695211
-0.070696
-0.0583768
-0.0594478
-0.0605179
-0.0615875
-0.0626568
-0.063726
-0.0647955
-0.0534407
-0.0544153
-0.0553891
-0.0563625
-0.0573356
-0.0583085
-0.0592816
-0.0488148
-0.0497015
-0.0505875
-0.0514731
-0.0523583
-0.0532434
-0.0541286
-0.044479
-0.0452857
-0.0460918
-0.0468973
-0.0477026
-0.0485076
-0.0493126
-0.0404159
-0.0411498
-0.041883
-0.0426157
-0.0433481
-0.0440803
-0.0448123
-0.0366088
-0.0372764
-0.0379434
-0.0386099
-0.039276
-0.0399418
-0.0406074
-0.0330424
-0.0336498
-0.0342566
-0.0348629
-0.0354688
-0.0360743
-0.0366795
-0.0297028
-0.0302555
-0.0308076
-0.0313592
-0.0319103
-0.032461
-0.0330113
-0.0265772
-0.0270801
-0.0275825
-0.0280843
-0.0285857
-0.0290866
-0.0295871
-0.023653
-0.0241108
-0.024568
-0.0250246
-0.0254808
-0.0259364
-0.0263916
-0.0209187
-0.0213355
-0.0217517
-0.0221674
-0.0225824
-0.022997
-0.0234111
-0.0183638
-0.0187434
-0.0191223
-0.0195007
-0.0198785
-0.0202558
-0.0206326
-0.015978
-0.0163238
-0.0166689
-0.0170134
-0.0173574
-0.0177008
-0.0180437
-0.0137519
-0.0140669
-0.0143813
-0.0146952
-0.0150084
-0.0153211
-0.0156332
-0.0116765
-0.0119636
-0.0122501
-0.012536
-0.0128213
-0.0131061
-0.0133903
-0.00974329
-0.0100051
-0.0102662
-0.0105268
-0.0107867
-0.0110461
-0.0113049
-0.0079443
-0.00818302
-0.00842114
-0.00865865
-0.00889556
-0.00913189
-0.00936763
-0.00627195
-0.00648972
-0.0067069
-0.00692347
-0.00713944
-0.00735483
-0.00756963
-0.00471909
-0.00491782
-0.00511595
-0.00531349
-0.00551043
-0.00570679
-0.00590255
-0.00327884
-0.00346026
-0.00364108
-0.00382132
-0.00400098
-0.00418004
-0.00435851
-0.00194524
-0.00211087
-0.00227593
-0.0024404
-0.00260429
-0.0027676
-0.00293033
-0.000711465
-0.000862775
-0.00101352
-0.00116369
-0.00131328
-0.0014623
-0.00161075
0.00042769
0.000289421
0.000151711
1.45617e-05
-0.000122024
-0.000258044
-0.000393496
0.0014778
0.00135139
0.00122553
0.00110022
0.000975465
0.000851263
0.000727619
0.00244391
0.0023283
0.00221321
0.00209866
0.00198466
0.0018712
0.00175828
0.00333084
0.00322503
0.00311973
0.00301496
0.00291072
0.00280701
0.00270384
0.00414307
0.00404616
0.00394975
0.00385385
0.00375847
0.00366361
0.00356928
0.00488479
0.00479595
0.0047076
0.00461975
0.0045324
0.00444556
0.00435923
0.00555989
0.00547836
0.0053973
0.00531673
0.00523664
0.00515705
0.00507796
0.00617198
0.00609704
0.00602256
0.00594856
0.00587503
0.00580198
0.00572942
0.00672431
0.00665531
0.00658676
0.00651866
0.00645103
0.00638386
0.00631716
0.00721989
0.0071562
0.00709295
0.00703015
0.00696779
0.00690589
0.00684444
0.0076613
0.00760234
0.00754381
0.00748571
0.00742805
0.00737083
0.00731406
0.00805088
0.0079961
0.00794174
0.0078878
0.00783428
0.00778119
0.00772854
0.00839042
0.00833929
0.00828857
0.00823826
0.00818836
0.00813888
0.00808982
0.00868156
0.00863358
0.00858599
0.0085388
0.00849201
0.00844563
0.00839966
0.00892507
0.00887974
0.00883479
0.00879022
0.00874605
0.00870228
0.00865891
0.00912183
0.00907864
0.00903584
0.00899341
0.00895136
0.00890971
0.00886845
0.00927115
0.00922964
0.0091885
0.00914773
0.00910735
0.00906734
0.00902772
0.00937304
0.00933268
0.00929268
0.00925305
0.00921379
0.00917491
0.00913641
0.00942483
0.00938518
0.0093459
0.00930698
0.00926842
0.00923023
0.00919242
-0.137306
-0.145873
-0.154269
-0.162491
-0.170541
-0.178415
-0.186104
-0.193568
-0.20094
-0.208188
-0.215187
-0.221954
-0.228533
-0.234942
-0.241185
-0.247261
-0.253174
-0.258926
-0.264524
-0.129111
-0.136611
-0.143971
-0.15119
-0.158267
-0.165199
-0.171977
-0.178591
-0.184993
-0.191342
-0.197615
-0.203728
-0.20968
-0.215494
-0.221182
-0.226746
-0.232187
-0.237506
-0.242707
-0.120601
-0.127245
-0.133771
-0.140179
-0.146467
-0.152634
-0.158679
-0.164599
-0.17039
-0.176027
-0.181736
-0.187326
-0.192754
-0.198055
-0.203254
-0.208357
-0.213366
-0.218281
-0.223106
-0.113209
-0.119099
-0.124893
-0.130591
-0.136196
-0.141708
-0.147128
-0.152458
-0.157696
-0.162834
-0.167787
-0.172778
-0.177714
-0.182549
-0.187294
-0.191962
-0.19656
-0.201088
-0.205548
-0.106086
-0.111331
-0.116498
-0.121587
-0.126599
-0.131535
-0.136395
-0.141181
-0.14589
-0.150524
-0.155078
-0.159586
-0.164069
-0.168486
-0.172831
-0.177111
-0.181336
-0.185509
-0.189629
-0.099556
-0.104241
-0.108862
-0.113419
-0.117914
-0.122348
-0.126721
-0.131035
-0.135291
-0.139488
-0.143626
-0.147688
-0.151769
-0.155801
-0.159768
-0.163683
-0.167555
-0.171388
-0.175182
-0.0934029
-0.0975984
-0.101742
-0.105833
-0.109875
-0.113868
-0.117813
-0.121712
-0.125566
-0.129376
-0.133142
-0.136861
-0.140522
-0.144177
-0.147806
-0.151395
-0.154947
-0.158468
-0.161959
-0.0876444
-0.0914104
-0.0951336
-0.0988149
-0.102455
-0.106056
-0.109618
-0.113142
-0.11663
-0.120081
-0.123497
-0.126877
-0.130215
-0.133559
-0.136876
-0.140158
-0.14341
-0.146638
-0.149844
-0.0822166
-0.0856032
-0.0889548
-0.0922724
-0.095557
-0.0988096
-0.102031
-0.105223
-0.108385
-0.11152
-0.114627
-0.117708
-0.12076
-0.123787
-0.126804
-0.129803
-0.132781
-0.13574
-0.13868
-0.0770921
-0.0801424
-0.0831641
-0.0861581
-0.0891252
-0.0920663
-0.0949823
-0.0978742
-0.100743
-0.103589
-0.106414
-0.109218
-0.112002
-0.114757
-0.117511
-0.120252
-0.122974
-0.12568
-0.128373
-0.0722378
-0.0749887
-0.0777161
-0.0804207
-0.0831033
-0.0857646
-0.0884051
-0.0910255
-0.0936264
-0.0962081
-0.0987709
-0.101315
-0.103839
-0.106345
-0.108888
-0.1114
-0.113887
-0.11636
-0.118824
-0.0676302
-0.0701142
-0.0725792
-0.0750257
-0.0774545
-0.0798663
-0.0822619
-0.0846421
-0.0870078
-0.0893601
-0.0917
-0.094029
-0.0963478
-0.0986557
-0.100908
-0.103174
-0.105444
-0.107707
-0.10996
-0.0632455
-0.0654903
-0.0677193
-0.0699332
-0.0721326
-0.0743178
-0.0764897
-0.0786486
-0.0807952
-0.0829299
-0.0850533
-0.0871656
-0.0892671
-0.0913578
-0.0934359
-0.0955133
-0.0975857
-0.0996504
-0.101708
-0.0590658
-0.0610958
-0.0631128
-0.0651174
-0.0671099
-0.0690908
-0.0710607
-0.0730199
-0.0749689
-0.0769083
-0.0788384
-0.0807597
-0.0826724
-0.0845772
-0.0864738
-0.0883723
-0.0902624
-0.0921445
-0.0940212
-0.0550767
-0.0569137
-0.05874
-0.060556
-0.0623621
-0.0641587
-0.0659463
-0.0677252
-0.0694958
-0.0712587
-0.0730142
-0.0747627
-0.0765047
-0.0782404
-0.0799698
-0.0816896
-0.0834083
-0.0851251
-0.0868384
-0.0512654
-0.0529286
-0.0545829
-0.0562287
-0.0578663
-0.0594961
-0.0611184
-0.0627336
-0.0643419
-0.0659438
-0.0675396
-0.0691296
-0.0707143
-0.0722938
-0.0738684
-0.075436
-0.0770026
-0.0785674
-0.0801291
-0.0476218
-0.0491283
-0.0506274
-0.0521196
-0.0536049
-0.0550838
-0.0565565
-0.0580232
-0.0594844
-0.0609401
-0.0623909
-0.0638368
-0.0652783
-0.0667156
-0.068149
-0.069578
-0.0710053
-0.0724302
-0.0738525
-0.0441371
-0.0455023
-0.0468614
-0.0482146
-0.0495623
-0.0509045
-0.0522415
-0.0535736
-0.0549011
-0.056224
-0.0575428
-0.0588576
-0.0601687
-0.0614763
-0.0627806
-0.0640819
-0.0653822
-0.0666798
-0.0679748
-0.0408044
-0.042042
-0.0432746
-0.0445023
-0.0457252
-0.0469437
-0.0481579
-0.0493679
-0.050574
-0.0517764
-0.0529753
-0.0541708
-0.0553631
-0.0565525
-0.0577392
-0.0589233
-0.060107
-0.0612882
-0.0624673
-0.0376177
-0.0387401
-0.0398583
-0.0409724
-0.0420826
-0.0431891
-0.044292
-0.0453914
-0.0464876
-0.0475806
-0.0486707
-0.0497582
-0.050843
-0.0519255
-0.0530058
-0.054084
-0.0551576
-0.0562313
-0.0573046
-0.0345714
-0.0355897
-0.0366045
-0.0376159
-0.0386239
-0.0396288
-0.0406307
-0.0416297
-0.0426258
-0.0436193
-0.0446103
-0.045599
-0.0465854
-0.0475697
-0.048552
-0.0495325
-0.0505109
-0.0514885
-0.0524651
-0.0316613
-0.0325855
-0.0335067
-0.0344251
-0.0353407
-0.0362536
-0.037164
-0.0380718
-0.0389773
-0.0398805
-0.0407816
-0.0416807
-0.0425778
-0.0434731
-0.0443668
-0.0452588
-0.0461493
-0.0470388
-0.0479273
-0.0288833
-0.0297224
-0.030559
-0.0313932
-0.0322251
-0.0330546
-0.033882
-0.0347073
-0.0355305
-0.0363517
-0.0371712
-0.0379888
-0.0388048
-0.0396192
-0.0404321
-0.0412437
-0.042054
-0.0428633
-0.0436716
-0.0262337
-0.0269959
-0.027756
-0.028514
-0.02927
-0.0300241
-0.0307763
-0.0315266
-0.0322752
-0.0330221
-0.0337674
-0.0345112
-0.0352534
-0.0359943
-0.0367339
-0.0374723
-0.0382096
-0.038946
-0.0396814
-0.0237092
-0.0244018
-0.0250926
-0.0257817
-0.026469
-0.0271547
-0.0278387
-0.0285212
-0.0292021
-0.0298815
-0.0305595
-0.0312361
-0.0319115
-0.0325856
-0.0332585
-0.0339303
-0.034601
-0.0352713
-0.0359406
-0.0213065
-0.0219362
-0.0225644
-0.023191
-0.0238162
-0.0244399
-0.0250622
-0.0256831
-0.0263026
-0.0269209
-0.0275378
-0.0281536
-0.0287682
-0.0293817
-0.0299942
-0.0306056
-0.0312161
-0.0318256
-0.0324343
-0.0190226
-0.0195953
-0.0201668
-0.0207369
-0.0213058
-0.0218733
-0.0224396
-0.0230047
-0.0235686
-0.0241313
-0.0246929
-0.0252535
-0.0258129
-0.0263714
-0.0269288
-0.0274854
-0.028041
-0.0285955
-0.0291494
-0.0168542
-0.0173754
-0.0178955
-0.0184145
-0.0189323
-0.019449
-0.0199645
-0.020479
-0.0209924
-0.0215048
-0.0220161
-0.0225265
-0.0230358
-0.0235443
-0.0240518
-0.0245585
-0.0250643
-0.0255692
-0.0260735
-0.0147983
-0.0152729
-0.0157466
-0.0162191
-0.0166907
-0.0171613
-0.0176309
-0.0180995
-0.0185671
-0.0190338
-0.0194995
-0.0199644
-0.0204283
-0.0208913
-0.0213536
-0.021815
-0.0222756
-0.0227354
-0.0231945
-0.0128518
-0.0132842
-0.0137157
-0.0141463
-0.014576
-0.0150048
-0.0154327
-0.0158597
-0.0162858
-0.016711
-0.0171354
-0.0175589
-0.0179816
-0.0184035
-0.0188245
-0.0192448
-0.0196644
-0.0200832
-0.0205013
-0.0110116
-0.0114058
-0.0117991
-0.0121917
-0.0125834
-0.0129743
-0.0133643
-0.0137536
-0.014142
-0.0145297
-0.0149165
-0.0153025
-0.0156878
-0.0160722
-0.016456
-0.0168389
-0.0172212
-0.0176027
-0.0179836
-0.00927449
-0.009634
-0.00999277
-0.0103508
-0.0107081
-0.0110646
-0.0114204
-0.0117754
-0.0121296
-0.0124831
-0.0128359
-0.0131878
-0.0135391
-0.0138896
-0.0142394
-0.0145885
-0.0149369
-0.0152846
-0.0156316
-0.00763719
-0.00796528
-0.0082927
-0.00861943
-0.00894547
-0.00927081
-0.00959544
-0.00991937
-0.0102426
-0.0105651
-0.0108869
-0.011208
-0.0115284
-0.0118481
-0.0121671
-0.0124854
-0.012803
-0.0131199
-0.0134362
-0.00609645
-0.00639605
-0.00669501
-0.00699334
-0.00729103
-0.00758807
-0.00788444
-0.00818015
-0.00847519
-0.00876956
-0.00906325
-0.00935627
-0.00964862
-0.0099403
-0.0102313
-0.0105216
-0.0108113
-0.0111004
-0.0113887
-0.00464896
-0.00492269
-0.00519583
-0.00546838
-0.00574033
-0.00601165
-0.00628236
-0.00655244
-0.00682188
-0.00709068
-0.00735885
-0.00762636
-0.00789323
-0.00815945
-0.00842502
-0.00868995
-0.00895424
-0.00921788
-0.0094809
-0.00329137
-0.00354161
-0.0037913
-0.00404043
-0.00428899
-0.00453696
-0.00478434
-0.00503113
-0.00527731
-0.00552287
-0.00576782
-0.00601215
-0.00625586
-0.00649894
-0.0067414
-0.00698322
-0.00722443
-0.007465
-0.00770496
-0.00202033
-0.00224923
-0.0024776
-0.00270544
-0.00293274
-0.00315948
-0.00338566
-0.00361126
-0.00383629
-0.00406072
-0.00428457
-0.00450782
-0.00473046
-0.0049525
-0.00517393
-0.00539476
-0.00561497
-0.00583457
-0.00605356
-0.000832467
-0.00104196
-0.00125095
-0.00145943
-0.00166739
-0.00187482
-0.00208171
-0.00228805
-0.00249383
-0.00269905
-0.0029037
-0.00310776
-0.00331125
-0.00351415
-0.00371646
-0.00391818
-0.0041193
-0.00431982
-0.00451976
0.000275586
8.37552e-05
-0.000107599
-0.000298464
-0.000488829
-0.000678684
-0.000868017
-0.00105682
-0.00124509
-0.0014328
-0.00161997
-0.00180657
-0.0019926
-0.00217806
-0.00236294
-0.00254724
-0.00273094
-0.00291406
-0.00309678
0.00130713
0.00113137
0.000956059
0.00078122
0.00060686
0.000432989
0.000259618
8.67551e-05
-8.55916e-05
-0.000257414
-0.000428705
-0.000599459
-0.00076967
-0.000939332
-0.00110844
-0.001277
-0.00144499
-0.00161242
-0.00177908
0.00226557
0.00210444
0.00194375
0.00178352
0.00162375
0.00146445
0.00130564
0.00114731
0.000989493
0.00083218
0.000675384
0.000519112
0.000363371
0.000208167
5.35058e-05
-0.000100606
-0.000254164
-0.000407164
-0.000559592
0.00315412
0.00300633
0.00285896
0.00271203
0.00256555
0.00241952
0.00227396
0.00212888
0.00198428
0.00184017
0.00169656
0.00155346
0.00141088
0.00126881
0.00112728
0.000986273
0.000845807
0.000705884
0.000566512
0.00397601
0.00384037
0.00370513
0.00357033
0.00343595
0.00330201
0.00316853
0.0030355
0.00290294
0.00277086
0.00263927
0.00250816
0.00237755
0.00224745
0.00211787
0.00198879
0.00186025
0.00173223
0.00160474
0.00473436
0.00460979
0.00448561
0.00436184
0.00423849
0.00411557
0.00399308
0.00387104
0.00374945
0.00362832
0.00350765
0.00338747
0.00326777
0.00314855
0.00302984
0.00291163
0.00279392
0.00267673
0.00256006
0.00543222
0.00531773
0.00520363
0.00508991
0.0049766
0.00486371
0.00475123
0.00463918
0.00452757
0.00441641
0.0043057
0.00419545
0.00408567
0.00397636
0.00386753
0.0037592
0.00365135
0.00354401
0.00343717
0.00607255
0.00596723
0.00586229
0.00575773
0.00565355
0.00554978
0.00544641
0.00534345
0.00524092
0.00513882
0.00503716
0.00493594
0.00483518
0.00473488
0.00463504
0.00453568
0.00443679
0.00433839
0.00424048
0.00665816
0.00656119
0.00646458
0.00636833
0.00627246
0.00617697
0.00608188
0.00598718
0.0058929
0.00579903
0.00570559
0.00561257
0.00552
0.00542787
0.00533619
0.00524497
0.00515421
0.00506392
0.00497412
0.00719176
0.00710236
0.0070133
0.0069246
0.00683626
0.0067483
0.00666071
0.0065735
0.0064867
0.00640029
0.0063143
0.00622872
0.00614356
0.00605884
0.00597455
0.00589071
0.00580731
0.00572437
0.0056419
0.00775877
0.00767589
0.00759335
0.00751113
0.00742926
0.00734774
0.00726657
0.00718577
0.00710535
0.0070253
0.00694565
0.00686639
0.00678753
0.00670908
0.00663105
0.00655345
0.00647627
0.00639953
0.00632323
0.00624738
0.0081896
0.00811292
0.00803656
0.00796052
0.00788481
0.00780943
0.0077344
0.00765973
0.00758541
0.00751146
0.00743789
0.0073647
0.0072919
0.0072195
0.0071475
0.00707591
0.00700473
0.00693398
0.00686365
0.00679376
0.00857617
0.00850506
0.00843425
0.00836375
0.00829357
0.00822371
0.00815419
0.00808501
0.00801618
0.0079477
0.00787959
0.00781185
0.00774448
0.0076775
0.0076109
0.00754471
0.00747891
0.00741353
0.00734856
0.00728401
0.00892039
0.00885424
0.00878839
0.00872283
0.00865758
0.00859265
0.00852805
0.00846377
0.00839983
0.00833623
0.00827298
0.0082101
0.00814757
0.00808542
0.00802365
0.00796226
0.00790126
0.00784066
0.00778046
0.00772067
0.009224
0.00916225
0.00910078
0.00903961
0.00897873
0.00891815
0.00885789
0.00879795
0.00873834
0.00867906
0.00862012
0.00856153
0.00850329
0.00844541
0.0083879
0.00833076
0.008274
0.00821763
0.00816165
0.00810606
0.00948837
0.00943046
0.00937283
0.00931548
0.00925843
0.00920166
0.00914521
0.00908906
0.00903323
0.00897773
0.00892256
0.00886772
0.00881323
0.00875909
0.0087053
0.00865188
0.00859883
0.00854615
0.00849385
0.00844194
0.00971477
0.00966018
0.00960585
0.0095518
0.00949804
0.00944456
0.00939138
0.0093385
0.00928593
0.00923368
0.00918175
0.00913015
0.00907889
0.00902797
0.00897739
0.00892717
0.00887731
0.00882781
0.00877868
0.00872993
0.00990375
0.00985194
0.00980039
0.00974912
0.00969812
0.00964741
0.00959699
0.00954686
0.00949704
0.00944753
0.00939834
0.00934946
0.00930092
0.00925271
0.00920484
0.00915731
0.00911014
0.00906332
0.00901687
0.00897078
0.0100561
0.0100066
0.00995729
0.00990827
0.00985953
0.00981107
0.00976289
0.00971501
0.00966743
0.00962015
0.00957318
0.00952653
0.0094802
0.0094342
0.00938853
0.0093432
0.00929822
0.00925358
0.0092093
0.00916538
0.010171
0.0101232
0.0100757
0.0100284
0.0099814
0.00993467
0.00988823
0.00984208
0.00979623
0.00975068
0.00970544
0.00966051
0.0096159
0.00957162
0.00952767
0.00948405
0.00944077
0.00939783
0.00935525
0.00931302
0.0102492
0.0102026
0.0101563
0.0101102
0.0100644
0.0100189
0.00997362
0.00992867
0.00988402
0.00983966
0.00979561
0.00975188
0.00970845
0.00966535
0.00962258
0.00958013
0.00953803
0.00949626
0.00945484
0.00941376
0.0102869
0.0102409
0.0101952
0.0101498
0.0101047
0.0100599
0.0100153
0.00997107
0.00992712
0.00988348
0.00984015
0.00979713
0.00975443
0.00971206
0.00967001
0.00962829
0.00958691
0.00954587
0.00950518
0.00946483
0.0244231
0.0243521
0.0242812
0.0242104
0.0241398
0.0240694
0.0239991
0.0239289
0.0238589
0.0237891
0.0237195
0.02365
0.0235808
0.0235117
0.0234428
0.0233741
0.0233056
0.0232374
0.0231693
0.0231015
0.0230339
0.0244082
0.0243364
0.0242647
0.0241931
0.0241217
0.0240504
0.0239792
0.0239082
0.0238374
0.0237666
0.0236961
0.0236257
0.0235555
0.0234855
0.0234157
0.023346
0.0232766
0.0232073
0.0231383
0.0230695
0.023001
0.0243717
0.0242985
0.0242253
0.0241523
0.0240794
0.0240067
0.023934
0.0238615
0.0237892
0.023717
0.023645
0.0235731
0.0235014
0.0234299
0.0233586
0.0232875
0.0232166
0.0231459
0.0230754
0.0230051
0.022935
0.024318
0.0242427
0.0241675
0.0240924
0.0240174
0.0239425
0.0238677
0.0237931
0.0237187
0.0236443
0.0235702
0.0234962
0.0234223
0.0233487
0.0232752
0.023202
0.0231289
0.0230561
0.0229834
0.022911
0.0228389
0.0242453
0.0241673
0.0240893
0.0240115
0.0239337
0.0238561
0.0237787
0.0237013
0.0236241
0.023547
0.0234701
0.0233934
0.0233168
0.0232405
0.0231643
0.0230883
0.0230125
0.0229369
0.0228616
0.0227865
0.0227116
0.0240731
0.0239919
0.0239107
0.0238296
0.0237487
0.0236678
0.0235871
0.0235066
0.0234262
0.023346
0.0232659
0.023186
0.0231063
0.0230268
0.0229474
0.0228683
0.0227894
0.0227108
0.0226323
0.0225541
0.0239593
0.0238741
0.023789
0.0237039
0.023619
0.0235343
0.0234496
0.0233651
0.0232808
0.0231966
0.0231126
0.0230287
0.0229451
0.0228616
0.0227784
0.0226954
0.0226126
0.02253
0.0224476
0.0223656
0.0238256
0.0237358
0.0236461
0.0235565
0.0234671
0.0233777
0.0232885
0.0231995
0.0231106
0.0230218
0.0229333
0.0228449
0.0227567
0.0226687
0.0225809
0.0224934
0.022406
0.0223189
0.0222321
0.0221455
0.0236711
0.0235761
0.0234812
0.0233864
0.0232917
0.0231972
0.0231028
0.0230086
0.0229145
0.0228206
0.0227268
0.0226333
0.0225399
0.0224468
0.0223539
0.0222611
0.0221687
0.0220764
0.0219845
0.0218927
0.0234948
0.023394
0.0232933
0.0231927
0.0230922
0.0229918
0.0228916
0.0227915
0.0226916
0.0225919
0.0224924
0.022393
0.0222938
0.0221949
0.0220962
0.0219977
0.0218994
0.0218014
0.0217037
0.0216062
0.0232959
0.0231885
0.0230813
0.0229742
0.0228672
0.0227604
0.0226537
0.0225471
0.0224407
0.0223345
0.0222285
0.0221227
0.0220171
0.0219117
0.0218065
0.0217016
0.0215969
0.0214924
0.0213883
0.0212843
0.0230731
0.0229585
0.0228441
0.0227298
0.0226157
0.0225016
0.0223878
0.022274
0.0221605
0.0220471
0.021934
0.021821
0.0217082
0.0215957
0.0214834
0.0213713
0.0212595
0.0211479
0.0210366
0.0209256
0.0228252
0.0227027
0.0225804
0.0224582
0.0223361
0.0222142
0.0220924
0.0219708
0.0218494
0.0217282
0.0216071
0.0214862
0.0213656
0.0212452
0.021125
0.0210051
0.0208854
0.020766
0.0206468
0.020528
0.0225509
0.0224198
0.0222888
0.0221579
0.0220272
0.0218966
0.0217662
0.021636
0.0215059
0.021376
0.0212463
0.0211168
0.0209875
0.0208585
0.0207297
0.0206012
0.0204729
0.0203448
0.0202171
0.0200896
0.0222488
0.0221083
0.0219678
0.0218275
0.0216873
0.0215473
0.0214074
0.0212677
0.0211282
0.0209889
0.0208498
0.0207108
0.0205721
0.0204337
0.0202954
0.0201575
0.0200197
0.0198823
0.0197451
0.0196082
0.0219176
0.0217667
0.021616
0.0214654
0.0213149
0.0211646
0.0210144
0.0208644
0.0207146
0.020565
0.0204156
0.0202664
0.0201174
0.0199686
0.0198201
0.0196719
0.0195239
0.0193761
0.0192287
0.0190816
0.0215557
0.0213936
0.0212317
0.0210699
0.0209082
0.0207467
0.0205853
0.0204241
0.0202631
0.0201023
0.0199417
0.0197813
0.0196211
0.0194612
0.0193015
0.019142
0.0189828
0.0188239
0.0186653
0.0185069
0.0211616
0.0209874
0.0208133
0.0206393
0.0204654
0.0202918
0.0201182
0.0199449
0.0197717
0.0195987
0.019426
0.0192534
0.0190811
0.018909
0.0187371
0.0185655
0.0183942
0.0182231
0.0180523
0.0178818
0.0207337
0.0205463
0.020359
0.0201719
0.0199848
0.019798
0.0196112
0.0194247
0.0192383
0.0190522
0.0188662
0.0186805
0.018495
0.0183097
0.0181246
0.0179398
0.0177553
0.017571
0.017387
0.0172033
0.0202705
0.0200688
0.0198672
0.0196657
0.0194644
0.0192632
0.0190622
0.0188614
0.0186607
0.0184602
0.01826
0.0180599
0.0178601
0.0176605
0.0174612
0.0172621
0.0170632
0.0168646
0.0166663
0.0164682
0.0197702
0.019553
0.0193359
0.019119
0.0189021
0.0186855
0.018469
0.0182526
0.0180365
0.0178205
0.0176048
0.0173892
0.0171739
0.0169588
0.016744
0.0165294
0.016315
0.0161009
0.015887
0.0156735
0.0192312
0.0189972
0.0187633
0.0185296
0.018296
0.0180625
0.0178292
0.0175961
0.0173632
0.0171305
0.0168979
0.0166656
0.0164335
0.0162016
0.01597
0.0157386
0.0155074
0.0152765
0.0150458
0.0148154
0.0186517
0.0183995
0.0181474
0.0178955
0.0176437
0.0173921
0.0171406
0.0168893
0.0166382
0.0163873
0.0161366
0.0158861
0.0156359
0.0153858
0.015136
0.0148864
0.0146371
0.0143879
0.0141391
0.0138905
0.0180299
0.017758
0.0174862
0.0172145
0.016943
0.0166717
0.0164006
0.0161296
0.0158588
0.0155882
0.0153179
0.0150477
0.0147778
0.0145081
0.0142386
0.0139693
0.0137003
0.0134315
0.0131629
0.0128946
0.0173639
0.0170706
0.0167774
0.0164844
0.0161916
0.0158989
0.0156064
0.0153141
0.015022
0.0147302
0.0144385
0.014147
0.0138558
0.0135648
0.013274
0.0129834
0.0126931
0.012403
0.0121131
0.0118234
0.0166518
0.0163353
0.0160189
0.0157027
0.0153867
0.0150709
0.0147553
0.01444
0.0141248
0.0138098
0.0134951
0.0131806
0.0128663
0.0125522
0.0122383
0.0119247
0.0116113
0.0112981
0.0109852
0.0106725
0.0158915
0.0155498
0.0152083
0.014867
0.0145259
0.014185
0.0138443
0.0135039
0.0131637
0.0128237
0.012484
0.0121445
0.0118052
0.0114662
0.0111274
0.0107888
0.0104504
0.0101123
0.00977443
0.00943672
0.015081
0.0147119
0.0143431
0.0139744
0.0136061
0.013238
0.0128701
0.0125025
0.0121352
0.0117681
0.0114013
0.0110347
0.0106684
0.0103024
0.00993654
0.00957095
0.00920558
0.00884042
0.00847532
0.00811049
0.0138191
0.0134205
0.0130222
0.0126243
0.0122266
0.0118292
0.0114321
0.0110354
0.0106389
0.0102427
0.0098468
0.00945116
0.0090558
0.00866069
0.00826582
0.00787119
0.00747679
0.00708254
0.0066885
0.0128688
0.0124379
0.0120074
0.0115772
0.0111474
0.010718
0.0102889
0.00986015
0.00943176
0.00900371
0.00857598
0.00814856
0.00772144
0.0072946
0.00686803
0.00644172
0.00601565
0.00558976
0.00516405
0.0118583
0.0113922
0.0109265
0.0104613
0.00999657
0.00953225
0.00906838
0.00860492
0.00814188
0.00767923
0.00721697
0.00675506
0.00629351
0.00583228
0.00537135
0.00491071
0.00445036
0.0039902
0.00353021
0.0107846
0.0102801
0.00977615
0.00927278
0.00876997
0.00826772
0.00776599
0.00726479
0.00676408
0.00626385
0.00576408
0.00526475
0.00476583
0.00426729
0.00376912
0.00327128
0.00277382
0.00227654
0.00177943
0.00964454
0.00909811
0.00855241
0.00800743
0.00746316
0.00691957
0.00637664
0.00583435
0.00529267
0.00475158
0.00421104
0.00367104
0.00313152
0.00259247
0.00205385
0.00151563
0.000978158
0.000440724
-9.66235e-05
0.00843467
0.00784244
0.00725114
0.00666075
0.00607124
0.00548259
0.00489476
0.00430773
0.00372146
0.00313592
0.00255108
0.00196688
0.0013833
0.000800296
0.00021782
-0.000364147
-0.000945412
-0.00152649
-0.00210736
0.00715132
0.00650898
0.00586782
0.0052278
0.00458889
0.00395106
0.00331427
0.00267848
0.00204366
0.00140975
0.00077671
0.000144501
-0.000486929
-0.00111763
-0.00174765
-0.00237702
-0.00300649
-0.00363518
-0.00426321
0.00579036
0.0050931
0.00439733
0.00370299
0.00301004
0.00231845
0.00162815
0.00093911
0.000251269
-0.000435424
-0.00112103
-0.0018056
-0.00248919
-0.00317187
-0.00385369
-0.00453465
-0.00521515
-0.005895
-0.00657423
0.00434748
0.00358996
0.00283429
0.00208043
0.00132831
0.000577872
-0.000170935
-0.000918176
-0.00166391
-0.00240822
-0.00315115
-0.00389278
-0.00463318
-0.00537242
-0.00611054
-0.00684745
-0.00758371
-0.00831926
-0.00905407
0.00281796
0.00199423
0.00117282
0.000353654
-0.000463328
-0.0012782
-0.00209104
-0.00290191
-0.00371089
-0.00451806
-0.0053235
-0.00612727
-0.00692946
-0.00773012
-0.00852932
-0.00932661
-0.0101235
-0.0109198
-0.0117152
0.00119643
0.000299803
-0.000593956
-0.00148493
-0.00237321
-0.0032589
-0.00414208
-0.00502287
-0.00590138
-0.00677771
-0.00765199
-0.00852436
-0.00939494
-0.0102638
-0.0111309
-0.0119907
-0.012852
-0.0137141
-0.014575
-0.000522361
-0.00149922
-0.00247249
-0.00344227
-0.00440865
-0.00537174
-0.00633164
-0.00728845
-0.00824225
-0.00919316
-0.0101413
-0.0110866
-0.0120293
-0.0129695
-0.0139073
-0.014849
-0.0157861
-0.0167192
-0.0176503
-0.0023457
-0.00341131
-0.00447251
-0.00552941
-0.00658215
-0.00763085
-0.00867565
-0.00971666
-0.010754
-0.0117879
-0.0128184
-0.0138457
-0.0148699
-0.015891
-0.016909
-0.0179255
-0.0189391
-0.0199502
-0.0209589
-0.00427969
-0.00544342
-0.00660171
-0.00775471
-0.00890257
-0.0100454
-0.0111835
-0.0123168
-0.0134457
-0.0145701
-0.0156903
-0.0168064
-0.0179186
-0.0190269
-0.0201307
-0.0212326
-0.022332
-0.0234284
-0.0245217
-0.00633231
-0.00760481
-0.00887066
-0.01013
-0.0113831
-0.0126301
-0.0138712
-0.0151065
-0.0163364
-0.0175609
-0.0187802
-0.0199947
-0.0212043
-0.0224091
-0.0236044
-0.0247989
-0.0259916
-0.0271805
-0.0283655
-0.00851147
-0.00990463
-0.0112896
-0.0126667
-0.014036
-0.0153978
-0.0167522
-0.0180996
-0.01944
-0.0207737
-0.0221008
-0.0234216
-0.0247362
-0.0260446
-0.0273506
-0.0286505
-0.0299443
-0.031233
-0.0325172
-0.0108271
-0.0123546
-0.0138721
-0.01538
-0.0168785
-0.0183677
-0.019848
-0.0213196
-0.0227827
-0.0242375
-0.0256843
-0.0271232
-0.0285543
-0.029977
-0.0313967
-0.0328091
-0.0342141
-0.0356127
-0.0370056
-0.0132888
-0.014966
-0.0166312
-0.0182845
-0.0199265
-0.0215572
-0.023177
-0.0247862
-0.0263849
-0.0279735
-0.0295519
-0.0311201
-0.0326782
-0.034224
-0.0357664
-0.0373029
-0.0388311
-0.0403508
-0.0418628
-0.015908
-0.0177524
-0.0195823
-0.0213979
-0.0231997
-0.0249882
-0.0267637
-0.0285268
-0.0302781
-0.0320182
-0.0337479
-0.0354676
-0.0371769
-0.0388405
-0.0405112
-0.0421818
-0.0438432
-0.0454937
-0.0471346
-0.0186966
-0.0207276
-0.0227408
-0.0247365
-0.0267149
-0.0286764
-0.0306213
-0.0325497
-0.0344618
-0.0363576
-0.0382367
-0.0400992
-0.0419447
-0.0438145
-0.0456573
-0.0474767
-0.0492818
-0.0510759
-0.0528588
-0.0216718
-0.0239131
-0.0261328
-0.0283314
-0.0305093
-0.0326669
-0.0348047
-0.0369228
-0.0390218
-0.0411019
-0.0431631
-0.0452057
-0.0472269
-0.0492431
-0.0512453
-0.0532296
-0.055197
-0.0571491
-0.0590866
-0.0248475
-0.0273254
-0.0297773
-0.0322039
-0.0346057
-0.0369833
-0.0393374
-0.0416686
-0.0439776
-0.046265
-0.0485307
-0.0507726
-0.0529607
-0.0551525
-0.0573382
-0.0595047
-0.0616492
-0.0637738
-0.0658802
-0.0282406
-0.0309846
-0.033697
-0.0363784
-0.0390293
-0.0416501
-0.0442412
-0.0468028
-0.0493352
-0.0518384
-0.0543127
-0.0567579
-0.0592168
-0.0616375
-0.0640189
-0.066373
-0.0687056
-0.0710169
-0.0733062
-0.0318733
-0.0349193
-0.0379275
-0.0408986
-0.0438331
-0.0467318
-0.0495951
-0.0524238
-0.0552182
-0.0579783
-0.060703
-0.0633809
-0.0660495
-0.0686911
-0.0712984
-0.0738738
-0.0764203
-0.0789388
-0.0814295
-0.0357682
-0.0391568
-0.0424997
-0.0457975
-0.049051
-0.0522608
-0.0554275
-0.0585517
-0.061634
-0.0646742
-0.0676698
-0.0706197
-0.0735488
-0.0764432
-0.0792971
-0.0821125
-0.0848918
-0.0876362
-0.090346
-0.0399406
-0.043719
-0.0474422
-0.0511108
-0.0547253
-0.0582862
-0.0617938
-0.0652481
-0.0686483
-0.0719932
-0.0752733
-0.0785557
-0.0817906
-0.0849672
-0.0880923
-0.0911719
-0.0942077
-0.0972001
-0.100149
-0.0444509
-0.0486767
-0.052836
-0.0569295
-0.060958
-0.0649222
-0.0688229
-0.072661
-0.0764356
-0.0801423
-0.0837563
-0.0873553
-0.0909066
-0.0943934
-0.0978192
-0.101189
-0.104504
-0.107765
-0.110973
-0.0492474
-0.0539855
-0.0586433
-0.0632207
-0.0677179
-0.0721346
-0.0764703
-0.0807237
-0.0848922
-0.0889588
-0.0930485
-0.0970595
-0.100973
-0.104805
-0.108566
-0.11226
-0.115885
-0.119442
-0.122933
-0.0545637
-0.0598941
-0.0651276
-0.070264
-0.0753029
-0.0802434
-0.0850835
-0.0898199
-0.0944438
-0.09899
-0.103498
-0.107913
-0.112223
-0.116438
-0.120567
-0.124611
-0.12857
-0.132445
-0.136237
-0.059996
-0.0660244
-0.0719373
-0.0777335
-0.0834124
-0.0889731
-0.0944127
-0.099724
-0.104818
-0.109959
-0.115009
-0.119912
-0.124685
-0.129344
-0.133894
-0.138337
-0.142671
-0.146899
-0.151023
-0.066476
-0.0732891
-0.0799657
-0.0865026
-0.0928949
-0.0991323
-0.105198
-0.111022
-0.116923
-0.122678
-0.12823
-0.133621
-0.138879
-0.144008
-0.149005
-0.153867
-0.158596
-0.163195
-0.167665
-0.0722992
-0.0800988
-0.0877343
-0.0952046
-0.102507
-0.109632
-0.116537
-0.123419
-0.130117
-0.136547
-0.142754
-0.148783
-0.154645
-0.160335
-0.165853
-0.1712
-0.176379
-0.181393
-0.186243
0.0229665
0.0228994
0.0228325
0.0227658
0.0226994
0.0226333
0.0229326
0.0228645
0.0227966
0.022729
0.0226617
0.0225946
0.0228652
0.0227957
0.0227264
0.0226573
0.0225885
0.0225199
0.0227669
0.0226952
0.0226238
0.0225526
0.0224817
0.0224111
0.022637
0.0225626
0.0224884
0.0224146
0.022341
0.0222677
0.0224762
0.0223985
0.0223211
0.022244
0.0221671
0.0220905
0.0222837
0.0222021
0.0221208
0.0220398
0.0219591
0.0218786
0.0220592
0.0219731
0.0218873
0.0218018
0.0217166
0.0216317
0.0218013
0.0217101
0.0216192
0.0215286
0.0214383
0.0213483
0.021509
0.0214121
0.0213154
0.0212191
0.0211231
0.0210274
0.0211807
0.0210774
0.0209743
0.0208716
0.0207692
0.0206671
0.0208148
0.0207044
0.0205942
0.0204844
0.0203749
0.0202657
0.0204094
0.0202911
0.0201732
0.0200555
0.0199382
0.0198212
0.0199624
0.0198355
0.019709
0.0195827
0.0194568
0.0193312
0.0194716
0.0193354
0.0191994
0.0190637
0.0189284
0.0187934
0.0189347
0.0187881
0.0186419
0.018496
0.0183504
0.0182051
0.0183489
0.0181911
0.0180337
0.0178766
0.0177198
0.0175633
0.0177116
0.0175417
0.0173721
0.0172028
0.0170338
0.0168651
0.0170198
0.0168367
0.0166539
0.0164713
0.0162891
0.0161072
0.0162705
0.016073
0.0158758
0.0156789
0.0154823
0.015286
0.0154601
0.0152471
0.0150344
0.0148219
0.0146097
0.0143978
0.0145853
0.0143554
0.0141258
0.0138965
0.0136674
0.0134386
0.0136421
0.013394
0.0131461
0.0128985
0.0126511
0.012404
0.0126265
0.0123586
0.012091
0.0118235
0.0115564
0.0112894
0.011534
0.0112447
0.0109557
0.0106669
0.0103783
0.0100898
0.0103599
0.0100475
0.00973534
0.00942335
0.00911153
0.00879988
0.00909915
0.00876176
0.00842454
0.00808749
0.00775058
0.0074138
0.00774589
0.00738147
0.00701719
0.00665304
0.006289
0.00592506
0.00629464
0.00590093
0.00550735
0.00511388
0.00472049
0.00432717
0.00473851
0.00431312
0.00388784
0.00346266
0.00303753
0.00261244
0.0030704
0.00261074
0.00215118
0.0016917
0.00123226
0.000772828
0.00128251
0.000785747
0.000289105
-0.000207467
-0.000704011
-0.00120057
-0.000633764
-0.00117069
-0.00170747
-0.00224417
-0.00278084
-0.00331754
-0.00268797
-0.00326834
-0.00384853
-0.00442862
-0.00500866
-0.00558873
-0.00489084
-0.00551821
-0.00614537
-0.00677239
-0.00739933
-0.00802626
-0.00725298
-0.00793133
-0.00860938
-0.0092872
-0.00996487
-0.0106425
-0.00978822
-0.0105218
-0.0112549
-0.0119877
-0.0127202
-0.0134526
-0.0125095
-0.0133031
-0.0140959
-0.0148883
-0.0156802
-0.0164718
-0.0154346
-0.0162929
-0.0171504
-0.0180071
-0.0188632
-0.0197187
-0.0185802
-0.0195089
-0.0204364
-0.0213628
-0.0222882
-0.0232129
-0.0219658
-0.0229708
-0.0239742
-0.0249761
-0.0259766
-0.026976
-0.0256123
-0.0267004
-0.0277863
-0.0288701
-0.029952
-0.0310322
-0.0295469
-0.0307251
-0.0319002
-0.0330727
-0.0342425
-0.03541
-0.0337971
-0.035073
-0.0363449
-0.0376132
-0.0388781
-0.0401399
-0.038393
-0.0397751
-0.0411522
-0.0425245
-0.0438923
-0.0452559
-0.0433677
-0.0448658
-0.0463574
-0.0478427
-0.0493221
-0.0507958
-0.0487667
-0.0503902
-0.0520055
-0.0536129
-0.0552126
-0.056805
-0.0546305
-0.0563911
-0.058141
-0.0598808
-0.0616107
-0.0633312
-0.0610101
-0.0629197
-0.064816
-0.0666992
-0.0685699
-0.0704285
-0.0679689
-0.0700402
-0.0720947
-0.0741327
-0.0761549
-0.0781617
-0.0755735
-0.0778193
-0.0800443
-0.082249
-0.0844339
-0.0865994
-0.0838927
-0.0863292
-0.0887395
-0.0911243
-0.0934842
-0.0958198
-0.0930217
-0.0956641
-0.098274
-0.100852
-0.103399
-0.105915
-0.103056
-0.105921
-0.108746
-0.111531
-0.114277
-0.116985
-0.114128
-0.117232
-0.120286
-0.12329
-0.126245
-0.129153
-0.126358
-0.129719
-0.133017
-0.136253
-0.139429
-0.142546
-0.139947
-0.143579
-0.147132
-0.150609
-0.15401
-0.157339
-0.155044
-0.158966
-0.162789
-0.166516
-0.17015
-0.173692
-0.172008
-0.176226
-0.180321
-0.184297
-0.188155
-0.191898
-0.190933
-0.195465
-0.199842
-0.204068
-0.208146
-0.212079
)
;

boundaryField
{
    inlet
    {
        type            zeroGradient;
    }
    outlet
    {
        type            fixedValue;
        value           nonuniform 0();
    }
    cylinder
    {
        type            zeroGradient;
    }
    top
    {
        type            symmetryPlane;
    }
    bottom
    {
        type            symmetryPlane;
    }
    frontAndBack
    {
        type            empty;
    }
    procBoundary2to1
    {
        type            processor;
        value           nonuniform List<scalar> 
205
(
-0.13735
-0.13735
-0.142486
-0.163594
-0.142486
-0.147263
-0.163594
-0.169721
-0.169721
-0.17644
-0.17644
-0.183827
-0.183827
-0.191985
-0.191985
-0.201009
-0.201009
-0.210988
-0.210988
-0.221981
-0.221981
-0.233959
-0.233959
-0.246708
-0.246708
-0.259673
-0.259673
-0.271765
-0.271765
-0.248921
-0.257184
-0.257184
-0.260365
-0.260365
-0.234849
-0.229172
-0.229172
-0.213479
-0.213479
-0.185869
-0.158101
-0.057934
-0.0837679
-0.10903
-0.10903
-0.124428
-0.124428
-0.131279
-0.15459
-0.15459
-0.153765
-0.153765
-0.148508
-0.148508
-0.140922
-0.160677
-0.160677
-0.151124
-0.151124
-0.141671
-0.141671
-0.132811
-0.132811
-0.124742
-0.124742
-0.117498
-0.117498
-0.111032
-0.111032
-0.105267
-0.105267
-0.100119
-0.100119
-0.0955003
-0.0955003
-0.091339
-0.091339
-0.0777771
-0.0747368
-0.0747368
-0.0712891
-0.0712891
-0.128569
-0.121473
-0.113841
-0.107222
-0.100762
-0.0948052
-0.0891539
-0.0838345
-0.0787941
-0.0740123
-0.0694627
-0.0651264
-0.0609844
-0.0570224
-0.0532287
-0.0495931
-0.0461077
-0.0427657
-0.0395616
-0.0364909
-0.0335495
-0.0307341
-0.0280416
-0.0254693
-0.0230147
-0.0206752
-0.0184484
-0.0163318
-0.0143227
-0.0124185
-0.0106167
-0.00891426
-0.00730844
-0.00579625
-0.00437466
-0.0030406
-0.00179093
-0.000622494
0.000467881
0.00148334
0.00242712
0.00330233
0.00411205
0.00485932
0.00554709
0.00617822
0.00675548
0.0072815
0.0072815
0.00784195
0.00826659
0.00864758
0.00898682
0.00928603
0.00954654
0.00976963
0.00995581
0.0101059
0.0102191
0.0102961
0.0103331
0.0244942
0.0244801
0.024445
0.0243934
0.0243234
0.0241545
0.0241545
0.0240446
0.0239155
0.0237661
0.0235958
0.0234033
0.0231877
0.0229477
0.0226821
0.0223895
0.0220685
0.0217178
0.0213359
0.0209212
0.0204723
0.0199875
0.0194653
0.018904
0.0183019
0.0176574
0.0169685
0.0162335
0.0154504
0.014218
0.014218
0.0133001
0.0123249
0.0112897
0.0101917
0.00902786
0.00779486
0.00648913
0.0051069
0.00364407
0.00209602
0.000458185
-0.00127555
-0.00311038
-0.00505298
-0.00710994
-0.00928938
-0.0115992
-0.0140486
-0.0166473
-0.0194085
-0.0223433
-0.0254647
-0.0287888
-0.0323333
-0.0361065
-0.0401581
-0.0444289
-0.0491366
-0.0538532
-0.0595283
-0.0643371
)
;
    }
    procBoundary2to3
    {
        type            processor;
        value           nonuniform List<scalar> 
173
(
-0.611517
-0.602635
-0.595919
-0.59524
-0.59524
-0.58702
-0.583299
-0.583299
-0.571936
-0.558721
-0.546046
-0.546046
-0.527997
-0.50854
-0.488178
-0.465711
-0.465711
-0.444336
-0.423443
-0.399738
-0.399738
-0.37999
-0.361113
-0.343093
-0.321524
-0.321524
-0.234672
-0.302472
-0.285365
-0.268947
-0.234672
-0.253234
-0.376889
-0.358877
-0.340788
-0.302472
-0.322916
-0.425168
-0.410531
-0.376889
-0.394638
-0.456071
-0.446582
-0.425168
-0.435734
-0.467142
-0.456071
-0.459976
-0.48208
-0.474507
-0.467142
-0.46867
-0.299763
-0.276175
-0.254672
-0.235131
-0.217244
-0.200836
-0.185725
-0.171788
-0.158897
-0.146956
-0.135876
-0.12558
-0.116002
-0.107082
-0.0987659
-0.09101
-0.0837708
-0.0770107
-0.0770107
-0.0718714
-0.0658654
-0.0602551
-0.055014
-0.0501178
-0.0455443
-0.041273
-0.0372846
-0.0335615
-0.0300873
-0.0268465
-0.0238248
-0.0210089
-0.0183861
-0.0159448
-0.0136739
-0.0115631
-0.0096028
-0.00778385
-0.00609774
-0.00453641
-0.00309249
-0.00175862
-0.00052838
0.000604535
0.00164592
0.0026012
0.00347547
0.00427341
0.00499937
0.00565734
0.00625094
0.00678346
0.00725773
0.00767632
0.00804119
0.00835411
0.00861595
0.00882759
0.00898849
0.00909829
0.00915498
0.0225674
0.0225277
0.0224517
0.0223407
0.0221947
0.0220142
0.0217985
0.0215471
0.0212587
0.020932
0.0205653
0.0201569
0.0197045
0.019206
0.0186588
0.0180602
0.0174072
0.0166968
0.0159256
0.01509
0.0141862
0.0132101
0.0121571
0.0110227
0.0098016
0.00848839
0.00707714
0.0055612
0.00393389
0.00218735
0.000313361
-0.00169719
-0.00385432
-0.00616888
-0.00865326
-0.0113201
-0.0141849
-0.0172632
-0.0205739
-0.0241369
-0.0279744
-0.0321109
-0.0365754
-0.0413987
-0.0466155
-0.0522643
-0.0583905
-0.0650426
-0.0722754
-0.0801535
-0.088746
-0.0981315
-0.108402
-0.119655
-0.132015
-0.145605
-0.160595
-0.177144
-0.195529
-0.215872
)
;
    }
}


// ************************************************************************* //
