/*--------------------------------*- C++ -*----------------------------------*\
  =========                 |
  \\      /  F ield         | OpenFOAM: The Open Source CFD Toolbox
   \\    /   O peration     | Website:  https://openfoam.org
    \\  /    A nd           | Version:  7
     \\/     M anipulation  |
\*---------------------------------------------------------------------------*/
FoamFile
{
    version     2.0;
    format      ascii;
    class       volScalarField;
    location    "220";
    object      p;
}
// * * * * * * * * * * * * * * * * * * * * * * * * * * * * * * * * * * * * * //

dimensions      [0 2 -2 0 0 0 0];

internalField   nonuniform List<scalar> 
4575
(
-0.408845
-0.409167
-0.409552
-0.410099
-0.410881
-0.411953
-0.413351
-0.4151
-0.41722
-0.419733
-0.422664
-0.426045
-0.429915
-0.43432
-0.439323
-0.44487
-0.450991
-0.40563
-0.405989
-0.406383
-0.406907
-0.407636
-0.408618
-0.409888
-0.411464
-0.413365
-0.415605
-0.418205
-0.421191
-0.424592
-0.428447
-0.432814
-0.437616
-0.442891
-0.402395
-0.402789
-0.403188
-0.403688
-0.404359
-0.405248
-0.406383
-0.407782
-0.409454
-0.411412
-0.413669
-0.416243
-0.419157
-0.422441
-0.426144
-0.43017
-0.434556
-0.399158
-0.399583
-0.399986
-0.400459
-0.40107
-0.401862
-0.40286
-0.404075
-0.405514
-0.407181
-0.409085
-0.411236
-0.413648
-0.416344
-0.419365
-0.422589
-0.426054
-0.395935
-0.39639
-0.396794
-0.397239
-0.397788
-0.398481
-0.399338
-0.400367
-0.401568
-0.40294
-0.404484
-0.406204
-0.408104
-0.4102
-0.412524
-0.41493
-0.417451
-0.392743
-0.393226
-0.39363
-0.394046
-0.394532
-0.395125
-0.39584
-0.396681
-0.397641
-0.398715
-0.399895
-0.401179
-0.402562
-0.404051
-0.405671
-0.407249
-0.408812
-0.389598
-0.390108
-0.390512
-0.390897
-0.39132
-0.391813
-0.392386
-0.393038
-0.393757
-0.394532
-0.395348
-0.396193
-0.397056
-0.397936
-0.398852
-0.3996
-0.400202
-0.386519
-0.387053
-0.387455
-0.387809
-0.38817
-0.388563
-0.388995
-0.389459
-0.389939
-0.390415
-0.390867
-0.391276
-0.391621
-0.391893
-0.39211
-0.392034
-0.39168
-0.384077
-0.384476
-0.384801
-0.385099
-0.385393
-0.385686
-0.385964
-0.386207
-0.386387
-0.386479
-0.386455
-0.386287
-0.385959
-0.385485
-0.384598
-0.383303
-0.381196
-0.381592
-0.381886
-0.382123
-0.382321
-0.382477
-0.382573
-0.382581
-0.38247
-0.382206
-0.381756
-0.381082
-0.380164
-0.379014
-0.377335
-0.375119
-0.378425
-0.378817
-0.379082
-0.379259
-0.379362
-0.379384
-0.3793
-0.379079
-0.378683
-0.37807
-0.377201
-0.376032
-0.374536
-0.372728
-0.370281
-0.367175
-0.375778
-0.376166
-0.376401
-0.37652
-0.376531
-0.376422
-0.376164
-0.375719
-0.375043
-0.37409
-0.372811
-0.371159
-0.369102
-0.366656
-0.36347
-0.359507
-0.373269
-0.373652
-0.373858
-0.37392
-0.373842
-0.373605
-0.373178
-0.372515
-0.371567
-0.370282
-0.368605
-0.366483
-0.363881
-0.360821
-0.356928
-0.352147
-0.370909
-0.371286
-0.371465
-0.371472
-0.371306
-0.370947
-0.370355
-0.369481
-0.36827
-0.366662
-0.364599
-0.362022
-0.358893
-0.355242
-0.350677
-0.345117
-0.36871
-0.369081
-0.369232
-0.369186
-0.368937
-0.368459
-0.367708
-0.36663
-0.365164
-0.363244
-0.360808
-0.357789
-0.354153
-0.349935
-0.344732
-0.338437
-0.366683
-0.367046
-0.36717
-0.367072
-0.366743
-0.366151
-0.365248
-0.363974
-0.362262
-0.360041
-0.357243
-0.353799
-0.349673
-0.344912
-0.339105
-0.332116
-0.365191
-0.365288
-0.36514
-0.364734
-0.364033
-0.362984
-0.361521
-0.359573
-0.357063
-0.353917
-0.350063
-0.345464
-0.340183
-0.333805
-0.32616
-0.363522
-0.363593
-0.363398
-0.362918
-0.362113
-0.360925
-0.359283
-0.357109
-0.354321
-0.35084
-0.346591
-0.341536
-0.335755
-0.328837
-0.320568
-0.362046
-0.362091
-0.36185
-0.361301
-0.360398
-0.359078
-0.357266
-0.354878
-0.351825
-0.348022
-0.343392
-0.337897
-0.331634
-0.324203
-0.315335
-0.360767
-0.360787
-0.360504
-0.359889
-0.358893
-0.35745
-0.355478
-0.352886
-0.349581
-0.345472
-0.340476
-0.334555
-0.327825
-0.319905
-0.31045
-0.359685
-0.359361
-0.358685
-0.357604
-0.356045
-0.353923
-0.351141
-0.347599
-0.343198
-0.337851
-0.331518
-0.324333
-0.315945
-0.305899
-0.358786
-0.358423
-0.357691
-0.356531
-0.354866
-0.352606
-0.349648
-0.345883
-0.341207
-0.335525
-0.328792
-0.321162
-0.312323
-0.301665
-0.358089
-0.357691
-0.356908
-0.355676
-0.353915
-0.351529
-0.348408
-0.344438
-0.339504
-0.333505
-0.326385
-0.318317
-0.309045
-0.297729
-0.357593
-0.357163
-0.356333
-0.355037
-0.353189
-0.35069
-0.347422
-0.343264
-0.338092
-0.331794
-0.324302
-0.315801
-0.306114
-0.294059
-0.356834
-0.355962
-0.354609
-0.352686
-0.350085
-0.346687
-0.342359
-0.33697
-0.330394
-0.322546
-0.313616
-0.303527
-0.290571
-0.356698
-0.355789
-0.354386
-0.352396
-0.349709
-0.346196
-0.341718
-0.336133
-0.329303
-0.321118
-0.311766
-0.301296
-0.287165
-0.356747
-0.355805
-0.354359
-0.352312
-0.349549
-0.345937
-0.341329
-0.33557
-0.328511
-0.320015
-0.310263
-0.299476
-0.284063
-0.355999
-0.354515
-0.352419
-0.349592
-0.345895
-0.341175
-0.335266
-0.328005
-0.319228
-0.309096
-0.297987
-0.281658
-0.356357
-0.35484
-0.352701
-0.349819
-0.346051
-0.341235
-0.335197
-0.327758
-0.318733
-0.308239
-0.296611
-0.279692
-0.356865
-0.355316
-0.35314
-0.35021
-0.34638
-0.341482
-0.335334
-0.327743
-0.318501
-0.307693
-0.295611
-0.277884
-0.355925
-0.353713
-0.350741
-0.346857
-0.341888
-0.335645
-0.327924
-0.318493
-0.307397
-0.294973
-0.276265
-0.356646
-0.3544
-0.351386
-0.347452
-0.34242
-0.336093
-0.32826
-0.318667
-0.307308
-0.294625
-0.274858
-0.355176
-0.35212
-0.348137
-0.343045
-0.336642
-0.328711
-0.318978
-0.307385
-0.294506
-0.273663
-0.35602
-0.352919
-0.348884
-0.343733
-0.337259
-0.32924
-0.319387
-0.307588
-0.294556
-0.272679
-0.35691
-0.353758
-0.349668
-0.344456
-0.337913
-0.329815
-0.319859
-0.307893
-0.294725
-0.271936
-0.354616
-0.350467
-0.345191
-0.338581
-0.330413
-0.320369
-0.308287
-0.294978
-0.271503
-0.355477
-0.351261
-0.34592
-0.339246
-0.33102
-0.320906
-0.308774
-0.295242
-0.271326
-0.352038
-0.34663
-0.339898
-0.331636
-0.321486
-0.30941
-0.29538
-0.270942
-0.352789
-0.347312
-0.340534
-0.332268
-0.322167
-0.310366
-0.295549
-0.27053
-0.347962
-0.341148
-0.332916
-0.322978
-0.311789
-0.296844
-0.275625
-0.348575
-0.341732
-0.33356
-0.323848
-0.313406
-0.299891
-0.29634
-0.342275
-0.334164
-0.324677
-0.314896
-0.302402
-0.302504
-0.334699
-0.325389
-0.31603
-0.304104
-0.304284
-0.335143
-0.325942
-0.316785
-0.305177
-0.304472
-0.326315
-0.317183
-0.305701
-0.303598
-0.317253
-0.305758
-0.30208
-0.317035
-0.305436
-0.300214
-0.304811
-0.298179
-0.296078
-0.423763
-0.432818
-0.428357
-0.441888
-0.435873
-0.43309
-0.443862
-0.438805
-0.437919
-0.447541
-0.445661
-0.441557
-0.442747
-0.449523
-0.448211
-0.44725
-0.444054
-0.447389
-0.449428
-0.448755
-0.44859
-0.44621
-0.451504
-0.449283
-0.449313
-0.449196
-0.449644
-0.447921
-0.454612
-0.448673
-0.448757
-0.449213
-0.449579
-0.450394
-0.449036
-0.454774
-0.447937
-0.448337
-0.449171
-0.449973
-0.450952
-0.449857
-0.443981
-0.447303
-0.447365
-0.448055
-0.449233
-0.450456
-0.45152
-0.451581
-0.442775
-0.446698
-0.446977
-0.447937
-0.449439
-0.451107
-0.452404
-0.453995
-0.44563
-0.446596
-0.446299
-0.446785
-0.448002
-0.449816
-0.451938
-0.453602
-0.45646
-0.448717
-0.446229
-0.446107
-0.446797
-0.448262
-0.450377
-0.452933
-0.455023
-0.458837
-0.451754
-0.446791
-0.446064
-0.446123
-0.447016
-0.44872
-0.451125
-0.454083
-0.456632
-0.461217
-0.455106
-0.446643
-0.446091
-0.446338
-0.447437
-0.449376
-0.452061
-0.455391
-0.458421
-0.463648
-0.458867
-0.447732
-0.446663
-0.446299
-0.446742
-0.44805
-0.450223
-0.453182
-0.456857
-0.460375
-0.466126
-0.462728
-0.447713
-0.446834
-0.446669
-0.447319
-0.448843
-0.451249
-0.454478
-0.458476
-0.462473
-0.468651
-0.466722
-0.447814
-0.447138
-0.447183
-0.448048
-0.449795
-0.452438
-0.455932
-0.460237
-0.464699
-0.471239
-0.470792
-0.449083
-0.448016
-0.447552
-0.447818
-0.448909
-0.450885
-0.453768
-0.457525
-0.462126
-0.467033
-0.473899
-0.474883
-0.449154
-0.448297
-0.448055
-0.44855
-0.449874
-0.452086
-0.455212
-0.459231
-0.464121
-0.469453
-0.476624
-0.478951
-0.449277
-0.448635
-0.448623
-0.449353
-0.450916
-0.45337
-0.456742
-0.461022
-0.466196
-0.471931
-0.479395
-0.482947
-0.450365
-0.449431
-0.449009
-0.44923
-0.450201
-0.452007
-0.454706
-0.458325
-0.462866
-0.468318
-0.474436
-0.482185
-0.486832
-0.450327
-0.449595
-0.449396
-0.449853
-0.451066
-0.453117
-0.456061
-0.459928
-0.464727
-0.470453
-0.476932
-0.484962
-0.49057
-0.450279
-0.44975
-0.449774
-0.450466
-0.451921
-0.454216
-0.457403
-0.461517
-0.466569
-0.472564
-0.479383
-0.487688
-0.494132
-0.450976
-0.450203
-0.449877
-0.450121
-0.451044
-0.452738
-0.455273
-0.4587
-0.463055
-0.468356
-0.474612
-0.481752
-0.490323
-0.497494
-0.45068
-0.450082
-0.449954
-0.450414
-0.451565
-0.453491
-0.456259
-0.459919
-0.464508
-0.47005
-0.476558
-0.483999
-0.492828
-0.500628
-0.450327
-0.449899
-0.449965
-0.450634
-0.452003
-0.454152
-0.457145
-0.461029
-0.465842
-0.471614
-0.478363
-0.486085
-0.495162
-0.503509
-0.449899
-0.449638
-0.449889
-0.450759
-0.452337
-0.454698
-0.457903
-0.461999
-0.467025
-0.473013
-0.479989
-0.487974
-0.497283
-0.50611
-0.449908
-0.449385
-0.449282
-0.449711
-0.45077
-0.452544
-0.455104
-0.458507
-0.4628
-0.468024
-0.474214
-0.481402
-0.489627
-0.499154
-0.508404
-0.44916
-0.448769
-0.448818
-0.449413
-0.450649
-0.452605
-0.455349
-0.458934
-0.463407
-0.46881
-0.475185
-0.482566
-0.491009
-0.500736
-0.51036
-0.448305
-0.448039
-0.448231
-0.448981
-0.45038
-0.452502
-0.455411
-0.459159
-0.463793
-0.469357
-0.475896
-0.483449
-0.492087
-0.501992
-0.511946
-0.447331
-0.447184
-0.447508
-0.4484
-0.449946
-0.452217
-0.455273
-0.459164
-0.463938
-0.46964
-0.47632
-0.484022
-0.492827
-0.502887
-0.51313
-0.446647
-0.446229
-0.446193
-0.446639
-0.447659
-0.449336
-0.451736
-0.454918
-0.45893
-0.46382
-0.469637
-0.476433
-0.484257
-0.493201
-0.503387
-0.513878
-0.445314
-0.44499
-0.445058
-0.445613
-0.446747
-0.448537
-0.451047
-0.454333
-0.458443
-0.463424
-0.469329
-0.476213
-0.48413
-0.493179
-0.503459
-0.514156
-0.443844
-0.443609
-0.44377
-0.444423
-0.445655
-0.44754
-0.45014
-0.453506
-0.457689
-0.462736
-0.468701
-0.475642
-0.48362
-0.492738
-0.503076
-0.513932
-0.442231
-0.442079
-0.442326
-0.443064
-0.444378
-0.446339
-0.449006
-0.45243
-0.45666
-0.461744
-0.467739
-0.474705
-0.482708
-0.491855
-0.502211
-0.513175
-0.440472
-0.440398
-0.440719
-0.441529
-0.442909
-0.444928
-0.447641
-0.451099
-0.455349
-0.460442
-0.466434
-0.473391
-0.48138
-0.490513
-0.500842
-0.511858
-0.438566
-0.438562
-0.43895
-0.439819
-0.441249
-0.443305
-0.446043
-0.44951
-0.453754
-0.458825
-0.464782
-0.471693
-0.479627
-0.4887
-0.498951
-0.509958
-0.436512
-0.436574
-0.437017
-0.437932
-0.439396
-0.441472
-0.444212
-0.447664
-0.451874
-0.456893
-0.462781
-0.469607
-0.477443
-0.486405
-0.496527
-0.507461
-0.434314
-0.434433
-0.434923
-0.435871
-0.437353
-0.43943
-0.442152
-0.445565
-0.449713
-0.45465
-0.460434
-0.467135
-0.474829
-0.483626
-0.493563
-0.504354
-0.432064
-0.431973
-0.432145
-0.432672
-0.433641
-0.435126
-0.437186
-0.439869
-0.443218
-0.447278
-0.452101
-0.457747
-0.464284
-0.471787
-0.480368
-0.490062
-0.500622
-0.429524
-0.429498
-0.429715
-0.430269
-0.431248
-0.432722
-0.434747
-0.437371
-0.440634
-0.44458
-0.449259
-0.45473
-0.461062
-0.46833
-0.476642
-0.486037
-0.496265
-0.426859
-0.426893
-0.42715
-0.427724
-0.428701
-0.43015
-0.432125
-0.434669
-0.437824
-0.44163
-0.446135
-0.451399
-0.457486
-0.464472
-0.472461
-0.481473
-0.491353
-0.424078
-0.424169
-0.424459
-0.425045
-0.42601
-0.427421
-0.42933
-0.431778
-0.434804
-0.438445
-0.442749
-0.447771
-0.453574
-0.460233
-0.467845
-0.476417
-0.485862
-0.421192
-0.421336
-0.421654
-0.422244
-0.423187
-0.424549
-0.426378
-0.428714
-0.43159
-0.435044
-0.439119
-0.443868
-0.44935
-0.455636
-0.462819
-0.470894
-0.479817
-0.418212
-0.418405
-0.418747
-0.419334
-0.420247
-0.421549
-0.423286
-0.425494
-0.428203
-0.431449
-0.43527
-0.439715
-0.444841
-0.450712
-0.457415
-0.464935
-0.473259
-0.415151
-0.41539
-0.415751
-0.416329
-0.417205
-0.418438
-0.420071
-0.422137
-0.424664
-0.427681
-0.431225
-0.43534
-0.440076
-0.445493
-0.45167
-0.458581
-0.466234
-0.412024
-0.412306
-0.412681
-0.413245
-0.414077
-0.415233
-0.416753
-0.418665
-0.420995
-0.423767
-0.427014
-0.430773
-0.435089
-0.440015
-0.445624
-0.451876
-0.458792
-0.467966
-0.488805
-0.51089
-0.514486
-0.499595
-0.45772
-0.402713
-0.345798
-0.303027
-0.279481
-0.458067
-0.476728
-0.496787
-0.499201
-0.484693
-0.444789
-0.393069
-0.339968
-0.300838
-0.280905
-0.447939
-0.464274
-0.482243
-0.483384
-0.469247
-0.431315
-0.382898
-0.333607
-0.298174
-0.281904
-0.437668
-0.451536
-0.467357
-0.46713
-0.453331
-0.417348
-0.372227
-0.326736
-0.295045
-0.282469
-0.427341
-0.438609
-0.452233
-0.450536
-0.437025
-0.402949
-0.361092
-0.319382
-0.291465
-0.282596
-0.417044
-0.42559
-0.436977
-0.433708
-0.420417
-0.388184
-0.349539
-0.311589
-0.287455
-0.282287
-0.406857
-0.412574
-0.421699
-0.416757
-0.403605
-0.373131
-0.337626
-0.303418
-0.283027
-0.28155
-0.396857
-0.399652
-0.406505
-0.399793
-0.386688
-0.357872
-0.325416
-0.294916
-0.278225
-0.280397
-0.387113
-0.386911
-0.391498
-0.38293
-0.369772
-0.342499
-0.312983
-0.28613
-0.273105
-0.278844
-0.377686
-0.37443
-0.376776
-0.36628
-0.352966
-0.32711
-0.300405
-0.277126
-0.267709
-0.27691
-0.368631
-0.362284
-0.362432
-0.349949
-0.336377
-0.311802
-0.287766
-0.267977
-0.262082
-0.274618
-0.359994
-0.350536
-0.348541
-0.334041
-0.320111
-0.296678
-0.27515
-0.258756
-0.256269
-0.271993
-0.351811
-0.33924
-0.335165
-0.318647
-0.304269
-0.281836
-0.262633
-0.249538
-0.250317
-0.269062
-0.344112
-0.328442
-0.32236
-0.303853
-0.288942
-0.267371
-0.250299
-0.24039
-0.244274
-0.265854
-0.33692
-0.318182
-0.310182
-0.289731
-0.274215
-0.253372
-0.23847
-0.231148
-0.238185
-0.262398
-0.33025
-0.30849
-0.298688
-0.276342
-0.260157
-0.239911
-0.22696
-0.222137
-0.232091
-0.258722
-0.324115
-0.299389
-0.287908
-0.263734
-0.246826
-0.227046
-0.215844
-0.213402
-0.226028
-0.254857
-0.31852
-0.290895
-0.277851
-0.251941
-0.234262
-0.214818
-0.205208
-0.204959
-0.22003
-0.250831
-0.313471
-0.283019
-0.268525
-0.240985
-0.222492
-0.203294
-0.195091
-0.19684
-0.214126
-0.24667
-0.308966
-0.275767
-0.259934
-0.230878
-0.211517
-0.19265
-0.185412
-0.18907
-0.208338
-0.242402
-0.305006
-0.269142
-0.252075
-0.22162
-0.20132
-0.182765
-0.176348
-0.181669
-0.202688
-0.23805
-0.301586
-0.263143
-0.244938
-0.213197
-0.191912
-0.173647
-0.167895
-0.174646
-0.197188
-0.233637
-0.298699
-0.257766
-0.2385
-0.20556
-0.183543
-0.165091
-0.160031
-0.168007
-0.191851
-0.229183
-0.296334
-0.253008
-0.232723
-0.198657
-0.175961
-0.157329
-0.152753
-0.161754
-0.186682
-0.224708
-0.294497
-0.248851
-0.227549
-0.192625
-0.16911
-0.150329
-0.146049
-0.155881
-0.181688
-0.220228
-0.293207
-0.245205
-0.222982
-0.18743
-0.162986
-0.144039
-0.139907
-0.150383
-0.176871
-0.215761
-0.264269
-0.292338
-0.242017
-0.219497
-0.182548
-0.157587
-0.138425
-0.13431
-0.145248
-0.172233
-0.211321
-0.259597
-0.291547
-0.239835
-0.216258
-0.178568
-0.152873
-0.133459
-0.129238
-0.140468
-0.167774
-0.20692
-0.254863
-0.291151
-0.238141
-0.213621
-0.177763
-0.148828
-0.129115
-0.124672
-0.13603
-0.163495
-0.202571
-0.250087
-0.291096
-0.236943
-0.211493
-0.174353
-0.145398
-0.125366
-0.120595
-0.131925
-0.159397
-0.198286
-0.245291
-0.291291
-0.23627
-0.209849
-0.171507
-0.142596
-0.122188
-0.116991
-0.128145
-0.155479
-0.194073
-0.240492
-0.291652
-0.236097
-0.208717
-0.169791
-0.140398
-0.119563
-0.113847
-0.124681
-0.151742
-0.189942
-0.235705
-0.292084
-0.236385
-0.208084
-0.168825
-0.138774
-0.117479
-0.111153
-0.12153
-0.148187
-0.1859
-0.230942
-0.292474
-0.237093
-0.207908
-0.168434
-0.137719
-0.115927
-0.108905
-0.118687
-0.144815
-0.181951
-0.226211
-0.292694
-0.238164
-0.208143
-0.168585
-0.13724
-0.1149
-0.1071
-0.116155
-0.141628
-0.1781
-0.22152
-0.292584
-0.239502
-0.208724
-0.169234
-0.137343
-0.114376
-0.105731
-0.113941
-0.138641
-0.174367
-0.216895
-0.291995
-0.241001
-0.209586
-0.170306
-0.138009
-0.114327
-0.104793
-0.11204
-0.135848
-0.17075
-0.212342
-0.290988
-0.242806
-0.210917
-0.171927
-0.139281
-0.11487
-0.10435
-0.110419
-0.133131
-0.167068
-0.207632
-0.251068
-0.2894
-0.245047
-0.212942
-0.174391
-0.142057
-0.116241
-0.104548
-0.109187
-0.130505
-0.163233
-0.202588
-0.244848
-0.284416
-0.245261
-0.213458
-0.17576
-0.144839
-0.117305
-0.104982
-0.108916
-0.12933
-0.161105
-0.199418
-0.240651
-0.26565
-0.23901
-0.208533
-0.171649
-0.138852
-0.114553
-0.103273
-0.108164
-0.129521
-0.161761
-0.199868
-0.240857
-0.252907
-0.228912
-0.201124
-0.16795
-0.138908
-0.117745
-0.108154
-0.113086
-0.132753
-0.162118
-0.195863
-0.230819
-0.240861
-0.219143
-0.193869
-0.164973
-0.139587
-0.121591
-0.113803
-0.118604
-0.136002
-0.161677
-0.190773
-0.22021
-0.229899
-0.209778
-0.186716
-0.162117
-0.140538
-0.125356
-0.118928
-0.123125
-0.137887
-0.159676
-0.18421
-0.208149
-0.218344
-0.20036
-0.17951
-0.158828
-0.140877
-0.128182
-0.122743
-0.126038
-0.137995
-0.155814
-0.175796
-0.194666
-0.206153
-0.190723
-0.172174
-0.154853
-0.140123
-0.129571
-0.124838
-0.127117
-0.136352
-0.150408
-0.166116
-0.180614
-0.193636
-0.180884
-0.164695
-0.150191
-0.13817
-0.129428
-0.125221
-0.126527
-0.133332
-0.144055
-0.156023
-0.166809
-0.181114
-0.170935
-0.157079
-0.144937
-0.135134
-0.127906
-0.124126
-0.124597
-0.129355
-0.137184
-0.14604
-0.153792
-0.168847
-0.160989
-0.149344
-0.139206
-0.131202
-0.125233
-0.121831
-0.121641
-0.12474
-0.130224
-0.136482
-0.141797
-0.156994
-0.151142
-0.14152
-0.133101
-0.126565
-0.121639
-0.118587
-0.117905
-0.119694
-0.123298
-0.127477
-0.130843
-0.145639
-0.141473
-0.133649
-0.126714
-0.121389
-0.11733
-0.114606
-0.113579
-0.114363
-0.116495
-0.119029
-0.120848
-0.134817
-0.132044
-0.125781
-0.120127
-0.115812
-0.112478
-0.110062
-0.108813
-0.108846
-0.109846
-0.111093
-0.111703
-0.124534
-0.122897
-0.117967
-0.113416
-0.109952
-0.107228
-0.105099
-0.103725
-0.103215
-0.103358
-0.103616
-0.103296
-0.114786
-0.114065
-0.110259
-0.10665
-0.103906
-0.101702
-0.0998396
-0.0984151
-0.0975251
-0.0970359
-0.0965508
-0.0955299
-0.105561
-0.10557
-0.102704
-0.099893
-0.09776
-0.095999
-0.094386
-0.0929662
-0.0918254
-0.0908849
-0.0898557
-0.0883221
-0.096846
-0.0974293
-0.0953413
-0.0932024
-0.0915859
-0.0902057
-0.0888241
-0.0874495
-0.0861588
-0.0849107
-0.0834985
-0.0816054
-0.0886244
-0.0896518
-0.088204
-0.0866268
-0.0854455
-0.0843928
-0.0832258
-0.0819272
-0.0805628
-0.0791199
-0.0774536
-0.0753248
-0.0808799
-0.0822431
-0.081318
-0.080207
-0.0793905
-0.078619
-0.0776502
-0.076448
-0.0750688
-0.0735192
-0.0717006
-0.069435
-0.0735948
-0.0752044
-0.0747026
-0.073976
-0.0734634
-0.0729328
-0.0721461
-0.0710535
-0.069703
-0.0681141
-0.0662231
-0.0638988
-0.0667507
-0.0685332
-0.0683714
-0.0679592
-0.0676982
-0.067373
-0.0667524
-0.0657769
-0.0644867
-0.0629096
-0.0610075
-0.0586854
-0.0603285
-0.0622243
-0.0623326
-0.0621758
-0.0621213
-0.0619703
-0.0615002
-0.0606447
-0.0594367
-0.057909
-0.0560421
-0.0537687
-0.0543087
-0.0562698
-0.0565903
-0.0566391
-0.0567527
-0.0567484
-0.0564135
-0.0556772
-0.0545658
-0.0531144
-0.0513169
-0.0491267
-0.0486719
-0.0506599
-0.0511445
-0.0513573
-0.0516063
-0.0517247
-0.0515103
-0.0508897
-0.0498833
-0.0485266
-0.0468227
-0.0447408
-0.0433985
-0.0453834
-0.0459927
-0.0463346
-0.0466916
-0.0469112
-0.0468033
-0.0462931
-0.0453956
-0.0441451
-0.0425512
-0.0405945
-0.0384694
-0.0404279
-0.0411296
-0.0415717
-0.0420134
-0.0423162
-0.0423012
-0.0418944
-0.0411061
-0.0399683
-0.0384945
-0.0366737
-0.0338657
-0.0357801
-0.036548
-0.0370665
-0.0375734
-0.0379434
-0.0380089
-0.0376978
-0.0370164
-0.0359936
-0.0346449
-0.0329657
-0.0295692
-0.0314264
-0.0322392
-0.0328146
-0.0333702
-0.0337933
-0.0339287
-0.0337055
-0.0331263
-0.0322173
-0.0309951
-0.0294593
-0.0255624
-0.0273529
-0.0281937
-0.0288097
-0.0294006
-0.0298651
-0.03006
-0.0299164
-0.0294337
-0.0286353
-0.027538
-0.0261441
-0.0218281
-0.0235457
-0.0244008
-0.0250445
-0.0256595
-0.0261553
-0.0264
-0.0263276
-0.025935
-0.0252425
-0.0242664
-0.0230107
-0.0183503
-0.0199909
-0.0208496
-0.0215105
-0.0221403
-0.0226587
-0.0229448
-0.0229357
-0.0226261
-0.0220336
-0.0211733
-0.0200505
-0.0151135
-0.0166749
-0.0175289
-0.0181984
-0.0188356
-0.0193693
-0.0196891
-0.0197356
-0.0195018
-0.0190025
-0.0182518
-0.0172554
-0.0121029
-0.0135846
-0.0144274
-0.0150987
-0.0157372
-0.0162802
-0.0166267
-0.0167214
-0.0165562
-0.0161434
-0.0154953
-0.0146177
-0.00930468
-0.0107072
-0.0115338
-0.0122016
-0.0128365
-0.0133834
-0.0137509
-0.0138872
-0.0137837
-0.0134499
-0.0128969
-0.0121304
-0.00670562
-0.00803041
-0.00883717
-0.00949718
-0.0101246
-0.0106713
-0.0110545
-0.0112263
-0.0111773
-0.0109155
-0.0104501
-0.00978658
-0.00429331
-0.00554245
-0.00632664
-0.00697565
-0.00759255
-0.00813539
-0.00852989
-0.00873158
-0.0087309
-0.00853391
-0.00814867
-0.00757992
-0.00205607
-0.00323213
-0.00399186
-0.00462736
-0.00523141
-0.00576762
-0.00616949
-0.00639599
-0.00643753
-0.00629872
-0.00598627
-0.00550433
1.70855e-05
-0.00108881
-0.00182284
-0.00244298
-0.00303241
-0.00355974
-0.00396562
-0.00421234
-0.00429055
-0.00420355
-0.00395686
-0.00355399
0.00193647
0.000897594
0.000189974
-0.000413462
-0.000987001
-0.00150361
-0.00191068
-0.0021737
-0.00228358
-0.00224232
-0.00205459
-0.00172334
0.00371176
0.0027366
0.0020557
0.00146989
0.000913108
0.000408562
2.65821e-06
-0.000273392
-0.00041017
-0.000408931
-0.000273777
-7.09296e-06
0.00535198
0.00443719
0.00378298
0.00321537
0.00267586
0.00218433
0.00178145
0.00149452
0.00133631
0.00130277
0.00139116
0.0015998
0.0068656
0.0060078
0.00538001
0.00483092
0.00430902
0.00383121
0.00343332
0.00314089
0.00296328
0.00289886
0.00294551
0.00310217
0.00826051
0.00745634
0.00685447
0.00632401
0.00581981
0.00535629
0.00496486
0.00466852
0.00447516
0.00438417
0.00439414
0.00450453
0.00954406
0.0087902
0.00821362
0.00770167
0.00721509
0.00676616
0.00638214
0.0060833
0.00587724
0.00576372
0.00574169
0.00581109
0.0107231
0.0100163
0.00946422
0.0089705
0.00850127
0.00806695
0.00769103
0.00739124
0.00717493
0.00704233
0.00699266
0.00702598
0.011804
0.0111411
0.0106126
0.0101367
0.00968439
0.00926446
0.00889719
0.00859796
0.00837342
0.00822459
0.00815118
0.00815306
0.0127926
0.0121705
0.0116646
0.011206
0.0107701
0.0103643
0.0100059
0.00970825
0.0094773
0.00931555
0.0092216
0.00919588
0.0136944
0.0131101
0.0126257
0.0121838
0.0117637
0.0113716
0.0110222
0.0107273
0.0104927
0.0103198
0.010208
0.010158
0.0145144
0.0139649
0.013501
0.013075
0.01267
0.0122912
0.011951
0.0116596
0.0114221
0.0112399
0.0111133
0.0110427
0.0152572
0.0147397
0.014295
0.0138843
0.0134936
0.0131274
0.0127963
0.0125089
0.0122695
0.0120801
0.0119408
0.0118522
0.015927
0.0154388
0.015012
0.0146156
0.0142385
0.0138843
0.0135619
0.0132787
0.0130386
0.0128435
0.0126934
0.0125896
0.0165274
0.0160658
0.0156558
0.0152728
0.0149082
0.0145653
0.0142513
0.0139723
0.013732
0.013532
0.0133737
0.0132572
0.0170619
0.0166243
0.0162296
0.015859
0.0155061
0.0151736
0.0148675
0.014593
0.0143533
0.0141501
0.0139845
0.0138571
0.0175334
0.0171171
0.0167363
0.0163771
0.0160348
0.0157118
0.0154132
0.0151431
0.0149043
0.0146987
0.0145271
0.0143905
0.017944
0.0175466
0.0171783
0.0168293
0.0164966
0.0161822
0.0158903
0.0156244
0.0153869
0.0151794
0.0150031
0.0148589
0.0182959
0.0179147
0.0175574
0.0172174
0.0168931
0.0165864
0.0163005
0.0160383
0.0158022
0.0155936
0.0154137
0.0152633
0.0185902
0.0182228
0.0178748
0.0175426
0.0172255
0.0169253
0.0166446
0.0163858
0.0161509
0.0159414
0.0157585
0.0156036
0.0188276
0.0184714
0.0181312
0.0178054
0.0174942
0.0171993
0.0169229
0.016667
0.0164334
0.0162234
0.0160385
0.0158797
0.0190081
0.0186604
0.0183262
0.0180053
0.0176987
0.017408
0.017135
0.0168814
0.0166488
0.0164386
0.0162521
0.0160905
0.0191306
0.0187889
0.0184588
0.0181413
0.0178378
0.0175499
0.0172792
0.0170272
0.0167954
0.0165851
0.0163976
0.0162342
0.0191938
0.0188549
0.0185269
0.0182112
0.0179093
0.0176229
0.0173534
0.0171022
0.0168707
0.0166604
0.0164724
0.0163081
-0.270215
-0.271576
-0.273041
-0.2747
-0.276678
-0.279155
-0.28239
-0.286762
-0.292789
-0.302568
-0.255911
-0.258205
-0.260629
-0.263212
-0.265979
-0.268949
-0.272113
-0.27553
-0.278787
-0.284733
-0.23776
-0.239749
-0.241721
-0.243687
-0.245663
-0.247681
-0.249771
-0.252124
-0.254366
-0.259128
-0.219797
-0.221735
-0.223669
-0.225615
-0.227587
-0.229609
-0.231674
-0.233894
-0.23588
-0.23941
-0.203597
-0.205561
-0.207501
-0.209417
-0.211311
-0.213186
-0.21503
-0.216922
-0.218625
-0.221276
-0.188132
-0.190051
-0.191937
-0.193794
-0.195621
-0.197427
-0.199203
-0.201
-0.202681
-0.20487
-0.173649
-0.17555
-0.177424
-0.179272
-0.181092
-0.182887
-0.184649
-0.186402
-0.188081
-0.189993
-0.160137
-0.162012
-0.163862
-0.165688
-0.16749
-0.169266
-0.171015
-0.172746
-0.174435
-0.176212
-0.147488
-0.149324
-0.151142
-0.152941
-0.154721
-0.156482
-0.158222
-0.159943
-0.16164
-0.163349
-0.135665
-0.137454
-0.139231
-0.140994
-0.142743
-0.144477
-0.146197
-0.147901
-0.149593
-0.15126
-0.124615
-0.126347
-0.128071
-0.129786
-0.131492
-0.133188
-0.134876
-0.136552
-0.138222
-0.139852
-0.114289
-0.115956
-0.117618
-0.119275
-0.120928
-0.122575
-0.124217
-0.125853
-0.127487
-0.129072
-0.104644
-0.106239
-0.107832
-0.109424
-0.111014
-0.112602
-0.114188
-0.115771
-0.117357
-0.118889
-0.0956381
-0.0971566
-0.0986757
-0.100195
-0.101716
-0.103237
-0.104759
-0.106281
-0.107808
-0.109278
-0.0872319
-0.0886712
-0.0901127
-0.0915566
-0.0930029
-0.0944518
-0.0959038
-0.0973567
-0.0988169
-0.100219
-0.079388
-0.0807468
-0.082109
-0.0834747
-0.084844
-0.0862173
-0.0875949
-0.0889749
-0.0903633
-0.0916933
-0.0720705
-0.0733489
-0.0746313
-0.0759181
-0.0772092
-0.0785051
-0.0798062
-0.0811105
-0.0824241
-0.0836797
-0.0652456
-0.0664446
-0.0676481
-0.0688562
-0.0700693
-0.0712875
-0.0725113
-0.073739
-0.0749763
-0.0761569
-0.0588812
-0.0600027
-0.0611288
-0.0622597
-0.0633957
-0.064537
-0.0656841
-0.0668355
-0.0679963
-0.0691026
-0.0529473
-0.0539936
-0.0550446
-0.0561004
-0.0571612
-0.0582274
-0.0592992
-0.0603753
-0.0614607
-0.0624942
-0.0474153
-0.0483894
-0.049368
-0.0503513
-0.0513395
-0.0523328
-0.0533315
-0.0543346
-0.0553464
-0.0563091
-0.0431639
-0.0440733
-0.0449871
-0.0459056
-0.0468288
-0.0477572
-0.0486897
-0.0496303
-0.0505252
-0.0382923
-0.0391359
-0.0399836
-0.0408355
-0.0416919
-0.0425529
-0.0434179
-0.0442904
-0.0451204
-0.0337516
-0.0345328
-0.0353178
-0.0361067
-0.0368995
-0.0376967
-0.0384975
-0.039305
-0.0400735
-0.0295199
-0.0302425
-0.0309683
-0.0316976
-0.0324306
-0.0331673
-0.0339073
-0.0346534
-0.0353638
-0.0255773
-0.0262446
-0.0269149
-0.0275883
-0.0282649
-0.0289448
-0.0296276
-0.0303157
-0.0309716
-0.0219046
-0.0225203
-0.0231386
-0.0237596
-0.0243833
-0.02501
-0.0256392
-0.026273
-0.0268777
-0.0184842
-0.0190518
-0.0196216
-0.0201936
-0.020768
-0.0213449
-0.021924
-0.0225071
-0.0230641
-0.0152997
-0.0158224
-0.016347
-0.0168735
-0.017402
-0.0179326
-0.0184651
-0.0190009
-0.0195135
-0.0123357
-0.0128168
-0.0132994
-0.0137836
-0.0142694
-0.014757
-0.0152462
-0.0157381
-0.0162095
-0.00957791
-0.0100204
-0.0104641
-0.0109091
-0.0113554
-0.0118031
-0.0122521
-0.0127034
-0.0131366
-0.00701291
-0.00741966
-0.00782738
-0.0082361
-0.00864588
-0.00905676
-0.00946866
-0.00988237
-0.0102803
-0.00462829
-0.00500203
-0.00537651
-0.00575176
-0.0061278
-0.00650469
-0.00688236
-0.00726142
-0.00762675
-0.00241243
-0.00275574
-0.00309957
-0.00344395
-0.00378891
-0.00413447
-0.00448061
-0.00482779
-0.00516307
-0.000354559
-0.000669826
-0.000985429
-0.00130139
-0.00161774
-0.00193449
-0.00225162
-0.00256949
-0.0028771
0.0015554
0.00126593
0.000976292
0.000686457
0.00039641
0.000106131
-0.000184363
-0.000475333
-0.000757504
0.00332682
0.00306107
0.00279529
0.00252945
0.00226354
0.00199755
0.00173149
0.00146517
0.00120638
0.00496843
0.00472446
0.00448056
0.00423673
0.00399296
0.00374924
0.00350556
0.00326182
0.00302447
0.00648837
0.00626437
0.00604054
0.00581689
0.00559339
0.00537005
0.00514686
0.00492376
0.00470608
0.00789421
0.00768851
0.00748307
0.00727787
0.00707292
0.00686822
0.00666376
0.00645951
0.00625985
0.00919301
0.00900406
0.00881543
0.00862712
0.00843912
0.00825145
0.00806409
0.00787704
0.00769386
0.0103913
0.0102177
0.0100444
0.00987153
0.00969902
0.00952689
0.00935512
0.00918375
0.00901563
0.0114953
0.0113356
0.0111764
0.0110175
0.0108591
0.0107012
0.0105436
0.0103865
0.0102321
0.0125105
0.0123636
0.0122171
0.0120711
0.0119256
0.0117805
0.0116359
0.0114917
0.0113499
0.0134423
0.013307
0.0131722
0.0130378
0.012904
0.0127706
0.0126377
0.0125053
0.0123749
0.0142955
0.0141708
0.0140465
0.0139228
0.0137995
0.0136767
0.0135545
0.0134327
0.0133127
0.0150747
0.0149595
0.0148448
0.0147307
0.014617
0.0145038
0.0143912
0.0142791
0.0141684
0.015784
0.0156775
0.0155714
0.0154659
0.0153609
0.0152564
0.0151525
0.0150491
0.0149468
0.0164272
0.0163285
0.0162302
0.0161325
0.0160353
0.0159386
0.0158424
0.0157468
0.0156522
0.0170078
0.016916
0.0168248
0.0167341
0.0166438
0.0165541
0.0164649
0.0163763
0.0162885
0.0175289
0.0174434
0.0173584
0.0172738
0.0171898
0.0171063
0.0170233
0.0169409
0.0168592
0.0179132
0.0178337
0.0177547
0.0176762
0.0175982
0.0175207
0.0174437
0.0173674
0.018328
0.0182534
0.0181792
0.0181055
0.0180323
0.0179596
0.0178874
0.0178158
0.0186898
0.0186193
0.0185493
0.0184798
0.0184107
0.0183422
0.0182741
0.0182066
0.0190001
0.0189332
0.0188667
0.0188008
0.0187352
0.0186702
0.0186056
0.0185415
0.01926
0.0191961
0.0191326
0.0190695
0.0190069
0.0189447
0.018883
0.0188218
0.0194701
0.0194085
0.0193474
0.0192866
0.0192263
0.0191664
0.0191069
0.0190479
0.0196305
0.0195706
0.0195112
0.0194521
0.0193935
0.0193352
0.0192774
0.01922
0.0197397
0.0196809
0.0196226
0.0195646
0.0195071
0.0194499
0.0193932
0.0193368
0.0197979
0.0197396
0.0196816
0.019624
0.0195668
0.01951
0.0194535
0.0193975
0.00656231
0.00653543
0.00650899
0.00648299
0.00645745
0.00643235
0.0064077
0.0063835
0.00635976
0.00649226
0.00646497
0.00643814
0.00641176
0.00638584
0.00636038
0.00633539
0.00631085
0.00628678
0.00635782
0.00632961
0.00630186
0.00627458
0.00624776
0.0062214
0.00619552
0.0061701
0.00614516
0.00616019
0.00613059
0.00610145
0.00607279
0.00604461
0.0060169
0.00598966
0.0059629
0.00593665
0.00590062
0.00586916
0.00583817
0.00580767
0.00577765
0.00574811
0.00571906
0.00569049
0.00566247
0.00557918
0.00554538
0.00551208
0.00547926
0.00544693
0.0054151
0.00538376
0.00535292
0.00532265
0.00519508
0.00515847
0.00512236
0.00508675
0.00505165
0.00501704
0.00498294
0.00494935
0.00491638
0.00474694
0.00470703
0.00466762
0.00462873
0.00459034
0.00455247
0.00451511
0.00447827
0.00444211
0.00423262
0.00418888
0.00414566
0.00410296
0.00406078
0.00401913
0.00397799
0.00393738
0.00389753
0.00364945
0.00360135
0.00355377
0.00350671
0.00346019
0.0034142
0.00336873
0.00332381
0.00327972
0.00299414
0.00294108
0.00288855
0.00283656
0.00278511
0.00273419
0.00268381
0.00263398
0.00258509
0.00226288
0.00220424
0.00214614
0.00208858
0.00203157
0.0019751
0.00191916
0.00186379
0.00180947
0.0014513
0.0013864
0.00132205
0.00125824
0.00119498
0.00113227
0.0010701
0.0010085
0.00094807
0.000554507
0.000482614
0.00041127
0.000340475
0.000270228
0.000200527
0.000131369
6.27785e-05
-4.48273e-06
-0.000432954
-0.000512643
-0.000591783
-0.000670377
-0.000748425
-0.00082593
-0.000902895
-0.000979298
-0.0010542
-0.00151708
-0.00160545
-0.00169327
-0.00178055
-0.00186729
-0.00195349
-0.00203917
-0.00212429
-0.00220771
-0.00270447
-0.00280247
-0.00289994
-0.00299688
-0.0030933
-0.00318919
-0.00328457
-0.00337941
-0.00347234
-0.0040023
-0.00411101
-0.0042192
-0.00432688
-0.00443405
-0.00454072
-0.00464689
-0.00475256
-0.00485608
-0.00541841
-0.005539
-0.00565908
-0.00577869
-0.00589781
-0.00601646
-0.00613465
-0.00625237
-0.00636768
-0.00696132
-0.00709507
-0.00722837
-0.00736121
-0.00749361
-0.00762558
-0.00775712
-0.00788825
-0.00801669
-0.00864025
-0.00878861
-0.00893655
-0.00908409
-0.00923124
-0.009378
-0.0095244
-0.00967043
-0.0098135
-0.0103003
-0.0104652
-0.0106298
-0.010794
-0.0109578
-0.0111213
-0.0112845
-0.0114474
-0.0116101
-0.0117694
-0.0122642
-0.012447
-0.0126295
-0.0128118
-0.0129937
-0.0131754
-0.0133569
-0.0135382
-0.0137193
-0.0138967
-0.0143948
-0.0145974
-0.0147999
-0.0150021
-0.0152041
-0.0154061
-0.0156078
-0.0158095
-0.0160111
-0.0162088
-0.0167045
-0.0169291
-0.0171536
-0.0173781
-0.0176024
-0.0178268
-0.0180511
-0.0182755
-0.0185
-0.0187202
-0.0192068
-0.0194558
-0.0197048
-0.0199539
-0.020203
-0.0204523
-0.0207018
-0.0209514
-0.0212013
-0.0214466
-0.0219163
-0.0221923
-0.0224685
-0.022745
-0.0230216
-0.0232986
-0.023576
-0.0238537
-0.0241319
-0.0244053
-0.0248487
-0.0251547
-0.0254611
-0.0257679
-0.0260752
-0.026383
-0.0266914
-0.0270003
-0.0273101
-0.0276147
-0.0280211
-0.0283604
-0.0287003
-0.0290409
-0.0293821
-0.0297242
-0.030067
-0.0304108
-0.0307557
-0.0310952
-0.0314519
-0.0318281
-0.0322052
-0.0325832
-0.0329623
-0.0333424
-0.0337237
-0.0341062
-0.0344903
-0.0348687
-0.0351609
-0.0355781
-0.0359965
-0.0364162
-0.0368372
-0.0372597
-0.0376837
-0.0381094
-0.0385371
-0.0389589
-0.0391696
-0.0396323
-0.0400965
-0.0405624
-0.0410301
-0.0414997
-0.0419714
-0.0424451
-0.0429214
-0.0433918
-0.0435011
-0.0440142
-0.0445294
-0.0450466
-0.0455662
-0.0460882
-0.0466128
-0.04714
-0.0476705
-0.048195
-0.0481804
-0.0487495
-0.0493211
-0.0498954
-0.0504727
-0.0510529
-0.0516364
-0.0522232
-0.0528142
-0.0533992
-0.0532342
-0.0538654
-0.0544997
-0.0551374
-0.0557787
-0.0564237
-0.0570728
-0.0577259
-0.058384
-0.0590365
-0.0586916
-0.0593915
-0.0600954
-0.0608034
-0.0615159
-0.0622329
-0.0629548
-0.0636818
-0.0644149
-0.0651426
-0.0645835
-0.0653597
-0.0661407
-0.0669268
-0.0677182
-0.0685152
-0.0693183
-0.0701274
-0.070944
-0.0717558
-0.0709434
-0.0718041
-0.0726705
-0.073543
-0.074422
-0.0753078
-0.0762009
-0.0771013
-0.0780107
-0.0789159
-0.0778065
-0.0787605
-0.0797214
-0.0806896
-0.0816656
-0.0826498
-0.0836427
-0.0846444
-0.085657
-0.0866663
-0.0852113
-0.0862684
-0.0873339
-0.0884081
-0.0894917
-0.090585
-0.0916888
-0.0928031
-0.0939307
-0.0950562
-0.0931982
-0.0943692
-0.0955501
-0.0967415
-0.097944
-0.0991582
-0.100385
-0.101624
-0.102879
-0.104134
-0.10181
-0.103106
-0.104414
-0.105735
-0.107069
-0.108417
-0.109779
-0.111157
-0.112554
-0.113952
-0.11109
-0.112524
-0.113972
-0.115435
-0.116913
-0.118408
-0.11992
-0.12145
-0.123002
-0.124558
-0.121087
-0.122672
-0.124273
-0.125891
-0.127528
-0.129185
-0.130861
-0.132559
-0.134284
-0.136015
-0.131848
-0.133598
-0.135366
-0.137156
-0.138967
-0.1408
-0.142658
-0.144541
-0.146455
-0.148381
-0.143423
-0.145352
-0.147304
-0.149279
-0.15128
-0.153307
-0.155363
-0.157448
-0.159571
-0.161709
-0.155861
-0.157984
-0.160134
-0.162311
-0.164518
-0.166756
-0.169028
-0.171334
-0.173684
-0.176055
-0.16921
-0.171543
-0.173906
-0.176302
-0.178731
-0.181198
-0.183703
-0.186248
-0.188846
-0.19147
-0.183516
-0.186073
-0.188665
-0.191294
-0.193963
-0.196675
-0.199431
-0.202235
-0.2051
-0.207999
-0.198821
-0.201615
-0.20445
-0.207328
-0.210252
-0.213226
-0.216251
-0.219331
-0.222484
-0.22568
-0.215157
-0.218202
-0.221293
-0.224434
-0.227629
-0.23088
-0.234192
-0.237567
-0.241027
-0.244541
-0.232552
-0.235857
-0.239216
-0.242632
-0.24611
-0.249654
-0.253269
-0.256958
-0.260747
-0.264608
-0.251022
-0.254597
-0.258233
-0.261936
-0.265711
-0.269562
-0.273496
-0.277519
-0.281654
-0.285902
-0.270548
-0.274397
-0.278319
-0.282321
-0.286409
-0.29059
-0.294867
-0.299256
-0.303761
-0.308456
-0.29113
-0.295251
-0.299458
-0.303758
-0.308158
-0.312673
-0.317306
-0.322095
-0.326995
-0.332252
-0.312696
-0.317111
-0.321633
-0.326271
-0.331031
-0.335927
-0.340951
-0.346174
-0.35146
-0.357414
-0.334891
-0.339529
-0.344304
-0.349238
-0.354351
-0.359676
-0.365203
-0.371057
-0.3769
-0.38389
-0.35797
-0.36283
-0.367833
-0.372995
-0.378329
-0.38388
-0.389652
-0.395896
-0.402149
-0.410564
-0.381066
-0.386281
-0.391769
-0.397568
-0.403709
-0.410224
-0.41707
-0.4244
-0.431438
-0.441187
-0.401093
-0.405752
-0.410672
-0.415931
-0.421645
-0.427985
-0.435184
-0.443697
-0.453479
-0.467222
0.00627465
0.00614534
0.00603336
0.00593997
0.00586644
0.0058139
0.00578343
0.00577604
0.00579266
0.00583414
0.00590118
0.00599432
0.00619969
0.00606893
0.00595642
0.00586296
0.00578956
0.00573735
0.00570751
0.00570112
0.00571918
0.00576252
0.0058318
0.00592755
0.00605379
0.00592005
0.00580656
0.005713
0.00563988
0.00558833
0.00555973
0.00555535
0.00557626
0.00562326
0.00569697
0.00579784
0.005839
0.00570098
0.00558615
0.00549255
0.00541993
0.00536945
0.00534278
0.00534147
0.00536669
0.00541923
0.00549958
0.0056081
0.00555646
0.00541293
0.00529651
0.00520301
0.00513121
0.00508229
0.00505834
0.00506129
0.00509243
0.00515249
0.00524187
0.0053607
0.00520621
0.00505602
0.00493788
0.00484477
0.00477422
0.00472749
0.00470721
0.00471575
0.00475457
0.00482436
0.00492539
0.00505775
0.00478739
0.00462947
0.00450963
0.00441733
0.00434863
0.00430487
0.00428937
0.00430502
0.00435347
0.00443533
0.00455063
0.00469923
0.00429836
0.0041317
0.00401034
0.00391946
0.00385337
0.00381356
0.00380416
0.00382869
0.003889
0.00398556
0.00411813
0.00428629
0.00373672
0.00356042
0.00343787
0.00334922
0.00328672
0.00325205
0.00325033
0.00328582
0.00336055
0.0034748
0.00362803
0.00381948
0.0030994
0.00291262
0.00278943
0.00270404
0.00264632
0.00261827
0.00262613
0.00267498
0.00276707
0.00290244
0.00308015
0.00329905
0.00238268
0.00218466
0.0020616
0.00198075
0.00192929
0.0019096
0.00192927
0.00199432
0.00210716
0.00226754
0.00247402
0.00272503
0.00158221
0.00137228
0.00125034
0.0011756
0.00113216
0.00112294
0.00115706
0.00124157
0.00137906
0.00156887
0.00180901
0.00209734
0.000692987
0.000470576
0.000351031
0.000284278
0.000250986
0.000254706
0.000306361
0.000414129
0.000580738
0.000805027
0.00108432
0.00141583
-0.000290596
-0.000525961
-0.000641543
-0.000698072
-0.000718734
-0.000699158
-0.000626373
-0.000490957
-0.000290103
-2.55905e-05
0.000299089
0.000680365
-0.00137481
-0.00162349
-0.00173321
-0.00177688
-0.001782
-0.00174317
-0.00164507
-0.00147696
-0.00123599
-0.000924721
-0.000547615
-0.000109148
-0.00256661
-0.00282884
-0.00293041
-0.00295816
-0.00294434
-0.00288229
-0.00275407
-0.00254743
-0.00225964
-0.0018942
-0.00145671
-0.000952717
-0.00387362
-0.00414951
-0.00424025
-0.0042485
-0.00421182
-0.00412198
-0.00395805
-0.00370623
-0.00336398
-0.00293594
-0.00242908
-0.00185019
-0.00530425
-0.00559375
-0.00567049
-0.00565514
-0.00559105
-0.00546816
-0.00526212
-0.00495748
-0.00455206
-0.0040519
-0.00346553
-0.00280121
-0.00686768
-0.00717057
-0.00722964
-0.00718594
-0.00708925
-0.00692725
-0.00667176
-0.0063056
-0.00582712
-0.00524403
-0.00456672
-0.00380517
-0.00857395
-0.00888981
-0.00892695
-0.00884949
-0.00871424
-0.00850619
-0.00819287
-0.00775527
-0.0071925
-0.00651429
-0.00573318
-0.00486114
-0.010434
-0.0107622
-0.0107725
-0.0106551
-0.0104745
-0.0102125
-0.00983175
-0.00931143
-0.00865167
-0.00786456
-0.00696519
-0.00596787
-0.0124598
-0.0127995
-0.0127773
-0.0126129
-0.0123792
-0.0120542
-0.0115952
-0.0109793
-0.0102082
-0.00929669
-0.00826281
-0.00712363
-0.0146642
-0.0150144
-0.0149532
-0.0147338
-0.0144382
-0.01404
-0.0134904
-0.0127645
-0.0118658
-0.0108124
-0.00962577
-0.00832619
-0.0170616
-0.0174207
-0.0173132
-0.0170297
-0.0166623
-0.0161792
-0.015525
-0.0146729
-0.0136282
-0.0124133
-0.0110535
-0.00957302
-0.0196673
-0.0200336
-0.0198712
-0.0195134
-0.019063
-0.018482
-0.0177074
-0.0167106
-0.0154994
-0.0141007
-0.0125448
-0.0108605
-0.022498
-0.0228694
-0.0226427
-0.0221989
-0.0216528
-0.0209589
-0.0200463
-0.0188844
-0.0174833
-0.0158746
-0.0140984
-0.0121848
-0.0255721
-0.025946
-0.025644
-0.0251012
-0.0244449
-0.0236214
-0.0225507
-0.0212014
-0.0195781
-0.0177379
-0.0157132
-0.0135417
-0.0289095
-0.0292829
-0.0288934
-0.0282367
-0.027454
-0.0264813
-0.0252285
-0.0236513
-0.0217965
-0.0196924
-0.0173872
-0.014926
-0.0325319
-0.0329011
-0.0324103
-0.0316233
-0.0306956
-0.0295514
-0.028084
-0.0262758
-0.0241439
-0.0217396
-0.0191182
-0.016332
-0.0364629
-0.0368239
-0.0362162
-0.0352806
-0.0341869
-0.0328456
-0.0311527
-0.0290682
-0.0266234
-0.0238802
-0.0209031
-0.0177531
-0.0407279
-0.0410759
-0.040334
-0.0392296
-0.0379475
-0.0363917
-0.0344347
-0.0320369
-0.029239
-0.0261148
-0.0227391
-0.0191823
-0.045355
-0.0456844
-0.0447884
-0.0434921
-0.0420011
-0.0402008
-0.0379436
-0.0351913
-0.0319962
-0.0284444
-0.0246225
-0.020612
-0.0503743
-0.0506784
-0.049606
-0.048089
-0.0463675
-0.0442897
-0.0416936
-0.0385425
-0.0349012
-0.0308707
-0.0265503
-0.0220341
-0.0558186
-0.0560907
-0.0548177
-0.0530604
-0.0510732
-0.0486805
-0.0457019
-0.0421027
-0.0379616
-0.0333957
-0.0285193
-0.0234404
-0.061723
-0.0619547
-0.0604517
-0.0584274
-0.0561423
-0.0533962
-0.049988
-0.0458862
-0.0411858
-0.0360222
-0.0305265
-0.0248229
-0.0681263
-0.068308
-0.0665533
-0.0642251
-0.0616049
-0.0584616
-0.0545723
-0.0499086
-0.0445837
-0.0387541
-0.0325699
-0.0261739
-0.0750705
-0.0751929
-0.0731509
-0.0704834
-0.0674913
-0.0639053
-0.0594786
-0.0541874
-0.0481667
-0.0415966
-0.0346486
-0.0274863
-0.0825977
-0.0826447
-0.0802866
-0.0772408
-0.0738364
-0.0697586
-0.064733
-0.058743
-0.0519485
-0.0445563
-0.0367625
-0.0287545
-0.0907572
-0.0907252
-0.0880078
-0.0845421
-0.0806795
-0.0760561
-0.0703653
-0.0635989
-0.0559452
-0.0476421
-0.0389134
-0.0299736
-0.099602
-0.0994743
-0.0963562
-0.0924292
-0.0880634
-0.0828371
-0.0764093
-0.0687817
-0.060176
-0.0508655
-0.0411055
-0.0311414
-0.109185
-0.108943
-0.105381
-0.10095
-0.0960351
-0.0901454
-0.082903
-0.0743223
-0.0646637
-0.0542408
-0.0433454
-0.0322583
-0.119562
-0.119191
-0.115139
-0.110159
-0.104647
-0.0980306
-0.0898901
-0.0802566
-0.069435
-0.057786
-0.0456433
-0.0333278
-0.130783
-0.130276
-0.125689
-0.120115
-0.113958
-0.106549
-0.0974207
-0.0866258
-0.0745216
-0.0615232
-0.048013
-0.0343577
-0.142925
-0.14226
-0.137093
-0.130883
-0.124033
-0.115763
-0.105552
-0.0934777
-0.0799604
-0.0654791
-0.0504729
-0.0353598
-0.156043
-0.155205
-0.149416
-0.142534
-0.134948
-0.125747
-0.11435
-0.100867
-0.0857947
-0.069686
-0.053046
-0.0363517
-0.170198
-0.169176
-0.162728
-0.155145
-0.146787
-0.136584
-0.12389
-0.108859
-0.0920747
-0.0741819
-0.0557614
-0.0373568
-0.185451
-0.184237
-0.177103
-0.168805
-0.159645
-0.148371
-0.13426
-0.117525
-0.0988585
-0.0790114
-0.0586537
-0.038405
-0.201858
-0.200454
-0.192621
-0.18361
-0.173635
-0.161218
-0.145561
-0.12695
-0.106213
-0.084226
-0.0617642
-0.0395332
-0.219469
-0.217887
-0.209365
-0.199674
-0.188886
-0.175256
-0.15791
-0.137231
-0.114214
-0.0898847
-0.0651408
-0.0407853
-0.238323
-0.236589
-0.227428
-0.217127
-0.20555
-0.190637
-0.171441
-0.148481
-0.12295
-0.0960545
-0.0688381
-0.0422133
-0.258439
-0.256603
-0.246908
-0.236124
-0.223808
-0.207538
-0.186313
-0.160829
-0.132519
-0.102811
-0.0729184
-0.0438775
-0.279803
-0.277956
-0.26792
-0.256849
-0.243871
-0.226165
-0.20271
-0.174423
-0.143034
-0.110237
-0.0774518
-0.0458472
-0.302341
-0.30064
-0.290591
-0.27952
-0.265983
-0.246759
-0.220844
-0.189434
-0.15462
-0.118426
-0.0825164
-0.0482018
-0.325874
-0.324596
-0.315064
-0.304381
-0.290416
-0.26959
-0.240959
-0.206052
-0.167415
-0.127481
-0.0881996
-0.0510322
-0.350049
-0.349679
-0.341466
-0.331676
-0.317454
-0.294956
-0.26332
-0.224484
-0.181566
-0.13751
-0.0945975
-0.0544445
-0.374272
-0.375611
-0.369851
-0.361577
-0.347346
-0.323154
-0.288203
-0.244937
-0.197219
-0.148627
-0.101815
-0.0585613
-0.397604
-0.401918
-0.400064
-0.394047
-0.380199
-0.354404
-0.315848
-0.267606
-0.214512
-0.160932
-0.109952
-0.0635128
-0.41862
-0.427772
-0.431533
-0.428688
-0.415848
-0.388677
-0.346295
-0.292598
-0.233597
-0.174587
-0.119163
-0.0694579
-0.436848
-0.452015
-0.463067
-0.464717
-0.453986
-0.425824
-0.379313
-0.319593
-0.254181
-0.189424
-0.129448
-0.076521
-0.453737
-0.473158
-0.492212
-0.500379
-0.4939
-0.466092
-0.41597
-0.350071
-0.277677
-0.206479
-0.141324
-0.0847729
-0.468131
-0.481657
-0.50262
-0.514026
-0.511405
-0.485836
-0.435846
-0.36828
-0.293168
-0.219087
-0.151597
-0.0934735
-0.474979
-0.487619
-0.510209
-0.522851
-0.52078
-0.494095
-0.441874
-0.371879
-0.294775
-0.219398
-0.15132
-0.0931751
-0.481355
-0.493981
-0.518559
-0.531917
-0.529162
-0.499699
-0.443699
-0.370328
-0.291055
-0.2148
-0.14683
-0.487063
-0.499794
-0.526357
-0.540528
-0.537379
-0.505631
-0.4464
-0.370076
-0.28885
-0.211736
-0.143763
-0.492168
-0.505364
-0.533882
-0.548935
-0.545623
-0.511939
-0.449858
-0.370895
-0.287894
-0.209956
-0.141916
-0.496463
-0.510781
-0.541322
-0.557234
-0.553771
-0.518148
-0.45321
-0.371632
-0.286932
-0.20827
-0.140267
-0.502559
-0.516079
-0.548625
-0.565362
-0.561735
-0.52416
-0.456346
-0.37216
-0.285825
-0.206546
-0.138704
-0.505869
-0.521292
-0.555745
-0.573258
-0.569473
-0.529996
-0.459375
-0.37266
-0.284789
-0.204994
-0.137413
-0.509388
-0.526492
-0.562661
-0.580891
-0.576946
-0.535636
-0.462314
-0.373185
-0.283897
-0.203695
-0.136471
-0.512847
-0.531688
-0.569355
-0.588235
-0.584118
-0.541039
-0.465131
-0.373714
-0.283137
-0.202644
-0.13588
-0.516103
-0.536791
-0.575797
-0.595267
-0.59095
-0.546169
-0.4678
-0.374234
-0.282507
-0.201845
-0.135649
-0.519239
-0.541806
-0.581933
-0.60196
-0.597407
-0.550994
-0.470307
-0.37475
-0.28202
-0.201315
-0.135798
-0.52231
-0.546886
-0.587752
-0.60829
-0.603457
-0.555484
-0.472638
-0.375264
-0.281691
-0.201075
-0.136348
-0.525299
-0.55126
-0.593273
-0.614234
-0.609067
-0.55961
-0.474777
-0.375776
-0.28153
-0.201139
-0.137314
-0.52822
-0.55576
-0.598503
-0.619771
-0.614207
-0.563343
-0.476707
-0.376284
-0.281546
-0.201519
-0.138708
-0.531065
-0.560187
-0.603417
-0.624869
-0.618846
-0.566656
-0.478415
-0.376789
-0.281744
-0.202226
-0.533821
-0.564383
-0.607969
-0.629498
-0.622954
-0.569525
-0.479884
-0.377286
-0.28213
-0.203267
-0.536464
-0.568301
-0.612121
-0.633624
-0.6265
-0.571925
-0.4811
-0.377771
-0.282706
-0.204646
-0.538957
-0.571907
-0.615835
-0.63721
-0.629453
-0.573831
-0.482048
-0.378239
-0.283471
-0.206363
-0.541257
-0.575154
-0.619071
-0.64022
-0.631785
-0.575221
-0.482714
-0.378682
-0.284422
-0.208414
-0.543315
-0.577994
-0.621788
-0.642614
-0.633463
-0.576073
-0.483083
-0.379091
-0.285552
-0.21079
-0.545076
-0.580376
-0.623938
-0.644352
-0.634458
-0.576366
-0.483139
-0.379455
-0.286849
-0.213479
-0.546484
-0.582247
-0.625475
-0.645392
-0.634741
-0.57608
-0.482867
-0.379758
-0.288299
-0.216462
-0.547482
-0.583557
-0.626348
-0.645693
-0.634283
-0.575196
-0.482251
-0.379984
-0.289881
-0.219717
-0.548012
-0.584254
-0.62651
-0.645213
-0.633057
-0.573696
-0.481277
-0.380115
-0.291573
-0.223217
-0.548019
-0.584288
-0.625913
-0.643913
-0.631039
-0.571563
-0.479927
-0.380129
-0.293347
-0.22693
-0.54745
-0.583611
-0.62451
-0.641757
-0.628205
-0.568782
-0.478185
-0.38
-0.295171
-0.23082
-0.546259
-0.582182
-0.622262
-0.638712
-0.624535
-0.56534
-0.476034
-0.379702
-0.297009
-0.234849
-0.544402
-0.579961
-0.619131
-0.634749
-0.620013
-0.561225
-0.473456
-0.379205
-0.298823
-0.238974
-0.541847
-0.576919
-0.61509
-0.629846
-0.614625
-0.556426
-0.470433
-0.378478
-0.300569
-0.24315
-0.538568
-0.57303
-0.610119
-0.623986
-0.608365
-0.550936
-0.466947
-0.377486
-0.302204
-0.247332
-0.534552
-0.568278
-0.604208
-0.617157
-0.601226
-0.544749
-0.46298
-0.376194
-0.303683
-0.251472
-0.529807
-0.56265
-0.597365
-0.609357
-0.593208
-0.537861
-0.458515
-0.374567
-0.304958
-0.255523
-0.524342
-0.55615
-0.589777
-0.600587
-0.584317
-0.530271
-0.453534
-0.372566
-0.305986
-0.259436
-0.518128
-0.548817
-0.582007
-0.590862
-0.574571
-0.521975
-0.448024
-0.370156
-0.306721
-0.263166
-0.511205
-0.540642
-0.572058
-0.580267
-0.563996
-0.512987
-0.441967
-0.367302
-0.307124
-0.266668
-0.503632
-0.531656
-0.561264
-0.568744
-0.552601
-0.503299
-0.435354
-0.363969
-0.307156
-0.269903
-0.495457
-0.521913
-0.549712
-0.556347
-0.540427
-0.492893
-0.428173
-0.360125
-0.306787
-0.272832
-0.48674
-0.511477
-0.537426
-0.543131
-0.527515
-0.481796
-0.420423
-0.35574
-0.305988
-0.275423
-0.477551
-0.500415
-0.524462
-0.529155
-0.513889
-0.470064
-0.411831
-0.351062
-0.304741
-0.277648
)
;

boundaryField
{
    inlet
    {
        type            zeroGradient;
    }
    outlet
    {
        type            fixedValue;
        value           nonuniform 0();
    }
    cylinder
    {
        type            zeroGradient;
    }
    top
    {
        type            symmetryPlane;
    }
    bottom
    {
        type            symmetryPlane;
    }
    frontAndBack
    {
        type            empty;
    }
    procBoundary4to3
    {
        type            processor;
        value           nonuniform List<scalar> 
257
(
-0.408497
-0.405218
-0.401922
-0.398626
-0.395347
-0.392102
-0.388908
-0.385782
-0.38352
-0.38352
-0.380618
-0.377828
-0.375164
-0.372639
-0.370266
-0.368056
-0.36602
-0.364835
-0.364835
-0.363175
-0.36171
-0.360442
-0.35969
-0.35969
-0.358814
-0.35814
-0.357667
-0.357294
-0.357294
-0.357186
-0.357262
-0.356971
-0.356971
-0.357358
-0.357893
-0.357504
-0.357504
-0.358258
-0.35746
-0.35746
-0.358347
-0.359286
-0.357826
-0.357826
-0.358754
-0.356327
-0.356327
-0.357156
-0.353507
-0.353507
-0.354189
-0.349147
-0.349147
-0.342767
-0.342767
-0.3432
-0.335481
-0.335481
-0.3265
-0.3265
-0.326498
-0.31657
-0.31657
-0.303946
-0.303946
-0.293967
-0.293967
-0.419324
-0.419324
-0.429687
-0.429687
-0.439773
-0.439773
-0.445785
-0.446733
-0.446733
-0.449567
-0.449567
-0.450527
-0.449884
-0.449884
-0.44955
-0.44955
-0.449087
-0.448103
-0.448103
-0.447948
-0.447169
-0.447169
-0.447644
-0.447121
-0.447121
-0.448203
-0.44789
-0.44789
-0.44937
-0.449171
-0.449082
-0.449082
-0.450605
-0.450487
-0.450413
-0.450413
-0.451671
-0.451455
-0.451229
-0.451229
-0.452067
-0.451626
-0.451128
-0.450559
-0.450559
-0.450744
-0.449887
-0.448925
-0.447848
-0.447848
-0.44736
-0.445942
-0.444388
-0.442692
-0.440853
-0.438869
-0.436741
-0.434471
-0.434471
-0.432317
-0.429695
-0.426949
-0.42409
-0.421127
-0.418072
-0.41494
-0.411743
-0.268896
-0.253718
-0.235749
-0.217843
-0.201607
-0.186181
-0.171721
-0.15824
-0.145634
-0.133863
-0.122874
-0.112617
-0.103047
-0.0941198
-0.0857945
-0.0780321
-0.0707958
-0.0640508
-0.0577642
-0.0519053
-0.0464454
-0.0422587
-0.0422587
-0.0374526
-0.0329739
-0.0288006
-0.0249127
-0.0212912
-0.0179187
-0.0147787
-0.0118561
-0.00913661
-0.00660708
-0.00425523
-0.00206961
-3.96048e-05
0.0018447
0.00359254
0.00521249
0.00671255
0.00810017
0.00938228
0.0105653
0.0116553
0.0126578
0.013578
0.0144207
0.0151904
0.015891
0.0165265
0.0171
0.0176149
0.0179932
0.0179932
0.0184031
0.0187607
0.0190674
0.0193244
0.0195322
0.0196908
0.0197988
0.0198565
0.00658964
0.00652
0.00638649
0.00619027
0.00593256
0.00561347
0.00523218
0.00478736
0.00427687
0.00369809
0.00304774
0.00232207
0.00151675
0.000626951
-0.000352714
-0.00142817
-0.00260593
-0.00389307
-0.00529733
-0.0068271
-0.00849147
-0.00849147
-0.010135
-0.0120811
-0.0141919
-0.0164797
-0.0189578
-0.0216404
-0.024543
-0.0276823
-0.0310765
-0.0347448
-0.0387084
-0.0429899
-0.0476136
-0.052606
-0.0579952
-0.0638117
-0.0700882
-0.076859
-0.084162
-0.0920365
-0.100525
-0.109669
-0.119517
-0.130116
-0.141515
-0.153762
-0.166906
-0.180992
-0.196064
-0.212156
-0.229297
-0.247505
-0.266767
-0.287086
-0.30838
-0.330373
-0.353241
-0.376087
-0.396635
)
;
    }
    procBoundary4to5
    {
        type            processor;
        value           nonuniform List<scalar> 
204
(
-0.279195
-0.284126
-0.288628
-0.292672
-0.296233
-0.299291
-0.30183
-0.303838
-0.305311
-0.306248
-0.306654
-0.306538
-0.305916
-0.304808
-0.303236
-0.301229
-0.298814
-0.296026
-0.292896
-0.289459
-0.28575
-0.281802
-0.277649
-0.273323
-0.268853
-0.268853
-0.315569
-0.310632
-0.305552
-0.300358
-0.295071
-0.289712
-0.284296
-0.278834
-0.273331
-0.267791
-0.262247
-0.25677
-0.25677
-0.291517
-0.284361
-0.278663
-0.278243
-0.2611
-0.244551
-0.227016
-0.208782
-0.190829
-0.173929
-0.158474
-0.144552
-0.132076
-0.120889
-0.110821
-0.101714
-0.0934305
-0.0858565
-0.0788972
-0.0724743
-0.066523
-0.0609895
-0.0558289
-0.0510034
-0.0464811
-0.0422352
-0.0382425
-0.0344835
-0.0309409
-0.0276
-0.0244477
-0.0214725
-0.0186641
-0.0160133
-0.0135117
-0.0111517
-0.0089264
-0.0068293
-0.00485447
-0.00299636
-0.00124974
0.000390273
0.00192825
0.00336854
0.00471525
0.00597212
0.00714281
0.00823079
0.00923912
0.0101709
0.011029
0.0118155
0.012533
0.0131836
0.0137687
0.0142898
0.0147479
0.0151437
0.0154772
0.0157479
0.0159547
0.0160957
0.0161682
0.00611396
0.00605012
0.00592618
0.00574497
0.00550892
0.00522153
0.00488089
0.00448954
0.00404837
0.00355803
0.00301901
0.0024318
0.00179691
0.0011149
0.000386498
-0.000387392
-0.00120562
-0.00206669
-0.00296877
-0.00390953
-0.00488629
-0.00589549
-0.00693317
-0.00799461
-0.00907417
-0.0101655
-0.0112614
-0.0123538
-0.0134339
-0.0144916
-0.0155162
-0.016496
-0.0174182
-0.0182707
-0.0190405
-0.0197145
-0.0202808
-0.0207281
-0.0210471
-0.0212297
-0.0212713
-0.0211709
-0.0209318
-0.0205628
-0.0200791
-0.0195027
-0.018863
-0.0181976
-0.017554
-0.0169889
-0.0165692
-0.0163742
-0.0164986
-0.0170542
-0.0181748
-0.0200146
-0.0227411
-0.0265386
-0.031605
-0.0378258
-0.0458514
-0.0460621
-0.0894572
-0.0894572
-0.0870064
-0.0856787
-0.0846569
-0.0838558
-0.0834271
-0.0834353
-0.0838877
-0.0847939
-0.0861716
-0.0880377
-0.0904055
-0.0932848
-0.14054
-0.14054
-0.142815
-0.145536
-0.148701
-0.152304
-0.156335
-0.160779
-0.16562
-0.170834
-0.176396
-0.182274
-0.188435
-0.194841
-0.201451
-0.208218
-0.215096
-0.222034
-0.228983
-0.235892
-0.242714
-0.2494
-0.255904
-0.262181
-0.268183
-0.273868
)
;
    }
}


// ************************************************************************* //
