/*--------------------------------*- C++ -*----------------------------------*\
  =========                 |
  \\      /  F ield         | OpenFOAM: The Open Source CFD Toolbox
   \\    /   O peration     | Website:  https://openfoam.org
    \\  /    A nd           | Version:  7
     \\/     M anipulation  |
\*---------------------------------------------------------------------------*/
FoamFile
{
    version     2.0;
    format      ascii;
    class       volScalarField;
    location    "80";
    object      p;
}
// * * * * * * * * * * * * * * * * * * * * * * * * * * * * * * * * * * * * * //

dimensions      [0 2 -2 0 0 0 0];

internalField   nonuniform List<scalar> 
7156
(
0.2405
0.248209
0.255772
0.268171
0.263184
0.275775
0.27044
0.283214
0.277534
0.290482
0.284461
0.304555
0.297572
0.291214
0.311786
0.304479
0.297789
0.31882
0.311196
0.30418
0.325649
0.317717
0.310382
0.340177
0.332267
0.324037
0.316389
0.346908
0.338669
0.33015
0.322197
0.353406
0.344847
0.33605
0.3278
0.359664
0.350798
0.341731
0.333194
0.365676
0.356515
0.34719
0.338374
0.380896
0.371437
0.361993
0.35242
0.343335
0.386686
0.376941
0.367227
0.357417
0.348073
0.392201
0.382183
0.372211
0.362176
0.352585
0.397435
0.387159
0.376942
0.366693
0.356865
0.402384
0.391862
0.381414
0.370963
0.360911
0.407043
0.39629
0.385624
0.374982
0.364718
0.411407
0.400438
0.389568
0.378747
0.368284
0.426736
0.415472
0.404301
0.393241
0.382255
0.371604
0.430693
0.419234
0.407877
0.396641
0.385501
0.374678
0.434328
0.422689
0.411161
0.399764
0.388483
0.3775
0.437637
0.425835
0.414151
0.402607
0.391198
0.38007
0.440617
0.428667
0.416843
0.405168
0.393643
0.382385
0.443264
0.431185
0.419236
0.407444
0.395817
0.384443
0.445577
0.433384
0.421327
0.409433
0.397717
0.386242
0.447553
0.435263
0.423114
0.411133
0.399342
0.38778
0.44919
0.436821
0.424595
0.412543
0.400689
0.389057
0.450487
0.438055
0.42577
0.413661
0.401759
0.39007
0.451443
0.438965
0.426637
0.414487
0.402549
0.390821
0.452057
0.43955
0.427195
0.41502
0.403059
0.391307
0.452328
0.43981
0.427444
0.415258
0.40329
0.391529
0.452256
0.439744
0.427384
0.415204
0.40324
0.391485
0.451843
0.439353
0.427015
0.414856
0.40291
0.391176
0.451087
0.438637
0.426337
0.414214
0.4023
0.390603
0.44999
0.437598
0.425352
0.413281
0.401412
0.389768
0.448554
0.436236
0.424061
0.412057
0.400246
0.38867
0.44678
0.434553
0.422465
0.410542
0.398804
0.387311
0.44467
0.43255
0.420566
0.40874
0.397086
0.385693
0.442226
0.430231
0.418365
0.406652
0.395096
0.383816
0.439452
0.427597
0.415866
0.40428
0.392835
0.381682
0.436349
0.424652
0.413071
0.401626
0.390305
0.379294
0.432922
0.421398
0.409983
0.398694
0.387509
0.376654
0.417839
0.406604
0.395486
0.384451
0.373765
0.413979
0.402939
0.392006
0.381132
0.370629
0.409821
0.398992
0.388257
0.377557
0.367249
0.40537
0.394766
0.384243
0.373728
0.363629
0.400631
0.390265
0.379968
0.369651
0.359772
0.395609
0.385495
0.375436
0.365329
0.355681
0.390308
0.38046
0.370653
0.360766
0.351361
0.375165
0.365622
0.355966
0.346815
0.369615
0.360349
0.350936
0.342047
0.363817
0.354839
0.345678
0.337063
0.357775
0.349097
0.340199
0.331867
0.351495
0.343128
0.334504
0.326462
0.33694
0.328599
0.320855
0.330537
0.322487
0.31505
0.323925
0.316177
0.309052
0.317111
0.309673
0.302867
0.302981
0.2965
0.296108
0.289956
0.289059
0.28324
0.281841
0.276359
0.269318
0.262121
0.254776
0.115671
0.116329
0.117636
0.119494
0.121856
0.124672
0.127903
0.131508
0.135446
0.139673
0.144138
0.148783
0.153535
0.158314
0.163014
0.16752
0.171682
0.175346
0.178301
0.180352
0.181216
0.180676
0.178345
0.174055
0.167226
0.157955
0.145057
0.114889
0.115524
0.116779
0.118562
0.120823
0.123511
0.126582
0.129994
0.133701
0.137653
0.141795
0.146061
0.150374
0.154647
0.158766
0.162615
0.166037
0.168879
0.170932
0.172008
0.171839
0.170227
0.166822
0.161491
0.153725
0.143652
0.130339
0.114061
0.11467
0.115871
0.117575
0.119728
0.12228
0.125185
0.128394
0.131859
0.135528
0.139336
0.143217
0.147087
0.150853
0.1544
0.157608
0.160322
0.162391
0.163614
0.163817
0.16275
0.160249
0.155996
0.149916
0.141569
0.13116
0.118005
0.113182
0.113765
0.114907
0.116527
0.118568
0.120978
0.123708
0.126707
0.129923
0.133298
0.136766
0.140254
0.143674
0.146931
0.149907
0.152481
0.154501
0.155819
0.156246
0.155624
0.153723
0.150409
0.145409
0.138682
0.129888
0.119238
0.106273
0.112253
0.112807
0.113889
0.115423
0.117347
0.11961
0.12216
0.124944
0.127904
0.130982
0.134106
0.137199
0.140172
0.142925
0.145341
0.1473
0.148653
0.149261
0.148946
0.147566
0.14492
0.140894
0.135267
0.128021
0.118909
0.108119
0.0953455
0.111274
0.111798
0.112818
0.114261
0.116066
0.118178
0.120543
0.123108
0.12581
0.128588
0.131366
0.134067
0.136597
0.138858
0.140732
0.142102
0.142826
0.142773
0.141781
0.139725
0.13643
0.131807
0.125683
0.118055
0.108758
0.0979513
0.0854499
0.110244
0.110736
0.111693
0.113043
0.114725
0.116683
0.118861
0.121202
0.123644
0.12612
0.128555
0.130867
0.132963
0.134745
0.136098
0.136909
0.137044
0.136382
0.13478
0.132127
0.128279
0.123167
0.116662
0.108776
0.0994066
0.088696
0.0765504
0.109163
0.109623
0.110515
0.11177
0.113326
0.115126
0.117114
0.11923
0.12141
0.123585
0.125679
0.127609
0.129282
0.130601
0.131457
0.13174
0.131329
0.130112
0.127964
0.124791
0.120479
0.114975
0.108193
0.100152
0.0908025
0.0802752
0.0685404
0.108031
0.108458
0.109283
0.110441
0.111869
0.11351
0.115305
0.117195
0.119113
0.12099
0.122747
0.124303
0.125566
0.126442
0.126826
0.126617
0.125702
0.123984
0.121356
0.117738
0.113043
0.107236
0.100264
0.092157
0.0829039
0.0726245
0.061334
0.106848
0.107241
0.107999
0.109058
0.110356
0.111836
0.113438
0.115102
0.11676
0.118341
0.119769
0.120961
0.12183
0.122284
0.122225
0.121559
0.120186
0.11802
0.114973
0.11098
0.10598
0.0999499
0.0928666
0.0847673
0.0756714
0.0656882
0.0548643
0.105615
0.105974
0.106662
0.107621
0.108789
0.110107
0.111516
0.112955
0.114355
0.115646
0.116753
0.117594
0.118086
0.118141
0.117668
0.116583
0.114797
0.112237
0.108831
0.10453
0.0992925
0.0931109
0.0859838
0.0779547
0.0690646
0.0594134
0.0490699
0.104331
0.104656
0.105275
0.106133
0.107169
0.108325
0.109542
0.110758
0.111905
0.112913
0.113708
0.114213
0.114346
0.114027
0.113173
0.111706
0.109552
0.106649
0.10294
0.0983921
0.092981
0.0867104
0.0795971
0.0716891
0.0630428
0.0537489
0.0438914
0.102999
0.103288
0.103838
0.104595
0.105499
0.106495
0.107521
0.108517
0.109415
0.110149
0.110645
0.110829
0.110624
0.109957
0.108752
0.106942
0.104463
0.101266
0.0973089
0.09257
0.0870413
0.0807363
0.0736853
0.0659395
0.0575658
0.0486455
0.0392727
0.101618
0.101872
0.102352
0.103008
0.103782
0.104617
0.105456
0.106236
0.106894
0.107362
0.107571
0.107451
0.10693
0.105942
0.104419
0.102303
0.0995421
0.0960974
0.0919415
0.0870628
0.0814665
0.075174
0.068226
0.0606748
0.0525944
0.0440571
0.0351623
0.10019
0.100409
0.100819
0.101375
0.102019
0.102697
0.103351
0.103922
0.104346
0.104559
0.104495
0.104089
0.103276
0.101993
0.100184
0.0977988
0.0947969
0.0911491
0.0868399
0.0818674
0.0762473
0.0700073
0.0631954
0.0558642
0.0480911
0.03994
0.0315126
0.098717
0.0989001
0.0992419
0.0996977
0.100214
0.100737
0.101211
0.101578
0.101778
0.101748
0.101427
0.100755
0.0996708
0.0981215
0.0960579
0.0934391
0.0902345
0.0864245
0.0820037
0.0769784
0.0713726
0.0652186
0.0585696
0.0514771
0.04402
0.0362539
0.0282804
0.0971993
0.0973475
0.0976213
0.097979
0.0983701
0.0987422
0.0990416
0.0992124
0.0991968
0.0989368
0.0983748
0.0974548
0.0961243
0.0943357
0.0920486
0.0892303
0.0858596
0.0819251
0.0774304
0.0723884
0.0668297
0.0607897
0.0543246
0.0474844
0.0403473
0.0329611
0.025426
0.0956393
0.095753
0.0959598
0.0962215
0.09649
0.0967154
0.0968461
0.0968288
0.0966089
0.0961321
0.0953454
0.0941983
0.0926446
0.0906438
0.088163
0.0851778
0.0816749
0.0776507
0.0731157
0.0680887
0.0626049
0.0567018
0.0504368
0.0438577
0.0370409
0.0300271
0.0229134
0.0940387
0.0941187
0.0942601
0.094428
0.0945774
0.094661
0.0946298
0.0944332
0.0940204
0.0933409
0.0923467
0.0909928
0.0892393
0.0870525
0.0844069
0.0812852
0.0776817
0.0735991
0.069054
0.0640694
0.0586837
0.0529358
0.0468829
0.0405701
0.034071
0.0274199
0.0207098
0.0923999
0.0924468
0.0925246
0.0926015
0.0926359
0.0925833
0.0923974
0.0920312
0.0914374
0.0905699
0.0893856
0.0878451
0.0859149
0.0835675
0.0807844
0.077555
0.0738798
0.0697671
0.0652383
0.0603196
0.0550515
0.049473
0.0436405
0.037596
0.0314099
0.02511
0.0187854
0.0907252
0.0907401
0.0907561
0.0907452
0.0906691
0.0904863
0.0901539
0.0896281
0.0888657
0.0878252
0.0864684
0.0847615
0.082677
0.0801935
0.0772988
0.0739881
0.0702676
0.0661501
0.0616606
0.0568277
0.051693
0.0462949
0.0406881
0.0349115
0.0290314
0.0230706
0.0171131
0.0890171
0.089001
0.0889577
0.0888625
0.0886809
0.0883745
0.087904
0.0872292
0.0863111
0.0851127
0.083601
0.0817475
0.0795304
0.0769341
0.073952
0.0705846
0.0668426
0.0627427
0.0583125
0.053582
0.0485932
0.0433833
0.038005
0.0324936
0.0269117
0.021277
0.0156686
0.0872783
0.0872325
0.0871324
0.0869568
0.086675
0.0862522
0.0856525
0.0848396
0.0837788
0.0824378
0.0807886
0.0788078
0.0764789
0.0737919
0.070745
0.0673433
0.0636012
0.0595385
0.0551846
0.0505704
0.0457371
0.0407209
0.0355715
0.0303213
0.0250284
0.0197064
0.0144294
0.0855119
0.0854377
0.0852834
0.0850317
0.0846554
0.0841236
0.0834039
0.0824642
0.081274
0.0798056
0.0780359
0.0759464
0.0735258
0.0707687
0.0676778
0.0642621
0.060539
0.0565306
0.0522674
0.0477805
0.0431101
0.0382907
0.0333691
0.0283745
0.023361
0.0183381
0.0133752
0.0837207
0.0836196
0.0834143
0.0830908
0.0826261
0.081993
0.0811629
0.0801077
0.0788014
0.0772206
0.075347
0.0731668
0.0706733
0.0678654
0.0647496
0.0613382
0.057651
0.0537116
0.049551
0.0452002
0.0406979
0.0360766
0.0313801
0.0266348
0.0218903
0.0171531
0.0124877
0.081908
0.0817816
0.0815283
0.0811379
0.0805911
0.0798646
0.0789338
0.0777746
0.0763653
0.0746869
0.0727254
0.0704717
0.0679231
0.0650822
0.061959
0.0585682
0.0549316
0.0510737
0.0470256
0.0428175
0.0384866
0.0340632
0.0295881
0.0250847
0.0205987
0.0161339
0.01175
0.080077
0.0799271
0.0796291
0.0791766
0.0785543
0.0777425
0.0767209
0.0754692
0.0739697
0.0722081
0.0701743
0.0678632
0.065276
0.0624186
0.0593036
0.055948
0.0523747
0.0486088
0.0446811
0.0406207
0.0364628
0.0322358
0.0279773
0.0237081
0.0194701
0.0152645
0.0111468
0.0782313
0.0780594
0.0777203
0.0772108
0.0765195
0.0756308
0.0745281
0.0731952
0.0716184
0.0697873
0.0676959
0.0653428
0.0627323
0.0598734
0.0567808
0.0534731
0.0499741
0.0463089
0.0425076
0.0385982
0.0346138
0.0305806
0.0265333
0.0224901
0.0184894
0.0145302
0.010664
0.0763742
0.0761823
0.0758055
0.0752442
0.0744907
0.0735334
0.0723594
0.0709564
0.0693146
0.0674274
0.0652924
0.0629115
0.0602919
0.057445
0.0543874
0.0511387
0.0477231
0.0441657
0.0404954
0.0367389
0.0329272
0.0290844
0.0252422
0.0214167
0.0176427
0.0139176
0.0102889
0.0745094
0.0742992
0.0738884
0.0732805
0.0724717
0.071454
0.0702183
0.0687561
0.0670613
0.0651306
0.0629651
0.0605697
0.0579539
0.0551313
0.0521197
0.0489396
0.0456152
0.042171
0.0386349
0.035032
0.0313913
0.0277347
0.0240913
0.0204749
0.0169172
0.0134143
0.0100097
0.0726403
0.0724138
0.0719726
0.0713234
0.0704661
0.0693962
0.0681083
0.0665974
0.0648609
0.0628989
0.0607152
0.0583174
0.0557172
0.0529298
0.0499739
0.0468705
0.0436434
0.0403167
0.0369168
0.0334673
0.0299951
0.02652
0.0230685
0.0196527
0.0163011
0.0130088
0.00981575
0.0707708
0.0705298
0.0700619
0.0693767
0.0684774
0.0673634
0.0660325
0.0644831
0.0627158
0.0607336
0.0585431
0.0561542
0.0535802
0.0508375
0.0479457
0.0449258
0.0418011
0.0385949
0.0353321
0.0320349
0.0287279
0.0254292
0.0221628
0.018939
0.0157836
0.0126907
0.00969714
0.0689043
0.0686508
0.0681598
0.0674437
0.0665092
0.0653588
0.0639937
0.0624156
0.0606277
0.058636
0.0564493
0.0540793
0.0515409
0.0488515
0.0460308
0.0430999
0.0400815
0.0369977
0.0338721
0.0307253
0.0275798
0.024452
0.0213636
0.0183233
0.0153544
0.0124505
0.0096449
0.0670445
0.0667803
0.0662698
0.065528
0.0645647
0.0633855
0.0619948
0.060397
0.0585983
0.0566067
0.0544334
0.0520915
0.0495972
0.0469682
0.0442247
0.0413873
0.0384779
0.0355176
0.0325285
0.0295295
0.0265413
0.0235788
0.0206613
0.0177962
0.0150045
0.0122792
0.0096508
0.065195
0.0649219
0.0643954
0.063633
0.062647
0.0614463
0.060038
0.0584293
0.0566287
0.0546464
0.0524951
0.0501895
0.0477465
0.0451843
0.0425229
0.0397823
0.0369838
0.0341473
0.0312931
0.028439
0.0256037
0.0228005
0.0200468
0.0173487
0.0147252
0.0121687
0.00970728
0.0633592
0.0630791
0.0625401
0.0617617
0.0607591
0.0595438
0.0581257
0.0565141
0.0547198
0.052755
0.0506337
0.0483716
0.0459862
0.043496
0.0409205
0.0382795
0.0355929
0.0328795
0.0301585
0.0274458
0.0247586
0.0221087
0.0195117
0.0169727
0.0145086
0.0121117
0.00980746
0.0615406
0.0612552
0.0607069
0.0599173
0.0589038
0.0576805
0.0562596
0.0546527
0.0528725
0.0509325
0.0488482
0.0466359
0.0443135
0.0418996
0.0394132
0.0368733
0.0342989
0.0317077
0.0291172
0.0265422
0.0239981
0.0214955
0.0190483
0.0166606
0.0143475
0.0121013
0.00994503
0.0597426
0.0594535
0.0588991
0.0581026
0.0570836
0.0558585
0.0544415
0.0528463
0.051087
0.0491786
0.0471374
0.0449803
0.0427256
0.0403913
0.0379962
0.0355584
0.033096
0.0306252
0.0281624
0.025721
0.023315
0.0209536
0.0186493
0.0164054
0.0142353
0.0121313
0.0101142
0.0579683
0.0576771
0.0571196
0.0563204
0.055301
0.0540798
0.0526729
0.0510957
0.0493635
0.0474926
0.0454999
0.0434028
0.0412192
0.0389673
0.036665
0.0343297
0.0319782
0.0296259
0.0272876
0.0249756
0.0227024
0.0204763
0.0183081
0.0162008
0.0141659
0.012196
0.0103099
0.0562208
0.0559291
0.0553713
0.0545733
0.0535582
0.0523462
0.050955
0.0494015
0.0477021
0.0458739
0.0439342
0.0419008
0.0397915
0.0376239
0.0354153
0.0331821
0.0309402
0.0287038
0.0264866
0.0242995
0.0221539
0.0200571
0.0180186
0.0160407
0.0141336
0.0122901
0.0105272
0.0545032
0.0542123
0.0536568
0.0528636
0.0518572
0.0506592
0.0492889
0.0477641
0.0461024
0.0443214
0.0424387
0.0404722
0.0384394
0.0363573
0.0342426
0.0321108
0.0299767
0.0278534
0.0257535
0.0236869
0.0216636
0.0196902
0.017775
0.0159197
0.0141335
0.0124091
0.0107618
0.052818
0.0525293
0.0519785
0.0511935
0.0501998
0.0490203
0.0476754
0.0461839
0.0445641
0.0428341
0.0410117
0.0391144
0.0371596
0.0351638
0.0331427
0.031111
0.0290826
0.0270695
0.025083
0.0231322
0.0212261
0.0193703
0.0175722
0.015833
0.0141608
0.0125485
0.0110099
0.0511681
0.0508826
0.0503389
0.049565
0.0485876
0.0474305
0.046115
0.0446608
0.0430866
0.0414107
0.0396511
0.037825
0.0359493
0.0340398
0.0321116
0.0301785
0.0282532
0.0263469
0.0244699
0.0226303
0.0208362
0.0190923
0.0174054
0.015776
0.0142112
0.0127045
0.011268
0.0495557
0.0492747
0.0487399
0.04798
0.047022
0.0458908
0.0446083
0.0431948
0.0416692
0.0400501
0.0383552
0.0366015
0.0348054
0.0329819
0.0311454
0.0293088
0.027484
0.025681
0.0239094
0.0221764
0.0204891
0.0188518
0.0172701
0.0157445
0.0142811
0.0128736
0.011533
0.0479831
0.0477075
0.0471835
0.0464399
0.0455044
0.0444021
0.0431556
0.0417855
0.0403111
0.0387508
0.037122
0.0354415
0.0337248
0.0319867
0.0302404
0.028498
0.0267707
0.0250675
0.0233972
0.0217661
0.0201807
0.0186445
0.0171625
0.0157348
0.0143669
0.0130527
0.0118019
0.0464525
0.0461831
0.0456715
0.0449464
0.0440356
0.0429648
0.0417569
0.0404327
0.0390114
0.0375113
0.0359495
0.0343424
0.0327048
0.0310508
0.0293929
0.0277423
0.0261093
0.0245023
0.022929
0.0213953
0.0199068
0.0184665
0.0170788
0.0157436
0.0144656
0.013239
0.0120725
0.0449655
0.0447031
0.0442053
0.0435005
0.0426167
0.0415796
0.0404123
0.0391358
0.037769
0.0363301
0.0348358
0.0333018
0.0317426
0.0301712
0.0285995
0.027038
0.025496
0.0239814
0.0225011
0.0210602
0.0196638
0.0183144
0.0170158
0.0157677
0.0145742
0.0134299
0.0123424
0.043524
0.0432692
0.0427863
0.0421033
0.0412482
0.0402466
0.0391216
0.0378941
0.0365829
0.0352058
0.0337789
0.0323175
0.0308353
0.0293448
0.027857
0.0263817
0.0249275
0.0235015
0.0221099
0.0207574
0.0194483
0.0181849
0.0169705
0.0158045
0.0146904
0.0136233
0.0126097
0.0421293
0.0418827
0.0414156
0.0407558
0.0399307
0.038966
0.0378846
0.036707
0.035452
0.0341366
0.0327769
0.0313871
0.0299805
0.0285688
0.0271623
0.0257702
0.0244003
0.0230591
0.0217522
0.0204837
0.0192574
0.0180753
0.0169401
0.0158514
0.0148119
0.0138171
0.0128729
0.0407827
0.0405447
0.0400943
0.0394585
0.0386646
0.0377378
0.0367007
0.0355737
0.0343749
0.0331212
0.0318277
0.0305083
0.0291756
0.0278404
0.0265127
0.0252006
0.0239115
0.0226513
0.0214249
0.0202361
0.0190882
0.0179829
0.0169224
0.0159062
0.0149368
0.0140098
0.0131303
0.0394852
0.0392562
0.038823
0.0382121
0.0374501
0.0365618
0.0355696
0.0344932
0.0333506
0.0321578
0.0309296
0.0296791
0.0284181
0.0271572
0.0259052
0.02467
0.0234582
0.0222751
0.0211253
0.0200121
0.0189383
0.0179053
0.0169151
0.0159671
0.0150634
0.0141998
0.0133809
0.0382378
0.0380179
0.0376024
0.0370169
0.0362873
0.0354379
0.0344906
0.0334648
0.0323778
0.031245
0.0300806
0.0288972
0.0277059
0.0265166
0.0253375
0.0241759
0.0230378
0.0219282
0.020851
0.0198092
0.0188053
0.0178405
0.0169164
0.0160324
0.0151901
0.0143858
0.0136236
0.0370411
0.0368306
0.036433
0.0358731
0.0351761
0.0343657
0.0334632
0.0324874
0.0314551
0.0303812
0.0292791
0.0281608
0.0270368
0.0259163
0.0248071
0.0237158
0.022648
0.021608
0.0205996
0.0196253
0.0186873
0.0177866
0.0169245
0.0161004
0.0153157
0.0145669
0.0138574
0.0358958
0.0356946
0.035315
0.0347808
0.0341163
0.0333447
0.0324866
0.0315601
0.0305814
0.0295648
0.0285232
0.0274679
0.0264087
0.0253543
0.0243119
0.0232876
0.0222865
0.0213125
0.0203691
0.0194584
0.0185824
0.0177419
0.016938
0.01617
0.0154391
0.0147421
0.0140819
0.034802
0.0346103
0.0342486
0.0337399
0.0331078
0.0323745
0.03156
0.0306818
0.0297554
0.0287945
0.0278114
0.0268167
0.0258197
0.0248285
0.0238497
0.0228891
0.0219512
0.0210397
0.0201576
0.0193068
0.018489
0.017705
0.0169555
0.01624
0.0155593
0.0149106
0.0142963
0.0337602
0.0335778
0.0332338
0.0327505
0.0321502
0.0314545
0.0306826
0.0298514
0.0289758
0.0280688
0.027142
0.0262055
0.025268
0.024337
0.0234187
0.0225185
0.0216404
0.0207878
0.0199634
0.0191689
0.0184058
0.0176746
0.016976
0.0163095
0.0156757
0.0150719
0.0145004
0.0327704
0.0325972
0.0322707
0.0318121
0.031243
0.030584
0.0298536
0.029068
0.0282414
0.0273863
0.0265135
0.0256326
0.0247518
0.0238781
0.0230172
0.022174
0.0213524
0.0205553
0.019785
0.0190433
0.0183313
0.0176495
0.0169985
0.0163776
0.0157875
0.0152256
0.0146937
0.0318326
0.0316683
0.0313589
0.0309245
0.0303857
0.0297624
0.0290721
0.0283305
0.0275511
0.0267456
0.0259245
0.0250966
0.0242697
0.0234502
0.0226436
0.0218542
0.0210856
0.0203406
0.0196212
0.0189288
0.0182646
0.0176289
0.0170222
0.0164438
0.0158942
0.0153712
0.0148762
0.0309466
0.0307911
0.0304982
0.0300873
0.0295779
0.0289889
0.0283374
0.027638
0.0269037
0.0261456
0.0253736
0.024596
0.0238201
0.0230519
0.0222963
0.0215575
0.0208387
0.0201425
0.0194706
0.0188243
0.0182047
0.0176119
0.0170464
0.0165075
0.0159955
0.0155085
0.0150477
0.0301124
0.0299653
0.0296884
0.0293
0.0288189
0.028263
0.0276484
0.0269893
0.026298
0.025585
0.0248596
0.0241295
0.0234017
0.0226817
0.0219741
0.0212827
0.0206106
0.0199598
0.0193322
0.0187289
0.0181507
0.0175978
0.0170705
0.0165682
0.0160911
0.0156374
0.0152082
0.0293296
0.0291905
0.028929
0.0285623
0.0281082
0.0275838
0.0270045
0.0263837
0.0257331
0.0250627
0.0243812
0.0236959
0.0230133
0.0223385
0.0216758
0.0210287
0.0204
0.0197916
0.0192052
0.0186418
0.018102
0.017586
0.017094
0.0166256
0.0161807
0.0157578
0.0153577
0.0285979
0.0284666
0.0282197
0.0278735
0.0274451
0.0269506
0.0264047
0.0258202
0.025208
0.0245777
0.0239374
0.0232941
0.0226537
0.0220211
0.0214002
0.0207944
0.020206
0.019637
0.0190888
0.0185622
0.0180579
0.017576
0.0171167
0.0166794
0.0162643
0.0158697
0.0154964
0.0279171
0.0277931
0.02756
0.0272333
0.0268292
0.0263629
0.0258484
0.0252979
0.0247218
0.024129
0.0235272
0.0229231
0.022322
0.0217286
0.0211465
0.0205789
0.0200278
0.0194952
0.0189822
0.0184896
0.018018
0.0175675
0.0171382
0.0167296
0.0163417
0.0159731
0.0156244
0.0272868
0.0271697
0.0269496
0.0266412
0.0262598
0.02582
0.0253349
0.0248162
0.0242736
0.0237157
0.0231498
0.0225819
0.0220172
0.0214601
0.0209139
0.0203814
0.0198647
0.0193655
0.0188848
0.0184235
0.0179819
0.0175602
0.0171583
0.0167759
0.0164129
0.0160681
0.0157418
0.0267069
0.0265962
0.0263882
0.0260969
0.0257366
0.0253214
0.0248636
0.0243743
0.0238628
0.0233372
0.0228043
0.0222698
0.0217386
0.0212148
0.0207015
0.0202013
0.0197161
0.0192474
0.0187963
0.0183635
0.0179493
0.0175537
0.0171769
0.0168184
0.016478
0.0161548
0.0158489
0.026177
0.0260722
0.0258754
0.0255999
0.0252592
0.0248666
0.0244339
0.0239717
0.0234888
0.0229928
0.0224901
0.0219862
0.0214856
0.0209922
0.0205088
0.0200379
0.0195814
0.0191405
0.0187163
0.0183092
0.0179198
0.017548
0.0171938
0.0168569
0.016537
0.0162333
0.0159459
0.0256971
0.0255978
0.0254112
0.02515
0.0248272
0.0244553
0.0240456
0.023608
0.0231511
0.0226819
0.0222067
0.0217305
0.0212576
0.0207917
0.0203354
0.019891
0.0194603
0.0190444
0.0186443
0.0182605
0.0178934
0.0175429
0.0172091
0.0168915
0.01659
0.0163038
0.0160329
0.0252672
0.0251728
0.0249955
0.0247473
0.0244406
0.0240874
0.0236983
0.023283
0.0228494
0.0224043
0.0219537
0.0215023
0.0210543
0.0206129
0.0201808
0.0197601
0.0193524
0.0189588
0.0185802
0.0182172
0.0178698
0.0175383
0.0172226
0.0169222
0.0166371
0.0163664
0.0161102
0.0248875
0.0247974
0.0246283
0.0243918
0.0240994
0.0237627
0.023392
0.0229964
0.0225834
0.0221598
0.0217309
0.0213015
0.0208753
0.0204556
0.0200448
0.019645
0.0192575
0.0188836
0.0185239
0.018179
0.0178491
0.0175343
0.0172343
0.0169491
0.0166783
0.0164212
0.0161778
0.0245583
0.0244721
0.0243102
0.0240837
0.0238038
0.0234816
0.0231269
0.0227483
0.0223534
0.0219483
0.0215383
0.0211279
0.0207207
0.0203197
0.0199274
0.0195455
0.0191756
0.0188186
0.0184753
0.0181461
0.0178312
0.0175307
0.0172444
0.0169722
0.0167137
0.0164684
0.0162361
0.0242803
0.0241973
0.0240415
0.0238236
0.0235544
0.0232444
0.0229032
0.0225391
0.0221594
0.02177
0.021376
0.0209816
0.0205904
0.0202053
0.0198285
0.0194618
0.0191066
0.0187639
0.0184343
0.0181183
0.017816
0.0175276
0.0172528
0.0169915
0.0167433
0.0165079
0.0162849
0.0240544
0.023974
0.0238233
0.0236123
0.0233518
0.0230518
0.0227216
0.0223694
0.022002
0.0216253
0.0212443
0.020863
0.0204848
0.0201125
0.0197483
0.019394
0.0190507
0.0187195
0.0184011
0.0180957
0.0178037
0.017525
0.0172595
0.0170071
0.0167673
0.0165398
0.0163243
0.0238819
0.0238036
0.0236566
0.023451
0.0231971
0.0229048
0.022583
0.0222398
0.0218819
0.021515
0.0211439
0.0207725
0.0204043
0.0200418
0.0196872
0.0193422
0.0190081
0.0186857
0.0183758
0.0180785
0.0177943
0.017523
0.0172646
0.0170189
0.0167855
0.016564
0.0163542
0.0237645
0.0236875
0.0235432
0.0233413
0.0230919
0.0228048
0.0224888
0.0221517
0.0218003
0.02144
0.0210756
0.0207111
0.0203496
0.0199937
0.0196457
0.0193071
0.0189791
0.0186627
0.0183585
0.0180668
0.0177879
0.0175216
0.017268
0.0170268
0.0167978
0.0165804
0.0163745
0.0237044
0.0236281
0.0234851
0.0232851
0.0230381
0.0227536
0.0224406
0.0221067
0.0217585
0.0214016
0.0210407
0.0206796
0.0203216
0.0199691
0.0196245
0.0192891
0.0189643
0.018651
0.0183497
0.0180608
0.0177846
0.0175209
0.0172698
0.0170309
0.016804
0.0165888
0.0163848
0.122671
0.123402
0.124892
0.127003
0.129727
0.133016
0.136856
0.141237
0.146153
0.151609
0.157604
0.164158
0.171271
0.178972
0.187263
0.196182
0.205724
0.215942
0.226818
0.238418
0.250706
0.263767
0.277528
0.292104
0.307361
0.323478
0.340172
0.357828
0.375747
0.122642
0.123373
0.124862
0.126972
0.129695
0.132982
0.13682
0.141199
0.146111
0.151564
0.157556
0.164105
0.171213
0.178908
0.187193
0.196104
0.205637
0.215844
0.226708
0.238293
0.250565
0.263606
0.277344
0.291893
0.307119
0.3232
0.339851
0.357456
0.375317
0.122609
0.123339
0.124828
0.126936
0.129657
0.132942
0.136778
0.141154
0.146063
0.151512
0.157499
0.164042
0.171144
0.178831
0.187106
0.196006
0.205527
0.215718
0.226564
0.238128
0.250374
0.263385
0.277088
0.291594
0.30677
0.322793
0.339373
0.356896
0.374659
0.122571
0.1233
0.124788
0.126895
0.129614
0.132897
0.13673
0.141103
0.146008
0.151452
0.157433
0.163969
0.171062
0.17874
0.187003
0.19589
0.205393
0.215565
0.226387
0.237923
0.250135
0.263104
0.276759
0.291207
0.306314
0.322256
0.338739
0.356149
0.373774
0.122529
0.123257
0.124744
0.126849
0.129567
0.132847
0.136677
0.141045
0.145946
0.151384
0.157358
0.163887
0.17097
0.178636
0.186884
0.195754
0.205237
0.215384
0.226176
0.237676
0.249845
0.262764
0.276356
0.290732
0.305751
0.32159
0.337948
0.355215
0.372663
0.122482
0.123209
0.124695
0.126798
0.129513
0.132791
0.136617
0.140981
0.145877
0.151308
0.157275
0.163794
0.170865
0.178517
0.186749
0.195599
0.205057
0.215175
0.225931
0.237389
0.249506
0.262363
0.275881
0.290169
0.30508
0.320795
0.337001
0.354093
0.371325
0.122431
0.123157
0.124641
0.126742
0.129455
0.13273
0.136552
0.140911
0.1458
0.151225
0.157182
0.16369
0.170749
0.178386
0.186598
0.195424
0.204854
0.214938
0.225653
0.237061
0.249118
0.261902
0.275333
0.289518
0.304304
0.319871
0.335899
0.352786
0.369763
0.122375
0.1231
0.124582
0.126681
0.129392
0.132663
0.136481
0.140835
0.145717
0.151134
0.157081
0.163577
0.170621
0.17824
0.186431
0.19523
0.204629
0.214674
0.225341
0.236692
0.24868
0.261382
0.274713
0.288779
0.30342
0.318819
0.334641
0.351292
0.367976
0.122315
0.123038
0.124519
0.126615
0.129323
0.13259
0.136403
0.140752
0.145627
0.151035
0.156971
0.163454
0.170482
0.178081
0.186247
0.195018
0.20438
0.214382
0.224996
0.236283
0.248194
0.260803
0.27402
0.287952
0.302431
0.31764
0.333229
0.349614
0.365967
0.12225
0.122972
0.124451
0.126544
0.12925
0.132513
0.136321
0.140663
0.14553
0.150928
0.156853
0.163321
0.170331
0.177908
0.186048
0.194786
0.204108
0.214062
0.224618
0.235834
0.247658
0.260164
0.273255
0.287039
0.301336
0.316333
0.331663
0.347752
0.363736
0.12218
0.122901
0.124378
0.126469
0.129171
0.13243
0.136232
0.140567
0.145427
0.150814
0.156726
0.163178
0.170169
0.177722
0.185833
0.194535
0.203814
0.213715
0.224206
0.235345
0.247073
0.259465
0.272419
0.286038
0.300136
0.314899
0.329945
0.345708
0.361286
0.122106
0.122825
0.124301
0.126389
0.129087
0.132341
0.136138
0.140466
0.145316
0.150692
0.15659
0.163026
0.169995
0.177523
0.185602
0.194265
0.203497
0.21334
0.223761
0.234815
0.24644
0.258708
0.27151
0.284951
0.298831
0.31334
0.328074
0.343483
0.358618
0.122028
0.122745
0.124219
0.126304
0.128999
0.132248
0.136038
0.140358
0.145199
0.150563
0.156446
0.162863
0.16981
0.17731
0.185354
0.193977
0.203157
0.212938
0.223283
0.234245
0.245758
0.257892
0.27053
0.283778
0.297421
0.311656
0.326053
0.341078
0.355734
0.121945
0.122661
0.124132
0.126214
0.128904
0.132149
0.135932
0.140244
0.145074
0.150426
0.156293
0.162691
0.169613
0.177083
0.185092
0.193669
0.202794
0.212509
0.222772
0.233636
0.245027
0.257018
0.26948
0.282519
0.295908
0.309847
0.323883
0.338495
0.352638
0.121857
0.122572
0.12404
0.126119
0.128805
0.132044
0.135821
0.140124
0.144944
0.150281
0.156132
0.162508
0.169405
0.176844
0.184813
0.193343
0.202409
0.212053
0.222228
0.232986
0.244249
0.256085
0.268358
0.281175
0.294292
0.307915
0.321563
0.335736
0.34933
0.121765
0.122478
0.123944
0.12602
0.12871
0.131934
0.135704
0.139998
0.144806
0.150129
0.155962
0.162317
0.169186
0.176591
0.184519
0.192998
0.202002
0.211569
0.221651
0.232297
0.243422
0.255094
0.267166
0.279746
0.292574
0.30586
0.319097
0.332802
0.345813
0.121669
0.12238
0.123844
0.125916
0.1286
0.131819
0.135582
0.139866
0.144662
0.14997
0.155784
0.162115
0.168956
0.176325
0.184209
0.192634
0.201572
0.211059
0.221042
0.231569
0.242547
0.254045
0.265904
0.278232
0.290754
0.303683
0.316485
0.329695
0.342091
0.121568
0.122278
0.123739
0.125807
0.128483
0.131699
0.135454
0.139728
0.144511
0.149803
0.155598
0.161904
0.168715
0.176046
0.183884
0.192252
0.20112
0.210522
0.220401
0.230801
0.241625
0.252939
0.264572
0.276635
0.288833
0.301386
0.313728
0.326418
0.338165
0.121463
0.122171
0.123629
0.125694
0.128363
0.131574
0.13532
0.139584
0.144354
0.149629
0.155403
0.161684
0.168462
0.175755
0.183543
0.191852
0.200646
0.209959
0.219727
0.229995
0.240656
0.251775
0.263171
0.274955
0.286811
0.298969
0.310828
0.322972
0.33404
0.121353
0.122059
0.123515
0.125576
0.128237
0.131443
0.135181
0.139434
0.14419
0.149448
0.1552
0.161454
0.168199
0.17545
0.183188
0.191433
0.200151
0.209368
0.219021
0.229149
0.239639
0.250555
0.261701
0.273191
0.284691
0.296434
0.307787
0.319359
0.329718
0.121239
0.121944
0.123396
0.125453
0.128104
0.131308
0.135037
0.139278
0.14402
0.14926
0.154989
0.161215
0.167925
0.175132
0.182817
0.190996
0.199633
0.208752
0.218283
0.228265
0.238576
0.249278
0.260163
0.271346
0.282471
0.293781
0.304607
0.315583
0.325202
0.121121
0.121824
0.123273
0.125326
0.127974
0.131167
0.134888
0.139117
0.143843
0.149064
0.15477
0.160966
0.16764
0.174802
0.182431
0.190541
0.199093
0.208109
0.217513
0.227343
0.237466
0.247944
0.258557
0.26942
0.280154
0.291013
0.301288
0.311645
0.320497
0.120999
0.121699
0.123146
0.125195
0.127836
0.131021
0.134733
0.138949
0.14366
0.148862
0.154543
0.160709
0.167344
0.174459
0.182029
0.190069
0.198532
0.20744
0.216712
0.226382
0.236309
0.246555
0.256883
0.267412
0.27774
0.288129
0.297833
0.307547
0.315604
0.120872
0.121571
0.123014
0.125058
0.127693
0.130871
0.134573
0.138776
0.143471
0.148652
0.154308
0.160442
0.167038
0.174104
0.181614
0.189578
0.19795
0.206745
0.21588
0.225383
0.235107
0.245111
0.255143
0.265325
0.27523
0.285132
0.294244
0.303293
0.310529
0.12074
0.121438
0.122878
0.124918
0.127546
0.130716
0.134407
0.138598
0.143276
0.148436
0.154065
0.160166
0.166721
0.173736
0.181183
0.18907
0.197346
0.206025
0.215016
0.224347
0.233859
0.243611
0.253336
0.263158
0.272625
0.282024
0.290523
0.298885
0.305276
0.120605
0.1213
0.122737
0.124772
0.127395
0.130556
0.134237
0.138414
0.143074
0.148213
0.153815
0.159881
0.166394
0.173356
0.180738
0.188544
0.196721
0.205278
0.214121
0.223272
0.232566
0.242057
0.251463
0.260913
0.269926
0.278804
0.286671
0.294326
0.299847
0.120465
0.121159
0.122593
0.124623
0.12724
0.130392
0.134061
0.138224
0.142867
0.147983
0.153557
0.159588
0.166056
0.172964
0.180278
0.188
0.196075
0.204507
0.213196
0.222161
0.231227
0.240448
0.249524
0.258589
0.267134
0.275475
0.28269
0.289619
0.294247
0.120322
0.121014
0.122444
0.124469
0.12708
0.130223
0.133881
0.138029
0.142654
0.147746
0.153291
0.159285
0.165708
0.172559
0.179803
0.18744
0.195408
0.20371
0.21224
0.221013
0.229844
0.238785
0.247521
0.256189
0.26425
0.272039
0.278583
0.284766
0.288481
0.120174
0.120864
0.122291
0.124311
0.126915
0.130049
0.133695
0.137829
0.142434
0.147503
0.153017
0.158974
0.165351
0.172143
0.179315
0.186862
0.194721
0.202888
0.211254
0.219827
0.228416
0.237069
0.245453
0.253712
0.261275
0.268497
0.274352
0.279771
0.282553
0.120021
0.12071
0.122133
0.124149
0.126746
0.129871
0.133505
0.137623
0.142209
0.147253
0.152737
0.158654
0.164983
0.171715
0.178812
0.186267
0.194013
0.202041
0.210238
0.218605
0.226945
0.235299
0.243322
0.251159
0.25821
0.264849
0.269999
0.274637
0.276466
0.119865
0.120553
0.121972
0.123982
0.126573
0.129688
0.13331
0.137412
0.141978
0.146996
0.152448
0.158326
0.164605
0.171275
0.178296
0.185655
0.193284
0.201169
0.209191
0.217347
0.225429
0.233477
0.241128
0.248531
0.255056
0.261099
0.265525
0.269367
0.270226
0.119705
0.120391
0.121807
0.12381
0.126395
0.1295
0.13311
0.137196
0.141741
0.146734
0.152153
0.15799
0.164217
0.170823
0.177765
0.185027
0.192536
0.200273
0.208115
0.216053
0.22387
0.231603
0.238871
0.24583
0.251815
0.257248
0.260934
0.263964
0.263836
0.119541
0.120225
0.121637
0.123635
0.126213
0.129309
0.132905
0.136974
0.141499
0.146465
0.151851
0.157645
0.16382
0.17036
0.177221
0.184382
0.191767
0.199353
0.20701
0.214723
0.222269
0.229676
0.236553
0.243055
0.248487
0.253297
0.256227
0.258432
0.257302
0.119372
0.120055
0.121464
0.123463
0.126027
0.129112
0.132696
0.136748
0.141251
0.14619
0.151541
0.157292
0.163413
0.169886
0.176663
0.18372
0.190979
0.198408
0.205875
0.213357
0.220624
0.227698
0.234173
0.240208
0.245074
0.249248
0.251406
0.252773
0.250627
0.1192
0.119882
0.121287
0.123278
0.125836
0.128912
0.132482
0.136517
0.140998
0.145908
0.151224
0.156931
0.162996
0.1694
0.176092
0.183043
0.190171
0.19744
0.204712
0.211957
0.218937
0.225669
0.231733
0.237289
0.241577
0.245103
0.246474
0.246991
0.243817
0.119024
0.119704
0.121106
0.123091
0.125642
0.128707
0.132263
0.136281
0.140739
0.145621
0.150901
0.156562
0.162571
0.168903
0.175507
0.182349
0.189343
0.196447
0.20352
0.210521
0.217209
0.22359
0.229233
0.234299
0.237997
0.240864
0.241432
0.241091
0.236875
0.118843
0.119523
0.120922
0.1229
0.125444
0.128498
0.13204
0.13604
0.140476
0.145328
0.150571
0.156186
0.162136
0.168396
0.174909
0.181639
0.188496
0.195432
0.202299
0.209051
0.215439
0.22146
0.226674
0.231239
0.234335
0.236532
0.236282
0.235075
0.229805
0.118659
0.119338
0.120732
0.122706
0.125242
0.128285
0.131813
0.135794
0.140206
0.145029
0.150234
0.155801
0.161692
0.167877
0.174298
0.180914
0.18763
0.194393
0.20105
0.207546
0.213627
0.219281
0.224056
0.228109
0.230593
0.232108
0.231028
0.228947
0.222611
0.118471
0.11915
0.120537
0.122508
0.125035
0.128068
0.131582
0.135544
0.139932
0.144724
0.149891
0.155409
0.161239
0.167348
0.173675
0.180173
0.186745
0.19333
0.199773
0.206007
0.211775
0.217052
0.221381
0.224911
0.226772
0.227595
0.22567
0.222711
0.215298
0.11828
0.118957
0.120343
0.122306
0.124826
0.127847
0.131346
0.135289
0.139653
0.144414
0.149541
0.15501
0.160777
0.166808
0.173038
0.179416
0.185841
0.192245
0.198468
0.204434
0.209882
0.214774
0.218648
0.221645
0.222874
0.222993
0.220211
0.21637
0.118084
0.118761
0.120141
0.122101
0.124612
0.127623
0.131106
0.13503
0.139369
0.144098
0.149185
0.154603
0.160307
0.166258
0.172389
0.178644
0.184919
0.191137
0.197135
0.202828
0.207949
0.212448
0.215858
0.218311
0.218899
0.218304
0.214654
0.20993
0.117885
0.118562
0.119937
0.121892
0.124395
0.127394
0.130862
0.134767
0.13908
0.143776
0.148823
0.154189
0.159827
0.165697
0.171727
0.177857
0.183977
0.190007
0.195775
0.201188
0.205975
0.210073
0.213013
0.214911
0.21485
0.21353
0.209
0.203392
0.117682
0.118359
0.11973
0.121679
0.124174
0.127161
0.130614
0.134499
0.138786
0.14345
0.148454
0.153767
0.15934
0.165127
0.171054
0.177055
0.183018
0.188854
0.194388
0.199516
0.203963
0.207651
0.210112
0.211445
0.210728
0.208671
0.203251
0.196762
0.117476
0.118152
0.11952
0.121464
0.123949
0.126925
0.130362
0.134226
0.138488
0.143118
0.14808
0.153339
0.158844
0.164546
0.170368
0.176239
0.182041
0.187679
0.192974
0.19781
0.201911
0.205182
0.207157
0.207914
0.206534
0.203728
0.197412
0.190041
0.117265
0.117942
0.119306
0.121244
0.123721
0.126685
0.130107
0.13395
0.138185
0.142781
0.147699
0.152904
0.15834
0.163956
0.16967
0.175407
0.181045
0.186482
0.191532
0.196072
0.199819
0.202665
0.204146
0.204317
0.202268
0.1987
0.191482
0.18323
0.117052
0.117729
0.119089
0.121021
0.123489
0.126441
0.129846
0.133669
0.137876
0.142437
0.147311
0.15246
0.157825
0.163352
0.168956
0.174557
0.180028
0.185258
0.190059
0.194295
0.197683
0.200097
0.201077
0.200652
0.19793
0.193587
0.185466
0.116835
0.117512
0.118869
0.120795
0.123254
0.126194
0.129583
0.133384
0.137563
0.142088
0.146917
0.152008
0.157302
0.162739
0.168231
0.173692
0.178992
0.184012
0.188559
0.192487
0.195509
0.197485
0.197958
0.196929
0.193531
0.188401
0.179384
0.116614
0.117292
0.118646
0.120568
0.123019
0.125948
0.129322
0.133103
0.137256
0.141748
0.146534
0.151569
0.156793
0.162141
0.167522
0.172845
0.177974
0.182783
0.187074
0.190691
0.193342
0.194872
0.19483
0.193187
0.189105
0.183169
0.173255
0.11639
0.11707
0.118422
0.12034
0.122785
0.125705
0.129066
0.132829
0.13696
0.141421
0.146167
0.151151
0.156307
0.16157
0.166842
0.172027
0.176984
0.181579
0.185607
0.188902
0.191167
0.192231
0.191647
0.189357
0.184556
0.17776
0.166915
0.116162
0.11684
0.118185
0.120093
0.122524
0.125425
0.128762
0.132495
0.136587
0.141
0.145685
0.150594
0.155658
0.160806
0.165938
0.170951
0.175699
0.180041
0.183768
0.1867
0.188542
0.189105
0.187954
0.184993
0.179472
0.171798
0.160078
0.118472
0.119182
0.120584
0.122572
0.125108
0.128141
0.131632
0.135549
0.139852
0.144505
0.149463
0.154678
0.160083
0.16561
0.171162
0.176638
0.181897
0.1868
0.191145
0.194753
0.197339
0.198711
0.198452
0.196453
0.192003
0.185453
0.175035
0.118655
0.119367
0.120775
0.122771
0.125319
0.128367
0.131879
0.135822
0.140159
0.144855
0.149867
0.15515
0.160641
0.166275
0.171958
0.177597
0.183055
0.1882
0.192835
0.196793
0.19979
0.201649
0.201945
0.200602
0.196858
0.191171
0.181609
0.118835
0.119545
0.120954
0.122953
0.125505
0.128559
0.132081
0.136038
0.140393
0.145115
0.150161
0.155489
0.161038
0.166749
0.172532
0.178299
0.183917
0.189264
0.194149
0.198415
0.201783
0.204093
0.204915
0.204202
0.201161
0.196319
0.187665
0.11901
0.11972
0.121131
0.123133
0.125692
0.128755
0.132289
0.136262
0.140639
0.145389
0.150473
0.15585
0.161463
0.167254
0.173139
0.179035
0.184814
0.190361
0.19549
0.200055
0.203779
0.20652
0.207842
0.207728
0.205354
0.201304
0.193522
0.119183
0.119892
0.121307
0.123313
0.125878
0.128951
0.132498
0.13649
0.14089
0.145671
0.150794
0.156223
0.161901
0.167775
0.173764
0.17979
0.18573
0.191476
0.196847
0.201708
0.205784
0.20895
0.210763
0.211237
0.209521
0.206245
0.199332
0.119351
0.120061
0.12148
0.123489
0.126061
0.129144
0.132704
0.136713
0.141136
0.145948
0.15111
0.156588
0.16233
0.168285
0.174376
0.180529
0.186627
0.192568
0.198177
0.203327
0.20775
0.211333
0.213632
0.214686
0.213625
0.211111
0.205074
0.198102
0.119516
0.120226
0.121652
0.123661
0.12624
0.129333
0.132905
0.136931
0.141377
0.146218
0.151418
0.156945
0.162748
0.168782
0.174972
0.181249
0.187501
0.193633
0.199474
0.204909
0.209671
0.213665
0.216441
0.218065
0.217654
0.21589
0.210728
0.204635
0.119678
0.120387
0.121802
0.12383
0.126416
0.129517
0.133102
0.137145
0.141613
0.146482
0.151719
0.157293
0.163158
0.169269
0.175555
0.181954
0.188357
0.194675
0.200743
0.206457
0.211551
0.215947
0.219194
0.221379
0.221611
0.220582
0.21629
0.211074
0.119835
0.120545
0.121967
0.123995
0.126587
0.129698
0.133295
0.137355
0.141844
0.146741
0.152014
0.157635
0.163559
0.169746
0.176127
0.182645
0.189194
0.195695
0.201986
0.207971
0.213392
0.218183
0.221892
0.224626
0.225495
0.225188
0.221759
0.217418
0.119989
0.120699
0.122125
0.124157
0.126755
0.129875
0.133484
0.13756
0.142069
0.146994
0.152303
0.15797
0.163951
0.170212
0.176686
0.18332
0.190013
0.196693
0.203201
0.209453
0.215193
0.22037
0.224533
0.227807
0.229304
0.229708
0.227134
0.223665
0.120139
0.120849
0.122279
0.124311
0.126919
0.130047
0.133668
0.13776
0.14229
0.147242
0.152585
0.158297
0.164335
0.170668
0.177232
0.183979
0.190813
0.197667
0.204388
0.210901
0.216954
0.222509
0.227118
0.23092
0.233038
0.234141
0.232411
0.229812
0.120285
0.120995
0.122428
0.124465
0.127081
0.130216
0.133848
0.137956
0.142506
0.147484
0.152861
0.158616
0.16471
0.171113
0.177765
0.184624
0.191595
0.198619
0.205547
0.212315
0.218674
0.224598
0.229646
0.233964
0.236694
0.238485
0.237588
0.235854
0.229578
0.120427
0.121138
0.122573
0.124615
0.127236
0.130381
0.134023
0.138146
0.142716
0.14772
0.15313
0.158928
0.165076
0.171547
0.178286
0.185252
0.192357
0.199547
0.206678
0.213695
0.220352
0.226638
0.232116
0.23694
0.240272
0.242738
0.242662
0.241788
0.236571
0.120565
0.121277
0.122715
0.12476
0.127383
0.130542
0.134194
0.138332
0.142922
0.14795
0.153393
0.159232
0.165432
0.171971
0.178793
0.185865
0.1931
0.200452
0.207781
0.21504
0.22199
0.228629
0.234527
0.239847
0.243771
0.246901
0.247632
0.247611
0.243441
0.120699
0.121412
0.122853
0.124902
0.127532
0.1307
0.134361
0.138514
0.143121
0.148174
0.153648
0.159528
0.165779
0.172383
0.179287
0.186461
0.193824
0.201334
0.208855
0.21635
0.223586
0.230569
0.236879
0.242683
0.247188
0.25097
0.252495
0.253319
0.250184
0.120829
0.121543
0.122987
0.125039
0.127676
0.130853
0.134523
0.13869
0.143315
0.148392
0.153897
0.159815
0.166117
0.172784
0.179768
0.187042
0.194528
0.202191
0.209901
0.217626
0.22514
0.232459
0.239172
0.245448
0.250522
0.254945
0.25725
0.258909
0.256796
0.120956
0.12167
0.123117
0.125173
0.127814
0.130986
0.13468
0.138861
0.143504
0.148604
0.154138
0.160095
0.166445
0.173174
0.180235
0.187606
0.195212
0.203025
0.210917
0.218866
0.226651
0.234297
0.241404
0.248141
0.253773
0.258823
0.261893
0.264377
0.263274
0.121078
0.121793
0.123242
0.125302
0.127949
0.131132
0.134837
0.139027
0.143687
0.148809
0.154372
0.160367
0.166764
0.173553
0.180688
0.188154
0.195877
0.203835
0.211904
0.220071
0.22812
0.236084
0.243575
0.250762
0.256939
0.262604
0.266424
0.269719
0.269612
0.121196
0.121911
0.123364
0.125427
0.12808
0.131272
0.134995
0.139189
0.143865
0.149008
0.1546
0.16063
0.167073
0.173919
0.181128
0.188685
0.196521
0.20462
0.212862
0.22124
0.229546
0.237819
0.245684
0.253309
0.260018
0.266285
0.270839
0.274933
0.275806
0.12131
0.122026
0.123481
0.125548
0.128206
0.131404
0.135116
0.139345
0.144036
0.149201
0.154819
0.160884
0.167372
0.174275
0.181554
0.189199
0.197146
0.20538
0.21379
0.222373
0.230929
0.239501
0.247731
0.255783
0.26301
0.269865
0.275136
0.280014
0.281853
0.121419
0.122137
0.123595
0.125665
0.128327
0.131532
0.135262
0.139497
0.144202
0.149387
0.155032
0.16113
0.167661
0.174618
0.181965
0.189697
0.197749
0.206116
0.214688
0.22347
0.232268
0.241131
0.249715
0.258181
0.265914
0.273343
0.279314
0.284961
0.287747
0.121525
0.122243
0.123704
0.125777
0.128445
0.131656
0.135398
0.139648
0.144363
0.149566
0.155236
0.161368
0.167939
0.17495
0.182363
0.190177
0.198333
0.206827
0.215556
0.22453
0.233563
0.242708
0.251635
0.260504
0.268728
0.276716
0.28337
0.289768
0.293484
0.121626
0.122346
0.123808
0.125885
0.128557
0.131775
0.135525
0.139795
0.144518
0.149739
0.155434
0.161597
0.168208
0.175269
0.182746
0.190641
0.198895
0.207513
0.216394
0.225553
0.234813
0.244231
0.253491
0.26275
0.271451
0.279983
0.287302
0.294435
0.29906
0.121723
0.122444
0.123909
0.125988
0.128665
0.131889
0.135645
0.139889
0.144667
0.149905
0.155623
0.161816
0.168467
0.175577
0.183115
0.191087
0.199437
0.208174
0.217201
0.226539
0.236019
0.2457
0.255282
0.264919
0.274082
0.283143
0.291108
0.298957
0.304471
0.121816
0.122537
0.124005
0.126087
0.128769
0.131998
0.135761
0.140027
0.144812
0.150064
0.155805
0.162027
0.168715
0.175872
0.183469
0.191515
0.199958
0.208809
0.217977
0.227488
0.23718
0.247114
0.257008
0.267011
0.276621
0.286194
0.294787
0.303331
0.309712
0.121904
0.122627
0.124097
0.126182
0.128868
0.132103
0.135873
0.140154
0.144953
0.150217
0.155979
0.162229
0.168952
0.176155
0.183809
0.191926
0.200457
0.209418
0.218723
0.228399
0.238295
0.248474
0.258669
0.269023
0.279065
0.289134
0.298335
0.307555
0.314779
0.121989
0.122712
0.124184
0.126272
0.128962
0.132202
0.13598
0.140269
0.145078
0.150363
0.156145
0.162422
0.169179
0.176425
0.184133
0.192319
0.200936
0.210002
0.219437
0.229273
0.239365
0.249779
0.260262
0.270956
0.281415
0.291962
0.301751
0.311626
0.319668
0.122068
0.122793
0.124267
0.126357
0.129051
0.132297
0.136081
0.140379
0.145181
0.150503
0.156304
0.162606
0.169395
0.176683
0.184443
0.192694
0.201393
0.21056
0.22012
0.230108
0.240388
0.251028
0.261789
0.272809
0.283669
0.294678
0.305033
0.315541
0.324376
0.122144
0.122869
0.124345
0.126438
0.129136
0.132386
0.136176
0.140483
0.145303
0.15064
0.156454
0.16278
0.169601
0.176928
0.184738
0.193052
0.201828
0.211092
0.220771
0.230905
0.241365
0.252221
0.263248
0.274582
0.285826
0.297278
0.308179
0.319297
0.328898
0.122215
0.122941
0.124419
0.126514
0.129215
0.132471
0.136267
0.140582
0.145415
0.150775
0.156598
0.162945
0.169796
0.17716
0.185018
0.193391
0.202241
0.211597
0.22139
0.231664
0.242296
0.253358
0.26464
0.276273
0.287885
0.299763
0.311187
0.322893
0.333231
0.122282
0.123009
0.124489
0.126586
0.12929
0.13255
0.136352
0.140675
0.145517
0.150864
0.156734
0.163101
0.169979
0.17738
0.185282
0.193712
0.202633
0.212076
0.221978
0.232384
0.24318
0.254439
0.265963
0.277882
0.289846
0.302131
0.314056
0.326325
0.337371
0.122344
0.123072
0.124553
0.126653
0.12936
0.132624
0.136431
0.140762
0.145612
0.150978
0.156865
0.163248
0.170152
0.177587
0.185531
0.194015
0.203002
0.212528
0.222534
0.233065
0.244017
0.255462
0.267217
0.279408
0.291707
0.30438
0.316784
0.329591
0.341316
0.122402
0.123131
0.124614
0.126715
0.129425
0.132693
0.136505
0.140843
0.145702
0.151084
0.156989
0.163385
0.170314
0.17778
0.185765
0.194299
0.20335
0.212954
0.223057
0.233707
0.244806
0.256428
0.268402
0.280851
0.293468
0.30651
0.31937
0.332689
0.345061
0.122455
0.123185
0.124669
0.126773
0.129485
0.132757
0.136574
0.140918
0.145785
0.151178
0.157085
0.163514
0.170465
0.177961
0.185983
0.194565
0.203675
0.213353
0.223548
0.23431
0.245548
0.257337
0.269517
0.28221
0.295129
0.30852
0.321811
0.335617
0.348604
0.122504
0.123235
0.12472
0.126825
0.129541
0.132815
0.136636
0.140987
0.145861
0.151263
0.157175
0.16364
0.170605
0.178129
0.186186
0.194812
0.203978
0.213725
0.224006
0.234873
0.246242
0.258188
0.270562
0.283485
0.296687
0.310408
0.324107
0.338372
0.351943
0.122549
0.12328
0.124767
0.126873
0.129591
0.132868
0.136694
0.14105
0.145931
0.151342
0.157271
0.163765
0.170736
0.178283
0.186373
0.195041
0.204259
0.21407
0.224432
0.235397
0.246888
0.25898
0.271537
0.284675
0.298143
0.312173
0.326255
0.340953
0.355073
0.122589
0.12332
0.124808
0.126916
0.129636
0.132916
0.136745
0.141106
0.145994
0.151413
0.157355
0.16382
0.17086
0.178424
0.186544
0.19525
0.204517
0.214388
0.224824
0.235881
0.247486
0.259714
0.272441
0.28578
0.299496
0.313815
0.328256
0.343359
0.357993
0.122624
0.123356
0.124845
0.126954
0.129676
0.132959
0.136791
0.141157
0.146051
0.151477
0.157428
0.163921
0.170978
0.178553
0.1867
0.195441
0.204752
0.214679
0.225184
0.236325
0.248036
0.26039
0.273274
0.286799
0.300746
0.315333
0.330107
0.345587
0.3607
0.122655
0.123388
0.124877
0.126988
0.129711
0.132996
0.136831
0.141201
0.1461
0.151534
0.157494
0.164005
0.171044
0.178681
0.18684
0.195613
0.204965
0.214942
0.225511
0.236729
0.248537
0.261007
0.274035
0.287732
0.301891
0.316726
0.331807
0.347635
0.363192
0.122682
0.123414
0.124905
0.127016
0.12974
0.133028
0.136865
0.141239
0.146143
0.151583
0.157552
0.164072
0.171128
0.178811
0.186971
0.195767
0.205155
0.215178
0.225805
0.237093
0.248989
0.261565
0.274725
0.288579
0.302931
0.317993
0.333356
0.349503
0.365467
0.122703
0.123436
0.124928
0.12704
0.129765
0.133054
0.136893
0.14127
0.146179
0.151624
0.1576
0.164129
0.171202
0.178813
0.187089
0.195905
0.205323
0.215386
0.226065
0.237416
0.249392
0.262063
0.275343
0.289338
0.303867
0.319133
0.334752
0.351188
0.367523
0.122721
0.123454
0.124946
0.127058
0.129785
0.133075
0.136916
0.141296
0.146208
0.151657
0.15764
0.164177
0.171261
0.178915
0.187163
0.196027
0.205471
0.215568
0.226291
0.237699
0.249747
0.262502
0.275889
0.290011
0.304696
0.320147
0.335994
0.352691
0.369358
0.122733
0.123467
0.124959
0.127072
0.129799
0.13309
0.136933
0.141315
0.146229
0.151683
0.157671
0.164215
0.171309
0.178986
0.187235
0.196112
0.205599
0.215727
0.226486
0.237942
0.25005
0.262881
0.276362
0.290596
0.30542
0.321033
0.337083
0.354009
0.37097
0.122742
0.123475
0.124967
0.127081
0.129808
0.1331
0.136944
0.141327
0.146244
0.151701
0.157694
0.164243
0.171345
0.179032
0.187299
0.196178
0.205683
0.215862
0.226656
0.238148
0.250306
0.263201
0.276763
0.291092
0.306036
0.32179
0.338016
0.355141
0.372359
0.122745
0.123479
0.124971
0.127084
0.129812
0.133104
0.136949
0.141334
0.146252
0.151711
0.157708
0.164261
0.17137
0.179064
0.187344
0.196241
0.205752
0.21593
0.2268
0.238316
0.250529
0.263464
0.277093
0.291502
0.306547
0.32242
0.338794
0.356087
0.373523
0.122744
0.123477
0.12497
0.127083
0.129811
0.133103
0.136948
0.141334
0.146253
0.151714
0.157712
0.164269
0.171383
0.179083
0.187371
0.196281
0.205809
0.216004
0.226831
0.238426
0.250723
0.263671
0.277353
0.29183
0.306953
0.322921
0.339417
0.356846
0.374461
0.122739
0.123472
0.124964
0.127077
0.129805
0.133097
0.136942
0.141327
0.146247
0.151708
0.157708
0.164267
0.171384
0.179088
0.187382
0.1963
0.20584
0.216051
0.22691
0.238498
0.250718
0.2638
0.277537
0.292076
0.307254
0.323295
0.339887
0.357426
0.375174
0.122729
0.123461
0.124953
0.127066
0.129793
0.133085
0.136929
0.141314
0.146234
0.151695
0.157696
0.164255
0.171373
0.17908
0.187376
0.1963
0.205846
0.216067
0.226945
0.238542
0.250814
0.263884
0.277625
0.292177
0.307431
0.323531
0.3402
0.357827
0.375664
0.122714
0.123446
0.124938
0.12705
0.129776
0.133067
0.136911
0.141295
0.146214
0.151674
0.157674
0.164233
0.171351
0.179058
0.187355
0.19628
0.205829
0.216053
0.226937
0.238543
0.25084
0.263908
0.27767
0.29225
0.307517
0.323638
0.340325
0.357973
0.375909
0.122694
0.123426
0.124917
0.127029
0.129754
0.133044
0.136886
0.141269
0.146187
0.151645
0.157643
0.1642
0.171317
0.179022
0.187317
0.196241
0.205788
0.216011
0.226894
0.238501
0.250798
0.263868
0.277638
0.292226
0.307495
0.323624
0.34033
0.358001
0.375945
0.0303845
0.0303021
0.0301477
0.0299316
0.0296642
0.0293556
0.029015
0.0286507
0.0282695
0.0278774
0.0274793
0.0270794
0.0266811
0.0262873
0.0259005
0.0255223
0.0251543
0.0247975
0.0244528
0.0241207
0.0238014
0.0234952
0.023202
0.0229217
0.0226542
0.0223992
0.0304493
0.0303663
0.0302107
0.0299928
0.0297233
0.0294122
0.029069
0.0287017
0.0283175
0.0279223
0.027521
0.0271178
0.0267163
0.0263194
0.0259294
0.0255482
0.0251772
0.0248175
0.02447
0.0241351
0.0238133
0.0235046
0.023209
0.0229265
0.0226569
0.0223998
0.0305758
0.0304916
0.0303335
0.0301123
0.0298386
0.0295228
0.0291743
0.0288014
0.0284113
0.0280099
0.0276024
0.027193
0.0267852
0.026382
0.0259859
0.0255987
0.0252219
0.0248565
0.0245035
0.0241634
0.0238365
0.0235229
0.0232228
0.0229358
0.022662
0.0224009
0.0307614
0.0306754
0.0305138
0.0302877
0.030008
0.0296851
0.0293289
0.0289478
0.028549
0.0281386
0.027722
0.0273033
0.0268863
0.026474
0.0260689
0.0256729
0.0252875
0.0249138
0.0245528
0.0242049
0.0238705
0.0235498
0.0232428
0.0229494
0.0226693
0.0224023
0.0310041
0.0309157
0.0307496
0.0305171
0.0302295
0.0298975
0.0295313
0.0291393
0.0287292
0.0283071
0.0278784
0.0274477
0.0270186
0.0265944
0.0261775
0.0257699
0.0253733
0.0249887
0.0246171
0.0242591
0.023915
0.0235849
0.0232689
0.0229669
0.0226787
0.0224039
0.0313023
0.0312109
0.0310393
0.030799
0.0305017
0.0301586
0.0297799
0.0293747
0.0289507
0.0285142
0.0280708
0.0276252
0.0271814
0.0267424
0.026311
0.0258893
0.0254788
0.0250808
0.0246962
0.0243256
0.0239695
0.0236279
0.0233008
0.0229883
0.02269
0.0224056
0.0316545
0.0315597
0.0313815
0.0311321
0.0308234
0.0304672
0.030074
0.0296532
0.0292126
0.0287591
0.0282984
0.0278353
0.0273739
0.0269176
0.026469
0.0260304
0.0256036
0.0251896
0.0247896
0.0244042
0.0240338
0.0236784
0.0233383
0.0230132
0.0227031
0.0224073
0.0320598
0.031961
0.0317754
0.0315155
0.0311938
0.0308225
0.0304127
0.0299739
0.0295145
0.0290415
0.0285608
0.0280775
0.0275959
0.0271195
0.0266511
0.0261932
0.0257473
0.025315
0.0248972
0.0244946
0.0241076
0.0237365
0.0233812
0.0230416
0.0227176
0.0224086
0.0325175
0.0324142
0.0322202
0.0319485
0.0316122
0.031224
0.0307955
0.0303365
0.0298558
0.0293608
0.0288575
0.0283515
0.027847
0.0273479
0.0268572
0.0263773
0.02591
0.0254568
0.0250188
0.0245967
0.0241909
0.0238018
0.0234293
0.0230732
0.0227335
0.0224095
0.0330268
0.0329186
0.0327154
0.0324307
0.0320783
0.0316714
0.031222
0.0307407
0.0302364
0.0297169
0.0291886
0.0286572
0.0281273
0.0276029
0.0270872
0.0265827
0.0260914
0.0256149
0.0251543
0.0247103
0.0242836
0.0238742
0.0234824
0.0231079
0.0227506
0.0224098
0.0335873
0.0334738
0.0332605
0.0329616
0.0325916
0.0321643
0.0316923
0.0311864
0.0306563
0.0301098
0.029554
0.0289946
0.0284367
0.0278845
0.0273411
0.0268095
0.0262917
0.0257894
0.0253038
0.0248356
0.0243856
0.0239539
0.0235406
0.0231456
0.0227687
0.0224092
0.0341989
0.0340796
0.0338554
0.0335412
0.0331521
0.0327027
0.0322061
0.0316737
0.0311154
0.0305397
0.0299538
0.0293641
0.0287756
0.0281928
0.0276193
0.027058
0.0265111
0.0259805
0.0254673
0.0249726
0.024497
0.0240407
0.0236038
0.0231862
0.0227878
0.0224077
0.0348611
0.0347357
0.0344999
0.0341693
0.0337598
0.0332867
0.0327636
0.0322026
0.0316141
0.0310068
0.0303885
0.0297658
0.0291441
0.0285283
0.027922
0.0273283
0.0267498
0.0261883
0.0256452
0.0251215
0.0246179
0.0241346
0.023672
0.0232297
0.0228077
0.0224051
0.035574
0.0354421
0.0351939
0.0348459
0.0344147
0.0339164
0.0333651
0.0327736
0.0321526
0.0315115
0.0308584
0.0302002
0.0295429
0.0288913
0.0282496
0.027621
0.0270082
0.0264133
0.0258377
0.0252825
0.0247485
0.024236
0.0237453
0.0232761
0.0228285
0.0224012
0.0363373
0.0361986
0.0359374
0.035571
0.035117
0.0345919
0.0340108
0.0333868
0.0327314
0.0320542
0.031364
0.0306679
0.0299723
0.0292825
0.0286027
0.0279365
0.0272868
0.0266558
0.0260451
0.0254559
0.024889
0.0243449
0.0238238
0.0233254
0.02285
0.0223961
0.0371511
0.0370051
0.0367303
0.0363447
0.0358667
0.0353136
0.0347011
0.0340429
0.0333509
0.0326356
0.0319059
0.0311695
0.0304332
0.0297024
0.0289819
0.0282755
0.0275862
0.0269164
0.026268
0.0256421
0.0250399
0.0244616
0.0239077
0.0233779
0.0228724
0.0223897
0.0380151
0.0378617
0.0375727
0.0371672
0.0366641
0.0360817
0.0354363
0.0347422
0.0340119
0.0332563
0.0324849
0.0317058
0.0309262
0.0301519
0.0293881
0.0286387
0.0279071
0.0271958
0.0265069
0.0258417
0.0252014
0.0245865
0.0239973
0.0234335
0.0228957
0.0223819
0.0389293
0.0387682
0.0384646
0.0380384
0.0375094
0.0368965
0.0362169
0.0354854
0.0347149
0.0339171
0.0331017
0.0322776
0.0314522
0.0306319
0.029822
0.0290269
0.0282502
0.0274946
0.0267625
0.0260553
0.0253743
0.0247199
0.0240929
0.0234928
0.0229201
0.0223729
0.0398934
0.0397245
0.0394059
0.0389584
0.0384027
0.0377585
0.0370434
0.0362729
0.0354607
0.0346187
0.0337573
0.0328859
0.0320123
0.0311433
0.0302847
0.0294411
0.0286165
0.0278139
0.0270356
0.0262836
0.025559
0.0248626
0.024195
0.0235558
0.0229458
0.0223627
0.0409073
0.0407303
0.0403965
0.0399273
0.0393443
0.0386678
0.0379162
0.0371055
0.03625
0.035362
0.0344527
0.0335317
0.0326075
0.0316873
0.0307773
0.0298825
0.0290071
0.0281544
0.0273272
0.0265273
0.0257564
0.0250149
0.024304
0.0236231
0.0229731
0.0223516
0.0419706
0.0417855
0.0414362
0.040945
0.0403342
0.0396249
0.0388359
0.0379839
0.0370835
0.036148
0.0351888
0.0342161
0.033239
0.0322651
0.031301
0.0303521
0.0294231
0.0285175
0.0276383
0.0267876
0.0259672
0.0251779
0.0244207
0.0236952
0.0230024
0.0223397
0.0430828
0.0428896
0.0425248
0.0420114
0.0413725
0.0406299
0.0398028
0.0389085
0.0379623
0.0369776
0.0359668
0.0349405
0.0339082
0.0328781
0.0318572
0.0308515
0.0298658
0.0289043
0.02797
0.0270654
0.0261925
0.0253522
0.0245457
0.0237726
0.0230342
0.0223275
0.0442434
0.0440422
0.0436619
0.0431263
0.0424593
0.0416831
0.0408175
0.0398802
0.038887
0.037852
0.0367879
0.035706
0.0346164
0.0335277
0.0324474
0.031382
0.0303368
0.0293162
0.0283238
0.0273621
0.0264334
0.0255389
0.02468
0.0238562
0.023069
0.0223154
0.0454518
0.0452426
0.044847
0.0442895
0.0435945
0.0427847
0.0418803
0.0408996
0.0398586
0.0387722
0.0376534
0.0365142
0.0353651
0.0342155
0.0330733
0.0319454
0.0308377
0.0297549
0.028701
0.0276789
0.0266912
0.0257392
0.0248245
0.0239467
0.0231076
0.022304
0.0467071
0.0464901
0.0460796
0.0455006
0.0447779
0.0439348
0.0429917
0.0419673
0.0408781
0.0397393
0.0385646
0.0373665
0.0361561
0.0349432
0.0337366
0.0325434
0.0313702
0.0302221
0.0291035
0.0280176
0.0269674
0.0259543
0.0249804
0.0240452
0.0231508
0.0222937
0.0480085
0.047784
0.047359
0.046759
0.0460093
0.0451334
0.044152
0.0430839
0.0419462
0.0407544
0.0395229
0.0382645
0.036991
0.0357128
0.0344392
0.0331781
0.0319363
0.0307197
0.0295329
0.0283798
0.0272635
0.0261858
0.025149
0.0241528
0.0231996
0.0222856
0.0493546
0.049123
0.0486842
0.0480641
0.0472884
0.0463804
0.0453613
0.0442501
0.0430639
0.0418189
0.0405297
0.0392099
0.0378718
0.0365263
0.0351834
0.0338515
0.0325382
0.0312498
0.0299915
0.0287675
0.0275814
0.0264353
0.0253319
0.0242709
0.0232551
0.0222805
0.0507444
0.0505062
0.0500543
0.0494153
0.0486146
0.0476758
0.04662
0.0454663
0.0442322
0.0429339
0.0415866
0.0402045
0.0388003
0.0373857
0.0359712
0.034566
0.0331783
0.0318148
0.0304815
0.0291829
0.0279232
0.0267048
0.0255307
0.0244009
0.0233186
0.0222795
0.0521764
0.051932
0.0514682
0.0508114
0.0499873
0.0490193
0.0479282
0.0467331
0.0454517
0.0441005
0.0426951
0.04125
0.0397787
0.0382934
0.0368052
0.0353242
0.033859
0.0324172
0.0310053
0.0296283
0.0282911
0.0269963
0.0257474
0.0245446
0.0233916
0.0222838
0.0536489
0.0533991
0.0529245
0.0522516
0.0514059
0.0504104
0.0492858
0.0480509
0.0467235
0.0453202
0.0438569
0.0423485
0.0408092
0.0392517
0.037688
0.0361287
0.0345832
0.0330598
0.0315657
0.0301065
0.0286876
0.0273121
0.0259842
0.0247039
0.0234758
0.0222949
0.0551601
0.0549056
0.0544217
0.0537346
0.0528694
0.0518487
0.0506928
0.0494201
0.0480482
0.046594
0.0450734
0.0435019
0.0418941
0.0402633
0.0386223
0.0369824
0.0353539
0.0337456
0.0321657
0.0306203
0.0291155
0.027655
0.0262434
0.0248811
0.0235731
0.0223145
0.0567081
0.0564498
0.0559581
0.0552589
0.0543768
0.0533336
0.052149
0.0508409
0.0494267
0.0479231
0.0463464
0.0447123
0.0430357
0.0413309
0.0396112
0.0378886
0.0361743
0.034478
0.0328086
0.0311729
0.029578
0.0280277
0.0265277
0.0250785
0.0236858
0.0223444
0.0582908
0.0580297
0.0575319
0.0568231
0.0559269
0.0548643
0.053654
0.0523135
0.0508596
0.0493088
0.0476776
0.0459817
0.0442367
0.0424573
0.0406576
0.0388504
0.0370479
0.0352604
0.0334979
0.0317679
0.0300783
0.0284336
0.0268401
0.0252988
0.0238162
0.0223869
0.0599058
0.0596429
0.0591412
0.0584255
0.0575184
0.0564399
0.0552075
0.0538379
0.0523474
0.0507522
0.0490684
0.0473123
0.0454996
0.0436455
0.041765
0.0398716
0.0379784
0.0360968
0.0342375
0.0324091
0.0306201
0.0288761
0.027184
0.0255452
0.0239672
0.0224443
0.0615507
0.0612872
0.0607837
0.060064
0.0591497
0.0580591
0.0568087
0.0554141
0.0538907
0.0522542
0.0505207
0.0487062
0.0468269
0.0448986
0.0429368
0.0409559
0.0389699
0.0369912
0.0350316
0.0331005
0.0312076
0.0293591
0.027563
0.0258211
0.0241417
0.0225193
0.0632228
0.0629599
0.062457
0.0617368
0.0608192
0.0597209
0.058457
0.0570418
0.0554898
0.053816
0.0520359
0.0501657
0.0482216
0.0462199
0.0441766
0.0421072
0.0400266
0.0379481
0.0358847
0.0338468
0.0318452
0.029887
0.0279811
0.0261301
0.0243433
0.0226151
0.0649193
0.0646585
0.0641588
0.0634416
0.0625249
0.0614237
0.0601514
0.0587207
0.0571449
0.0554383
0.0536157
0.0516928
0.0496863
0.0476125
0.0454883
0.0433299
0.0411531
0.0389723
0.0368017
0.0346529
0.0325377
0.0304644
0.0284429
0.0264766
0.0245758
0.0227351
0.0666373
0.0663801
0.0658863
0.0651759
0.0642648
0.0631659
0.0618907
0.0604502
0.0588562
0.0571219
0.0552613
0.0532898
0.0512238
0.04908
0.0468759
0.0446283
0.0423541
0.0400688
0.0377878
0.035524
0.0332905
0.0310964
0.0289533
0.026865
0.0248434
0.0228831
0.0683738
0.0681217
0.0676368
0.0669372
0.0660367
0.0649458
0.0636737
0.0622296
0.0606236
0.0588674
0.0569742
0.0549586
0.0528369
0.0506258
0.0483433
0.046007
0.0436347
0.041243
0.0388487
0.0364659
0.0341091
0.0317887
0.0295176
0.0273006
0.0251509
0.0230634
0.0701257
0.0698802
0.0694073
0.0687228
0.0678381
0.0667612
0.0654988
0.0640579
0.0624467
0.0606752
0.0587555
0.0567013
0.0545283
0.0522535
0.0498949
0.0474708
0.0450002
0.0425007
0.0399904
0.0374848
0.0349999
0.0325474
0.0301418
0.0277889
0.0255035
0.0232809
0.0718896
0.0716525
0.0711947
0.0705298
0.0696666
0.0686101
0.0673644
0.065934
0.0643251
0.0625456
0.0606063
0.0585196
0.0563008
0.0539664
0.0515348
0.0490248
0.0464562
0.0438479
0.0412193
0.0385872
0.0359695
0.0333792
0.0308324
0.0283361
0.025907
0.0235408
0.0736622
0.0734352
0.0729959
0.0723553
0.0715193
0.07049
0.0692684
0.0678565
0.066258
0.0644786
0.0625273
0.0604154
0.0581569
0.0557682
0.0532675
0.0506741
0.0480086
0.045291
0.0425422
0.0397804
0.0370252
0.0342912
0.0315964
0.0289492
0.0263678
0.0238491
0.0754401
0.075225
0.0748075
0.0741961
0.0733934
0.0723983
0.0712088
0.0698238
0.0682444
0.066474
0.0645194
0.0623901
0.0600992
0.0576622
0.0550972
0.0524239
0.0496634
0.0468368
0.0439663
0.0410718
0.0381748
0.0352914
0.0324416
0.0296354
0.0268931
0.0242123
0.0772199
0.0770186
0.0766264
0.0760491
0.0752859
0.0743322
0.073183
0.071834
0.0702832
0.0685313
0.0665826
0.064445
0.0621299
0.0596518
0.0570285
0.0542795
0.0514267
0.0484921
0.0454992
0.0424697
0.0394266
0.0363882
0.0333765
0.030403
0.0274906
0.0246377
0.0789981
0.0788123
0.0784489
0.0779107
0.0771934
0.0762889
0.0751886
0.0738849
0.0723726
0.0706495
0.0687172
0.0665812
0.0642511
0.0617402
0.0590655
0.0562463
0.053305
0.0502643
0.0471491
0.0439825
0.0407897
0.0375908
0.0344101
0.0312611
0.0281689
0.0251334
0.0807713
0.0806027
0.0802717
0.0797777
0.0791128
0.0782652
0.0772227
0.0759741
0.074511
0.0728277
0.0709229
0.0687994
0.0664647
0.0639304
0.0612125
0.0583298
0.0553048
0.0521608
0.0489242
0.0456194
0.0422737
0.0389091
0.0355524
0.0322193
0.0289374
0.0257084
0.0825359
0.0823865
0.0820913
0.0816465
0.0810405
0.0802576
0.0792821
0.0780989
0.076696
0.0750642
0.0731989
0.0710999
0.0687721
0.0662251
0.0634735
0.0605352
0.0574326
0.0541896
0.0508334
0.04739
0.0438887
0.0403537
0.0368143
0.0332885
0.0298067
0.0263724
0.0842886
0.08416
0.0839042
0.0835137
0.082973
0.0822629
0.0813635
0.0802564
0.0789253
0.0773573
0.0755443
0.0734827
0.0711745
0.0686267
0.0658522
0.0628677
0.0596951
0.0563584
0.0528857
0.0493044
0.0456457
0.041936
0.0382074
0.0344802
0.0307879
0.0271364
0.0860259
0.08592
0.0857068
0.0853755
0.0849068
0.0842773
0.0834636
0.0824431
0.0811958
0.0797047
0.0779576
0.0759473
0.0736725
0.0711373
0.0683523
0.0653325
0.0620989
0.0586753
0.0550905
0.0513731
0.0475561
0.0436682
0.0397442
0.0358071
0.0318938
0.0280125
0.0877446
0.087663
0.0874957
0.0872285
0.086838
0.0862971
0.0855785
0.0846557
0.0835044
0.0821035
0.0804367
0.0784927
0.0762663
0.0737585
0.0709767
0.0679341
0.0646503
0.0611484
0.0574575
0.0536072
0.0496321
0.0455633
0.0414383
0.0372831
0.0331379
0.0290139
0.0894415
0.0893857
0.0892675
0.089069
0.0887629
0.0883184
0.0877044
0.0868902
0.0858476
0.0845509
0.0829794
0.0811174
0.0789557
0.0764912
0.0737283
0.0706772
0.0673556
0.0637858
0.0599965
0.056018
0.0518865
0.0476351
0.0433043
0.0389231
0.0345351
0.0301552
0.0911135
0.091085
0.0910188
0.0908935
0.0906778
0.0903373
0.0898371
0.0891426
0.0882213
0.087043
0.0855825
0.0838193
0.0817397
0.0793361
0.076609
0.0735655
0.0702208
0.0665953
0.0627173
0.0586172
0.0543326
0.0498984
0.0453579
0.0407432
0.036102
0.0314525
0.0927576
0.0927578
0.0927465
0.0926985
0.092579
0.0923498
0.0919725
0.0914086
0.0906213
0.0895761
0.0882427
0.0865958
0.0846166
0.0822928
0.0796204
0.0766026
0.0732513
0.0695848
0.06563
0.061417
0.0569843
0.0523685
0.0476156
0.042761
0.0378561
0.0329236
0.0943709
0.0944011
0.0944472
0.0944806
0.0944625
0.0943517
0.0941061
0.0936836
0.0930431
0.0921455
0.0909558
0.0894434
0.0875841
0.0853604
0.0827632
0.0797911
0.0764521
0.0727615
0.0687441
0.0644294
0.0598559
0.0550618
0.0500953
0.0449953
0.039817
0.0345877
0.0959509
0.0960122
0.096118
0.0962363
0.0963248
0.0963389
0.0962335
0.0959628
0.0954816
0.0947465
0.0937173
0.0923581
0.0906391
0.0885371
0.0860373
0.083133
0.0798275
0.0761323
0.0720694
0.0676666
0.0629621
0.0579951
0.0528158
0.0474664
0.0420056
0.0364663
0.097495
0.0975884
0.0977561
0.0979625
0.0981621
0.0983074
0.0983502
0.0982413
0.0979317
0.0973736
0.0965218
0.0953352
0.0937778
0.0918203
0.0894417
0.0866294
0.083381
0.0797035
0.075615
0.0711408
0.0663181
0.0611863
0.055797
0.0501958
0.0444448
0.0385826
0.0990008
0.0991272
0.0993585
0.099656
0.0999709
0.100253
0.100451
0.100514
0.100388
0.100021
0.0993639
0.0983692
0.0969953
0.0952063
0.0929744
0.0902802
0.0871152
0.0834804
0.0793893
0.0748639
0.0699388
0.0646534
0.0590598
0.0532067
0.0471593
0.0409623
0.100466
0.100626
0.100923
0.101314
0.101748
0.102172
0.102533
0.102776
0.102844
0.102683
0.102237
0.101454
0.100286
0.0986904
0.096632
0.0940843
0.0910313
0.0874675
0.0834003
0.0788472
0.0738394
0.0684151
0.0626261
0.0565238
0.0501755
0.043633
0.101889
0.102084
0.102447
0.102933
0.103489
0.10406
0.104589
0.105021
0.105295
0.105353
0.105135
0.104583
0.103644
0.102267
0.10041
0.0980392
0.0951294
0.0916679
0.0876546
0.0831015
0.0780347
0.0724904
0.0665186
0.0601729
0.0535221
0.0466252
0.103269
0.103497
0.103928
0.104512
0.105192
0.105913
0.106617
0.107245
0.107735
0.108024
0.108049
0.107748
0.10706
0.105929
0.104304
0.102141
0.0994083
0.0960834
0.0921578
0.0876365
0.0825391
0.0768981
0.0707605
0.0641814
0.0572296
0.0499717
0.104602
0.104866
0.105364
0.106046
0.106854
0.107728
0.108611
0.109442
0.110156
0.110689
0.110973
0.110942
0.110528
0.109669
0.108305
0.106385
0.103865
0.100714
0.0969139
0.0924608
0.0873659
0.081657
0.0753757
0.0685778
0.0613304
0.0537081
0.105888
0.106187
0.106754
0.107535
0.108471
0.109501
0.110567
0.111606
0.112553
0.113341
0.113899
0.114155
0.114038
0.113477
0.112406
0.110762
0.108494
0.105558
0.101925
0.0975813
0.0925276
0.0867851
0.080388
0.0733916
0.0658589
0.0578728
0.107127
0.10746
0.108095
0.108977
0.110041
0.111229
0.11248
0.113733
0.11492
0.115973
0.116817
0.117378
0.117579
0.117344
0.116596
0.115266
0.113289
0.110612
0.107191
0.103003
0.0980349
0.0922997
0.0858213
0.0786531
0.0708512
0.0625068
0.0536939
0.108316
0.108684
0.109388
0.110368
0.111561
0.112908
0.114348
0.115818
0.117251
0.118576
0.119719
0.120602
0.121142
0.121258
0.120865
0.119885
0.118241
0.115869
0.11271
0.108729
0.103897
0.0982165
0.0916987
0.0843929
0.076345
0.0676542
0.0583847
0.109455
0.109857
0.110629
0.111708
0.11303
0.114536
0.116165
0.117855
0.119538
0.121145
0.122597
0.123816
0.124714
0.125206
0.125199
0.124606
0.123338
0.12132
0.118477
0.114758
0.110119
0.104549
0.098042
0.0906418
0.0823791
0.0733612
0.0636375
0.110545
0.11098
0.111819
0.112995
0.114445
0.116109
0.117928
0.11984
0.121777
0.123671
0.125442
0.12701
0.128285
0.129176
0.129585
0.129416
0.128568
0.126954
0.124482
0.121088
0.116704
0.111309
0.104871
0.0974297
0.0889932
0.0796769
0.0695088
0.111583
0.112051
0.112956
0.114229
0.115805
0.117627
0.119634
0.121768
0.123962
0.126146
0.128244
0.130172
0.13184
0.133154
0.134007
0.134298
0.133915
0.132756
0.130715
0.127711
0.123653
0.118503
0.112205
0.104786
0.096227
0.0866519
0.076058
0.11257
0.113071
0.11404
0.115408
0.117108
0.119085
0.12128
0.123636
0.126086
0.128565
0.130994
0.133293
0.135369
0.137124
0.138449
0.139235
0.139359
0.13871
0.137161
0.134616
0.13096
0.126136
0.120056
0.112736
0.10412
0.0943379
0.0833462
0.113507
0.114039
0.115071
0.116531
0.118353
0.120483
0.122864
0.125439
0.128146
0.13092
0.133685
0.136362
0.138856
0.141071
0.142892
0.144206
0.14488
0.144793
0.143799
0.141787
0.138615
0.134206
0.128434
0.121303
0.112708
0.102788
0.091439
0.114393
0.114955
0.116049
0.117598
0.119539
0.121818
0.124381
0.127173
0.130135
0.133204
0.136307
0.139367
0.14229
0.14498
0.14732
0.149192
0.150457
0.150982
0.150608
0.149205
0.146604
0.142707
0.137346
0.130509
0.122032
0.112064
0.100418
0.115228
0.115819
0.116973
0.118609
0.120666
0.123091
0.125831
0.128837
0.13205
0.135412
0.138853
0.142299
0.145658
0.148835
0.151713
0.154172
0.156065
0.157254
0.157564
0.156849
0.154912
0.151634
0.146801
0.140381
0.132139
0.122238
0.110384
0.116013
0.116633
0.117844
0.119563
0.121732
0.124298
0.127213
0.130427
0.133887
0.137539
0.141316
0.145148
0.148948
0.152622
0.156054
0.159124
0.161682
0.163582
0.164638
0.164689
0.163514
0.160968
0.156792
0.150928
0.143055
0.133352
0.121383
0.116749
0.117395
0.118662
0.120461
0.122738
0.125441
0.128523
0.13194
0.135642
0.139579
0.143688
0.147904
0.152145
0.15632
0.160316
0.164015
0.167265
0.169915
0.171769
0.172654
0.172326
0.170615
0.167217
0.162039
0.15467
0.145273
0.133213
0.117436
0.118107
0.119426
0.121301
0.123681
0.126514
0.129758
0.13337
0.137306
0.141518
0.145951
0.150543
0.155218
0.15989
0.164451
0.168783
0.172737
0.176157
0.178844
0.180609
0.181191
0.18039
0.177868
0.173482
0.16675
0.157763
0.145653
0.118075
0.11877
0.120138
0.122084
0.12456
0.127516
0.130911
0.134709
0.138867
0.143345
0.148091
0.153051
0.158154
0.163322
0.168451
0.173432
0.178116
0.182352
0.185935
0.188674
0.190292
0.190571
0.189141
0.185822
0.180063
0.171928
0.160309
)
;

boundaryField
{
    inlet
    {
        type            zeroGradient;
    }
    outlet
    {
        type            fixedValue;
        value           nonuniform 0();
    }
    cylinder
    {
        type            zeroGradient;
    }
    top
    {
        type            symmetryPlane;
    }
    bottom
    {
        type            symmetryPlane;
    }
    frontAndBack
    {
        type            empty;
    }
    procBoundary0to1
    {
        type            processor;
        value           nonuniform List<scalar> 
267
(
0.208316
0.216555
0.224668
0.232652
0.232652
0.244431
0.252492
0.260408
0.260408
0.273777
0.281736
0.289523
0.297132
0.297132
0.311044
0.318645
0.326039
0.333219
0.333219
0.34802
0.355098
0.361931
0.368512
0.374836
0.374836
0.390367
0.396457
0.402257
0.407763
0.412969
0.41787
0.42246
0.42246
0.43805
0.442213
0.446037
0.449518
0.452653
0.455438
0.45787
0.459948
0.46167
0.463034
0.464038
0.464682
0.464965
0.464888
0.46445
0.463652
0.462495
0.460981
0.459111
0.456888
0.454314
0.451391
0.448123
0.444514
0.429174
0.429174
0.42511
0.420732
0.416047
0.411058
0.405772
0.400193
0.384734
0.384734
0.378893
0.37279
0.366432
0.359825
0.344984
0.344984
0.338248
0.331294
0.324128
0.310101
0.310101
0.302901
0.295519
0.28796
0.274459
0.274459
0.266921
0.259232
0.247286
0.247286
0.239658
0.231895
0.224003
0.129595
0.114865
0.103141
0.0917475
0.0811495
0.0717108
0.0633495
0.0559083
0.0492842
0.0434031
0.0381959
0.0335957
0.0295411
0.0259765
0.0228521
0.0201228
0.0177481
0.0156916
0.0139207
0.0124061
0.0111213
0.0100425
0.00914852
0.00841988
0.00783912
0.0073904
0.00705932
0.00683277
0.00669884
0.00664664
0.00666623
0.00674854
0.00688529
0.00706889
0.00729245
0.00754966
0.00783478
0.0081426
0.00846838
0.00880786
0.00915716
0.00951284
0.00987179
0.0102313
0.0105888
0.0109423
0.0112898
0.0116297
0.0119608
0.0122817
0.0125915
0.0128894
0.0131749
0.0134473
0.0137064
0.013952
0.0141839
0.0144021
0.0146067
0.0147978
0.0149755
0.0151401
0.0152918
0.0154309
0.0155577
0.0156724
0.0157754
0.0158668
0.0159468
0.0160156
0.0160734
0.01612
0.0161554
0.0161795
0.0161916
0.207867
0.207867
0.20032
0.19266
0.184887
0.176998
0.168991
0.17633
0.17633
0.169361
0.162339
0.15505
0.147114
0.163339
0.171005
0.178016
0.184772
0.191474
0.191474
0.185166
0.192857
0.200431
0.20789
0.215235
0.222465
0.222465
0.0221563
0.022155
0.0221522
0.022148
0.0221423
0.0221349
0.0221258
0.0221146
0.0221013
0.0220856
0.0220673
0.0220462
0.0220222
0.0219951
0.0219646
0.0219308
0.0218936
0.0218528
0.0218085
0.0217608
0.0217098
0.0216557
0.0215988
0.0215395
0.0214783
0.0214158
0.0213526
0.0212898
0.0212282
0.0211691
0.0211138
0.021064
0.0210215
0.0209884
0.020967
0.02096
0.0209704
0.0210016
0.0210574
0.0211421
0.0212604
0.0214178
0.0216201
0.021874
0.0221869
0.0225671
0.0230237
0.0235668
0.0242079
0.0249594
0.0258353
0.0268509
0.0280234
0.0293717
0.0309167
0.0326815
0.0346917
0.0369754
0.0395636
0.0424904
0.0457932
0.0495129
0.0495129
0.0445383
0.0486928
0.0533989
0.0587189
0.0647205
0.0714735
0.0790515
0.0875525
0.0971255
0.107862
0.119442
0.131402
0.146163
)
;
    }
}


// ************************************************************************* //
