/*--------------------------------*- C++ -*----------------------------------*\
  =========                 |
  \\      /  F ield         | OpenFOAM: The Open Source CFD Toolbox
   \\    /   O peration     | Website:  https://openfoam.org
    \\  /    A nd           | Version:  7
     \\/     M anipulation  |
\*---------------------------------------------------------------------------*/
FoamFile
{
    version     2.0;
    format      ascii;
    class       volScalarField;
    location    "120";
    object      p;
}
// * * * * * * * * * * * * * * * * * * * * * * * * * * * * * * * * * * * * * //

dimensions      [0 2 -2 0 0 0 0];

internalField   nonuniform List<scalar> 
7158
(
-0.0593069
-0.0642953
-0.0671012
-0.0660822
-0.0612131
-0.05473
-0.0484878
-0.0439676
-0.0419033
-0.0423304
-0.0440339
-0.0455269
-0.0447905
-0.0421798
-0.0378723
-0.0337001
-0.0310773
-0.0300855
-0.0308632
-0.0314202
-0.0303839
-0.0269383
-0.022913
-0.0171482
-0.0156197
-0.0127085
-0.0116425
-0.00657412
-0.0044244
-0.060202
-0.0655417
-0.0685692
-0.067594
-0.0625754
-0.0558117
-0.0492172
-0.0443183
-0.0418573
-0.0418907
-0.0432587
-0.0444927
-0.0436655
-0.0410887
-0.0369948
-0.0331091
-0.0308702
-0.0302818
-0.0314013
-0.0322804
-0.0313471
-0.0279742
-0.0237098
-0.0177074
-0.0158056
-0.0125203
-0.0112854
-0.00605606
-0.00412914
-0.0610904
-0.0667861
-0.0700397
-0.0691103
-0.0639404
-0.0568922
-0.0499417
-0.0446626
-0.0418058
-0.0414484
-0.0424848
-0.0434629
-0.0425458
-0.0400009
-0.0361173
-0.0325154
-0.0306592
-0.0304745
-0.0319378
-0.0331405
-0.0323115
-0.029011
-0.0245057
-0.0182653
-0.0159896
-0.0123305
-0.0109285
-0.00553958
-0.00383476
-0.061971
-0.0680274
-0.0715115
-0.07063
-0.0653077
-0.0579712
-0.0506613
-0.0450006
-0.0417493
-0.0410038
-0.0417128
-0.042438
-0.0414319
-0.0389168
-0.03524
-0.0319192
-0.0304442
-0.0306632
-0.0324724
-0.0340002
-0.0332768
-0.0300482
-0.0253007
-0.0188217
-0.0161719
-0.0121392
-0.0105721
-0.00502489
-0.00354133
-0.0628425
-0.0692643
-0.0729835
-0.0721523
-0.0666766
-0.0590485
-0.0513759
-0.0453326
-0.041688
-0.0405575
-0.0409432
-0.0414184
-0.0403241
-0.0378366
-0.0343632
-0.0313204
-0.0302252
-0.0308477
-0.0330049
-0.0348593
-0.0342426
-0.0310856
-0.0260944
-0.0193765
-0.0163524
-0.0119464
-0.0102163
-0.00451214
-0.00324892
-0.0637039
-0.0704956
-0.0744547
-0.0736764
-0.0680467
-0.0601237
-0.0520856
-0.0456587
-0.0416225
-0.0401098
-0.0401763
-0.0404046
-0.0392229
-0.0367608
-0.033487
-0.0307191
-0.030002
-0.0310278
-0.0335349
-0.0357173
-0.0352087
-0.0321228
-0.0268868
-0.0199296
-0.0165313
-0.0117522
-0.00986131
-0.00400154
-0.00295761
-0.064554
-0.07172
-0.0759238
-0.0752014
-0.0694174
-0.0611966
-0.0527902
-0.045979
-0.0415529
-0.0396613
-0.0394128
-0.039397
-0.0381285
-0.0356896
-0.0326117
-0.0301156
-0.0297744
-0.0312033
-0.034062
-0.0365739
-0.0361747
-0.0331594
-0.0276775
-0.0204809
-0.0167084
-0.0115569
-0.00950723
-0.00349327
-0.00266745
-0.0653915
-0.0729363
-0.0773896
-0.0767264
-0.0707881
-0.062267
-0.0534897
-0.0462938
-0.0414797
-0.0392124
-0.0386531
-0.0383961
-0.0370414
-0.0346233
-0.0317375
-0.0295097
-0.0295425
-0.0313738
-0.034586
-0.0374288
-0.0371402
-0.0341953
-0.0284664
-0.0210302
-0.0168839
-0.0113604
-0.00915426
-0.00298749
-0.00237852
-0.0662154
-0.0741431
-0.0788511
-0.0782504
-0.0721583
-0.0633346
-0.0541842
-0.0466032
-0.0414031
-0.0387636
-0.0378976
-0.0374023
-0.035962
-0.0335623
-0.0308645
-0.0289016
-0.029306
-0.0315392
-0.0351066
-0.0382817
-0.0381049
-0.03523
-0.0292532
-0.0215775
-0.0170579
-0.011163
-0.00880256
-0.00248441
-0.00209087
-0.0670244
-0.0753392
-0.0803069
-0.0797726
-0.0735274
-0.0643991
-0.0548736
-0.0469073
-0.0413234
-0.0383151
-0.0371468
-0.036416
-0.0348905
-0.0325068
-0.029993
-0.0282914
-0.0290649
-0.0316993
-0.0356234
-0.0391321
-0.0390685
-0.0362633
-0.0300377
-0.0221225
-0.0172302
-0.0109647
-0.00845227
-0.00198419
-0.00180458
-0.0678173
-0.0765232
-0.0817559
-0.0812919
-0.0748948
-0.0654603
-0.0555579
-0.0472064
-0.041241
-0.0378674
-0.036401
-0.0354376
-0.0338274
-0.0314572
-0.0291232
-0.0276792
-0.0288191
-0.0318537
-0.036136
-0.0399797
-0.0400307
-0.0372947
-0.0308198
-0.0226652
-0.017401
-0.0107657
-0.00810356
-0.00148701
-0.0015197
-0.068593
-0.0776938
-0.0831968
-0.0828074
-0.0762599
-0.066518
-0.0562371
-0.0475005
-0.0411562
-0.037421
-0.0356607
-0.0344674
-0.032773
-0.0304138
-0.0282554
-0.0270649
-0.0285685
-0.0320024
-0.0366443
-0.0408243
-0.040991
-0.0383241
-0.0315992
-0.0232055
-0.0175702
-0.010566
-0.00775659
-0.00099305
-0.00123629
-0.0693503
-0.0788497
-0.0846283
-0.0843181
-0.0776221
-0.0675718
-0.0569111
-0.0477899
-0.0410693
-0.0369761
-0.0349263
-0.0335059
-0.0317276
-0.0293768
-0.0273896
-0.0264488
-0.0283129
-0.0321449
-0.0371478
-0.0416654
-0.0419493
-0.039351
-0.0323756
-0.0237431
-0.017738
-0.0103658
-0.00741149
-0.000502486
-0.000954406
-0.0700879
-0.0799895
-0.0860491
-0.0858228
-0.0789807
-0.0686215
-0.0575799
-0.0480747
-0.0409805
-0.0365331
-0.034198
-0.0325533
-0.0306915
-0.0283466
-0.0265261
-0.0258309
-0.0280524
-0.0322812
-0.0376462
-0.0425027
-0.042905
-0.0403752
-0.0331488
-0.0242781
-0.0179043
-0.0101653
-0.00706843
-1.54896e-05
-0.000674096
-0.0708047
-0.081112
-0.087458
-0.0873207
-0.0803352
-0.0696669
-0.0582436
-0.0483551
-0.0408901
-0.0360924
-0.0334764
-0.0316101
-0.029665
-0.0273234
-0.0256652
-0.0252113
-0.0277867
-0.032411
-0.0381393
-0.0433359
-0.043858
-0.0413963
-0.0339187
-0.0248101
-0.018069
-0.00996445
-0.00672754
0.000467764
-0.000395418
-0.0714996
-0.0822157
-0.0888537
-0.0888107
-0.081685
-0.0707077
-0.0589021
-0.0486312
-0.0407983
-0.0356543
-0.0327617
-0.0306766
-0.0286485
-0.0263075
-0.024807
-0.02459
-0.0275158
-0.032534
-0.0386267
-0.0441646
-0.0448079
-0.0424139
-0.034685
-0.0253392
-0.0182324
-0.00976345
-0.00638897
0.00094711
-0.000118418
-0.0721714
-0.0832993
-0.0902349
-0.0902918
-0.0830292
-0.0717436
-0.0595555
-0.0489031
-0.0407056
-0.0352191
-0.0320542
-0.029753
-0.0276421
-0.0252991
-0.0239516
-0.0239672
-0.0272395
-0.0326501
-0.039108
-0.0449884
-0.0457542
-0.0434279
-0.0354474
-0.0258652
-0.0183942
-0.00956239
-0.00605286
0.00142238
0.000156855
-0.072819
-0.0843617
-0.0916003
-0.091763
-0.0843674
-0.0727744
-0.0602036
-0.049171
-0.040612
-0.034787
-0.0313543
-0.0288396
-0.0266463
-0.0242987
-0.0230994
-0.023343
-0.0269579
-0.0327589
-0.039583
-0.0458071
-0.0466969
-0.0444378
-0.0362057
-0.0263878
-0.0185546
-0.0093614
-0.00571934
0.0018934
0.000430358
-0.0734412
-0.0854013
-0.0929486
-0.0932231
-0.0856988
-0.0737997
-0.0608466
-0.0494351
-0.0405178
-0.0343585
-0.0306622
-0.0279369
-0.0256613
-0.0233063
-0.0222505
-0.0227173
-0.0266708
-0.0328604
-0.0400513
-0.0466203
-0.0476353
-0.0454434
-0.0369598
-0.0269071
-0.0187136
-0.00916058
-0.00538855
0.00236
0.000702043
-0.0740371
-0.086417
-0.0942785
-0.0946711
-0.0870228
-0.0748194
-0.0614843
-0.0496954
-0.0404233
-0.0339338
-0.0299782
-0.0270449
-0.0246874
-0.0223224
-0.0214051
-0.0220905
-0.0263781
-0.0329543
-0.0405127
-0.0474277
-0.0485694
-0.0464443
-0.0377093
-0.0274228
-0.0188711
-0.00896004
-0.00506062
0.00282204
0.000971872
-0.0746056
-0.0874074
-0.0955887
-0.096106
-0.0883386
-0.075833
-0.0621168
-0.0499521
-0.0403286
-0.033513
-0.0293026
-0.026164
-0.0237247
-0.021347
-0.0205634
-0.0214625
-0.0260798
-0.0330403
-0.0409668
-0.0482289
-0.0494987
-0.0474403
-0.0384541
-0.0279347
-0.0190271
-0.0087599
-0.00473567
0.00327934
0.00123981
-0.0751457
-0.0883714
-0.0968779
-0.0975266
-0.0896457
-0.0768404
-0.062744
-0.0502054
-0.040234
-0.0330966
-0.0286356
-0.0252945
-0.0227735
-0.0203806
-0.0197256
-0.0208334
-0.0257758
-0.0331183
-0.0414133
-0.0490236
-0.0504229
-0.0484309
-0.0391939
-0.0284429
-0.0191816
-0.00856026
-0.00441383
0.00373174
0.00150581
-0.0756563
-0.0893077
-0.0981449
-0.0989319
-0.0909432
-0.0778412
-0.063366
-0.0504554
-0.0401396
-0.0326846
-0.0279774
-0.0244365
-0.0218342
-0.0194233
-0.0188919
-0.0202034
-0.025466
-0.0331881
-0.0418519
-0.0498114
-0.0513417
-0.049416
-0.0399285
-0.028947
-0.0193347
-0.00836122
-0.00409521
0.00417909
0.00176984
-0.0761365
-0.0902151
-0.0993885
-0.100321
-0.0922304
-0.0788351
-0.0639828
-0.0507021
-0.0400457
-0.0322773
-0.0273283
-0.0235902
-0.0209068
-0.0184754
-0.0180625
-0.0195725
-0.0251503
-0.0332495
-0.0422823
-0.0505921
-0.0522548
-0.0503951
-0.0406576
-0.029447
-0.0194862
-0.00816289
-0.00377993
0.00462124
0.00203187
-0.0765855
-0.0910924
-0.100607
-0.101692
-0.0935067
-0.0798219
-0.0645942
-0.0509457
-0.0399524
-0.0318749
-0.0266884
-0.022756
-0.0199916
-0.0175371
-0.0172375
-0.0189409
-0.0248287
-0.0333023
-0.0427042
-0.0513652
-0.0531618
-0.051368
-0.0413811
-0.0299426
-0.0196362
-0.00796538
-0.0034681
0.00505802
0.00229187
-0.0770024
-0.0919385
-0.1018
-0.103045
-0.0947713
-0.0808012
-0.0652004
-0.0511863
-0.0398599
-0.0314776
-0.026058
-0.0219339
-0.0190889
-0.0166086
-0.0164172
-0.0183087
-0.0245012
-0.0333462
-0.0431173
-0.0521305
-0.0540625
-0.0523344
-0.0420987
-0.0304338
-0.0197846
-0.00776878
-0.00315983
0.0054893
0.00254981
-0.0773863
-0.0927523
-0.102966
-0.104379
-0.0960236
-0.0817726
-0.0658012
-0.0514241
-0.0397683
-0.0310855
-0.0254371
-0.0211242
-0.0181988
-0.0156902
-0.0156017
-0.017676
-0.0241676
-0.0333812
-0.0435213
-0.0528876
-0.0549565
-0.0532939
-0.0428102
-0.0309204
-0.0199315
-0.0075732
-0.00285522
0.00591491
0.00280565
-0.0777364
-0.0935327
-0.104103
-0.105691
-0.0972626
-0.082736
-0.0663966
-0.0516591
-0.0396779
-0.0306989
-0.024826
-0.020327
-0.0173214
-0.0147821
-0.0147912
-0.0170429
-0.023828
-0.0334071
-0.0439159
-0.0536362
-0.0558435
-0.0542463
-0.0435154
-0.0314021
-0.0200767
-0.00737872
-0.00255437
0.00633472
0.00305938
-0.0780521
-0.0942788
-0.105211
-0.106982
-0.0984878
-0.0836908
-0.0669866
-0.0518914
-0.0395887
-0.0303179
-0.0242247
-0.0195424
-0.0164571
-0.0138844
-0.013986
-0.0164095
-0.0234823
-0.0334236
-0.0443008
-0.054376
-0.0567233
-0.0551913
-0.044214
-0.031879
-0.0202202
-0.00718546
-0.00225738
0.00674858
0.00331096
-0.0783327
-0.0949895
-0.106289
-0.108251
-0.0996983
-0.0846368
-0.0675713
-0.0521211
-0.0395009
-0.0299425
-0.0236334
-0.0187707
-0.0156059
-0.0129975
-0.0131861
-0.0157761
-0.0231304
-0.0334307
-0.0446758
-0.0551066
-0.0575954
-0.0561286
-0.0449058
-0.0323507
-0.0203621
-0.0069935
-0.00196433
0.00715634
0.00356038
-0.0785775
-0.0956639
-0.107334
-0.109495
-0.100893
-0.0855737
-0.0681504
-0.0523484
-0.0394145
-0.0295729
-0.0230523
-0.0180118
-0.014768
-0.0121215
-0.0123918
-0.0151426
-0.0227725
-0.0334281
-0.0450406
-0.0558278
-0.0584597
-0.0570579
-0.0455907
-0.0328172
-0.0205022
-0.00680293
-0.00167532
0.00755788
0.00380761
-0.078786
-0.0963012
-0.108348
-0.110715
-0.102072
-0.086501
-0.068724
-0.0525732
-0.0393298
-0.0292093
-0.0224813
-0.017266
-0.0139435
-0.0112565
-0.0116033
-0.0145093
-0.0224083
-0.0334157
-0.0453948
-0.0565392
-0.0593158
-0.0579788
-0.0462683
-0.0332782
-0.0206404
-0.00661385
-0.00139042
0.00795304
0.00405264
-0.0789576
-0.0969004
-0.109327
-0.111909
-0.103235
-0.0874185
-0.0692921
-0.0527957
-0.0392468
-0.0288516
-0.0219206
-0.0165334
-0.0131326
-0.0104029
-0.0108207
-0.0138763
-0.022038
-0.0333935
-0.0457383
-0.0572405
-0.0601634
-0.0588912
-0.0469385
-0.0337337
-0.0207769
-0.00642633
-0.00110972
0.00834171
0.00429545
-0.0790919
-0.0974609
-0.110272
-0.113076
-0.104379
-0.0883257
-0.0698546
-0.053016
-0.0391656
-0.0285001
-0.0213702
-0.0158139
-0.0123354
-0.00956076
-0.0100442
-0.0132437
-0.0216615
-0.0333612
-0.0460707
-0.0579314
-0.0610022
-0.0597946
-0.0476011
-0.0341834
-0.0209114
-0.00624047
-0.000833284
0.00872375
0.00453602
-0.0791885
-0.0979819
-0.111181
-0.114215
-0.105505
-0.0892222
-0.0704114
-0.0532341
-0.0390863
-0.0281547
-0.0208302
-0.0151078
-0.011552
-0.00873027
-0.00927406
-0.0126116
-0.0212789
-0.0333187
-0.0463918
-0.0586115
-0.0618319
-0.0606889
-0.0482558
-0.0346271
-0.021044
-0.00605635
-0.00056119
0.00909902
0.00477434
-0.0792471
-0.0984628
-0.112053
-0.115326
-0.106612
-0.0901077
-0.0709624
-0.0534501
-0.0390091
-0.0278155
-0.0203006
-0.0144149
-0.0107826
-0.00791163
-0.00851034
-0.0119803
-0.0208901
-0.0332659
-0.0467013
-0.0592806
-0.0626523
-0.0615738
-0.0489024
-0.0350648
-0.0211746
-0.00587404
-0.0002935
0.00946741
0.00501039
-0.0792673
-0.0989029
-0.112888
-0.116407
-0.107699
-0.0909817
-0.0715076
-0.0536641
-0.0389339
-0.0274826
-0.0197814
-0.0137355
-0.0100272
-0.007105
-0.00775327
-0.0113499
-0.0204951
-0.0332027
-0.046999
-0.0599383
-0.0634629
-0.0624489
-0.0495408
-0.0354962
-0.021303
-0.00569362
-3.02747e-05
0.00982879
0.00524417
-0.079249
-0.0993016
-0.113685
-0.117458
-0.108765
-0.0918439
-0.0720469
-0.0538761
-0.0388608
-0.0271559
-0.0192726
-0.0130695
-0.00928592
-0.00631055
-0.00700303
-0.0107205
-0.020094
-0.033129
-0.0472847
-0.0605844
-0.0642637
-0.063314
-0.0501707
-0.0359211
-0.0214293
-0.00551517
0.00022843
0.010183
0.00547566
-0.079192
-0.0996585
-0.114443
-0.118477
-0.10981
-0.0926938
-0.0725802
-0.0540862
-0.03879
-0.0268357
-0.0187742
-0.012417
-0.00855884
-0.00552846
-0.0062598
-0.0100923
-0.0196869
-0.0330448
-0.0475581
-0.0612185
-0.0650542
-0.0641689
-0.050792
-0.0363394
-0.0215534
-0.00533875
0.000482563
0.0105301
0.00570487
-0.0790961
-0.0999731
-0.115162
-0.119465
-0.110833
-0.093531
-0.0731075
-0.0542945
-0.0387215
-0.0265217
-0.0182862
-0.0117779
-0.00784603
-0.00475889
-0.00552377
-0.00946553
-0.0192737
-0.0329498
-0.0478189
-0.0618404
-0.0658341
-0.0650132
-0.0514044
-0.036751
-0.0216752
-0.00516444
0.000732076
0.0108697
0.00593177
-0.0789614
-0.100245
-0.11584
-0.120419
-0.111833
-0.0943551
-0.0736285
-0.0545009
-0.0386553
-0.0262141
-0.0178086
-0.0111522
-0.00714756
-0.00400199
-0.00479511
-0.00884027
-0.0188546
-0.0328441
-0.048067
-0.0624497
-0.0666032
-0.0658467
-0.0520077
-0.0371556
-0.0217947
-0.0049923
0.00097693
0.0112019
0.00615638
-0.0787879
-0.100474
-0.116477
-0.121339
-0.112809
-0.0951656
-0.0741432
-0.0547055
-0.0385914
-0.0259128
-0.0173413
-0.0105401
-0.0064635
-0.00325794
-0.00407403
-0.00821675
-0.0184295
-0.0327276
-0.0483022
-0.0630462
-0.0673613
-0.0666691
-0.0526017
-0.0375531
-0.0219117
-0.00482239
0.00121708
0.0115266
0.00637868
-0.0785755
-0.10066
-0.117073
-0.122225
-0.113761
-0.095962
-0.0746516
-0.0549086
-0.0385302
-0.0256181
-0.0168843
-0.00994143
-0.00579397
-0.00252695
-0.00336075
-0.00759517
-0.0179986
-0.0326003
-0.0485241
-0.0636294
-0.0681079
-0.0674801
-0.0531863
-0.0379433
-0.0220261
-0.00465478
0.00145247
0.0118435
0.00659867
-0.0783245
-0.100802
-0.117626
-0.123075
-0.114688
-0.0967442
-0.0751537
-0.0551101
-0.0384715
-0.0253297
-0.0164376
-0.00935621
-0.00513899
-0.00180919
-0.0026555
-0.00697574
-0.017562
-0.032462
-0.0487326
-0.0641992
-0.0688427
-0.0682796
-0.0537613
-0.038326
-0.0221381
-0.00448951
0.00168311
0.0121528
0.00681636
-0.078035
-0.1009
-0.118137
-0.12389
-0.11559
-0.0975122
-0.075649
-0.0553095
-0.0384146
-0.0250469
-0.0160001
-0.00878345
-0.00449778
-0.00110426
-0.0019582
-0.00635854
-0.0171196
-0.0323127
-0.0489276
-0.0647555
-0.0695659
-0.0690674
-0.0543267
-0.0387011
-0.0222472
-0.00432656
0.00190912
0.0124541
0.00703177
-0.0777086
-0.100957
-0.118608
-0.124671
-0.116467
-0.0982644
-0.0761354
-0.0555046
-0.0383577
-0.0247684
-0.0155706
-0.00822207
-0.0038693
-0.000411353
-0.00126843
-0.00574346
-0.0166717
-0.0321528
-0.0491094
-0.0652984
-0.0702776
-0.0698435
-0.0548821
-0.0390682
-0.022353
-0.00416579
0.00213064
0.0127477
0.00724491
-0.0773451
-0.100971
-0.119034
-0.125411
-0.117311
-0.0989945
-0.0766114
-0.0556976
-0.0383049
-0.0244986
-0.0151547
-0.00767778
-0.0032589
0.000265542
-0.000588647
-0.00513185
-0.0162187
-0.031982
-0.0492771
-0.0658265
-0.0709755
-0.0706058
-0.0554259
-0.0394267
-0.0224563
-0.0040077
0.00234652
0.0130331
0.00745565
-0.0769282
-0.100913
-0.119378
-0.126069
-0.118096
-0.0997001
-0.0770908
-0.0559079
-0.0382751
-0.0242545
-0.0147698
-0.00716862
-0.00268514
0.0009102
7.01301e-05
-0.00452979
-0.0157613
-0.031797
-0.0494238
-0.0663305
-0.0716504
-0.0713493
-0.0559561
-0.0397784
-0.0225607
-0.00385448
0.00255343
0.0133092
0.00766356
-0.0764375
-0.10076
-0.119627
-0.126659
-0.11886
-0.100426
-0.0776067
-0.0561527
-0.0382728
-0.0240312
-0.014403
-0.00667875
-0.00213319
0.00153206
0.000712863
-0.00393476
-0.0152966
-0.0315936
-0.0495459
-0.0668092
-0.0723071
-0.0720816
-0.0564827
-0.0401287
-0.0226674
-0.00370667
0.00275484
0.0135764
0.00786943
-0.0760655
-0.100829
-0.120183
-0.127588
-0.119877
-0.10126
-0.0781095
-0.0563161
-0.038163
-0.0236929
-0.0138952
-0.00603237
-0.00141399
0.00230275
0.00146294
-0.00327443
-0.0148111
-0.0314072
-0.0497185
-0.0673618
-0.0730441
-0.0728615
-0.0570375
-0.040473
-0.0227504
-0.00354791
0.0029849
0.0138447
0.00807921
-0.102603
-0.12323
-0.131232
-0.123058
-0.103371
-0.0790688
-0.0563616
-0.0375812
-0.0226201
-0.0123703
-0.00411952
0.000757267
0.00460327
0.0035998
-0.00149532
-0.013666
-0.0311475
-0.0504162
-0.0689577
-0.0749774
-0.0747087
-0.0583054
-0.0411709
-0.0228462
-0.00317037
0.00356406
0.0144275
0.00853039
-0.103004
-0.124436
-0.132892
-0.124663
-0.104428
-0.079311
-0.055855
-0.0365502
-0.0211992
-0.0106785
-0.00224709
0.00269785
0.00656022
0.00553697
0.000234607
-0.0124559
-0.0307731
-0.0510084
-0.0706323
-0.0770521
-0.0767617
-0.0597225
-0.0418968
-0.0229065
-0.00265352
0.0042617
0.0151672
0.00908831
-0.102764
-0.124929
-0.134017
-0.125874
-0.105163
-0.0793336
-0.0552012
-0.0354361
-0.0197556
-0.00902286
-0.000453269
0.00452015
0.00844094
0.00729626
0.00182811
-0.0112995
-0.0303397
-0.0514385
-0.0721292
-0.0789521
-0.0786606
-0.0610067
-0.0425023
-0.0229233
-0.00213002
0.00490249
0.0158438
0.00959605
-0.102374
-0.125339
-0.134982
-0.126816
-0.105614
-0.079117
-0.0543769
-0.0342185
-0.0182657
-0.00736544
0.00132818
0.00633122
0.0103311
0.00909368
0.0034821
-0.0100625
-0.0298205
-0.0517964
-0.0735674
-0.0807967
-0.0804477
-0.062175
-0.0429858
-0.0228854
-0.00159663
0.00549886
0.0164555
0.0100667
-0.101756
-0.125425
-0.135458
-0.127278
-0.105666
-0.0786125
-0.0533659
-0.0328953
-0.0167357
-0.00572314
0.00305607
0.008062
0.0121435
0.0108545
0.0051389
-0.00877477
-0.0292214
-0.0520601
-0.074885
-0.0825095
-0.0820598
-0.0631908
-0.0433276
-0.0227836
-0.00105867
0.00604492
0.0169892
0.0104936
-0.100729
-0.124961
-0.135332
-0.127191
-0.105279
-0.0778022
-0.0521627
-0.0314672
-0.0151697
-0.00410156
0.00471809
0.00969323
0.0138445
0.0125253
0.00674632
-0.00746751
-0.0285392
-0.0521845
-0.076017
-0.0840352
-0.0834606
-0.0640332
-0.0435167
-0.0226108
-0.000519516
0.00653906
0.0174377
0.0108715
-0.0992149
-0.123901
-0.134587
-0.126523
-0.104427
-0.0766697
-0.0507624
-0.0299358
-0.0135711
-0.00250331
0.00631235
0.0112253
0.0154304
0.0140969
0.00829316
-0.0061452
-0.0277634
-0.052141
-0.0769296
-0.0853439
-0.0846248
-0.0646842
-0.0435438
-0.0223602
1.84597e-05
0.00698163
0.0177957
0.011198
-0.0972119
-0.122242
-0.13319
-0.125238
-0.103081
-0.0751999
-0.0491617
-0.0283037
-0.0119443
-0.000931189
0.00783707
0.0126574
0.0168996
0.0155693
0.00977905
-0.00480543
-0.0268864
-0.0519136
-0.0775965
-0.0864033
-0.085524
-0.0651243
-0.0433998
-0.0220252
0.000552975
0.00737339
0.0180581
0.0114712
-0.0947234
-0.119962
-0.131106
-0.123304
-0.10122
-0.0733814
-0.0473593
-0.0265749
-0.0102946
0.000611527
0.00929001
0.0139881
0.018249
0.0169398
0.0112002
-0.00344947
-0.0259038
-0.0514869
-0.077986
-0.0871749
-0.0861262
-0.0653331
-0.0430765
-0.0216004
0.00108176
0.0077155
0.0182202
0.011689
-0.0917411
-0.117037
-0.128307
-0.120701
-0.0988279
-0.0712069
-0.0453564
-0.0247549
-0.00862816
0.00212104
0.0106692
0.0152166
0.0194754
0.0182039
0.0125498
-0.00208156
-0.0248124
-0.0508429
-0.0780617
-0.0876172
-0.0863986
-0.0652903
-0.0425674
-0.0210813
0.00160254
0.00800963
0.0182782
0.0118497
-0.0882581
-0.113453
-0.124779
-0.117413
-0.0958959
-0.0686739
-0.0431567
-0.0228509
-0.00695222
0.00359302
0.0119728
0.0163434
0.0205765
0.0193575
0.013821
-0.000706826
-0.0236087
-0.0499635
-0.0777872
-0.0876882
-0.0863077
-0.064976
-0.0418673
-0.0204647
0.00211302
0.00825793
0.018229
0.011952
-0.0842787
-0.109208
-0.120516
-0.113441
-0.0924254
-0.0657862
-0.0407671
-0.0208715
-0.00527476
0.00502258
0.0131992
0.0173693
0.0215513
0.0203976
0.0150071
0.000669057
-0.0222905
-0.0488324
-0.0771277
-0.0873463
-0.0858207
-0.0643711
-0.0409733
-0.0197493
0.00261074
0.008463
0.0180707
0.0119951
-0.0798184
-0.10431
-0.115527
-0.108793
-0.0884277
-0.0625541
-0.0381976
-0.0188265
-0.00360455
0.00640431
0.0143467
0.0182961
0.0223994
0.0213218
0.0161021
0.00203942
-0.0208574
-0.0474368
-0.0760511
-0.0865517
-0.0849065
-0.0634579
-0.0398847
-0.0189354
0.00309297
0.00862775
0.0178027
0.0119791
-0.0749026
-0.0987815
-0.109835
-0.103494
-0.0839251
-0.0589951
-0.0354618
-0.0167274
-0.00195092
0.00773228
0.0154138
0.0191258
0.0231216
0.0221286
0.0171
0.0033963
-0.0193113
-0.0457675
-0.0745301
-0.0852689
-0.0835375
-0.0622216
-0.0386034
-0.0180257
0.00355663
0.00875525
0.0174257
0.0119047
-0.0695675
-0.0926592
-0.103476
-0.0975816
-0.0789517
-0.0551348
-0.032577
-0.0145866
-0.000323585
0.00900023
0.0163983
0.0198613
0.0237194
0.0228172
0.0179952
0.00473045
-0.0176568
-0.0438206
-0.0725444
-0.0834692
-0.0816914
-0.0606505
-0.0371344
-0.0170247
0.00399817
0.00884852
0.0169422
0.0117736
-0.0638603
-0.0859936
-0.0965051
-0.0911095
-0.0735538
-0.0510064
-0.0295642
-0.0124177
0.00126769
0.0102017
0.0172982
0.0205054
0.0241953
0.0233873
0.0187828
0.00603138
-0.0159011
-0.0415977
-0.0700824
-0.0811326
-0.0793534
-0.0587378
-0.0354855
-0.0159393
0.00441352
0.00891023
0.0163566
0.0115887
-0.05784
-0.0788512
-0.0889936
-0.0841472
-0.06779
-0.0466513
-0.0264481
-0.0102349
0.00281335
0.0113306
0.018111
0.0210609
0.0245528
0.02384
0.0194584
0.0072875
-0.0140551
-0.0391075
-0.0671437
-0.078251
-0.0765183
-0.0564824
-0.0336679
-0.0147786
0.00479815
0.00894244
0.0156757
0.0113536
-0.0515767
-0.0713143
-0.0810302
-0.0767798
-0.0617299
-0.0421178
-0.0232571
-0.00805326
0.00430434
0.0123809
0.0188339
0.0215305
0.0247967
0.0241769
0.0200186
0.0084863
-0.0121326
-0.0363661
-0.0637408
-0.0748301
-0.073192
-0.0538904
-0.031696
-0.0135538
0.0051471
0.00894628
0.0149088
0.0110729
-0.0451503
-0.0634807
-0.0727201
-0.0691058
-0.0554538
-0.0374609
-0.0200224
-0.00588796
0.00573247
0.0133479
0.0194644
0.0219164
0.0249325
0.0244002
0.0204611
0.00961456
-0.0101514
-0.0333977
-0.0599
-0.0708909
-0.0693936
-0.0509755
-0.0295875
-0.0122777
0.00545524
0.00892183
0.0140681
0.010752
-0.0386493
-0.0554638
-0.0641845
-0.0612355
-0.0490493
-0.0327401
-0.0167776
-0.00375444
0.00709061
0.0142278
0.0200003
0.0222206
0.0249667
0.024513
0.0207849
0.0106589
-0.00813238
-0.0302341
-0.055662
-0.0664713
-0.0651564
-0.0477605
-0.0273633
-0.0109648
0.00571753
0.00886799
0.0131688
0.0103962
-0.0321686
-0.0473876
-0.0555558
-0.0532895
-0.0426104
-0.0280178
-0.0135578
-0.001668
0.00837295
0.0150185
0.0204402
0.0224444
0.0249067
0.0245187
0.0209904
0.0116062
-0.00609952
-0.0269148
-0.0510816
-0.0616253
-0.0605282
-0.0442776
-0.0250471
-0.00963043
0.0059294
0.00878273
0.0122291
0.010011
-0.0258061
-0.0393826
-0.0469755
-0.045396
-0.0362336
-0.0233573
-0.0103982
0.000356423
0.00957511
0.0157198
0.0207841
0.022589
0.0247609
0.0244217
0.0210799
0.0124446
-0.00407908
-0.023486
-0.0462267
-0.0564232
-0.0555713
-0.0405683
-0.0226652
-0.0082907
0.00608715
0.00866345
0.0112696
0.00960109
-0.0196585
-0.0315829
-0.0385904
-0.0376837
-0.0300139
-0.0188197
-0.00733285
0.00230456
0.0106942
0.0163332
0.0210336
0.022656
0.024538
0.0242271
0.0210577
0.0131641
-0.00209882
-0.0199994
-0.0411772
-0.0509495
-0.0503598
-0.0366827
-0.0202462
-0.00696174
0.00618845
0.00850772
0.0103128
0.00917032
-0.0138174
-0.0241199
-0.0305434
-0.0302766
-0.0240406
-0.0144618
-0.00439347
0.0041631
0.0117287
0.0168622
0.0211926
0.0226474
0.0242479
0.0239417
0.0209306
0.0137579
-0.000186687
-0.0165107
-0.0360219
-0.0452993
-0.0449772
-0.0326795
-0.0178199
-0.00565937
0.00623268
0.0083141
0.00938174
0.00872121
-0.00836416
-0.017115
-0.0229674
-0.0232885
-0.0183933
-0.010333
-0.00160779
0.0059201
0.0126783
0.0173119
0.0212672
0.0225673
0.0239009
0.0235741
0.0207084
0.0142235
0.00163042
-0.0130782
-0.0308546
-0.0395764
-0.0394704
-0.028624
-0.0154173
-0.00439864
0.00622129
0.00808303
0.00849853
0.00825505
-0.00336489
-0.0106728
-0.0159778
-0.0168163
-0.0131381
-0.00647374
0.00100141
0.00756533
0.0135441
0.0176887
0.0212659
0.0224213
0.0235079
0.023136
0.0204048
0.0145637
0.00332809
-0.00976006
-0.0257716
-0.0338926
-0.0340492
-0.0245872
-0.0130691
-0.00319348
0.006158
0.00781757
0.00768256
0.00777221
0.0011338
-0.00487445
-0.00966391
-0.0109334
-0.00832336
-0.00291348
0.00341717
0.00909063
0.0143276
0.0179997
0.0211989
0.0222172
0.0230803
0.0226408
0.0200371
0.0147873
0.00488584
-0.00661253
-0.0208681
-0.0283568
-0.0287564
-0.0206388
-0.0108052
-0.00205635
0.0060488
0.00752361
0.0069488
0.00727269
0.00510778
0.000228083
-0.00408454
-0.00568435
-0.0039773
0.000329947
0.00562871
0.0104902
0.0150313
0.0182522
0.0210778
0.0219651
0.0226293
0.0221086
0.0196261
0.0149087
0.00628815
-0.00368758
-0.0162334
-0.023072
-0.0236869
-0.0168472
-0.00865302
-0.000997971
0.0059018
0.00720969
0.00630643
0.00675696
0.00855607
0.00461619
0.000739079
-0.0010841
-0.000108997
0.00324994
0.00763129
0.0117608
0.015658
0.0184537
0.0209144
0.0216763
0.0221665
0.0215578
0.0191941
0.0149473
0.00752492
-0.00102994
-0.0119461
-0.0181303
-0.018928
-0.0132764
-0.00663711
-2.70782e-05
0.00572676
0.00688606
0.00575794
0.00622679
0.0114976
0.00830584
0.0048261
0.00288199
0.00328818
0.00584958
0.00942577
0.0129018
0.0162107
0.0186106
0.0207207
0.0213621
0.021702
0.0210063
0.0187624
0.0149245
0.00859156
0.00132605
-0.00806933
-0.013608
-0.014554
-0.00998173
-0.00477763
0.000849908
0.00553444
0.00656338
0.00529914
0.00568594
0.0139648
0.0113441
0.0082273
0.00625293
0.00623735
0.00814029
0.0110176
0.0139148
0.016693
0.0187287
0.0205074
0.0210333
0.0212445
0.0204702
0.0183489
0.0148611
0.00948889
0.00335944
-0.00464639
-0.0095607
-0.0106201
-0.00700627
-0.00308957
0.00162916
0.00533573
0.00625089
0.00492026
0.00514034
0.0159972
0.0138004
0.0110169
0.00908595
0.00877246
0.0101393
0.0124156
0.0148039
0.0171085
0.0188129
0.0202836
0.0206988
0.0208005
0.0199616
0.0179655
0.0147747
0.0102233
0.00506547
-0.00169718
-0.00602039
-0.0071595
-0.00437741
-0.00158196
0.0023097
0.00514078
0.00595539
0.00460738
0.00459794
0.0176367
0.0157558
0.0132809
0.0114462
0.0109317
0.0118673
0.0136315
0.015575
0.017461
0.0188672
0.0200566
0.0203659
0.0203743
0.0194871
0.0176174
0.014679
0.0108073
0.00645738
0.000783398
-0.00299347
-0.00418221
-0.00210547
-0.000257555
0.00289352
0.00495807
0.00568068
0.00434442
0.00406801
0.0189282
0.0172925
0.0151043
0.0133977
0.0127543
0.0133466
0.0146784
0.0162355
0.0177548
0.0188947
0.0198318
0.0200397
0.019968
0.0190491
0.017304
0.0145837
0.0112604
0.0075657
0.00282413
-0.000461115
-0.00167521
-0.000183813
0.000886752
0.00338542
0.00479384
0.00542751
0.00411541
0.00356031
0.0199193
0.0184858
0.0165627
0.0149987
0.0142782
0.0146002
0.0155705
0.0167937
0.0179943
0.0188983
0.0196124
0.0197236
0.0195823
0.0186464
0.0170213
0.0144961
0.0116074
0.00843417
0.00447263
0.00161653
0.000393772
0.0014102
0.00185925
0.00379273
0.00465198
0.00519403
0.00390663
0.00308408
0.0206591
0.0194008
0.0177186
0.0162998
0.0155397
0.0156512
0.0163224
0.0172589
0.0181842
0.0188804
0.0194002
0.0194199
0.0192169
0.0182759
0.0167639
0.0144211
0.0118754
0.00911241
0.00578769
0.00329325
0.00206962
0.00271179
0.00267295
0.00412463
0.0045341
0.00497676
0.00370815
0.00264723
0.021195
0.0200915
0.0186232
0.0173446
0.0165724
0.0165223
0.0169486
0.0176404
0.0183293
0.0188434
0.0191957
0.0191295
0.0188709
0.017934
0.0165269
0.0143599
0.0120879
0.00964711
0.00683002
0.00462956
0.00340431
0.00356201
0.00334282
0.00439129
0.00443977
0.00477198
0.00351451
0.00225571
0.0215695
0.0206017
0.0193205
0.018172
0.0174064
0.017235
0.0174631
0.0179475
0.0184344
0.0187895
0.0189984
0.0188529
0.0185437
0.0176171
0.0163056
0.0143097
0.0122612
0.0100752
0.00765425
0.00568622
0.00446615
0.00439447
0.00389676
0.0046031
0.00436697
0.00457671
0.00332444
0.00191318
0.0218185
0.0209677
0.0198476
0.0188167
0.0180697
0.0178096
0.0178795
0.018189
0.0185042
0.0187209
0.0188076
0.0185902
0.0182343
0.0173222
0.0160961
0.0142646
0.0124025
0.010421
0.00830489
0.00651804
0.0053055
0.00504722
0.00435041
0.00476945
0.0043125
0.00438934
0.00313967
0.00162082
0.021971
0.0212193
0.0202359
0.0193092
0.0185868
0.0182657
0.0182102
0.0183731
0.018543
0.0186398
0.0186225
0.0183408
0.0179422
0.0170465
0.0158953
0.0142169
0.0125132
0.0106989
0.00881613
0.00717098
0.00596588
0.00555755
0.00471652
0.00489848
0.00427264
0.00420976
0.00296348
0.00137746
0.0220503
0.0213811
0.0205126
0.0196772
0.0189834
0.0186209
0.0184667
0.0185075
0.0185549
0.018548
0.018442
0.018104
0.0176663
0.0167881
0.0157012
0.0141605
0.0125921
0.0109169
0.00921384
0.00768207
0.00648387
0.00595655
0.00501647
0.00499699
0.00424352
0.00403899
0.00279923
0.00117998
0.0220741
0.0214731
0.0207003
0.0199443
0.0192848
0.0188906
0.0186593
0.0185988
0.0185434
0.0184474
0.0182656
0.0178787
0.0174059
0.0165447
0.0155124
0.0140917
0.0126387
0.0110815
0.00951831
0.00808039
0.0068888
0.00626804
0.00525861
0.00507004
0.00422143
0.00387872
0.00264951
0.00102376
0.0220562
0.021511
0.0208175
0.0201295
0.0195035
0.0190881
0.018797
0.0186531
0.0185118
0.0183394
0.0180927
0.0176641
0.0171599
0.016315
0.0153283
0.0140099
0.0126548
0.0111989
0.0097463
0.0083885
0.00720378
0.00650999
0.0054527
0.00512177
0.00420319
0.00373068
0.00251565
0.000903235
0.0220071
0.0215071
0.020879
0.0202488
0.019654
0.019225
0.0188882
0.0186759
0.0184631
0.0182255
0.0179232
0.017459
0.0169274
0.0160976
0.0151486
0.0139163
0.0126442
0.011276
0.00991207
0.00862391
0.0074469
0.00669596
0.00560706
0.00515579
0.00418637
0.00359623
0.00239775
0.000812501
0.0219345
0.0214711
0.0208967
0.0203151
0.0197486
0.0193114
0.0189398
0.0186718
0.0183998
0.0181068
0.0177569
0.0172627
0.0167072
0.0158912
0.0149738
0.0138136
0.0126114
0.0113198
0.0100278
0.00880045
0.00763247
0.00683648
0.00572852
0.00517529
0.00416934
0.00347609
0.00229487
0.000745778
0.0218443
0.0214105
0.0208801
0.0203388
0.0197975
0.0193561
0.0189583
0.018645
0.0183243
0.0179843
0.0175938
0.0170743
0.0164984
0.0156949
0.0148042
0.0137045
0.0125613
0.0113365
0.0101036
0.0089292
0.0077719
0.00694003
0.0058226
0.00518301
0.00415121
0.00337035
0.00220558
0.000697722
0.0217411
0.0213312
0.0208367
0.0203286
0.0198096
0.0193663
0.0189491
0.0185991
0.0182384
0.0178591
0.0174339
0.0168933
0.0163002
0.0155083
0.0146399
0.0135914
0.012498
0.0113317
0.010148
0.00901914
0.00787434
0.00701358
0.00589381
0.00518134
0.00413164
0.0032785
0.0021284
0.000663796
0.0216285
0.0212378
0.0207725
0.0202916
0.019792
0.0193484
0.0189168
0.0185376
0.0181442
0.0177318
0.0172773
0.0167193
0.0161119
0.0153308
0.0144813
0.0134763
0.0124252
0.0113099
0.0101678
0.0090777
0.00794707
0.0070629
0.00594588
0.00517226
0.00411082
0.00319944
0.00206168
0.00064039
0.0215089
0.0211336
0.020692
0.0202334
0.0197505
0.0193067
0.0188658
0.018463
0.0180432
0.0176034
0.0171242
0.0165519
0.0159327
0.0151617
0.0143285
0.0133608
0.0123458
0.0112748
0.0101684
0.00911104
0.00799589
0.00709278
0.00598198
0.00515754
0.00408876
0.0031319
0.00200394
0.000624479
0.0213847
0.0210217
0.0205993
0.0201588
0.0196902
0.019248
0.0187998
0.0183782
0.017937
0.0174744
0.0169747
0.0163908
0.0157621
0.0150006
0.0141817
0.013246
0.012262
0.0112295
0.0101542
0.00912423
0.00802544
0.00710717
0.0060048
0.0051387
0.0040659
0.00307445
0.00195394
0.000613643
0.0212573
0.0209042
0.0204974
0.0200716
0.0196152
0.0191748
0.0187217
0.0182851
0.0178268
0.0173457
0.0168289
0.0162358
0.0155996
0.014847
0.0140406
0.0131328
0.0121756
0.0111762
0.0101285
0.00912147
0.00803947
0.00710929
0.00601666
0.00511697
0.0040425
0.00302554
0.00191055
0.000606185
0.0211281
0.0207829
0.0203889
0.0199748
0.0195288
0.0190904
0.018634
0.0181857
0.0177138
0.0172177
0.016687
0.0160868
0.0154448
0.0147007
0.0139054
0.0130216
0.0120879
0.0111171
0.0100939
0.0091062
0.008041
0.00710177
0.00601953
0.00509323
0.00401881
0.00298377
0.0018729
0.000600925
0.0209981
0.0206593
0.0202756
0.0198711
0.019434
0.0189973
0.018539
0.0180817
0.0175992
0.017091
0.016549
0.0159435
0.0152973
0.0145611
0.0137759
0.012913
0.0119999
0.0110538
0.0100527
0.00908126
0.0080325
0.00708676
0.0060151
0.00506814
0.0039951
0.00294788
0.00184022
0.00059705
0.0208683
0.0205346
0.0201593
0.0197626
0.019333
0.018898
0.0184387
0.0179745
0.0174837
0.0169662
0.0164152
0.0158059
0.0151568
0.0144281
0.0136519
0.0128072
0.0119124
0.0109875
0.0100064
0.00904894
0.00801602
0.00706597
0.00600476
0.00504222
0.00397156
0.00291679
0.00181184
0.000594023
0.0207393
0.0204097
0.0200414
0.019651
0.0192276
0.0187944
0.0183348
0.0178655
0.0173684
0.0168436
0.0162856
0.0156738
0.0150228
0.0143011
0.0135333
0.0127046
0.011826
0.0109194
0.00995651
0.00901114
0.00799324
0.00704079
0.00598976
0.00501586
0.00394836
0.00288957
0.00178718
0.000591501
0.0206117
0.0202856
0.0199229
0.0195377
0.0191197
0.0186881
0.0182288
0.0177557
0.017254
0.0167237
0.0161603
0.0155471
0.0148952
0.0141801
0.0134199
0.0126053
0.0117412
0.0108505
0.00990405
0.00896938
0.00796559
0.00701236
0.00597112
0.00498936
0.00392562
0.00286548
0.0017657
0.000589277
0.0204862
0.0201629
0.019805
0.0194239
0.0190105
0.0185806
0.0181219
0.0176461
0.0171411
0.0166068
0.0160394
0.0154257
0.0147737
0.0140648
0.0133117
0.0125093
0.0116583
0.0107815
0.00984998
0.0089249
0.00793426
0.00698158
0.00594975
0.00496295
0.00390342
0.00284391
0.00174694
0.000587226
0.0203632
0.0200424
0.0196883
0.0193108
0.0189013
0.0184729
0.0180151
0.0175376
0.0170301
0.0164933
0.0159231
0.0153096
0.0146581
0.013955
0.0132085
0.012417
0.0115776
0.0107131
0.00979509
0.00887872
0.00790028
0.00694923
0.00592637
0.0049368
0.00388184
0.00282437
0.00173048
0.000585276
0.0202433
0.0199244
0.0195737
0.0191991
0.018793
0.0183661
0.0179094
0.0174309
0.016922
0.0163834
0.0158115
0.0151987
0.0145482
0.0138505
0.0131102
0.0123283
0.0114995
0.0106457
0.00974003
0.00883167
0.00786451
0.00691594
0.00590164
0.00491108
0.00386094
0.00280651
0.00171597
0.000583388
0.0201267
0.0198096
0.0194618
0.0190897
0.0186866
0.0182611
0.0178056
0.0173267
0.016817
0.0162776
0.0157046
0.015093
0.014444
0.0137513
0.0130168
0.0122434
0.0114242
0.0105799
0.00968539
0.00878445
0.0078277
0.00688223
0.00587607
0.00488592
0.00384076
0.00279004
0.00170311
0.000581542
0.0200139
0.0196985
0.0193531
0.0189832
0.0185827
0.0181587
0.0177044
0.0172256
0.0167157
0.016176
0.0156027
0.0149925
0.0143453
0.0136573
0.0129282
0.0121624
0.0113519
0.0105161
0.00963168
0.00873763
0.00779048
0.00684857
0.00585014
0.00486144
0.00382135
0.00277475
0.00169163
0.000579729
0.0199055
0.0195915
0.0192483
0.0188803
0.018482
0.0180595
0.0176065
0.0171281
0.0166184
0.0160789
0.0155058
0.0148973
0.014252
0.0135684
0.0128444
0.0120854
0.0112827
0.0104546
0.00957933
0.00869172
0.00775341
0.00681535
0.00582424
0.00483775
0.00380275
0.0027605
0.00168133
0.000577946
0.0198016
0.019489
0.0191478
0.0187814
0.0183852
0.017964
0.0175125
0.0170347
0.0165255
0.0159866
0.0154141
0.0148075
0.0141643
0.0134848
0.0127654
0.0120126
0.011217
0.0103957
0.00952874
0.00864714
0.00771694
0.00678291
0.0057987
0.00481497
0.00378501
0.00274718
0.00167204
0.000576194
0.0197029
0.0193916
0.019052
0.0186872
0.0182929
0.017873
0.0174228
0.0169459
0.0164374
0.0158994
0.0153278
0.0147231
0.0140821
0.0134064
0.0126914
0.0119441
0.0111548
0.0103398
0.00948029
0.00860428
0.00768152
0.00675157
0.00577383
0.00479321
0.00376817
0.00273472
0.00166362
0.000574478
0.0196097
0.0192995
0.0189615
0.0185982
0.0182055
0.0177869
0.017338
0.0168621
0.0163546
0.0158176
0.0152471
0.0146444
0.0140056
0.0133333
0.0126224
0.01188
0.0110965
0.010287
0.0094343
0.00856347
0.00764751
0.0067216
0.00574991
0.00477257
0.00375229
0.0027231
0.00165598
0.000572807
0.0195224
0.0192134
0.0188768
0.0185147
0.0181236
0.0177062
0.0172586
0.0167838
0.0162772
0.0157414
0.0151721
0.0145713
0.0139347
0.0132657
0.0125585
0.0118205
0.0110422
0.0102377
0.00939107
0.00852502
0.00761525
0.00669325
0.00572716
0.00475317
0.00373744
0.00271231
0.00164906
0.000571189
0.0194415
0.0191336
0.0187982
0.0184374
0.0180476
0.0176314
0.0171851
0.0167112
0.0162058
0.0156712
0.0151032
0.0145043
0.0138698
0.0132036
0.0124998
0.0117657
0.0109921
0.0101921
0.00935092
0.00848922
0.00758504
0.00666677
0.00570583
0.00473512
0.00372368
0.00270236
0.00164279
0.000569639
0.0193675
0.0190605
0.0187264
0.0183666
0.017978
0.017563
0.0171178
0.016645
0.0161406
0.0156073
0.0150405
0.0144433
0.0138109
0.0131473
0.0124466
0.011716
0.0109465
0.0101505
0.00931411
0.00845635
0.00755717
0.00664239
0.00568612
0.00471855
0.00371109
0.00269328
0.00163717
0.000568172
0.0193008
0.0189947
0.0186616
0.0183028
0.0179154
0.0175013
0.0170572
0.0165854
0.0160821
0.0155499
0.0149844
0.0143888
0.0137582
0.013097
0.012399
0.0116715
0.0109056
0.0101131
0.00928092
0.00842666
0.00753192
0.00662031
0.00566824
0.00470359
0.00369975
0.00268512
0.00163218
0.000566805
0.0192419
0.0189367
0.0186045
0.0182466
0.0178601
0.017447
0.0170038
0.016533
0.0160307
0.0154995
0.0149352
0.014341
0.0137121
0.0130529
0.0123573
0.0116324
0.0108696
0.0100801
0.00925163
0.00840043
0.00750954
0.00660075
0.00565236
0.00469034
0.00368975
0.00267791
0.00162784
0.000565557
0.0191915
0.018887
0.0185556
0.0181984
0.0178128
0.0174004
0.0169581
0.016488
0.0159866
0.0154564
0.0148932
0.0143003
0.0136728
0.0130153
0.0123217
0.011599
0.0108389
0.0100519
0.00922652
0.00837789
0.00749028
0.00658392
0.0056387
0.00467895
0.00368118
0.00267172
0.00162415
0.000564446
0.0191499
0.018846
0.0185153
0.0181587
0.0177738
0.0173621
0.0169205
0.0164511
0.0159504
0.015421
0.0148587
0.0142668
0.0136405
0.0129845
0.0122926
0.0115717
0.0108137
0.0100287
0.00920584
0.00835932
0.00747439
0.00657002
0.00562742
0.00466955
0.00367415
0.00266662
0.00162116
0.000563486
0.0191179
0.0188144
0.0184842
0.0181281
0.0177437
0.0173325
0.0168915
0.0164226
0.0159226
0.0153937
0.0148321
0.0142411
0.0136157
0.0129608
0.0122701
0.0115506
0.0107942
0.0100109
0.00918989
0.00834496
0.00746211
0.00655926
0.00561871
0.00466228
0.00366876
0.00266267
0.00161892
0.000562676
0.0190959
0.0187928
0.0184629
0.0181071
0.0177231
0.0173122
0.0168716
0.0164031
0.0159035
0.0153751
0.014814
0.0142235
0.0135988
0.0129445
0.0122548
0.0115361
0.010781
0.00999859
0.00917897
0.00833509
0.0074537
0.00655184
0.00561276
0.00465724
0.00366513
0.00265991
0.00161751
0.000561994
0.0190846
0.0187816
0.0184519
0.0180963
0.0177125
0.0173018
0.0168614
0.0163931
0.0158937
0.0153654
0.0148047
0.0142144
0.0135901
0.0129362
0.012247
0.0115287
0.0107742
0.00999222
0.00917342
0.00832993
0.00744946
0.00654791
0.00560982
0.0046545
0.00366344
0.00265832
0.00161702
0.000561452
0.021082
0.0208972
0.0206898
0.0204587
0.0202044
0.019925
0.019621
0.0192894
0.0189309
0.0185409
0.0181203
0.0176627
0.0171694
0.0166319
0.0160519
0.0154188
0.0147348
0.0139871
0.013179
0.012296
0.011343
0.010305
0.00919086
0.0079854
0.00670444
0.00533332
0.0038981
0.00238322
0.000824486
0.0210932
0.020908
0.0207004
0.020469
0.0202146
0.0199351
0.0196312
0.0192998
0.0189416
0.018552
0.018132
0.0176751
0.0171826
0.0166459
0.016067
0.0154348
0.014752
0.0140052
0.0131981
0.0123156
0.0113633
0.0103251
0.00921063
0.00800374
0.0067213
0.0053472
0.00390923
0.00238983
0.000827363
0.021115
0.020929
0.0207207
0.0204889
0.0202342
0.0199547
0.019651
0.0193199
0.0189624
0.0185737
0.0181548
0.0176991
0.0172083
0.0166733
0.0160964
0.0154661
0.0147855
0.0140406
0.0132353
0.0123542
0.0114027
0.0103644
0.00924905
0.00803981
0.00675401
0.00537468
0.0039307
0.00240321
0.000832645
0.0211467
0.0209596
0.0207504
0.0205178
0.0202628
0.0199831
0.0196797
0.0193492
0.0189927
0.0186051
0.0181879
0.0177341
0.0172457
0.0167131
0.0161392
0.0155118
0.0148343
0.0140923
0.0132898
0.0124107
0.0114604
0.0104222
0.00930546
0.00809294
0.0068021
0.00541528
0.00396228
0.00242311
0.000840285
0.0211877
0.020999
0.0207886
0.0205552
0.0202997
0.0200199
0.0197167
0.019387
0.0190316
0.0186457
0.0182307
0.0177793
0.017294
0.0167647
0.0161945
0.015571
0.0148976
0.0141595
0.0133606
0.0124843
0.0115358
0.0104978
0.00937931
0.00816263
0.00686522
0.00546867
0.00400382
0.00244939
0.000850302
0.0212373
0.0210468
0.0208349
0.0206004
0.0203442
0.0200642
0.0197614
0.0194325
0.0190787
0.0186947
0.0182823
0.017834
0.0173524
0.0168271
0.0162617
0.015643
0.0149748
0.0142415
0.0134472
0.0125746
0.0116283
0.0105908
0.0094702
0.00824857
0.00694314
0.00553473
0.00405524
0.002482
0.000862727
0.0212948
0.0211021
0.0208884
0.0206527
0.0203957
0.0201155
0.0198132
0.0194852
0.0191331
0.0187514
0.0183421
0.0178974
0.0174202
0.0168997
0.0163399
0.0157268
0.0150649
0.0143376
0.0135489
0.0126808
0.0117374
0.0107007
0.00957786
0.00835059
0.00703577
0.00561342
0.00411659
0.002521
0.000877613
0.0213597
0.0211645
0.0209488
0.0207115
0.0204536
0.0201732
0.0198713
0.0195445
0.0191943
0.0188151
0.0184094
0.0179687
0.0174967
0.0169816
0.0164283
0.0158219
0.0151674
0.0144471
0.013665
0.0128025
0.0118628
0.0108273
0.00970211
0.00846864
0.00714313
0.00570484
0.00418798
0.00256648
0.000895037
0.0214313
0.0212332
0.0210152
0.0207762
0.0205173
0.0202366
0.0199351
0.0196095
0.0192615
0.0188852
0.0184835
0.0180473
0.017581
0.0170721
0.0165263
0.0159275
0.0152814
0.0145693
0.0137951
0.0129393
0.012004
0.0109704
0.0098429
0.00860275
0.00726534
0.00580916
0.00426962
0.00261863
0.000915107
0.021509
0.0213078
0.0210871
0.0208463
0.0205862
0.0203051
0.0200041
0.0196799
0.0193342
0.018961
0.0185636
0.0181323
0.0176724
0.0171703
0.0166329
0.0160427
0.0154063
0.0147037
0.0139387
0.0130909
0.0121609
0.01113
0.0100003
0.00875309
0.00740264
0.00592667
0.0043618
0.00267767
0.00093796
0.0215922
0.0213875
0.021164
0.0209211
0.0206597
0.0203782
0.0200777
0.0197548
0.0194116
0.0190418
0.0186491
0.0182231
0.0177702
0.0172755
0.0167474
0.0161668
0.0155415
0.0148497
0.0140952
0.0132569
0.0123334
0.011306
0.0101743
0.00891987
0.00755531
0.00605772
0.00446489
0.00274389
0.000963764
0.0216802
0.0214718
0.0212452
0.0210002
0.0207373
0.0204553
0.0201552
0.0198337
0.0194932
0.0191268
0.0187392
0.0183189
0.0178736
0.017387
0.0168691
0.016299
0.0156861
0.0150065
0.0142642
0.0134369
0.0125211
0.0114985
0.0103651
0.00910342
0.00772376
0.00620275
0.00457932
0.00281764
0.000992724
0.0217725
0.0215601
0.0213303
0.0210829
0.0208184
0.0205358
0.0202361
0.0199161
0.0195782
0.0192156
0.0188333
0.018419
0.0179818
0.0175037
0.0169971
0.0164386
0.0158396
0.0151738
0.0144454
0.0136309
0.0127242
0.0117077
0.0105731
0.00930412
0.00790844
0.00636228
0.00470559
0.00289932
0.00102508
0.0218685
0.0216519
0.0214186
0.0211688
0.0209025
0.0206193
0.0203198
0.0200013
0.0196662
0.0193074
0.0189306
0.0185226
0.018094
0.0176249
0.0171306
0.0165846
0.0160011
0.0153507
0.0146381
0.0138385
0.0129425
0.0119337
0.0107984
0.00952243
0.00810986
0.00653688
0.00484425
0.0029894
0.00106111
0.0219676
0.0217467
0.0215097
0.0212573
0.0209891
0.0207052
0.0204059
0.0200888
0.0197565
0.0194015
0.0190305
0.0186289
0.0182093
0.0177497
0.0172686
0.0167363
0.01617
0.0155368
0.0148421
0.0140595
0.013176
0.0121767
0.0110414
0.00975885
0.00832859
0.0067272
0.00499591
0.00308839
0.00110113
0.0220692
0.0218438
0.0216031
0.0213481
0.0210779
0.0207932
0.0204938
0.020178
0.0198485
0.0194974
0.0191323
0.0187371
0.018327
0.0178771
0.0174102
0.0168925
0.0163454
0.0157312
0.0150568
0.0142937
0.0134247
0.012437
0.0113026
0.010014
0.00856526
0.0069339
0.00516124
0.00319687
0.00114551
0.0221728
0.0219428
0.0216983
0.0214406
0.0211683
0.0208827
0.0205831
0.0202685
0.0199416
0.0195944
0.0192352
0.0188465
0.018446
0.0180061
0.0175545
0.0170523
0.0165264
0.0159332
0.0152818
0.0145409
0.0136886
0.012715
0.0115823
0.0102884
0.00882051
0.00715772
0.0053409
0.00331549
0.00119466
0.0222776
0.0220431
0.0217948
0.0215346
0.02126
0.0209734
0.0206734
0.0203598
0.0200352
0.0196918
0.0193385
0.0189562
0.0185655
0.0181355
0.0177001
0.0172145
0.0167121
0.0161421
0.0155165
0.0148009
0.0139678
0.0130111
0.011881
0.0105827
0.00909502
0.0073994
0.00553561
0.00344493
0.00124905
0.022383
0.0221443
0.0218923
0.0216296
0.0213526
0.0210648
0.0207641
0.0204513
0.0201288
0.019789
0.0194414
0.0190652
0.0186842
0.0182642
0.017846
0.017378
0.0169015
0.0163569
0.0157606
0.0150734
0.0142624
0.0133255
0.0121993
0.0108977
0.00938948
0.00765968
0.00574607
0.00358596
0.00130919
0.0224885
0.0222458
0.0219904
0.0217254
0.0214459
0.0211568
0.0208549
0.0205425
0.0202218
0.0198853
0.0195431
0.0191727
0.0188012
0.0183907
0.0179907
0.0175413
0.0170935
0.0165768
0.0160134
0.0153582
0.0145724
0.0136589
0.0125375
0.011234
0.00970459
0.00793928
0.00597297
0.00373937
0.00137563
0.0225933
0.0223471
0.0220886
0.0218215
0.0215395
0.0212489
0.0209453
0.0206329
0.0203134
0.0199799
0.0196428
0.0192776
0.018915
0.0185137
0.0181326
0.0177029
0.0172869
0.0168006
0.0162742
0.0156549
0.0148979
0.0140115
0.0128962
0.0115924
0.010041
0.00823887
0.00621693
0.003906
0.00144897
0.0226967
0.0224477
0.0221866
0.0219178
0.0216331
0.0213408
0.0210351
0.020722
0.0204031
0.0200721
0.0197395
0.0193788
0.0190243
0.0186313
0.01827
0.017861
0.0174802
0.0170272
0.0165426
0.0159632
0.0152391
0.014384
0.0132759
0.0119735
0.0103993
0.00855902
0.00647853
0.00408668
0.00152985
0.0227981
0.0225472
0.022284
0.022014
0.0217265
0.0214324
0.0211236
0.0208092
0.0204901
0.0201611
0.0198322
0.0194749
0.0191273
0.0187416
0.0184008
0.0180139
0.0176717
0.0172553
0.0168176
0.0162829
0.015596
0.0147768
0.0136772
0.012378
0.01078
0.00890018
0.00675817
0.00428222
0.00161888
0.0228965
0.0226449
0.0223806
0.02211
0.0218196
0.0215232
0.0212106
0.0208939
0.0205736
0.0202457
0.0199196
0.0195647
0.0192221
0.0188423
0.0185226
0.0181592
0.0178599
0.0174836
0.0170984
0.0166126
0.0159689
0.0151905
0.0141004
0.0128067
0.0111836
0.0092626
0.00705613
0.00449334
0.00171671
0.0229912
0.0227404
0.0224761
0.0222054
0.0219121
0.0216132
0.0212956
0.0209754
0.0206524
0.0203248
0.0200006
0.0196462
0.0193065
0.0189308
0.0186326
0.0182945
0.0180427
0.0177103
0.0173841
0.0169532
0.0163578
0.0156256
0.014546
0.0132602
0.0116102
0.0096463
0.0073724
0.0047206
0.00182391
0.0230812
0.0228332
0.02257
0.0223003
0.0220044
0.0217019
0.0213781
0.0210528
0.0207256
0.0203971
0.0200733
0.0197176
0.0193777
0.0190037
0.0187276
0.0184169
0.0182176
0.0179339
0.0176738
0.0173035
0.0167629
0.0160827
0.0150145
0.0137391
0.0120598
0.010051
0.00770664
0.00496428
0.00194101
0.0231656
0.0229226
0.0226623
0.0223944
0.0220954
0.0217891
0.0214574
0.0211251
0.0207917
0.0204609
0.0201359
0.0197764
0.0194326
0.0190574
0.0188037
0.0185231
0.0183822
0.0181524
0.0179663
0.0176626
0.0171842
0.0165622
0.0155061
0.014244
0.0125321
0.0104761
0.00805802
0.00522425
0.00206837
0.0232434
0.0230081
0.0227525
0.0224877
0.0221854
0.0218744
0.0215331
0.0211912
0.0208489
0.0205139
0.020186
0.0198196
0.0194671
0.0190872
0.0188564
0.0186092
0.0185337
0.0183637
0.0182602
0.01803
0.0176224
0.0170648
0.0160212
0.0147753
0.0130262
0.0109205
0.00842512
0.00549981
0.00220622
0.0233134
0.0230891
0.0228406
0.0225801
0.0222745
0.0219577
0.0216045
0.0212497
0.0208951
0.0205535
0.0202206
0.0198436
0.0194764
0.0190876
0.0188801
0.0186706
0.0186684
0.0185656
0.0185543
0.018405
0.0180777
0.0175907
0.0165601
0.0153333
0.0135411
0.0113829
0.00880574
0.00578951
0.00235447
0.0233743
0.0231651
0.0229263
0.0226715
0.0223626
0.0220385
0.0216709
0.0212989
0.0209275
0.0205762
0.020236
0.0198436
0.0194548
0.019052
0.0188685
0.0187022
0.0187823
0.0187555
0.018847
0.0187869
0.0185502
0.0181403
0.0171232
0.0159182
0.0140753
0.0118615
0.0091968
0.00609091
0.00251254
0.023425
0.0232353
0.0230095
0.0227623
0.0224499
0.0221165
0.0217315
0.0213367
0.0209426
0.0205774
0.0202271
0.0198139
0.019395
0.0189722
0.018814
0.0186977
0.0188709
0.0189306
0.0191364
0.0191751
0.0190406
0.0187135
0.0177108
0.0165299
0.0146271
0.0123541
0.00959428
0.0064003
0.00267909
0.0234639
0.0232992
0.02309
0.0228525
0.0225367
0.0221911
0.0217858
0.0213608
0.020936
0.0205512
0.0201877
0.0197469
0.0192882
0.0188385
0.0187075
0.0186505
0.018929
0.0190879
0.0194207
0.0195691
0.0195491
0.0193102
0.0183235
0.0171679
0.015195
0.0128589
0.00999327
0.00671234
0.00285138
0.0234894
0.0233561
0.0231679
0.0229427
0.0226237
0.0222617
0.0218331
0.021368
0.0209018
0.0204898
0.0201095
0.0196331
0.0191235
0.0186391
0.0185379
0.0185547
0.018951
0.0192243
0.0196977
0.0199686
0.0200759
0.0199297
0.018962
0.0178315
0.0157783
0.0133738
0.010388
0.00701945
0.00302447
0.0234998
0.0234051
0.0232429
0.0230331
0.0227124
0.0223275
0.0218736
0.0213551
0.0208331
0.0203833
0.0199817
0.0194603
0.0188877
0.0183597
0.0182924
0.0183958
0.0189294
0.0193361
0.0199649
0.0203739
0.0206208
0.0205707
0.0196269
0.0185194
0.0163774
0.0138972
0.0107717
0.00731084
0.00319011
0.0234931
0.0234454
0.0233151
0.0231242
0.0228051
0.022445
0.0219082
0.0213183
0.0207213
0.0202194
0.0197906
0.0192136
0.0185647
0.0179835
0.0179567
0.0181649
0.0188563
0.0194199
0.0202196
0.0207855
0.0211832
0.0212315
0.0203186
0.0192293
0.0169935
0.0144266
0.0111354
0.00757096
0.00333553
0.0234672
0.023476
0.0233844
0.0232163
0.0228975
0.0225105
0.0219322
0.0212538
0.0205571
0.0199838
0.0195196
0.018874
0.0181348
0.0174903
0.0175138
0.0178493
0.0187227
0.0194717
0.0204593
0.0212047
0.0217616
0.0219093
0.0210374
0.0199577
0.0176281
0.0149568
0.0114659
0.0077775
0.00344252
0.0234196
0.0234956
0.0234508
0.0233102
0.0229928
0.0225814
0.0219483
0.0211589
0.0203322
0.0196615
0.019149
0.0184184
0.0175736
0.0168559
0.0169439
0.0174345
0.0185183
0.0194877
0.0206812
0.021633
0.0223542
0.0226013
0.0217827
0.020699
0.0182806
0.0154771
0.0117421
0.00789927
0.00348715
0.0233475
0.023503
0.0235139
0.023407
0.0230935
0.0226586
0.0219591
0.0210335
0.0200413
0.0192401
0.0186579
0.0178183
0.0168501
0.0160511
0.0162244
0.016904
0.0182323
0.0194639
0.0208826
0.0220722
0.0229585
0.0233041
0.022554
0.0214458
0.0189463
0.0159674
0.0119325
0.00789516
0.00344065
0.0232477
0.0234963
0.0235737
0.0235075
0.0232016
0.0227445
0.021969
0.0208813
0.0196861
0.0187125
0.0180255
0.017039
0.0159241
0.0150396
0.0153277
0.0162393
0.0178525
0.0193963
0.0210612
0.0225241
0.0235715
0.024015
0.0233505
0.0221894
0.019615
0.0163969
0.0119931
0.00771503
0.00327137
0.0231166
0.0234736
0.0236294
0.0236126
0.0233191
0.0228415
0.0219838
0.0207107
0.0192767
0.0180794
0.0172319
0.0160388
0.0147452
0.0137779
0.0142212
0.0154183
0.017366
0.0192806
0.0212148
0.0229899
0.0241899
0.0247325
0.0241721
0.0229213
0.0202709
0.0167256
0.01187
0.00730356
0.00294786
0.0229502
0.0234326
0.0236804
0.0237227
0.0234472
0.0229524
0.0220104
0.0205348
0.0188308
0.0173474
0.0162562
0.0147671
0.013251
0.0122128
0.0128728
0.0144183
0.0167596
0.0191127
0.0213417
0.0234704
0.0248106
0.0254568
0.0250193
0.0236353
0.0208955
0.0169083
0.0115055
0.00660634
0.00244228
0.0227441
0.023371
0.0237253
0.0238374
0.0235869
0.0230799
0.0220568
0.0203692
0.0183681
0.0165224
0.0150728
0.013165
0.0113694
0.0102823
0.0112336
0.0132165
0.01602
0.0188877
0.0214399
0.0239645
0.0254299
0.0261907
0.0258929
0.0243286
0.0214702
0.0169014
0.0108461
0.00557704
0.00173375
0.0224939
0.0232861
0.0237624
0.0239557
0.0237378
0.0232263
0.0221325
0.0202292
0.0179037
0.0156014
0.0136464
0.0111669
0.0090244
0.00792339
0.00926105
0.011787
0.0151345
0.018601
0.0215073
0.0244697
0.0260441
0.0269389
0.0267926
0.0250019
0.0219783
0.0166689
0.00985082
0.00418398
0.000810894
0.022195
0.0231751
0.023789
0.0240752
0.0238983
0.0233929
0.0222448
0.020126
0.0174424
0.0145681
0.0119326
0.00870653
0.00614546
0.00507782
0.00691203
0.0101048
0.0140917
0.0182473
0.0215412
0.0249811
0.0266485
0.0277074
0.0277153
0.0256572
0.0224062
0.0161861
0.00849763
0.002415
-0.000326503
0.0218432
0.0230348
0.0238016
0.0241921
0.0240649
0.0235792
0.022397
0.0200645
0.0169777
0.0133952
0.00988325
0.00572557
0.00267581
0.00169788
0.00415116
0.00815
0.0128831
0.0178213
0.0215381
0.0254911
0.0272379
0.0285016
0.0286518
0.0262957
0.022742
0.0154412
0.00678637
0.000279796
-0.00166694
0.0214342
0.0228617
0.0237954
0.0243006
0.0242322
0.0237819
0.0225875
0.0200415
0.0164939
0.0120513
0.00745633
0.00218355
-0.00141952
-0.00224685
0.00095644
0.00591
0.0115039
0.0173176
0.0214931
0.0259902
0.0278059
0.0293252
0.0295894
0.0269155
0.0229749
0.0144355
0.00473896
-0.00219062
-0.00318772
0.0209645
0.0226515
0.0237644
0.0243934
0.0243921
0.0239942
0.0228077
0.0200447
0.0159694
0.0105083
0.00462506
-0.00193492
-0.00614692
-0.00676291
-0.00267838
0.00338101
0.00995412
0.0167307
0.0214001
0.0264672
0.0283451
0.0301782
0.0305109
0.0275114
0.0230946
0.013182
0.00239742
-0.00494595
-0.00485654
0.0204308
0.0223993
0.023701
0.0244608
0.0245344
0.0242055
0.0230417
0.0200535
0.0153784
0.00874564
0.00138325
-0.00661626
-0.0114825
-0.0118313
-0.0067412
0.000569804
0.00823841
0.0160557
0.0212517
0.0269099
0.0288479
0.0310563
0.0313968
0.0280746
0.0230926
0.0117043
-0.00018032
-0.00792061
-0.00663382
0.01983
0.0220994
0.0235969
0.0244919
0.0246471
0.0244025
0.0232676
0.0200399
0.0146933
0.00675219
-0.00225375
-0.0118184
-0.0173735
-0.0174075
-0.0112009
-0.00250567
0.00636645
0.0152886
0.0210402
0.0273056
0.0293061
0.0319507
0.0322278
0.0285941
0.0229625
0.0100351
-0.00292536
-0.0110389
-0.00847581
0.0191592
0.0217454
0.0234426
0.0244753
0.0247179
0.02457
0.0234604
0.0199725
0.0138871
0.00452644
-0.00625091
-0.0174744
-0.0237418
-0.0234239
-0.0160086
-0.00581688
0.00435217
0.0144264
0.0207576
0.0276426
0.0297124
0.0328483
0.0329867
0.029058
0.0227011
0.00821356
-0.00576322
-0.0142204
-0.0103461
0.0184158
0.0213304
0.0232283
0.0243996
0.0247351
0.0246928
0.0235946
0.0198206
0.0129366
0.00207667
-0.010557
-0.0234976
-0.0304898
-0.0297948
-0.0210995
-0.00932597
0.00221307
0.0134674
0.0203967
0.0279097
0.0300603
0.0337327
0.0336589
0.0294544
0.0223089
0.00628297
-0.00861885
-0.0173855
-0.0121792
0.0175971
0.0208474
0.0229447
0.0242548
0.0246883
0.0247577
0.0236478
0.0195576
0.0118256
-0.000579291
-0.0151092
-0.0297882
-0.0375051
-0.0364254
-0.0263987
-0.0129879
-3.0638e-05
0.012412
0.0199519
0.0280977
0.0303445
0.0345848
0.0342331
0.029772
0.0217901
0.00428775
-0.0114214
-0.0204603
-0.0139437
0.0167004
0.0202896
0.0225832
0.0240323
0.0245697
0.0247508
0.0236017
0.0191636
0.0105466
-0.00341494
-0.019837
-0.0362398
-0.0446683
-0.0432166
-0.0318225
-0.0167529
-0.00235693
0.0112625
0.0194193
0.028199
0.0305607
0.0353841
0.0347006
0.0300006
0.0211516
0.00227108
-0.0141085
-0.0233801
-0.0156041
0.0157235
0.0196507
0.0221366
0.0237259
0.0243736
0.0246626
0.023443
0.0186264
0.00910078
-0.00639679
-0.0246664
-0.0427442
-0.0518582
-0.0500225
-0.0372821
-0.0205684
-0.00474272
0.0100235
0.0187975
0.028208
0.0307055
0.0361099
0.0350551
0.0301317
0.0204031
0.00027273
-0.0166288
-0.026092
-0.0171315
0.0146643
0.0189252
0.0215991
0.0233315
0.0240964
0.0244857
0.0231629
0.0179405
0.00749777
-0.00948632
-0.0295234
-0.0491961
-0.0589574
-0.0567453
-0.0426902
-0.024382
-0.00716449
0.00870171
0.0180872
0.0281206
0.0307756
0.0367425
0.0352917
0.0301586
0.0195561
-0.00167273
-0.0189436
-0.0285564
-0.0185044
0.0135215
0.0181089
0.020967
0.0228468
0.0237356
0.0242137
0.0227564
0.0171064
0.00575341
-0.0126421
-0.0343366
-0.0554966
-0.0658546
-0.0632796
-0.0479634
-0.0281433
-0.00959883
0.00730579
0.0172915
0.0279344
0.0307677
0.0372639
0.035407
0.0300765
0.0186234
-0.00353699
-0.0210266
-0.0307469
-0.0197092
0.0122944
0.0171986
0.0202379
0.0222705
0.0232889
0.0238414
0.0222215
0.0161289
0.00388813
-0.0158219
-0.0390393
-0.0615553
-0.0724476
-0.0695274
-0.0530252
-0.0318056
-0.0120229
0.00584621
0.0164151
0.0276481
0.030678
0.0376586
0.0353982
0.0298826
0.0176181
-0.00529838
-0.0228636
-0.0326496
-0.0207394
0.0109831
0.0161925
0.019411
0.0216024
0.0227539
0.0233639
0.0215576
0.0150158
0.001925
-0.0189847
-0.0435707
-0.0672917
-0.0786459
-0.075401
-0.0578077
-0.0353267
-0.0144148
0.00433476
0.015464
0.0272613
0.0305025
0.0379137
0.0352636
0.0295759
0.0165535
-0.00694174
-0.0244512
-0.0342618
-0.0215947
0.0150902
0.0184866
0.020842
0.0221277
0.0227768
0.0207656
0.013777
-0.000111777
-0.0220918
-0.0478771
-0.0726367
-0.0843716
-0.0808257
-0.0622535
-0.0386706
-0.016754
0.00278415
0.0144454
0.0267739
0.0302368
0.0380195
0.0350021
0.0291573
0.0154428
-0.00845782
-0.0257943
-0.0355891
-0.02228
0.0138922
0.0174654
0.0199885
0.0214065
0.022076
0.0198473
0.0124237
-0.00219823
-0.0251083
-0.0519127
-0.0775328
-0.089561
-0.0857405
-0.066316
-0.0418067
-0.0190212
0.00120749
0.0133667
0.0261865
0.0298764
0.0379689
0.0346137
0.028629
0.014298
-0.00984238
-0.0269044
-0.036644
-0.0228037
0.0126001
0.0163487
0.0190407
0.0205861
0.0212577
0.0188052
0.0109675
-0.00431156
-0.0280036
-0.0556396
-0.0819345
-0.094165
-0.0900992
-0.0699606
-0.0447109
-0.0211995
-0.000382118
0.0122354
0.0254996
0.029417
0.0377629
0.0340991
0.0279944
0.0131302
-0.0110952
-0.0277978
-0.0374431
-0.023177
0.0112162
0.0151374
0.0179964
0.019662
0.0203188
0.0176424
0.00942002
-0.00643082
-0.030752
-0.0590284
-0.0858084
-0.0981491
-0.0938704
-0.0731638
-0.0473649
-0.0232737
-0.00197203
0.0110587
0.0247143
0.0288542
0.0373883
0.0334598
0.0272582
0.0119491
-0.0122189
-0.0284929
-0.0380056
-0.0234121
0.0097434
0.0138325
0.0168533
0.0186293
0.0192566
0.0163625
0.00779278
-0.00853724
-0.0333328
-0.0620582
-0.0891335
-0.101493
-0.0970367
-0.0759127
-0.049756
-0.0252308
-0.00355041
0.00984313
0.0238319
0.0281845
0.0368505
0.0326985
0.0264257
0.0107634
-0.0132184
-0.0290094
-0.0383517
-0.0235221
0.00818494
0.0124346
0.0156083
0.0174834
0.0180692
0.0149695
0.00609672
-0.0106145
-0.0357301
-0.0647158
-0.0919004
-0.104191
-0.0995941
-0.0782045
-0.0518767
-0.0270603
-0.00510651
0.00859455
0.0228539
0.0274053
0.036151
0.0318183
0.0255029
0.00957994
-0.0140998
-0.029367
-0.038501
-0.0235193
0.00654428
0.010944
0.0142585
0.0162202
0.0167557
0.0134678
0.00434202
-0.0126489
-0.0379328
-0.0669958
-0.0941108
-0.10625
-0.101551
-0.0800449
-0.0537242
-0.0287542
-0.00663084
0.007318
0.0217822
0.0265149
0.035293
0.0308232
0.0244961
0.00840476
-0.0148699
-0.0295839
-0.0384723
-0.0234159
0.00482493
0.0093608
0.012801
0.0148362
0.0153159
0.0118622
0.00253815
-0.0146297
-0.0399348
-0.0688997
-0.0957762
-0.107688
-0.102926
-0.0814471
-0.0552994
-0.0303066
-0.0081153
0.00601771
0.0206195
0.0255123
0.0342806
0.0297179
0.0234118
0.00724244
-0.0155357
-0.0296771
-0.0382828
-0.0232226
0.00303038
0.00768485
0.0112333
0.013329
0.0137508
0.0101585
0.000694378
-0.016548
-0.0417343
-0.0704364
-0.0969171
-0.108533
-0.103746
-0.0824301
-0.056607
-0.031714
-0.00955322
0.00469712
0.0193688
0.0243978
0.0331195
0.0285074
0.0222568
0.00609662
-0.0161041
-0.0296617
-0.0379478
-0.0229494
0.00116405
0.0059161
0.00955352
0.0116968
0.012063
0.00836323
-0.00117991
-0.0183958
-0.0433325
-0.0716209
-0.0975626
-0.108822
-0.104048
-0.0830178
-0.0576543
-0.0329751
-0.0109393
0.003359
0.0180336
0.0231725
0.0318158
0.0271973
0.0210378
0.00497013
-0.0165819
-0.0295509
-0.037481
-0.0226051
-0.000770737
0.00405471
0.00776051
0.00993945
0.0102555
0.00648232
-0.00307701
-0.0201668
-0.0447303
-0.0724696
-0.0977481
-0.108599
-0.10387
-0.0832369
-0.0584513
-0.0340905
-0.0122695
0.00200556
0.0166182
0.0218385
0.0303769
0.0257936
0.0197617
0.00386533
-0.0169754
-0.0293561
-0.0368947
-0.0221976
-0.00277088
0.00210093
0.00585416
0.00805659
0.00832917
0.00451713
-0.00499544
-0.0218607
-0.0459306
-0.0729947
-0.0975062
-0.107913
-0.103256
-0.0831169
-0.0590094
-0.0350626
-0.0135411
0.000638526
0.0151273
0.0203987
0.0288101
0.0243009
0.0184342
0.00278377
-0.0172897
-0.0290865
-0.0361993
-0.0217341
-0.00483372
5.38385e-05
0.00383312
0.00604575
0.00628062
0.00246413
-0.00693878
-0.0234841
-0.0469458
-0.0732132
-0.0968623
-0.106804
-0.10225
-0.0826875
-0.0593419
-0.0358951
-0.0147523
-0.000740718
0.0135656
0.0188558
0.0271218
0.0227228
0.0170594
0.00172544
-0.0175299
-0.0287491
-0.0354034
-0.0212206
-0.00695648
-0.00208801
0.00169188
0.00390633
0.00411979
0.000341364
-0.00888882
-0.0250339
-0.0478009
-0.0731763
-0.0958682
-0.105314
-0.10089
-0.0819767
-0.0594618
-0.0365931
-0.0159023
-0.0021309
0.0119381
0.0172128
0.0253199
0.0210682
0.0156432
0.000690121
-0.0177021
-0.0283536
-0.0345151
-0.020663
-0.00913005
-0.00430793
-0.00054704
0.00167641
0.00192462
-0.00175781
-0.0107629
-0.0264663
-0.0485153
-0.0729786
-0.0946605
-0.103546
-0.0992427
-0.0810197
-0.0593843
-0.037162
-0.0169901
-0.00352918
0.0102559
0.0154846
0.0234287
0.0193665
0.0142038
-0.000317596
-0.017816
-0.0279152
-0.0335467
-0.0200671
-0.011321
-0.00653793
-0.00277226
-0.000509393
-0.000181342
-0.00373107
-0.0124899
-0.0277415
-0.049082
-0.0726647
-0.093367
-0.101677
-0.0974423
-0.0798938
-0.0591463
-0.0376154
-0.0180163
-0.00492776
0.008546
0.0137098
0.0214948
0.0176497
0.0127661
-0.0012909
-0.0178805
-0.0274425
-0.0325156
-0.0194418
-0.0135883
-0.00888086
-0.00512693
-0.00268485
-0.00252048
-0.00595375
-0.0143983
-0.029054
-0.0494954
-0.0720149
-0.0916761
-0.0994679
-0.0954
-0.0785569
-0.0587436
-0.0379653
-0.0189947
-0.0063485
0.00677493
0.0118233
0.0194576
0.015809
0.0112892
-0.00225465
-0.0178867
-0.0268977
-0.0314102
-0.0187873
-0.0223168
-0.015857
-0.0115507
-0.00810684
-0.00578782
-0.00549333
-0.00864576
-0.0165548
-0.0303538
-0.0496433
-0.0708706
-0.0894174
-0.0967009
-0.0929167
-0.0768989
-0.0579827
-0.0379647
-0.0196104
-0.00748211
0.00524378
0.0101002
0.0176644
0.0142059
0.0101384
-0.00294759
-0.0178058
-0.0264169
-0.0305551
-0.018307
-0.0229282
-0.01662
-0.0124121
-0.00902556
-0.00672398
-0.00641337
-0.00952321
-0.0173259
-0.0309281
-0.0499004
-0.0707077
-0.0888153
-0.095817
-0.0920081
-0.076221
-0.0576108
-0.0378967
-0.0198176
-0.00788484
0.00465133
0.00944351
0.0169491
0.0135349
0.00963589
-0.00327958
-0.0178054
-0.0262174
-0.0301652
-0.0180804
-0.0233412
-0.0171664
-0.0130293
-0.00968649
-0.00742116
-0.00714415
-0.0102649
-0.0180191
-0.0314878
-0.0502072
-0.0706597
-0.0883802
-0.0951197
-0.0912385
-0.0756129
-0.0572403
-0.0377906
-0.019974
-0.00820251
0.00413624
0.00887371
0.0162928
0.0129017
0.00914636
-0.00361041
-0.0178163
-0.0260285
-0.0297822
-0.0178541
-0.0237774
-0.0177342
-0.0136734
-0.010382
-0.00815608
-0.00790702
-0.0110258
-0.0187139
-0.032028
-0.0504752
-0.0705604
-0.0878939
-0.0943867
-0.0904561
-0.0750108
-0.0568828
-0.0376996
-0.020144
-0.00853364
0.00360609
0.00828852
0.0156198
0.0122607
0.00865201
-0.0039363
-0.0178192
-0.0258326
-0.0293929
-0.0176246
-0.0242576
-0.0183495
-0.0143705
-0.0111327
-0.00894036
-0.0087067
-0.0118073
-0.0194122
-0.0325541
-0.0507137
-0.07042
-0.0873603
-0.0936083
-0.0896408
-0.0743913
-0.0565213
-0.0376148
-0.0203258
-0.0088846
0.0030538
0.00768003
0.0149266
0.0116093
0.00815212
-0.00425837
-0.0178148
-0.0256294
-0.0289964
-0.0173914
-0.0247564
-0.0189869
-0.0150927
-0.0119089
-0.00974674
-0.00952208
-0.0125956
-0.0201074
-0.0330669
-0.0509308
-0.0702535
-0.0868
-0.0928059
-0.0888058
-0.0737575
-0.0561509
-0.0375272
-0.0205104
-0.00924432
0.002489
0.00705811
0.0142201
0.0109513
0.00764821
-0.00457707
-0.0178049
-0.0254206
-0.028594
-0.0171548
-0.0252655
-0.0196379
-0.0158312
-0.0127028
-0.0105692
-0.010349
-0.0133879
-0.020798
-0.0335658
-0.0511267
-0.0700623
-0.086216
-0.0919846
-0.0879565
-0.0731128
-0.0557724
-0.0374357
-0.020696
-0.00960946
0.00191464
0.00642566
0.0135023
0.0102878
0.00714068
-0.00489237
-0.0177899
-0.0252064
-0.0281859
-0.0169149
-0.0257866
-0.0203043
-0.0165881
-0.0135163
-0.0114092
-0.0111883
-0.0141847
-0.0214839
-0.0340505
-0.051301
-0.0698458
-0.0856078
-0.0911437
-0.0870927
-0.0724581
-0.055387
-0.0373415
-0.0208834
-0.00998066
0.00133029
0.00578224
0.0127729
0.00961864
0.00662959
-0.00520422
-0.0177696
-0.0249867
-0.0277723
-0.0166718
-0.0263213
-0.0209876
-0.017365
-0.0143508
-0.0122676
-0.0120403
-0.0149858
-0.0221649
-0.0345209
-0.0514534
-0.0696041
-0.0849753
-0.0902832
-0.0862145
-0.0717933
-0.0549948
-0.0372449
-0.021073
-0.0103585
0.000735546
0.00512753
0.0120318
0.00894379
0.00611503
-0.00551259
-0.0177439
-0.0247616
-0.0273531
-0.0164257
-0.0268697
-0.0216883
-0.0181623
-0.0152062
-0.013144
-0.0129045
-0.0157908
-0.0228407
-0.0349766
-0.0515843
-0.0693377
-0.0843193
-0.0894038
-0.0853222
-0.0711185
-0.0545958
-0.0371459
-0.0212647
-0.010743
0.000130462
0.00446161
0.0112791
0.0082634
0.00559712
-0.00581749
-0.0177131
-0.024531
-0.0269286
-0.0161764
-0.0274318
-0.0224064
-0.0189798
-0.0160825
-0.0140382
-0.0137804
-0.0165992
-0.0235109
-0.0354177
-0.0516937
-0.0690469
-0.0836404
-0.0885061
-0.0844163
-0.0704339
-0.0541901
-0.0370445
-0.0214586
-0.0111341
-0.000484824
0.00378462
0.0105151
0.00757758
0.00507598
-0.00611892
-0.0176771
-0.0242952
-0.0264987
-0.0159242
-0.0280077
-0.0231421
-0.0198178
-0.0169796
-0.0149499
-0.0146677
-0.0174107
-0.0241752
-0.0358439
-0.0517816
-0.0687321
-0.0829393
-0.0875908
-0.0834974
-0.06974
-0.0537778
-0.0369407
-0.0216546
-0.0115318
-0.0011102
0.00309669
0.00973989
0.00688645
0.00455173
-0.00641687
-0.0176359
-0.024054
-0.0260636
-0.0156691
-0.0285972
-0.0238955
-0.0206764
-0.0178975
-0.0158789
-0.0155661
-0.0182249
-0.0248333
-0.0362552
-0.0518484
-0.068394
-0.0822165
-0.0866586
-0.0825659
-0.0690368
-0.053359
-0.0368346
-0.0218527
-0.011936
-0.00174555
0.00239793
0.00895372
0.0061901
0.00402448
-0.00671135
-0.0175896
-0.0238077
-0.0256234
-0.0154111
-0.0292006
-0.0246667
-0.0215557
-0.0188361
-0.0168251
-0.0164753
-0.0190415
-0.0254849
-0.0366515
-0.0518941
-0.0680328
-0.0814727
-0.0857101
-0.0816224
-0.0683247
-0.0529338
-0.0367261
-0.0220528
-0.0123466
-0.00239076
0.00168847
0.00815674
0.00548866
0.00349435
-0.00700238
-0.0175383
-0.0235562
-0.0251783
-0.0151504
-0.0298177
-0.0254559
-0.0224557
-0.0197954
-0.017788
-0.0173948
-0.0198601
-0.0261298
-0.0370327
-0.051919
-0.067649
-0.0807086
-0.084746
-0.0806672
-0.0676039
-0.0525024
-0.0366154
-0.022255
-0.0127637
-0.0030457
0.000968419
0.00734912
0.00478222
0.00296145
-0.00728996
-0.0174819
-0.0232997
-0.0247283
-0.014887
-0.0304487
-0.0262632
-0.0233766
-0.0207754
-0.0187677
-0.0183244
-0.0206805
-0.0267678
-0.0373989
-0.0519234
-0.0672433
-0.0799248
-0.0837668
-0.0797009
-0.0668747
-0.0520649
-0.0365025
-0.0224592
-0.0131871
-0.00371024
0.000237926
0.00653105
0.0040709
0.0024259
-0.00757411
-0.0174206
-0.0230381
-0.0242736
-0.014621
-0.0310935
-0.0270887
-0.0243183
-0.0217758
-0.0197637
-0.0192639
-0.0215021
-0.0273986
-0.0377499
-0.0519075
-0.0668161
-0.0791221
-0.0827732
-0.0787239
-0.0661373
-0.0516214
-0.0363873
-0.0226653
-0.0136168
-0.00438424
-0.000502869
0.00570272
0.0033548
0.00188781
-0.00785484
-0.0173545
-0.0227717
-0.0238143
-0.0143525
-0.0317521
-0.0279322
-0.0252808
-0.0227966
-0.0207759
-0.0202127
-0.0223249
-0.028022
-0.0380859
-0.0518715
-0.066368
-0.078301
-0.081766
-0.0777367
-0.065392
-0.0511719
-0.03627
-0.0228734
-0.0140527
-0.00506755
-0.00125382
0.00486433
0.00263403
0.00134729
-0.00813217
-0.0172834
-0.0225004
-0.0233505
-0.0140817
-0.0324244
-0.028794
-0.0262642
-0.0238377
-0.021804
-0.0211707
-0.0231485
-0.0286378
-0.0384068
-0.0518158
-0.0658995
-0.0774623
-0.0807456
-0.0767397
-0.0646389
-0.0507166
-0.0361504
-0.0230833
-0.0144947
-0.00576
-0.00201477
0.00401605
0.0019087
0.000804445
-0.00840613
-0.0172076
-0.0222244
-0.0228824
-0.0138084
-0.0331104
-0.0296739
-0.0272683
-0.0248989
-0.0228478
-0.0221375
-0.0239725
-0.0292459
-0.0387128
-0.0517408
-0.0654112
-0.0766067
-0.0797128
-0.0757334
-0.0638784
-0.0502556
-0.0360287
-0.023295
-0.0149427
-0.00646142
-0.00278557
0.00315811
0.00117894
0.000259393
-0.00867674
-0.0171271
-0.0219438
-0.0224101
-0.013533
-0.0338099
-0.0305719
-0.0282932
-0.0259801
-0.023907
-0.0231128
-0.0247966
-0.0298461
-0.0390039
-0.0516468
-0.0649038
-0.075735
-0.0786682
-0.0747182
-0.0631107
-0.0497891
-0.0359048
-0.0235084
-0.0153966
-0.00717165
-0.00356603
0.0022907
0.000444844
-0.000287758
-0.00894402
-0.0170419
-0.0216586
-0.0219337
-0.0132554
-0.0345227
-0.0314879
-0.0293387
-0.027081
-0.0249814
-0.0240963
-0.0256207
-0.0304382
-0.0392802
-0.0515341
-0.0643778
-0.0748477
-0.0776124
-0.0736946
-0.062336
-0.0493171
-0.0357788
-0.0237235
-0.0158563
-0.0078905
-0.00435599
0.00141404
-0.000293455
-0.000836899
-0.009208
-0.0169521
-0.021369
-0.0214535
-0.0129758
-0.0352489
-0.0324219
-0.0304046
-0.0282014
-0.0260706
-0.0250876
-0.0264444
-0.0310221
-0.0395418
-0.0514032
-0.0638339
-0.0739457
-0.076546
-0.072663
-0.0615546
-0.0488397
-0.0356507
-0.0239401
-0.0163216
-0.00861778
-0.00515528
0.000528326
-0.00103584
-0.00138792
-0.00946873
-0.0168578
-0.021075
-0.0209695
-0.0126942
-0.0359881
-0.0333736
-0.0314909
-0.0293412
-0.0271744
-0.0260864
-0.0272674
-0.0315978
-0.0397889
-0.0512544
-0.0632727
-0.0730296
-0.0754698
-0.0716238
-0.0607667
-0.048357
-0.0355203
-0.0241581
-0.0167924
-0.00935329
-0.00596368
-0.000366207
-0.0017822
-0.00194072
-0.00972622
-0.016759
-0.0207769
-0.0204818
-0.0124108
-0.0367401
-0.0343428
-0.0325973
-0.0305
-0.0282925
-0.0270925
-0.0280895
-0.032165
-0.0400216
-0.0510883
-0.0626948
-0.0721002
-0.0743843
-0.0705775
-0.0599725
-0.0478692
-0.0353879
-0.0243776
-0.0172685
-0.0100968
-0.00678103
-0.00126934
-0.0025324
-0.00249518
-0.00998051
-0.0166558
-0.0204746
-0.0199908
-0.0121257
-0.0375048
-0.0353295
-0.0337236
-0.0316777
-0.0294245
-0.0281054
-0.0289104
-0.0327238
-0.0402402
-0.0509052
-0.0621009
-0.0711582
-0.0732901
-0.0695245
-0.0591722
-0.0473764
-0.0352533
-0.0245983
-0.0177499
-0.0108482
-0.0076071
-0.00218085
-0.00328631
-0.0030512
-0.0102316
-0.0165483
-0.0201684
-0.0194964
-0.0118388
-0.0382818
-0.0363333
-0.0348696
-0.032874
-0.0305702
-0.0291248
-0.02973
-0.033274
-0.0404448
-0.0507057
-0.0614918
-0.0702043
-0.0721878
-0.0684652
-0.0583661
-0.0468786
-0.0351165
-0.0248201
-0.0182363
-0.0116071
-0.00844171
-0.00310051
-0.0040438
-0.00360867
-0.0104797
-0.0164366
-0.0198583
-0.0189989
-0.0115505
-0.0390708
-0.0373539
-0.036035
-0.0340885
-0.0317293
-0.0301504
-0.0305478
-0.0338156
-0.0406356
-0.0504901
-0.060868
-0.0692392
-0.0710781
-0.0674001
-0.0575545
-0.046376
-0.0349775
-0.025043
-0.0187275
-0.0123734
-0.00928462
-0.00402806
-0.00480475
-0.00416749
-0.0107246
-0.0163206
-0.0195445
-0.0184985
-0.0112607
-0.0398714
-0.0383911
-0.0372195
-0.035321
-0.0329014
-0.031182
-0.0313638
-0.0343486
-0.0408128
-0.050259
-0.0602302
-0.0682637
-0.0699615
-0.0663295
-0.0567375
-0.0458687
-0.0348363
-0.0252667
-0.0192235
-0.0131469
-0.0101356
-0.00496328
-0.00556902
-0.00472755
-0.0109665
-0.0162006
-0.0192271
-0.0179952
-0.0109695
-0.0406834
-0.0394445
-0.0384228
-0.0365711
-0.0340862
-0.0322191
-0.0321777
-0.0348729
-0.0409768
-0.050013
-0.0595791
-0.0672784
-0.0688387
-0.0652538
-0.0559155
-0.0453567
-0.0346929
-0.0254913
-0.0197239
-0.0139272
-0.0109945
-0.00590593
-0.00633647
-0.00528874
-0.0112054
-0.0160766
-0.0189063
-0.0174893
-0.0106771
-0.0415062
-0.0405137
-0.0396444
-0.0378384
-0.0352834
-0.0332615
-0.0329893
-0.0353885
-0.0411278
-0.0497524
-0.0589154
-0.0662841
-0.0677102
-0.0641735
-0.0550885
-0.0448402
-0.0345472
-0.0257164
-0.0202286
-0.0147142
-0.011861
-0.00685574
-0.00710695
-0.00585096
-0.0114413
-0.0159486
-0.0185822
-0.0169809
-0.0103836
-0.0423395
-0.0415982
-0.0408841
-0.0391226
-0.0364925
-0.0343088
-0.0337984
-0.0358955
-0.041266
-0.0494778
-0.0582398
-0.0652815
-0.0665766
-0.063089
-0.0542569
-0.0443193
-0.0343993
-0.025942
-0.0207375
-0.0155076
-0.0127349
-0.00781246
-0.00788033
-0.00641409
-0.0116744
-0.0158168
-0.0182548
-0.0164703
-0.010089
-0.0431827
-0.0426978
-0.0421413
-0.0404232
-0.0377132
-0.0353607
-0.0346047
-0.0363938
-0.0413917
-0.0491898
-0.057553
-0.0642712
-0.0654386
-0.0620006
-0.0534208
-0.043794
-0.034249
-0.026168
-0.0212502
-0.0163071
-0.0136159
-0.00877585
-0.00865647
-0.00697805
-0.0119046
-0.0156813
-0.0179245
-0.0159575
-0.0097935
-0.0440354
-0.0438117
-0.0434156
-0.0417399
-0.0389452
-0.0364168
-0.0354082
-0.0368835
-0.0415052
-0.0488889
-0.0568556
-0.063254
-0.0642965
-0.0609087
-0.0525806
-0.0432645
-0.0340963
-0.0263941
-0.0217665
-0.0171125
-0.0145038
-0.00974563
-0.0094352
-0.00754271
-0.012132
-0.015542
-0.0175913
-0.0154428
-0.00949714
-0.0448969
-0.0449396
-0.0447066
-0.0430722
-0.0401881
-0.037477
-0.0362086
-0.0373646
-0.0416069
-0.0485756
-0.0561484
-0.0622305
-0.0631511
-0.0598138
-0.0517364
-0.0427308
-0.0339412
-0.0266203
-0.0222863
-0.0179234
-0.0153984
-0.0107215
-0.0102164
-0.00810799
-0.0123567
-0.0153992
-0.0172554
-0.0149264
-0.00920004
-0.0457668
-0.0460808
-0.0460137
-0.0444197
-0.0414414
-0.0385407
-0.0370058
-0.0378372
-0.0416971
-0.0482504
-0.055432
-0.0612014
-0.0620029
-0.0587162
-0.0508884
-0.0421931
-0.0337837
-0.0268463
-0.0228093
-0.0187397
-0.0162993
-0.0117033
-0.0109999
-0.00867376
-0.0125786
-0.0152529
-0.0169169
-0.0144084
-0.0089023
-0.0466444
-0.0472347
-0.0473363
-0.0457819
-0.0427048
-0.0396079
-0.0377996
-0.0383013
-0.041776
-0.047914
-0.0547072
-0.0601674
-0.0608524
-0.0576162
-0.0500369
-0.0416515
-0.0336236
-0.0270719
-0.0233353
-0.0195611
-0.0172064
-0.0126907
-0.0117855
-0.00923993
-0.0127979
-0.0151033
-0.016576
-0.0138889
-0.00860402
-0.047529
-0.0484007
-0.0486739
-0.0471583
-0.043978
-0.040678
-0.0385899
-0.038757
-0.0418441
-0.0475669
-0.0539745
-0.0591291
-0.0597001
-0.0565144
-0.0491822
-0.0411059
-0.0334609
-0.027297
-0.023864
-0.0203872
-0.0181192
-0.0136833
-0.0125731
-0.00980639
-0.0130146
-0.0149503
-0.0162328
-0.0133683
-0.0083053
-0.0484199
-0.0495781
-0.0500258
-0.0485484
-0.0452604
-0.0417509
-0.0393764
-0.0392044
-0.0419017
-0.0472096
-0.0532347
-0.0580873
-0.0585466
-0.055411
-0.0483243
-0.0405566
-0.0332956
-0.0275214
-0.0243952
-0.0212177
-0.0190376
-0.014681
-0.0133625
-0.010373
-0.0132288
-0.0147941
-0.0158876
-0.0128466
-0.00800623
-0.0493165
-0.0507661
-0.0513915
-0.0499516
-0.0465516
-0.0428261
-0.0401592
-0.0396437
-0.0419491
-0.0468428
-0.0524884
-0.0570425
-0.0573924
-0.0543064
-0.0474637
-0.0400036
-0.0331276
-0.0277449
-0.0249286
-0.0220524
-0.0199613
-0.0156834
-0.0141535
-0.0109398
-0.0134404
-0.0146348
-0.0155404
-0.0123241
-0.00770692
-0.0502178
-0.0519641
-0.0527702
-0.0513675
-0.0478513
-0.0439035
-0.040938
-0.0400748
-0.0419866
-0.0464668
-0.0517363
-0.0559953
-0.056238
-0.0532009
-0.0466004
-0.039447
-0.0329568
-0.0279673
-0.0254639
-0.022891
-0.02089
-0.0166903
-0.014946
-0.0115065
-0.0136497
-0.0144726
-0.0151915
-0.0118009
-0.00740745
-0.0511233
-0.0531712
-0.0541612
-0.0527954
-0.049159
-0.0449827
-0.0417128
-0.0404979
-0.0420147
-0.0460824
-0.050979
-0.0549465
-0.0550839
-0.052095
-0.0457347
-0.0388868
-0.0327831
-0.0281885
-0.0260009
-0.0237331
-0.0218233
-0.0177013
-0.0157399
-0.012073
-0.0138565
-0.0143074
-0.0148409
-0.0112773
-0.00710793
-0.0520319
-0.0543865
-0.0555637
-0.0542347
-0.0504742
-0.0460635
-0.0424834
-0.0409131
-0.0420338
-0.04569
-0.0502172
-0.0538965
-0.0539306
-0.050989
-0.0448669
-0.0383232
-0.0326065
-0.0284081
-0.0265394
-0.0245785
-0.0227611
-0.0187162
-0.0165348
-0.0126393
-0.014061
-0.0141395
-0.014489
-0.0107534
-0.00680844
-0.052943
-0.0556093
-0.0569771
-0.0556848
-0.0517966
-0.0471455
-0.0432498
-0.0413206
-0.0420441
-0.0452903
-0.0494515
-0.052846
-0.0527786
-0.0498833
-0.043997
-0.0377563
-0.0324268
-0.028626
-0.0270789
-0.0254268
-0.0237029
-0.0197347
-0.0173307
-0.0132053
-0.0142633
-0.0139688
-0.0141358
-0.0102293
-0.00650907
-0.0538554
-0.0568386
-0.0584004
-0.0571451
-0.0531256
-0.0482284
-0.0440118
-0.0417204
-0.042046
-0.0448837
-0.0486825
-0.0517957
-0.0516284
-0.0487782
-0.0431255
-0.037186
-0.0322441
-0.028842
-0.0276193
-0.0262778
-0.0246485
-0.0207564
-0.0181274
-0.0137708
-0.0144633
-0.0137956
-0.0137815
-0.00970539
-0.00620993
-0.0547684
-0.0580734
-0.059833
-0.0586149
-0.0544608
-0.0493119
-0.0447693
-0.0421128
-0.04204
-0.0444708
-0.0479109
-0.050746
-0.0504805
-0.047674
-0.0422525
-0.0366126
-0.0320582
-0.0290559
-0.0281603
-0.027131
-0.0255976
-0.0217811
-0.0189247
-0.0143358
-0.0146612
-0.01362
-0.0134263
-0.00918173
-0.00591108
-0.055681
-0.0593127
-0.0612737
-0.0600935
-0.0558017
-0.0503959
-0.0455223
-0.0424978
-0.0420264
-0.0440522
-0.0471373
-0.0496975
-0.0493352
-0.0465712
-0.0413781
-0.0360361
-0.0318689
-0.0292674
-0.0287015
-0.0279862
-0.0265498
-0.0228084
-0.0197223
-0.0149001
-0.0148569
-0.0134419
-0.0130703
-0.00865853
-0.00561263
-0.0565922
-0.0605557
-0.0627219
-0.0615803
-0.0571479
-0.0514799
-0.0462708
-0.0428757
-0.0420055
-0.0436283
-0.0463622
-0.0486508
-0.0481932
-0.04547
-0.0405027
-0.0354564
-0.0316763
-0.0294763
-0.0292427
-0.0288431
-0.0275048
-0.0238382
-0.0205202
-0.0154635
-0.0150506
-0.0132617
-0.0127138
-0.00813598
-0.00531465
-0.0575009
-0.0618011
-0.0641765
-0.0630745
-0.0584989
-0.0525638
-0.0470145
-0.0432465
-0.0419778
-0.0431997
-0.0455862
-0.0476065
-0.0470547
-0.0443709
-0.0396265
-0.0348739
-0.0314803
-0.0296825
-0.0297836
-0.0297012
-0.0284624
-0.0248699
-0.021318
-0.0160261
-0.0152422
-0.0130792
-0.0123569
-0.00761428
-0.00501724
-0.0584062
-0.063048
-0.0656366
-0.0645754
-0.0598541
-0.0536473
-0.0477536
-0.0436104
-0.0419436
-0.0427669
-0.0448099
-0.046565
-0.0459204
-0.043274
-0.0387496
-0.0342884
-0.0312806
-0.0298856
-0.0303239
-0.0305604
-0.0294222
-0.0259034
-0.0221157
-0.0165877
-0.0154319
-0.0128948
-0.0119997
-0.00709359
-0.00472046
)
;

boundaryField
{
    inlet
    {
        type            zeroGradient;
    }
    outlet
    {
        type            fixedValue;
        value           uniform 0;
    }
    cylinder
    {
        type            zeroGradient;
    }
    top
    {
        type            symmetryPlane;
    }
    bottom
    {
        type            symmetryPlane;
    }
    frontAndBack
    {
        type            empty;
    }
    procBoundary7to6
    {
        type            processor;
        value           nonuniform List<scalar> 
253
(
-0.0551028
-0.0555931
-0.0560729
-0.0565413
-0.0569972
-0.0574399
-0.0578683
-0.0582816
-0.0586788
-0.0590589
-0.0594211
-0.0597645
-0.0600882
-0.0603912
-0.0606729
-0.0609322
-0.0611684
-0.0613808
-0.0615686
-0.061731
-0.0618673
-0.061977
-0.0620594
-0.0621139
-0.06214
-0.0621371
-0.062105
-0.0620431
-0.0619511
-0.0618287
-0.0616757
-0.0614918
-0.061277
-0.0610311
-0.0607542
-0.0604461
-0.060107
-0.0597371
-0.0593364
-0.0589053
-0.058444
-0.0579528
-0.0574322
-0.0568825
-0.0563043
-0.0556986
-0.055066
-0.0544014
-0.0536938
-0.0530086
-0.076266
-0.076266
-0.0757283
-0.0748185
-0.073685
-0.0723409
-0.070725
-0.0687858
-0.0665113
-0.0639112
-0.0609957
-0.057773
-0.0542555
-0.0504642
-0.0464282
-0.0421835
-0.0377722
-0.0332427
-0.0286485
-0.0240466
-0.0194957
-0.0150534
-0.0107748
-0.00670885
-0.00289642
0.000631812
0.00385729
0.00677498
0.00939345
0.0117321
0.0138143
0.0156575
0.0172663
0.0186348
0.0197571
0.0206393
0.0213023
0.0217784
0.0221034
0.0223107
0.0224284
0.0224787
0.0224788
0.0224413
0.0223761
0.0222902
0.0221892
0.022077
0.0219569
0.0218312
0.0217017
0.02157
0.0214371
0.021304
0.0211715
0.0210401
0.0209106
0.0207832
0.0206585
0.020537
0.0204189
0.0203048
0.020195
0.0200898
0.0199898
0.0198954
0.0198069
0.0197249
0.0196499
0.0195822
0.0195225
0.0194713
0.0194291
0.0193966
0.0193742
0.0193627
0.0212436
0.0212553
0.021278
0.021311
0.0213537
0.0214055
0.0214656
0.0215334
0.0216084
0.0216898
0.021777
0.0218695
0.0219667
0.0220679
0.0221724
0.0222796
0.0223889
0.0224995
0.0226106
0.0227216
0.0228315
0.0229394
0.0230443
0.0231451
0.0232406
0.0233294
0.0234101
0.0234811
0.0235405
0.0235862
0.0236162
0.0236278
0.0236185
0.0235851
0.0235244
0.0234326
0.023306
0.02314
0.0229301
0.0226711
0.0223575
0.0219836
0.0215431
0.0210298
0.0204374
0.0197597
0.0189914
0.0181278
0.0171652
0.0161013
0.0149351
0.0136669
0.0122983
0.010832
0.00927168
0.00762212
0.00588882
0.00407807
0.00958867
0.00958867
0.00811317
0.00655959
0.00493179
0.00323439
0.0014726
-0.0003479
-0.00222114
-0.00414103
-0.00610145
-0.00809641
-0.0101202
-0.0121673
-0.0142326
-0.0163087
-0.0183787
-0.0204757
-0.0204757
-0.0320125
-0.0324388
-0.0326631
-0.0329205
-0.0332226
-0.0335396
-0.0338631
-0.0341954
-0.0345381
-0.0348911
-0.0352542
-0.0356272
-0.03601
-0.0364025
-0.0368047
-0.0372163
-0.0376373
-0.0380674
-0.0385065
-0.0389543
-0.0394107
-0.0398755
-0.0403483
-0.0408289
-0.0413171
-0.0418124
-0.0423146
-0.0428233
-0.043338
-0.0438585
-0.0443843
-0.0449148
-0.0454497
-0.0459883
-0.0465302
-0.0470748
-0.0476215
-0.0481697
-0.0487186
-0.0492678
-0.0498164
-0.0503637
-0.050909
-0.0514516
-0.0519906
-0.0525252
-0.0530546
-0.0535779
-0.0540943
-0.0546029
)
;
    }
}


// ************************************************************************* //
