/*--------------------------------*- C++ -*----------------------------------*\
  =========                 |
  \\      /  F ield         | OpenFOAM: The Open Source CFD Toolbox
   \\    /   O peration     | Website:  https://openfoam.org
    \\  /    A nd           | Version:  7
     \\/     M anipulation  |
\*---------------------------------------------------------------------------*/
FoamFile
{
    version     2.0;
    format      ascii;
    class       volScalarField;
    location    "260";
    object      p;
}
// * * * * * * * * * * * * * * * * * * * * * * * * * * * * * * * * * * * * * //

dimensions      [0 2 -2 0 0 0 0];

internalField   nonuniform List<scalar> 
4575
(
-0.250061
-0.237855
-0.246903
-0.268427
-0.285896
-0.283092
-0.256697
-0.216141
-0.174658
-0.141058
-0.118412
-0.10661
-0.104016
-0.109057
-0.122697
-0.145771
-0.172023
-0.188888
-0.186451
-0.166602
-0.139264
-0.113437
-0.0941005
-0.248699
-0.233735
-0.240077
-0.259529
-0.276342
-0.274334
-0.249588
-0.210915
-0.171113
-0.138853
-0.11728
-0.10642
-0.104683
-0.110545
-0.125116
-0.149186
-0.176249
-0.193372
-0.190475
-0.169722
-0.141428
-0.114794
-0.0947718
-0.246984
-0.229327
-0.23299
-0.250347
-0.266445
-0.265234
-0.242182
-0.205452
-0.167382
-0.136496
-0.116019
-0.10612
-0.10525
-0.111936
-0.127434
-0.152488
-0.180359
-0.197749
-0.19441
-0.172769
-0.14353
-0.116095
-0.0953937
-0.24495
-0.224672
-0.225688
-0.240935
-0.256255
-0.255827
-0.2345
-0.19976
-0.163466
-0.133985
-0.114627
-0.105704
-0.105709
-0.11322
-0.129638
-0.155666
-0.184339
-0.202005
-0.198247
-0.17574
-0.145568
-0.117341
-0.0959681
-0.242637
-0.219812
-0.218217
-0.231351
-0.245821
-0.246147
-0.226563
-0.193849
-0.159368
-0.131318
-0.113098
-0.105166
-0.106051
-0.11439
-0.131719
-0.158705
-0.188177
-0.206129
-0.201981
-0.178632
-0.147541
-0.118532
-0.096497
-0.240085
-0.214791
-0.210627
-0.221647
-0.235197
-0.236252
-0.218393
-0.187733
-0.155092
-0.128495
-0.111429
-0.1045
-0.106272
-0.115435
-0.133663
-0.161593
-0.191857
-0.210112
-0.205604
-0.181441
-0.14945
-0.11967
-0.0969825
-0.237337
-0.209655
-0.202965
-0.211879
-0.224437
-0.226134
-0.210016
-0.181423
-0.150643
-0.125515
-0.109617
-0.103701
-0.106362
-0.116348
-0.135462
-0.164317
-0.195368
-0.213942
-0.209108
-0.184163
-0.151294
-0.120756
-0.0974267
-0.234436
-0.204446
-0.19528
-0.202097
-0.213596
-0.215858
-0.201458
-0.174934
-0.146026
-0.122379
-0.107661
-0.102765
-0.106318
-0.11712
-0.137105
-0.166866
-0.198698
-0.217609
-0.212488
-0.186797
-0.153072
-0.121791
-0.097832
-0.231426
-0.199208
-0.187619
-0.19235
-0.202729
-0.205468
-0.192746
-0.16828
-0.141249
-0.11909
-0.105557
-0.101688
-0.106131
-0.117745
-0.138581
-0.169227
-0.201834
-0.221103
-0.215736
-0.189339
-0.154785
-0.122777
-0.0982004
-0.228348
-0.193984
-0.180029
-0.182687
-0.191891
-0.195007
-0.183908
-0.161478
-0.136319
-0.115648
-0.103305
-0.100466
-0.105799
-0.118214
-0.139882
-0.171392
-0.204766
-0.224415
-0.218848
-0.191787
-0.156432
-0.123716
-0.0985345
-0.225246
-0.188814
-0.172555
-0.173151
-0.181134
-0.184515
-0.174972
-0.154545
-0.131244
-0.112058
-0.100906
-0.0990957
-0.105314
-0.118522
-0.140999
-0.173349
-0.207484
-0.227536
-0.221816
-0.194138
-0.158014
-0.124607
-0.0988364
-0.0814824
-0.22216
-0.183738
-0.165239
-0.163784
-0.170507
-0.174036
-0.165967
-0.147497
-0.126035
-0.108324
-0.0983598
-0.0975759
-0.104675
-0.118661
-0.141925
-0.17509
-0.209977
-0.230458
-0.224637
-0.19639
-0.159531
-0.125455
-0.0991085
-0.0812329
-0.219126
-0.178791
-0.158123
-0.154625
-0.160056
-0.163611
-0.15692
-0.140353
-0.120701
-0.104452
-0.0956677
-0.0959048
-0.103876
-0.118628
-0.142653
-0.176607
-0.212239
-0.233175
-0.227304
-0.198541
-0.160983
-0.126259
-0.0993532
-0.0809678
-0.216182
-0.174009
-0.151242
-0.145712
-0.149823
-0.153283
-0.147861
-0.133132
-0.115254
-0.100446
-0.0928323
-0.0940816
-0.102915
-0.118417
-0.143176
-0.177893
-0.214262
-0.235679
-0.229813
-0.200588
-0.162371
-0.127022
-0.0995727
-0.0806898
-0.213358
-0.169423
-0.14463
-0.137081
-0.139844
-0.143092
-0.138819
-0.125852
-0.109706
-0.0963152
-0.0898567
-0.0921063
-0.10179
-0.118024
-0.143489
-0.178941
-0.216038
-0.237964
-0.23216
-0.20253
-0.163695
-0.127745
-0.0997693
-0.0804015
-0.210685
-0.165062
-0.138317
-0.128763
-0.130153
-0.133077
-0.129822
-0.118532
-0.104069
-0.0920661
-0.0867448
-0.0899795
-0.100498
-0.117447
-0.143588
-0.179747
-0.217563
-0.240025
-0.23434
-0.204365
-0.164956
-0.128431
-0.0999452
-0.0801055
-0.208188
-0.160952
-0.132327
-0.12079
-0.120778
-0.123276
-0.12088
-0.111191
-0.0983572
-0.0877078
-0.0835014
-0.0877028
-0.0990407
-0.116681
-0.143469
-0.180307
-0.218832
-0.241858
-0.236351
-0.206092
-0.166154
-0.129081
-0.100103
-0.0798043
-0.205888
-0.157115
-0.126684
-0.113189
-0.111746
-0.113724
-0.112033
-0.103847
-0.092584
-0.0832496
-0.0801324
-0.0852785
-0.0974161
-0.115727
-0.14313
-0.180617
-0.219842
-0.243459
-0.238189
-0.207708
-0.167289
-0.129696
-0.100244
-0.0795003
-0.203805
-0.153572
-0.121405
-0.105984
-0.103077
-0.104454
-0.103552
-0.0965191
-0.0867639
-0.0787019
-0.076644
-0.0827094
-0.0956251
-0.114582
-0.142569
-0.180677
-0.220591
-0.244825
-0.239851
-0.209213
-0.168362
-0.130278
-0.100371
-0.0791957
-0.201952
-0.150339
-0.116504
-0.099197
-0.0947921
-0.0954905
-0.0949178
-0.0892263
-0.0809119
-0.0740753
-0.0730436
-0.0799994
-0.093669
-0.113246
-0.141785
-0.180484
-0.221078
-0.245954
-0.241334
-0.210605
-0.169373
-0.13083
-0.100485
-0.0788927
-0.20034
-0.147428
-0.111994
-0.0928446
-0.0869081
-0.0868585
-0.0864778
-0.0819904
-0.075043
-0.0693816
-0.0693391
-0.0771531
-0.0915499
-0.11172
-0.140779
-0.18004
-0.221302
-0.246844
-0.242638
-0.211883
-0.170323
-0.131352
-0.10059
-0.0785934
-0.198977
-0.144848
-0.107883
-0.0869401
-0.0794409
-0.078581
-0.0782824
-0.0748285
-0.0691725
-0.0646328
-0.0655394
-0.0741755
-0.0892703
-0.110006
-0.139551
-0.179345
-0.221265
-0.247494
-0.243759
-0.213046
-0.171212
-0.131847
-0.100686
-0.0782997
-0.197867
-0.142607
-0.104176
-0.0814928
-0.0724049
-0.0706745
-0.070344
-0.0677578
-0.0633163
-0.0598414
-0.0616537
-0.0710728
-0.0868336
-0.108104
-0.138103
-0.178402
-0.220968
-0.247906
-0.244696
-0.214092
-0.172041
-0.132315
-0.100775
-0.0780133
-0.197011
-0.140706
-0.100876
-0.0765084
-0.0658123
-0.0631508
-0.0626761
-0.0607963
-0.0574903
-0.0550205
-0.057692
-0.0678515
-0.0842438
-0.106018
-0.136437
-0.177214
-0.220416
-0.248079
-0.245448
-0.21502
-0.172809
-0.132758
-0.10086
-0.077736
-0.196408
-0.139145
-0.0979835
-0.071989
-0.0596736
-0.056019
-0.0552949
-0.0539626
-0.0517106
-0.0501832
-0.0536649
-0.0645189
-0.0815056
-0.103751
-0.134557
-0.175785
-0.21961
-0.248015
-0.246015
-0.215829
-0.173516
-0.133177
-0.100941
-0.0774693
-0.137922
-0.0954962
-0.0679334
-0.0539967
-0.0492862
-0.0482171
-0.0472763
-0.0459927
-0.045343
-0.0495832
-0.061083
-0.0786244
-0.101307
-0.132467
-0.174119
-0.218558
-0.247716
-0.246395
-0.216519
-0.174163
-0.133574
-0.10102
-0.0772147
-0.13703
-0.0934099
-0.0643378
-0.048787
-0.0429579
-0.041459
-0.0407556
-0.040352
-0.0405133
-0.0454584
-0.0575521
-0.0756059
-0.0986892
-0.13017
-0.172222
-0.217263
-0.247185
-0.246589
-0.217087
-0.17475
-0.13395
-0.101099
-0.0769735
-0.136462
-0.0917183
-0.0611963
-0.0440473
-0.0370387
-0.0350347
-0.0343466
-0.0348033
-0.0357075
-0.0413019
-0.0539352
-0.0724568
-0.0959041
-0.127672
-0.1701
-0.215733
-0.246426
-0.246595
-0.217533
-0.175276
-0.134305
-0.101179
-0.0767469
-0.136208
-0.0904131
-0.0585009
-0.0397776
-0.0315323
-0.0289498
-0.0280699
-0.0293653
-0.0309388
-0.0371254
-0.0502418
-0.069184
-0.0929567
-0.124978
-0.167759
-0.213974
-0.245441
-0.246415
-0.217855
-0.175741
-0.134641
-0.101262
-0.0765361
-0.136255
-0.0894835
-0.0562415
-0.0359747
-0.0264401
-0.0232163
-0.0240669
-0.024057
-0.0262201
-0.0329406
-0.0464815
-0.0657951
-0.0898531
-0.122093
-0.165206
-0.211995
-0.244237
-0.246048
-0.218051
-0.176144
-0.134958
-0.101348
-0.0763418
-0.136589
-0.0889156
-0.054406
-0.0326326
-0.0217634
-0.0178074
-0.018189
-0.0188774
-0.0215638
-0.028759
-0.0426646
-0.0622982
-0.0865999
-0.119024
-0.162448
-0.209803
-0.242816
-0.245494
-0.218121
-0.176484
-0.135256
-0.101438
-0.0761648
-0.137193
-0.0886957
-0.0529818
-0.0297435
-0.0175025
-0.0127314
-0.0126447
-0.0138485
-0.0169803
-0.0245918
-0.0388012
-0.0587017
-0.0832042
-0.115776
-0.159493
-0.207407
-0.241186
-0.244753
-0.218062
-0.17676
-0.135535
-0.101533
-0.0760061
-0.138068
-0.0888181
-0.0519628
-0.0273031
-0.0136611
-0.00800366
-0.00747443
-0.00897304
-0.0124811
-0.02045
-0.0349021
-0.0550145
-0.0796733
-0.112357
-0.156348
-0.204816
-0.239349
-0.243825
-0.217871
-0.176972
-0.1358
-0.101637
-0.0758686
-0.139213
-0.0892787
-0.0513434
-0.0253062
-0.010241
-0.00362588
-0.0026113
-0.00426315
-0.00807881
-0.0163445
-0.0309778
-0.0512461
-0.0760151
-0.108773
-0.153021
-0.202038
-0.23731
-0.242704
-0.217546
-0.177121
-0.136051
-0.101753
-0.0757538
-0.140559
-0.0900179
-0.051077
-0.0237166
-0.00722055
0.00041869
0.00196722
0.000271259
-0.00378462
-0.0122859
-0.0270392
-0.0474061
-0.0722381
-0.10503
-0.149518
-0.199081
-0.235075
-0.241398
-0.217088
-0.177201
-0.136277
-0.101867
-0.0756507
-0.14194
-0.0909006
-0.051061
-0.0224603
-0.00455526
0.00415906
0.00628529
0.00463609
0.000397284
-0.00828137
-0.0230963
-0.0435041
-0.0683511
-0.101137
-0.14585
-0.195958
-0.232667
-0.23993
-0.216498
-0.177187
-0.136445
-0.101951
-0.0755382
-0.143483
-0.0920239
-0.0513696
-0.0216027
-0.00231674
0.00752913
0.0102994
0.00883347
0.00445458
-0.00433656
-0.019156
-0.039548
-0.0643617
-0.097101
-0.142024
-0.192679
-0.230083
-0.238274
-0.21574
-0.177077
-0.136586
-0.102049
-0.0754582
-0.0941489
-0.0525858
-0.0215823
-0.000831852
0.0102862
0.0138232
0.0127255
0.00828687
-0.000495711
-0.0152414
-0.0355552
-0.0602779
-0.0929133
-0.138009
-0.189144
-0.227095
-0.236166
-0.214751
-0.177018
-0.136938
-0.10239
-0.0755935
-0.0973667
-0.0547503
-0.0223525
5.95266e-05
0.0126502
0.0170152
0.0160405
0.0117821
0.00313376
-0.0114349
-0.0315858
-0.0561391
-0.0885687
-0.133721
-0.185158
-0.223496
-0.233479
-0.213658
-0.177167
-0.137593
-0.103001
-0.0759289
-0.0973878
-0.0544105
-0.0211427
0.00259081
0.0164598
0.0214349
0.0193855
0.0156644
0.00681134
-0.00767277
-0.0275975
-0.0520111
-0.0844044
-0.12988
-0.182147
-0.221482
-0.2322
-0.212951
-0.176756
-0.137238
-0.102565
-0.0753621
-0.0890844
-0.0468332
-0.0134088
0.0113955
0.0272228
0.0343645
0.0352128
0.0290097
0.0187771
0.00379133
-0.0157627
-0.0405944
-0.0759323
-0.127231
-0.185927
-0.228505
-0.238933
-0.214016
-0.174786
-0.133946
-0.0990241
-0.071989
-0.0522083
-0.0809497
-0.0405835
-0.00764041
0.0178172
0.0348126
0.0426915
0.0422614
0.0379314
0.0283342
0.0138128
-0.00521286
-0.0301407
-0.0664554
-0.118838
-0.177
-0.218079
-0.224906
-0.203015
-0.165033
-0.125941
-0.0927594
-0.0670403
-0.0480919
-0.0737187
-0.0351016
-0.0029409
0.0226941
0.040772
0.0502189
0.0516368
0.0468955
0.0372178
0.0229847
0.00429525
-0.0205958
-0.056924
-0.108522
-0.165424
-0.205976
-0.213154
-0.191398
-0.154914
-0.117787
-0.0864003
-0.0619997
-0.043887
-0.0674062
-0.0306243
0.000533502
0.0260047
0.0448966
0.0560329
0.0589905
0.0553473
0.0464396
0.0329694
0.0149358
-0.00970069
-0.046116
-0.0977075
-0.154434
-0.19402
-0.200085
-0.178271
-0.14361
-0.108896
-0.0796498
-0.0567809
-0.0396303
-0.0619153
-0.027011
0.00297457
0.0279461
0.0472198
0.0597641
0.0644289
0.0625879
0.0552302
0.043164
0.0262033
0.00191601
-0.034991
-0.0871154
-0.142984
-0.18021
-0.184846
-0.163664
-0.131459
-0.0995762
-0.0726872
-0.0514666
-0.0353526
-0.057148
-0.0241615
0.00454246
0.0287731
0.0480407
0.061723
0.067948
0.0681071
0.0627496
0.0525425
0.0369418
0.0130469
-0.0243415
-0.076301
-0.130037
-0.164428
-0.16788
-0.147985
-0.118731
-0.0899637
-0.0655865
-0.0461098
-0.0310958
-0.053024
-0.0219711
0.00537986
0.0287217
0.0476457
0.061135
0.0695112
0.0716405
0.068404
0.0602711
0.0462381
0.0229397
-0.0143975
-0.0651338
-0.115885
-0.147152
-0.14965
-0.131613
-0.105706
-0.0802435
-0.058459
-0.0407773
-0.0269025
-0.049459
-0.0203329
0.00561483
0.0279875
0.0464257
0.0602787
0.0694408
0.0731556
0.0718549
0.0657505
0.0534106
0.0310617
-0.00549755
-0.0540441
-0.100968
-0.128702
-0.130641
-0.114981
-0.0926887
-0.0705962
-0.0514055
-0.0355277
-0.0228111
-0.0463765
-0.0191489
0.00536287
0.0267143
0.044552
0.0584113
0.0680334
0.0728682
0.0730874
0.0687042
0.0580005
0.0369451
0.00200448
-0.0432485
-0.0854615
-0.109547
-0.111428
-0.0985516
-0.0799717
-0.0611918
-0.0445213
-0.0304153
-0.018856
-0.0437066
-0.018332
0.0047295
0.0250175
0.0421684
0.0558013
0.0656142
0.0711517
0.0724212
0.0693015
0.0599929
0.0405383
0.00820795
-0.0326049
-0.0695619
-0.0903594
-0.0926631
-0.0827728
-0.0678168
-0.0521785
-0.0378903
-0.0254869
-0.0150662
-0.0413849
-0.0178059
0.00380873
0.0230008
0.0394002
0.0526587
0.06246
0.0683945
0.0703423
0.0680807
0.0599209
0.0423807
0.0135679
-0.0220338
-0.053744
-0.0718641
-0.0749834
-0.0680316
-0.0564348
-0.0436747
-0.031582
-0.0207819
-0.0114648
-0.0393522
-0.0175032
0.00268296
0.0207607
0.0363592
0.0491413
0.0587888
0.0649168
0.06731
0.0656713
0.0585517
0.0431904
0.0183944
-0.0118421
-0.0387645
-0.0548199
-0.0589048
-0.0546095
-0.0459717
-0.0357646
-0.0256499
-0.0163313
-0.00806907
-0.0375547
-0.0173643
0.00142464
0.0183829
0.0331448
0.0453804
0.0547731
0.0609593
0.0636672
0.0625591
0.0564754
0.0433959
0.022605
-0.002627
-0.0253914
-0.0397958
-0.0447436
-0.0426587
-0.0365062
-0.0284987
-0.0201318
-0.0121591
-0.00489073
-0.035944
-0.017336
9.64927e-05
0.0159426
0.0298472
0.0414882
0.050554
0.0567039
0.0596444
0.059031
0.0539786
0.0430828
0.0259302
0.00508807
-0.014115
-0.0270659
-0.0325947
-0.0322099
-0.0280582
-0.0218983
-0.0150502
-0.00828171
-0.00193677
-0.0344774
-0.017372
-0.00124759
0.0135058
0.0265459
0.0375612
0.0462498
0.0522944
0.0554025
0.0552472
0.0511709
0.0422277
0.0282083
0.0110971
-0.00504345
-0.0166039
-0.0223779
-0.023204
-0.0206042
-0.0159622
-0.0104149
-0.00470956
0.000789779
-0.0331177
-0.0174327
-0.00256187
0.0111277
0.0233086
0.0336828
0.0419609
0.0478489
0.0510686
0.0513235
0.0481316
0.040874
0.0294867
0.0155057
0.00200553
-0.00819543
-0.0139129
-0.0155295
-0.0140926
-0.0106728
-0.00622502
-0.001447
0.003289
-0.0318333
-0.0174853
-0.00380875
0.00885376
0.0201919
0.0299222
0.0377703
0.0434656
0.0467504
0.0473638
0.0449556
0.039135
0.0299402
0.0185723
0.0073428
-0.00154317
-0.0069784
-0.00905198
-0.00845595
-0.00600118
-0.00247081
0.00150695
0.0055634
-0.0305976
-0.0175031
-0.00495817
0.00672036
0.0172404
0.0263344
0.0337446
0.0392234
0.0425365
0.0434594
0.041739
0.0371412
0.0297715
0.0205761
0.0112985
0.00365803
-0.00134995
-0.00363271
-0.0036197
-0.00191127
0.000864016
0.00415818
0.00761749
-0.029389
-0.0174652
-0.00598678
0.0047552
0.0144879
0.0229614
0.0299345
0.0351825
0.0384955
0.0396828
0.0385626
0.0350062
0.0291583
0.0217711
0.0141638
0.00767514
0.00317486
0.000861733
0.000493335
0.00163783
0.00380066
0.00651681
0.00945757
-0.0281908
-0.0173556
-0.00687775
0.0029779
0.0119601
0.0198333
0.0263765
0.0313865
0.034677
0.0360875
0.0354879
0.0328189
0.0282425
0.0223596
0.0161793
0.0107332
0.00677547
0.00455442
0.00395924
0.00468949
0.00636364
0.00859645
0.0110916
-0.02699
-0.0171638
-0.00762
0.00140126
0.00967129
0.0169689
0.0230945
0.0278645
0.0311143
0.0327097
0.0325582
0.0306438
0.0271297
0.0224991
0.0175341
0.0130197
0.00960583
0.00755751
0.00685139
0.0072882
0.00857964
0.0104132
0.0125294
-0.0257778
-0.0168836
-0.00820789
3.20171e-05
0.00762662
0.014378
0.0201021
0.0246333
0.0278272
0.0295721
0.0298019
0.0285265
0.0258994
0.0223088
0.0183614
0.0146854
0.0117976
0.00997073
0.00923889
0.00947831
0.0104765
0.0119849
0.013782
-0.0245484
-0.0165127
-0.00864113
-0.00113002
0.005833
0.0120658
0.0174048
0.0216998
0.0248248
0.0266861
0.0272362
0.0264976
0.0246113
0.0218898
0.0187983
0.0158528
0.0134619
0.0118834
0.0111861
0.0113031
0.0120823
0.0133301
0.0148616
-0.0232989
-0.0160517
-0.00892308
-0.00208827
0.00428311
0.0100287
0.0150003
0.0190636
0.022108
0.0240548
0.0248691
0.0245789
0.0233098
0.0213126
0.0189447
0.0166278
0.0146945
0.0133734
0.0127518
0.012804
0.0134252
0.0144679
0.0157809
-0.0220288
-0.0155038
-0.009059
-0.0028502
0.00297113
0.00825884
0.0128809
0.0167174
0.0196713
0.0216753
0.022703
0.0227839
0.0220251
0.0206301
0.0188752
0.0170989
0.0155769
0.0145092
0.0139896
0.01402
0.0145324
0.0154172
0.0165531
-0.0207394
-0.0148741
-0.00905684
-0.00342567
0.00188413
0.00674366
0.0110346
0.0146501
0.0175046
0.0195402
0.0207359
0.021119
0.0207797
0.0198863
0.0186453
0.0173323
0.0161763
0.0153505
0.0149475
0.0149876
0.0154301
0.0161963
0.0171909
-0.0194333
-0.0141692
-0.00892643
-0.00382701
0.00100905
0.00546862
0.00944666
0.0128472
0.0155949
0.0176393
0.0189628
0.0195882
0.0195907
0.0190997
0.018297
0.0173815
0.0165489
0.0159486
0.0156685
0.0157402
0.0161431
0.0168231
0.017707
-0.0181147
-0.0133973
-0.00867925
-0.00406826
0.000330961
0.00441805
0.00810021
0.011292
0.0139268
0.0159601
0.0173758
0.0181926
0.0184721
0.0183155
0.0178688
0.0172913
0.0167417
0.0163475
0.0161905
0.0163083
0.0166946
0.0173146
0.0181133
-0.0167881
-0.012567
-0.00832714
-0.00416305
-0.000166649
0.00357352
0.00697681
0.00996657
0.0124838
0.0144887
0.0159658
0.0169295
0.0174296
0.0175446
0.0173915
0.0170985
0.0167936
0.0165851
0.016547
0.0167194
0.0171059
0.0176866
0.0184215
-0.0154588
-0.0116871
-0.00788205
-0.00412609
-0.000500728
0.00291672
0.00605732
0.0088525
0.0112485
0.01321
0.0147221
0.0157948
0.0164653
0.0168005
0.0168882
0.0168327
0.0167373
0.0166936
0.016767
0.016998
0.0173967
0.0179542
0.0186424
-0.0141323
-0.0107668
-0.00735639
-0.00397242
-0.000686652
0.00243612
0.00532174
0.00793088
0.0102037
0.0121094
0.0136337
0.0147831
0.0155859
0.0160938
0.0163768
0.0165175
0.0165997
0.0167001
0.0168759
0.0171662
0.0175849
0.0181312
0.0187864
-0.0128141
-0.00981532
-0.00676258
-0.00371726
-0.000742446
0.00210043
0.00474656
0.00718314
0.00933166
0.0111717
0.0126892
0.0138884
0.0147895
0.015432
0.0158709
0.016172
0.016403
0.0166277
0.0168956
0.0172433
0.0176865
0.0182303
0.0188631
-0.0115098
-0.00884133
-0.00611211
-0.00337514
-0.0006844
0.00190864
0.0043626
0.00659874
0.00861743
0.0103835
0.0118799
0.0131053
0.0140754
0.0148197
0.0153809
0.0158114
0.0161654
0.0164958
0.0168449
0.0172461
0.017716
0.0182631
0.0188815
-0.0102245
-0.00785324
-0.00541643
-0.00295983
-0.000529822
0.00182841
0.00407189
0.00615337
0.00804944
0.00973365
0.011194
0.0124268
0.0134412
0.0142595
0.0149146
0.0154475
0.0159017
0.0163205
0.0167399
0.0171896
0.0176862
0.0182403
0.0188499
-0.00896312
-0.00685885
-0.00468606
-0.00248388
-0.000292387
0.00184864
0.00390106
0.00582823
0.00760365
0.0092055
0.0106208
0.011845
0.0128836
0.0137529
0.0144776
0.0150898
0.0156238
0.0161152
0.016594
0.0170866
0.0176085
0.0181714
0.0187761
-0.00773002
-0.00586538
-0.00393051
-0.00195888
1.49325e-05
0.00195637
0.0038322
0.00561155
0.00726947
0.00878626
0.010149
0.0113523
0.0123988
0.0132998
0.0140737
0.0147452
0.0153413
0.0158909
0.0164188
0.016948
0.0174927
0.0180649
0.0186671
-0.00652918
-0.00487936
-0.00315862
-0.00139559
0.00038002
0.00213831
0.00385043
0.00548971
0.00703362
0.00846415
0.00976886
0.0109415
0.0119824
0.0128992
0.0137051
0.0144189
0.0150617
0.0156566
0.0162239
0.0167834
0.0173478
0.0179286
0.0185295
-0.00536428
-0.00390674
-0.00237846
-0.000803819
0.00079165
0.00238212
0.00394259
0.00544986
0.00688386
0.00822816
0.00947089
0.0106052
0.0116299
0.0125494
0.013373
0.0141148
0.0147908
0.0154195
0.0160172
0.0166007
0.0171812
0.0177692
0.018369
-0.00423885
-0.00295299
-0.00159721
-0.000192392
0.00123959
0.00267651
0.00409675
0.00548011
0.00680879
0.00806789
0.00924618
0.0103366
0.0113365
0.0122482
0.0130777
0.0138352
0.0145329
0.0151852
0.0158053
0.0164068
0.0169995
0.0175929
0.0181912
-0.00315619
-0.00202291
-0.000821346
0.000430686
0.00171456
0.00301124
0.00430211
0.00556957
0.0067979
0.00797365
0.00908631
0.0101288
0.0110974
0.0119928
0.0128185
0.0135817
0.0142913
0.0149584
0.0155933
0.0162072
0.0168082
0.0174047
0.0180007
-0.00211992
-0.00112065
-5.6489e-05
0.00105833
0.00220825
0.0033771
0.00454887
0.0057083
0.00684151
0.00793644
0.00898334
0.00997516
0.0109077
0.0117802
0.0125943
0.0133549
0.0140681
0.0147423
0.0153855
0.0160066
0.0166121
0.0172094
0.0178019
-0.00112687
-0.000248278
0.000692806
0.00168439
0.0027133
0.00376582
0.00482821
0.00588726
0.00693076
0.00794795
0.00892981
0.00986954
0.0107626
0.0116072
0.0124035
0.0131546
0.0138645
0.0145394
0.0151851
0.0158086
0.0164152
0.0170108
0.0175985
-0.00018012
0.000591109
0.00142232
0.00230337
0.00322314
0.00416999
0.00513218
0.00609827
0.00705758
0.00800049
0.00891878
0.00980594
0.0106573
0.0114703
0.0122441
0.0129803
0.0136813
0.0143514
0.0149946
0.0156164
0.0162208
0.0168124
0.0173937
0.00071902
0.00139502
0.00212832
0.0029104
0.00373192
0.00458301
0.00545364
0.00633394
0.00721458
0.00808702
0.00894377
0.00977871
0.0105871
0.011366
0.0121139
0.012831
0.0135185
0.0141792
0.0148158
0.0154323
0.0160315
0.016617
0.0171906
0.0015694
0.00216125
0.00280749
0.00350116
0.00423445
0.00499897
0.00578618
0.0065876
0.00739506
0.00820104
0.00899877
0.00978251
0.0105476
0.0112909
0.0120103
0.0127051
0.0133757
0.0140234
0.01465
0.015258
0.0158494
0.0164269
0.0169915
0.00236971
0.00288764
0.0034569
0.0040719
0.00472615
0.00541263
0.00612408
0.00685321
0.00759294
0.00833663
0.00907819
0.00981232
0.0105346
0.0112415
0.0119308
0.0126012
0.0132521
0.013884
0.0144977
0.0150948
0.0156763
0.016244
0.0167986
0.00312035
0.00357303
0.00407423
0.00461935
0.00520301
0.00581935
0.00646221
0.00712537
0.0078027
0.00848835
0.00917688
0.00986342
0.0105437
0.0112144
0.0118729
0.0125173
0.0131467
0.0137607
0.0143594
0.0149435
0.0155134
0.01607
0.0166135
0.00382077
0.00421626
0.00465748
0.00514069
0.00566149
0.00621498
0.00679599
0.00739921
0.00801932
0.00865123
0.00929007
0.00993141
0.0105712
0.0112063
0.0118337
0.0124515
0.0130582
0.0136529
0.0142351
0.0148047
0.0153616
0.0159061
0.0164378
0.00447083
0.00481633
0.00520486
0.00563344
0.00609847
0.00659588
0.00712133
0.00767032
0.00823828
0.00882073
0.00941336
0.0100122
0.0106134
0.0112139
0.0118107
0.0124018
0.0129853
0.0135598
0.0141244
0.0146786
0.0152216
0.0157531
0.0162725
0.00507044
0.00537241
0.00571486
0.00609542
0.00651117
0.00695875
0.00743456
0.00793477
0.00845545
0.0089927
0.00954271
0.0101018
0.0106667
0.0112341
0.0118013
0.0123661
0.0129263
0.0134804
0.014027
0.0145651
0.0150936
0.0156118
0.0161185
0.00561953
0.00588377
0.0061861
0.00652467
0.00689711
0.00730067
0.00773236
0.00818895
0.00866708
0.00916334
0.00967437
0.0101969
0.0107278
0.011264
0.011803
0.0123423
0.0128797
0.0134136
0.0139421
0.0144639
0.0149778
0.0154825
0.0159767
0.00611793
0.00634962
0.00661733
0.00691941
0.00725403
0.00761896
0.00801172
0.00842961
0.00886974
0.00932917
0.0098049
0.010294
0.0107936
0.0113008
0.0118132
0.0123283
0.0128439
0.0133581
0.0138689
0.0143748
0.0148742
0.0153656
0.0158474
0.00656552
0.00676947
0.00700738
0.007278
0.00757983
0.00791114
0.00826987
0.00865375
0.0090603
0.00948697
0.00993111
0.0103901
0.0108612
0.0113419
0.0118297
0.0123223
0.0128173
0.0133128
0.0138067
0.0142973
0.0147827
0.0152613
0.0157312
0.00696196
0.00714238
0.00735495
0.00759872
0.00787251
0.0081749
0.00850423
0.00885858
0.00923585
0.00963378
0.01005
0.0104822
0.010928
0.0113848
0.0118503
0.0123222
0.0127983
0.0132765
0.0137546
0.0142308
0.014703
0.0151695
0.0156283
0.00730661
0.0074674
0.00765875
0.00787996
0.0081301
0.00840802
0.00871235
0.0090415
0.00939365
0.00976682
0.0101589
0.0105678
0.0109913
0.011427
0.0118728
0.0123263
0.0127854
0.0132479
0.0137117
0.0141747
0.0146349
0.0150904
0.015539
0.0075986
0.00774336
0.00791732
0.00811999
0.00835062
0.00860829
0.00889187
0.00920002
0.00953114
0.00988351
0.0102553
0.0106444
0.0110489
0.0114666
0.0118953
0.0123329
0.0127772
0.013226
0.0136772
0.0141286
0.0145782
0.0150239
0.0154635
0.00783674
0.00796882
0.008129
0.00831693
0.00853202
0.00877351
0.00904045
0.00933169
0.00964586
0.00998138
0.0103366
0.0107096
0.0110986
0.0115014
0.0119161
0.0123405
0.0127724
0.0132098
0.0136503
0.014092
0.0145326
0.0149701
0.0154021
0.00801937
0.00814197
0.00829183
0.00846869
0.00867208
0.00890135
0.00915571
0.00943414
0.00973541
0.0100581
0.0104006
0.0107613
0.0111383
0.0115297
0.0119335
0.0123476
0.0127699
0.0131983
0.0136306
0.0140646
0.0144982
0.0149291
0.0153551
0.00814424
0.00826049
0.00840341
0.00857284
0.00876833
0.00898935
0.0092352
0.00950494
0.00979745
0.0101114
0.0104453
0.0107975
0.0111663
0.0115498
0.0119461
0.0123532
0.0127688
0.013191
0.0136175
0.0140462
0.0144748
0.0149012
0.0153231
0.00820854
0.00832155
0.00846095
0.00862657
0.00881804
0.00903485
0.00927633
0.00954162
0.00982964
0.0101391
0.0104685
0.0108164
0.011181
0.0115605
0.0119529
0.0123562
0.0127685
0.0131874
0.0136109
0.0140368
0.0144629
0.0148869
0.0153066
0.0141919
0.0141173
0.0140692
0.0140483
0.014055
0.0140893
0.0141511
0.0142402
0.0143559
0.0144973
0.0146634
0.0148526
0.0150634
0.0152936
0.0155412
0.0158036
0.0160783
0.0163624
0.0166529
0.0169469
0.017241
0.0175324
0.0141199
0.0140471
0.0140013
0.013983
0.0139927
0.0140304
0.014096
0.0141892
0.0143093
0.0144553
0.0146262
0.0148204
0.0150362
0.0152716
0.0155242
0.0157917
0.0160713
0.01636
0.016655
0.0169531
0.017251
0.0175458
0.0139799
0.0139106
0.0138692
0.0138562
0.0138718
0.0139162
0.0139892
0.0140903
0.0142189
0.014374
0.0145542
0.0147581
0.0149838
0.0152291
0.0154917
0.0157689
0.016058
0.0163559
0.0166595
0.0169656
0.0172709
0.0175722
0.0137746
0.0137107
0.0136758
0.0136705
0.013695
0.0137493
0.0138331
0.013946
0.0140872
0.0142556
0.0144496
0.0146678
0.014908
0.0151679
0.0154451
0.0157367
0.0160397
0.016351
0.0166673
0.0169851
0.017301
0.0176118
0.0135061
0.0134494
0.0134233
0.0134282
0.0134644
0.0135318
0.01363
0.0137585
0.0139163
0.0141022
0.0143145
0.0145514
0.0148107
0.0150898
0.0153862
0.0156966
0.0160179
0.0163467
0.0166794
0.0170124
0.0173422
0.0176652
0.0131754
0.0131279
0.0131128
0.0131307
0.0131815
0.0132653
0.0133816
0.0135295
0.013708
0.0139156
0.0141505
0.0144107
0.0146936
0.0149966
0.0153166
0.0156502
0.0159941
0.0163444
0.0166973
0.017049
0.0173957
0.0177336
0.0127835
0.0127471
0.0127455
0.012779
0.0128476
0.0129512
0.0130891
0.0132604
0.0134637
0.0136974
0.0139595
0.0142475
0.0145587
0.0148901
0.0152382
0.0155995
0.0159701
0.0163458
0.0167227
0.0170964
0.0174629
0.0178181
0.0123303
0.0123072
0.0123216
0.0123737
0.0124634
0.0125903
0.0127538
0.0129525
0.0131849
0.0134492
0.0137429
0.0140634
0.0144076
0.0147721
0.015153
0.0155463
0.0159479
0.0163531
0.0167575
0.0171565
0.0175455
0.0179205
0.0118154
0.0118081
0.0118412
0.0119149
0.0120292
0.0121833
0.0123763
0.0126067
0.0128727
0.0131722
0.0135024
0.0138602
0.0142422
0.0146445
0.0150629
0.0154928
0.0159296
0.0163682
0.0168038
0.0172312
0.0176457
0.0180425
0.0112379
0.011249
0.0113039
0.0114027
0.0115452
0.0117305
0.0119572
0.0122239
0.0125283
0.0128678
0.0132394
0.0136395
0.0140643
0.0145093
0.0149699
0.0154411
0.0159174
0.0163935
0.0168639
0.017323
0.0177654
0.0181862
0.0105967
0.0106291
0.0107091
0.0108367
0.0110114
0.011232
0.0114972
0.0118048
0.0121525
0.0125371
0.0129553
0.013403
0.0138757
0.0143686
0.0148764
0.0153934
0.0159138
0.0164315
0.0169403
0.0174342
0.0179073
0.0183541
0.00989058
0.00994747
0.0100561
0.0102164
0.0104275
0.0106881
0.0109964
0.0113501
0.0117462
0.0121813
0.0126515
0.0131521
0.0136782
0.0142243
0.0147844
0.0153522
0.0159212
0.0164847
0.0170357
0.0175676
0.0180738
0.0185484
0.00911792
0.00920273
0.00934387
0.00954098
0.00979305
0.0100985
0.0104551
0.0108602
0.0113103
0.0118015
0.0123294
0.0128887
0.0134738
0.0140785
0.0146963
0.01532
0.0159423
0.0165558
0.0171528
0.0177258
0.0182678
0.018772
0.00827675
0.00839325
0.00857107
0.00880961
0.00910758
0.00946305
0.00987343
0.0103355
0.0108455
0.0113988
0.0119903
0.0126142
0.0132643
0.0139335
0.0146144
0.0152992
0.0159797
0.0166476
0.0172945
0.017912
0.0184922
0.0190276
0.00736505
0.0075174
0.00773643
0.00802129
0.0083704
0.00878145
0.0092514
0.00977655
0.0103525
0.0109741
0.0116356
0.0123305
0.0130516
0.0137912
0.0145411
0.0152924
0.0160363
0.0167632
0.017464
0.0181292
0.01875
0.0193183
0.00638061
0.0065733
0.00683842
0.00717488
0.00758074
0.00805328
0.00858895
0.00918351
0.00983194
0.0105285
0.0112666
0.0120389
0.0128376
0.0136539
0.0144788
0.0153024
0.0161148
0.0169055
0.0176642
0.0183805
0.0190446
0.0196472
0.00532102
0.00555891
0.00587539
0.0062691
0.00673771
0.00727801
0.00788594
0.00855664
0.00928443
0.0100628
0.0108845
0.0117412
0.0126242
0.0135239
0.0144299
0.0153317
0.0162181
0.0170774
0.0178984
0.0186693
0.0193792
0.0200175
0.00418387
0.00447218
0.00484565
0.00530262
0.00584032
0.00645505
0.00714213
0.00789607
0.00871046
0.00957801
0.0104905
0.0114389
0.0124133
0.013403
0.0143969
0.015383
0.016349
0.0172822
0.0181699
0.0189989
0.0197572
0.0204325
0.00296658
0.00331086
0.00374732
0.00427394
0.00488748
0.00558366
0.00635717
0.00720182
0.00811041
0.0090748
0.0100858
0.0111334
0.0122066
0.0132936
0.014382
0.0154587
0.0165104
0.0175227
0.0184817
0.0193727
0.0201821
0.0208952
0.00166632
0.00207254
0.00257838
0.00318142
0.00387791
0.00466295
0.00553054
0.00647376
0.00748454
0.00855382
0.00967139
0.0108261
0.0120057
0.0131974
0.0143875
0.0155615
0.0167049
0.0178018
0.018837
0.0197939
0.0206582
0.021411
0.000280229
0.000754776
0.00133676
0.00202334
0.00281022
0.00369187
0.00466157
0.00571159
0.00683294
0.00801555
0.00924806
0.0105181
0.0118123
0.0131163
0.0144153
0.0156935
0.0169349
0.0181223
0.0192387
0.0202656
0.0211854
0.0219837
-0.00119458
-0.000645014
2.01756e-05
0.000797736
0.00168279
0.00266916
0.00374936
0.0049148
0.0061555
0.00746026
0.00881648
0.0102105
0.0116275
0.0130519
0.0144674
0.0158568
0.0172027
0.0184865
0.0196894
0.0207925
0.0217746
0.0226163
-0.00276112
-0.00212954
-0.00137378
-0.000497526
0.000493783
0.00159329
0.00279272
0.00408258
0.00545181
0.00688796
0.00837708
0.00990403
0.0114526
0.0130056
0.0145453
0.0160531
0.0175103
0.0188964
0.0201918
0.0213746
0.0224234
0.0233114
-0.00442243
-0.0037016
-0.00284771
-0.00186482
-0.000758942
0.000462407
0.00179015
0.00321381
0.00472115
0.00629836
0.00792997
0.00959923
0.0112883
0.0129783
0.0146502
0.0162839
0.017859
0.019354
0.0207482
0.0220164
0.0231343
0.024072
-0.00618162
-0.00536416
-0.00440443
-0.00330683
-0.00207789
-0.000725745
0.000739696
0.00230693
0.0039624
0.00569079
0.0074749
0.00929622
0.011135
0.0129708
0.0147829
0.0165497
0.0182498
0.0198604
0.021359
0.0227176
0.0239097
0.0249011
-0.00804185
-0.00712035
-0.00604707
-0.00482665
-0.00346602
-0.00197392
-0.000361079
0.00135988
0.00317396
0.00506412
0.00701122
0.00899472
0.0109929
0.0129834
0.0149437
0.016851
0.0186828
0.020415
0.0220238
0.0234787
0.0247507
0.0258006
-0.0100064
-0.00897353
-0.00777908
-0.00642778
-0.00492683
-0.00328546
-0.00151523
0.000370026
0.00235367
0.00441671
0.00653779
0.00869405
0.0108615
0.0130158
0.0151325
0.0171874
0.0191571
0.0210165
0.0227404
0.0242986
0.0256572
0.0267713
-0.0120785
-0.0109273
-0.00960434
-0.00811432
-0.00646447
-0.00466441
-0.00272654
-0.000666
0.00149871
0.00374632
0.00605291
0.00839296
0.0107399
0.013067
0.0153482
0.0175577
0.0196709
0.021663
0.0235079
0.0251747
0.0266269
0.0278128
-0.0142616
-0.0129855
-0.0115272
-0.00989103
-0.00808391
-0.00611571
-0.00399965
-0.00175236
0.000605506
0.00305002
0.00555424
0.00808959
0.0106265
0.0131358
0.0155891
0.0179595
0.0202218
0.0223508
0.0243213
0.0261023
0.0276561
0.0289229
-0.0165591
-0.0151524
-0.0135528
-0.0117635
-0.00979105
-0.00764527
-0.0053402
-0.00289419
-0.000330396
0.00232408
0.00503876
0.00778144
0.0105192
0.0132198
0.0158527
0.0183896
0.0208053
0.0230746
0.0251739
0.0270746
0.0287381
0.0300966
-0.0189747
-0.0174328
-0.0156869
-0.0137384
-0.011593
-0.00926021
-0.00675501
-0.00409769
-0.00131442
0.00156391
0.00450262
0.00746527
0.010415
0.013316
0.0161357
0.018844
0.0214158
0.0238272
0.0260571
0.0280813
0.0298628
0.0313261
-0.0215121
-0.019832
-0.0179361
-0.0158234
-0.013498
-0.010969
-0.00825223
-0.00537029
-0.00235308
0.000763967
0.00394116
0.00713704
0.0103101
0.0134209
0.0164338
0.0193175
0.0220468
0.0245997
0.0269594
0.0291088
0.0310161
0.0325989
-0.0241752
-0.0223561
-0.0203084
-0.0180279
-0.0155163
-0.0127819
-0.00984154
-0.00672085
-0.00345413
-8.23836e-05
0.00334873
0.00679185
0.0102002
0.0135298
0.0167419
0.0198039
0.0226903
0.0253812
0.0278661
0.0301392
0.0321788
0.0338973
-0.0269684
-0.0250119
-0.022813
-0.0203627
-0.0176596
-0.0147108
-0.0115344
-0.00815974
-0.00462665
-0.000982912
0.00271871
0.00642393
0.0100798
0.0136372
0.017054
0.0202958
0.0233367
0.0261588
0.0287598
0.0311506
0.0333259
0.0351965
-0.0298964
-0.0278077
-0.0254608
-0.022841
-0.0199421
-0.0167699
-0.0133442
-0.00969903
-0.00588115
-0.00194661
0.00204339
0.00602647
0.00994257
0.0137368
0.0173632
0.020785
0.0239751
0.0269179
0.0296207
0.0321162
0.0344255
0.0364631
-0.0329644
-0.0307527
-0.028265
-0.0254781
-0.0223803
-0.0189757
-0.0152865
-0.0113527
-0.00722972
-0.00298376
0.00131397
0.00559169
0.00978125
0.0138211
0.0176614
0.0212623
0.0245943
0.0276429
0.0304261
0.0330053
0.0354386
0.0376524
-0.0361784
-0.0338583
-0.031241
-0.0282925
-0.0249941
-0.0213479
-0.0173794
-0.0131367
-0.00868607
-0.004106
0.000520431
0.00511068
0.00958738
0.0138818
0.0179396
0.0217172
0.0251818
0.0283172
0.0311523
0.0337837
0.0363193
0.0387071
-0.0395456
-0.037138
-0.0344073
-0.0313059
-0.0278064
-0.0239088
-0.0196436
-0.0150692
-0.0102656
-0.00532637
-0.000348403
0.00457341
0.00935149
0.0139092
0.0181876
0.0221387
0.0257248
0.0289241
0.0317757
0.0344163
0.0370158
0.0395552
-0.0430744
-0.0406077
-0.0377862
-0.0345444
-0.0308445
-0.0266849
-0.0221028
-0.0171706
-0.0119856
-0.0066593
-0.00130496
0.00396871
0.00906289
0.0138928
0.0183943
0.0225148
0.0262094
0.0294469
0.0322735
0.0348694
0.0374751
0.0401113
-0.046775
-0.0442871
-0.0414042
-0.0380388
-0.0341404
-0.0297063
-0.0247841
-0.0194638
-0.0138649
-0.00812061
-0.00236283
0.0032842
0.00870959
0.0138204
0.0185477
0.0228328
0.0266212
0.0298692
0.032626
0.0351149
0.0376488
0.0402812
-0.0506601
-0.0481999
-0.0452934
-0.0418257
-0.0377312
-0.0330078
-0.0277177
-0.0219743
-0.0159244
-0.00972741
-0.00353672
0.00250633
0.00827835
0.0136787
0.0186337
0.0230785
0.0269455
0.0301753
0.0328164
0.0351328
0.0374997
0.0399693
-0.0547456
-0.052375
-0.0494922
-0.0459485
-0.0416606
-0.0366296
-0.0309378
-0.0247298
-0.0181864
-0.011498
-0.00484239
0.00162042
0.00775464
0.0134529
0.0186374
0.023236
0.0271664
0.0303505
0.0328319
0.0349115
0.0370036
0.0390905
-0.0590511
-0.0568477
-0.0540472
-0.0504587
-0.0459794
-0.0406171
-0.0344827
-0.0277608
-0.0206749
-0.0134517
-0.00629644
0.000610707
0.00712262
0.0131272
0.0185422
0.0232872
0.0272668
0.0303814
0.0326642
0.0344473
0.0361489
0.0375954
-0.0636018
-0.0616614
-0.0590143
-0.0554177
-0.0507466
-0.0450222
-0.0383946
-0.0311004
-0.0234153
-0.0156086
-0.00791617
-0.000539557
0.00636542
0.0126843
0.0183293
0.0232117
0.0272281
0.0302554
0.0323086
0.0337416
0.0349371
0.0355057
-0.0684293
-0.0668694
-0.064461
-0.0608978
-0.0560312
-0.049904
-0.0427201
-0.0347836
-0.0264339
-0.017989
-0.00971937
-0.00184784
0.00546543
0.0121054
0.0179768
0.0229877
0.0270333
0.0299604
0.0317582
0.0327922
0.0333803
0.0329164
-0.073574
-0.0725372
-0.0704691
-0.0669855
-0.0619129
-0.0553288
-0.0475104
-0.0388479
-0.0297578
-0.0206134
-0.0117241
-0.00333192
0.00440451
0.0113695
0.0174601
0.0225922
0.0266654
0.0294804
0.0309963
0.0315873
0.0314948
0.0299551
-0.079087
-0.0787454
-0.0771374
-0.0737829
-0.0684842
-0.0613717
-0.0528212
-0.0433326
-0.0334141
-0.023502
-0.0139481
-0.00500933
0.00316412
0.0104532
0.0167521
0.0220036
0.0261048
0.0287893
0.0299936
0.0301069
0.0293056
0.0267388
-0.0850331
-0.0855934
-0.0845855
-0.0814115
-0.0758525
-0.0681167
-0.0587124
-0.0482781
-0.0374293
-0.0266738
-0.0164087
-0.00689659
0.00172505
0.00933061
0.0158259
0.0211998
0.0253238
0.0278484
0.0287105
0.0283356
0.0268471
0.0233386
-0.0914928
-0.0932022
-0.0929572
-0.090015
-0.0841412
-0.0756576
-0.0652486
-0.0537255
-0.0418288
-0.0301467
-0.0191214
-0.00900873
6.71685e-05
0.00797425
0.014656
0.0201556
0.0242828
0.0266068
0.0271055
0.0262726
0.0241527
0.0197863
-0.0985622
-0.101716
-0.102423
-0.0997617
-0.0934918
-0.084098
-0.072498
-0.0597159
-0.0466359
-0.0339366
-0.0220992
-0.0113592
-0.00183048
0.0063575
0.013219
0.0188389
0.022931
0.025006
0.025146
0.0239273
0.02125
0.0160982
-0.106347
-0.111298
-0.11318
-0.110844
-0.104063
-0.0935507
-0.0805312
-0.0662886
-0.0518709
-0.0380561
-0.0253517
-0.0139597
-0.00398864
0.00445656
0.0114909
0.0172085
0.0212072
0.0229855
0.022807
0.0213064
0.0181561
0.0122884
0.00294996
-0.114945
-0.122116
-0.125437
-0.123472
-0.116026
-0.104134
-0.0894195
-0.0734794
-0.0575503
-0.0425139
-0.0288842
-0.0168205
-0.00642615
0.00225176
0.00944536
0.0152146
0.019043
0.020488
0.0200645
0.0183995
0.0148691
0.00836295
-0.00175332
-0.12439
-0.1343
-0.139388
-0.13785
-0.129553
-0.115967
-0.0992295
-0.0813186
-0.0636848
-0.0473127
-0.0326974
-0.0199492
-0.00915794
-0.000272558
0.00705197
0.0128018
0.016367
0.0174606
0.0168845
0.0151719
0.0113598
0.00430507
-0.00648329
-0.134562
-0.147865
-0.155141
-0.154134
-0.144788
-0.129149
-0.110016
-0.089826
-0.0702774
-0.0524485
-0.0367873
-0.0233502
-0.0121934
-0.00312902
0.00427743
0.00991144
0.0131097
0.0138518
0.0132144
0.0115638
0.007574
7.12186e-05
-0.0112686
-0.145132
-0.162591
-0.17262
-0.172353
-0.161797
-0.14374
-0.121809
-0.0990064
-0.0773196
-0.0579079
-0.0411442
-0.0270225
-0.015535
-0.00632831
0.00108749
0.00648499
0.00920832
0.00960922
0.00898383
0.00749817
0.00344507
-0.00439257
-0.0161643
-0.155531
-0.177938
-0.191443
-0.192322
-0.180514
-0.159717
-0.134593
-0.108842
-0.0847927
-0.0636707
-0.0457539
-0.0309595
-0.0191776
-0.0098788
-0.00255104
0.00246505
0.00460654
0.00468198
0.00411491
0.00289211
-0.00108499
-0.00910882
-0.0211754
-0.164788
-0.193089
-0.210865
-0.21354
-0.20068
-0.17696
-0.14829
-0.119266
-0.0926408
-0.0696953
-0.0505923
-0.0351468
-0.0231101
-0.0137861
-0.00666623
-0.00219791
-0.000752555
-0.000996858
-0.00147572
-0.00231053
-0.00601929
-0.0139958
-0.0261357
-0.172404
-0.207171
-0.229932
-0.235169
-0.221692
-0.195154
-0.162791
-0.130257
-0.100851
-0.0759571
-0.0556335
-0.0395558
-0.0273058
-0.018045
-0.0112736
-0.00752457
-0.00688452
-0.00748148
-0.0078687
-0.00801988
-0.0112077
-0.0188226
-0.0306914
-0.179109
-0.219164
-0.248366
-0.256827
-0.243035
-0.213701
-0.177563
-0.141446
-0.109223
-0.0823841
-0.0608729
-0.0442039
-0.0317909
-0.0226886
-0.0164058
-0.0135171
-0.0136428
-0.0144261
-0.0146279
-0.0138691
-0.0164137
-0.0234795
-0.034777
-0.185339
-0.232304
-0.267582
-0.278884
-0.265246
-0.233458
-0.19351
-0.153513
-0.118115
-0.0890684
-0.0662773
-0.0489806
-0.0363971
-0.0275944
-0.0220556
-0.0201493
-0.0208291
-0.0214427
-0.0201533
-0.0201852
-0.0222969
-0.0289027
-0.0397331
-0.184901
-0.231938
-0.269247
-0.283761
-0.272615
-0.241964
-0.201789
-0.160757
-0.124174
-0.0941654
-0.0707521
-0.0532103
-0.0406947
-0.0321201
-0.0272269
-0.026898
-0.0296422
-0.0317416
-0.0305259
-0.0285822
-0.0290524
-0.0350141
-0.188859
-0.236794
-0.274458
-0.288802
-0.276826
-0.245036
-0.203825
-0.162064
-0.125078
-0.0949282
-0.0715799
-0.0542169
-0.0419381
-0.0337199
-0.0294123
-0.0297757
-0.0328849
-0.0348756
-0.0332715
-0.0308219
-0.0309974
-0.0368876
-0.145585
-0.194881
-0.243812
-0.281544
-0.294771
-0.280649
-0.246603
-0.203759
-0.161191
-0.124031
-0.0940761
-0.0711137
-0.0541892
-0.042342
-0.0346325
-0.0310213
-0.0320291
-0.0353164
-0.0371402
-0.0353427
-0.0327411
-0.0328517
-0.0387136
-0.15018
-0.200467
-0.250187
-0.287976
-0.300304
-0.28441
-0.248449
-0.204162
-0.160826
-0.12344
-0.0935984
-0.0709334
-0.0543744
-0.0429157
-0.0356752
-0.0327088
-0.0343209
-0.0378347
-0.0396029
-0.0376494
-0.0348459
-0.0348242
-0.0405989
-0.154676
-0.205842
-0.256224
-0.293967
-0.305493
-0.288092
-0.250508
-0.204983
-0.160954
-0.123324
-0.0935376
-0.0711036
-0.0548539
-0.0437527
-0.0369652
-0.0346296
-0.0368328
-0.0405912
-0.0423047
-0.0401353
-0.0370548
-0.0368443
-0.042494
-0.159276
-0.211262
-0.262232
-0.299862
-0.310551
-0.291648
-0.252471
-0.205755
-0.161082
-0.123246
-0.0935406
-0.0713533
-0.0554251
-0.0446988
-0.0383885
-0.0367054
-0.0394949
-0.0434832
-0.0451158
-0.0426891
-0.0393035
-0.0388815
-0.0443808
-0.163976
-0.216719
-0.2682
-0.305668
-0.315487
-0.295068
-0.254295
-0.206404
-0.16112
-0.123115
-0.0935286
-0.071617
-0.0560346
-0.0457096
-0.0399051
-0.0388971
-0.0422676
-0.0464724
-0.0480146
-0.0452967
-0.0415864
-0.0409331
-0.0462566
-0.168753
-0.22218
-0.274087
-0.311335
-0.320259
-0.298346
-0.256018
-0.206995
-0.161135
-0.122992
-0.0935493
-0.0719292
-0.0567079
-0.0468034
-0.0415274
-0.0412105
-0.0451554
-0.0495662
-0.051017
-0.047962
-0.043903
-0.0429964
-0.0481178
-0.173599
-0.227632
-0.279882
-0.316845
-0.324846
-0.301472
-0.257648
-0.207552
-0.161159
-0.122908
-0.0936264
-0.072309
-0.0574605
-0.0479923
-0.0432653
-0.0436534
-0.0481656
-0.0527693
-0.0541284
-0.050682
-0.0462487
-0.0450666
-0.0499598
-0.178504
-0.233059
-0.285571
-0.322188
-0.329238
-0.304435
-0.259174
-0.208064
-0.161184
-0.122855
-0.0937564
-0.0727543
-0.058292
-0.0492764
-0.0451198
-0.0462269
-0.0512989
-0.0560776
-0.057312
-0.0534509
-0.0486185
-0.047139
-0.0517784
-0.183456
-0.238444
-0.291137
-0.327348
-0.333423
-0.307225
-0.260588
-0.208523
-0.161202
-0.122829
-0.0939337
-0.0732612
-0.0592
-0.0506539
-0.0470898
-0.0489298
-0.0545541
-0.0594877
-0.0602347
-0.0562614
-0.051008
-0.0492092
-0.0535695
-0.188441
-0.243764
-0.296558
-0.332307
-0.337386
-0.309829
-0.261883
-0.208926
-0.161211
-0.122826
-0.0941566
-0.0738285
-0.0601841
-0.0521245
-0.0491754
-0.0517616
-0.0579299
-0.0629999
-0.0635317
-0.0591089
-0.0534129
-0.0512729
-0.055329
-0.193441
-0.248995
-0.301808
-0.337041
-0.341109
-0.312238
-0.263053
-0.209271
-0.16121
-0.122847
-0.0944249
-0.0744562
-0.0612444
-0.053688
-0.0513767
-0.0547217
-0.0614249
-0.0666105
-0.0668862
-0.0619885
-0.055829
-0.0533257
-0.0570531
-0.198438
-0.25411
-0.306861
-0.341529
-0.344575
-0.314438
-0.264091
-0.209553
-0.161197
-0.122891
-0.0947373
-0.0751435
-0.0623805
-0.0553441
-0.0536937
-0.0578092
-0.0650371
-0.070316
-0.0702893
-0.0648956
-0.0582521
-0.0553635
-0.0587383
-0.203411
-0.259079
-0.311687
-0.345745
-0.347767
-0.316418
-0.26499
-0.209769
-0.16117
-0.122955
-0.095092
-0.0758893
-0.0635913
-0.0570918
-0.0561257
-0.0610224
-0.0687642
-0.0741123
-0.0737462
-0.0678257
-0.060678
-0.0573821
-0.0603811
-0.162083
-0.208336
-0.263873
-0.316255
-0.349663
-0.350667
-0.318167
-0.265742
-0.209914
-0.161125
-0.123037
-0.095487
-0.0766921
-0.0648755
-0.0589299
-0.0586718
-0.0643594
-0.0726034
-0.0779947
-0.077251
-0.0707744
-0.0631026
-0.0593775
-0.0619782
-0.167664
-0.213188
-0.268457
-0.320531
-0.353255
-0.353255
-0.319671
-0.26634
-0.209983
-0.16106
-0.123135
-0.0959202
-0.0775501
-0.0662314
-0.0608569
-0.0613305
-0.0678175
-0.0765515
-0.0819587
-0.0807985
-0.0737375
-0.0655217
-0.0613459
-0.0635266
-0.173328
-0.21794
-0.272798
-0.324483
-0.356495
-0.355511
-0.320918
-0.266777
-0.209972
-0.160972
-0.123246
-0.0963888
-0.0784614
-0.0676568
-0.0628711
-0.0641001
-0.071394
-0.0806051
-0.0859992
-0.0843834
-0.0767107
-0.0679313
-0.0632835
-0.0650235
-0.179052
-0.222562
-0.276862
-0.328075
-0.359352
-0.357418
-0.321896
-0.267043
-0.209875
-0.160856
-0.123367
-0.09689
-0.0794234
-0.0691492
-0.0649702
-0.0669782
-0.075085
-0.0847603
-0.0901114
-0.0880008
-0.0796899
-0.0703274
-0.0651868
-0.0664662
-0.184806
-0.227025
-0.280612
-0.331271
-0.3618
-0.358954
-0.322592
-0.267132
-0.209687
-0.160709
-0.123495
-0.0974208
-0.0804335
-0.0707058
-0.0671519
-0.0699622
-0.0788868
-0.0890129
-0.0942899
-0.0916461
-0.0826711
-0.0727061
-0.0670525
-0.0678525
-0.19056
-0.231296
-0.284015
-0.334038
-0.363809
-0.360102
-0.322994
-0.267036
-0.209403
-0.160527
-0.123624
-0.0979776
-0.0814886
-0.0723232
-0.069413
-0.0730486
-0.0827947
-0.0933585
-0.0985291
-0.0953143
-0.0856501
-0.0750637
-0.0688773
-0.0691803
-0.196278
-0.235344
-0.287034
-0.336341
-0.365352
-0.360841
-0.323091
-0.266746
-0.209016
-0.160304
-0.123752
-0.0985566
-0.0825851
-0.0739978
-0.0717504
-0.0762334
-0.0868039
-0.0977921
-0.102823
-0.0990011
-0.0886229
-0.0773963
-0.0706583
-0.0704477
-0.201922
-0.239134
-0.289636
-0.338147
-0.366404
-0.361154
-0.32287
-0.266254
-0.208521
-0.160037
-0.123874
-0.0991537
-0.0837193
-0.0757256
-0.0741604
-0.0795122
-0.0909088
-0.102308
-0.107167
-0.102702
-0.0915857
-0.0797005
-0.072393
-0.0716531
-0.207451
-0.242635
-0.291789
-0.339425
-0.366943
-0.361024
-0.322321
-0.265553
-0.207913
-0.15972
-0.123985
-0.0997645
-0.0848867
-0.077502
-0.0766386
-0.0828798
-0.0951037
-0.106901
-0.111556
-0.106412
-0.0945345
-0.081973
-0.0740787
-0.0727953
-0.212824
-0.245816
-0.293463
-0.340145
-0.366982
-0.360433
-0.321432
-0.264636
-0.207184
-0.159348
-0.124079
-0.100384
-0.0860828
-0.0793222
-0.0791804
-0.0863303
-0.0993822
-0.111565
-0.115985
-0.110128
-0.0974654
-0.0842104
-0.0757133
-0.0738732
-0.217997
-0.248645
-0.294631
-0.340282
-0.366404
-0.359364
-0.320195
-0.263494
-0.206329
-0.158915
-0.124152
-0.101008
-0.0873026
-0.0811811
-0.0817808
-0.0898574
-0.103738
-0.116292
-0.12045
-0.113844
-0.100375
-0.0864098
-0.0772948
-0.074886
-0.222929
-0.251094
-0.29527
-0.339814
-0.365209
-0.357806
-0.318599
-0.262122
-0.205342
-0.158415
-0.124198
-0.10163
-0.0885406
-0.083073
-0.0844339
-0.093454
-0.108162
-0.121076
-0.124941
-0.117557
-0.103259
-0.0885683
-0.0788215
-0.0758332
-0.227576
-0.253137
-0.29536
-0.338721
-0.36342
-0.355749
-0.316638
-0.260511
-0.204216
-0.157843
-0.124211
-0.102245
-0.0897911
-0.0849919
-0.0871337
-0.0971124
-0.112649
-0.125908
-0.129448
-0.121261
-0.106114
-0.0906833
-0.0802921
-0.0767146
-0.231899
-0.25475
-0.294886
-0.336988
-0.361033
-0.353185
-0.314303
-0.258657
-0.202946
-0.157193
-0.124184
-0.102847
-0.0910478
-0.0869315
-0.0898733
-0.100824
-0.117189
-0.13078
-0.133958
-0.124953
-0.108937
-0.0927524
-0.0817052
-0.0775301
-0.235862
-0.255915
-0.293838
-0.334607
-0.358036
-0.350108
-0.31159
-0.256553
-0.201527
-0.156458
-0.124112
-0.10343
-0.0923045
-0.0888851
-0.0926454
-0.104581
-0.121773
-0.135684
-0.138445
-0.128626
-0.111725
-0.0947734
-0.08306
-0.07828
-0.239432
-0.256615
-0.292212
-0.331574
-0.354414
-0.346512
-0.308495
-0.254195
-0.199951
-0.155632
-0.123988
-0.103987
-0.0935542
-0.0908456
-0.0954423
-0.108372
-0.126392
-0.140611
-0.142955
-0.132277
-0.114474
-0.0967443
-0.0843559
-0.242579
-0.256838
-0.290007
-0.327889
-0.350167
-0.342395
-0.305013
-0.251578
-0.198215
-0.154709
-0.123805
-0.104512
-0.0947899
-0.0928056
-0.0982556
-0.112189
-0.131036
-0.145551
-0.147459
-0.135902
-0.117181
-0.0986635
-0.0855924
-0.245281
-0.256578
-0.287232
-0.32356
-0.345296
-0.337758
-0.301145
-0.248699
-0.196313
-0.153683
-0.123556
-0.104997
-0.0960044
-0.0947573
-0.101076
-0.11602
-0.135694
-0.150495
-0.151947
-0.139496
-0.119844
-0.100529
-0.0867694
-0.24752
-0.255831
-0.283896
-0.318599
-0.339812
-0.332606
-0.296889
-0.245556
-0.194239
-0.152547
-0.123236
-0.105436
-0.09719
-0.0966927
-0.103895
-0.119855
-0.140356
-0.155432
-0.156414
-0.143054
-0.12246
-0.102341
-0.087887
-0.249286
-0.254601
-0.280018
-0.313024
-0.333728
-0.326945
-0.29225
-0.242146
-0.191991
-0.151296
-0.122836
-0.105822
-0.098339
-0.0986035
-0.106702
-0.123681
-0.145008
-0.160352
-0.160851
-0.146572
-0.125026
-0.104097
-0.0889455
-0.250571
-0.252896
-0.27562
-0.306859
-0.32706
-0.320785
-0.287229
-0.238469
-0.189565
-0.149924
-0.122351
-0.106147
-0.0994435
-0.100481
-0.109487
-0.127487
-0.14964
-0.165244
-0.165253
-0.150046
-0.12754
-0.105796
-0.0899454
-0.251379
-0.250727
-0.270729
-0.300136
-0.31983
-0.314141
-0.281834
-0.234526
-0.186956
-0.148424
-0.121773
-0.106405
-0.100495
-0.102317
-0.112239
-0.131261
-0.154237
-0.170097
-0.169611
-0.153472
-0.13
-0.107439
-0.0908876
-0.251716
-0.248113
-0.265375
-0.292888
-0.312067
-0.307028
-0.276073
-0.230318
-0.184162
-0.146793
-0.121097
-0.106587
-0.101487
-0.104101
-0.114948
-0.134989
-0.158788
-0.174899
-0.173917
-0.156844
-0.132404
-0.109025
-0.0917729
-0.251595
-0.245078
-0.259594
-0.285157
-0.303799
-0.299467
-0.269954
-0.225849
-0.181182
-0.145024
-0.120315
-0.106687
-0.102409
-0.105825
-0.117601
-0.138659
-0.163278
-0.17964
-0.178164
-0.160159
-0.134751
-0.110553
-0.0926026
-0.251035
-0.241648
-0.253423
-0.276987
-0.295063
-0.29148
-0.263491
-0.221121
-0.178014
-0.143114
-0.119422
-0.106697
-0.103255
-0.10748
-0.120188
-0.142257
-0.167695
-0.184306
-0.182345
-0.163413
-0.137038
-0.112023
-0.0933779
)
;

boundaryField
{
    inlet
    {
        type            zeroGradient;
    }
    outlet
    {
        type            fixedValue;
        value           nonuniform 0();
    }
    cylinder
    {
        type            zeroGradient;
    }
    top
    {
        type            symmetryPlane;
    }
    bottom
    {
        type            symmetryPlane;
    }
    frontAndBack
    {
        type            empty;
    }
    procBoundary5to4
    {
        type            processor;
        value           nonuniform List<scalar> 
204
(
-0.28375
-0.285067
-0.285966
-0.286482
-0.286652
-0.286513
-0.286105
-0.285469
-0.284645
-0.283671
-0.282586
-0.281424
-0.28022
-0.279005
-0.277805
-0.276647
-0.275552
-0.274538
-0.273623
-0.272818
-0.272134
-0.271577
-0.271154
-0.270867
-0.270716
-0.196055
-0.196055
-0.195945
-0.196071
-0.196426
-0.196997
-0.197772
-0.198739
-0.199899
-0.201262
-0.202752
-0.204175
-0.205679
-0.146144
-0.146144
-0.150066
-0.150064
-0.140297
-0.128924
-0.118851
-0.109671
-0.101404
-0.0939392
-0.08722
-0.0811726
-0.0757257
-0.0708108
-0.0663631
-0.0623225
-0.0586342
-0.055248
-0.0521191
-0.0492076
-0.0464785
-0.0439016
-0.0414516
-0.0391072
-0.0368511
-0.0346696
-0.0325522
-0.0304911
-0.0284809
-0.0265181
-0.0246008
-0.0227283
-0.0209009
-0.0191197
-0.0173859
-0.0157016
-0.0140684
-0.0124882
-0.0109628
-0.00949373
-0.00808202
-0.00672893
-0.00543564
-0.00420386
-0.00304321
-0.00193271
-0.000882828
0.000107505
0.00103764
0.0019083
0.00272029
0.00347426
0.00417093
0.00481095
0.00539491
0.00592327
0.00639636
0.00681427
0.00717677
0.0074833
0.00773288
0.00792404
0.00805463
0.00812184
0.0142925
0.014219
0.0140762
0.0138667
0.0135926
0.0132548
0.0128541
0.0123902
0.0118626
0.0112701
0.0106115
0.00988502
0.00908915
0.00822152
0.00727952
0.00626066
0.00516224
0.00398147
0.00271553
0.00136105
-8.52703e-05
-0.00162665
-0.00326639
-0.00500782
-0.00685425
-0.00880894
-0.0108751
-0.0130558
-0.015354
-0.0177726
-0.0203139
-0.0229802
-0.0257736
-0.0286956
-0.0317475
-0.0349302
-0.0382442
-0.0416897
-0.045267
-0.048976
-0.052817
-0.0567908
-0.0608992
-0.0651459
-0.0695369
-0.0740824
-0.0787978
-0.0837057
-0.088837
-0.0942304
-0.0999268
-0.105946
-0.112237
-0.118622
-0.124739
-0.130044
-0.133911
-0.136184
-0.137413
-0.138258
-0.137824
-0.140759
-0.140759
-0.102688
-0.106367
-0.110076
-0.113966
-0.118042
-0.12229
-0.126708
-0.131295
-0.136049
-0.140965
-0.146036
-0.151254
-0.156608
-0.156608
-0.130609
-0.137497
-0.144661
-0.152076
-0.159708
-0.167518
-0.175459
-0.183481
-0.191531
-0.19955
-0.207478
-0.215256
-0.222825
-0.230128
-0.237111
-0.243726
-0.249931
-0.255688
-0.26097
-0.265754
-0.270026
-0.273781
-0.277019
-0.27975
-0.281987
)
;
    }
    procBoundary5to6
    {
        type            processor;
        value           nonuniform List<scalar> 
205
(
-0.0824977
-0.0825597
-0.0825779
-0.0825552
-0.0824941
-0.0823975
-0.0822683
-0.0821094
-0.0819235
-0.0817135
-0.0817135
-0.0712254
-0.0705051
-0.0697781
-0.0690472
-0.0683154
-0.0675853
-0.0668597
-0.0661409
-0.0654315
-0.0647338
-0.0640498
-0.0633816
-0.0627312
-0.0621001
-0.0614902
-0.0609028
-0.0603393
-0.059801
-0.0592887
-0.0588035
-0.0583459
-0.0579168
-0.0575183
-0.0571512
-0.0568068
-0.0564704
-0.0561771
-0.0560631
-0.0560917
-0.0553932
-0.0553932
-0.0381208
-0.0343995
-0.0306469
-0.0269421
-0.0232906
-0.0197191
-0.0162509
-0.0129072
-0.00970716
-0.00666728
-0.00380132
-0.00111971
0.00137089
0.00366782
0.0057723
0.00768883
0.00942431
0.0109871
0.012386
0.01363
0.0147277
0.0156876
0.016518
0.0172278
0.0178255
0.0183198
0.0187193
0.0190321
0.0192662
0.0194292
0.0195284
0.0195708
0.0195631
0.0195117
0.0194226
0.0193016
0.019154
0.0189849
0.018799
0.0186006
0.0183936
0.0181815
0.0179676
0.0177546
0.017545
0.0173409
0.0171443
0.0169566
0.0167791
0.016613
0.0164592
0.0163182
0.0161909
0.0160776
0.0159788
0.015895
0.0158266
0.0157741
0.0157382
0.0157197
0.0178179
0.0178342
0.0178662
0.017914
0.017978
0.0180591
0.0181583
0.0182772
0.0184174
0.0185808
0.0187695
0.0189859
0.0192325
0.0195119
0.019827
0.0201806
0.0205758
0.0210153
0.021502
0.022043
0.0226407
0.0232978
0.0240178
0.0248042
0.0256604
0.0265891
0.0275923
0.0286713
0.0298261
0.0310546
0.0323517
0.0337088
0.0351118
0.0365391
0.0379584
0.0393228
0.0405646
0.0415906
0.042276
0.0424613
0.0419527
0.0405458
0.038107
0.0346933
0.0305705
0.0260828
0.0214828
0.0168718
0.0122582
0.00762211
0.00762211
-0.0108133
-0.0166559
-0.0223355
-0.02783
-0.0332062
-0.038518
-0.0435817
-0.0479388
-0.0514835
-0.0557536
-0.0459775
-0.0459775
-0.0478442
-0.049607
-0.051391
-0.0531577
-0.0548911
-0.0565885
-0.0582463
-0.0598608
-0.0614283
-0.0629453
-0.0644085
-0.0658149
-0.0671617
-0.0684461
-0.0696659
-0.0708188
-0.071903
-0.0729168
-0.0738589
-0.0747281
-0.0755236
-0.0762448
-0.0768914
-0.0774634
-0.0779609
-0.0783845
-0.0787348
-0.0790129
-0.07922
-0.0789648
-0.0789648
-0.0795851
-0.0801421
-0.0806369
-0.0810708
-0.0814454
-0.0817626
-0.0820242
-0.0822324
-0.0823895
)
;
    }
}


// ************************************************************************* //
