/*--------------------------------*- C++ -*----------------------------------*\
  =========                 |
  \\      /  F ield         | OpenFOAM: The Open Source CFD Toolbox
   \\    /   O peration     | Website:  https://openfoam.org
    \\  /    A nd           | Version:  7
     \\/     M anipulation  |
\*---------------------------------------------------------------------------*/
FoamFile
{
    version     2.0;
    format      ascii;
    class       volScalarField;
    location    "80";
    object      p;
}
// * * * * * * * * * * * * * * * * * * * * * * * * * * * * * * * * * * * * * //

dimensions      [0 2 -2 0 0 0 0];

internalField   nonuniform List<scalar> 
7156
(
-0.104591
-0.118917
-0.107885
-0.097125
-0.122322
-0.110899
-0.100089
-0.0895408
-0.126085
-0.11391
-0.102747
-0.0921686
-0.0818414
-0.130173
-0.11726
-0.105358
-0.0944649
-0.0841277
-0.0740302
-0.149532
-0.134623
-0.120909
-0.108286
-0.0966679
-0.0860565
-0.0759703
-0.0661109
-0.155368
-0.139483
-0.124892
-0.111489
-0.0991674
-0.0878459
-0.0775267
-0.0677007
-0.0580875
-0.161741
-0.1448
-0.129255
-0.114996
-0.101917
-0.0899108
-0.0788971
-0.0688806
-0.0593237
-0.0499642
-0.168699
-0.150618
-0.134042
-0.118854
-0.104942
-0.0922001
-0.0805215
-0.069827
-0.0601234
-0.0508444
-0.0417458
-0.176286
-0.156986
-0.139296
-0.123102
-0.108286
-0.0947355
-0.0823449
-0.0710059
-0.0606417
-0.051261
-0.0422683
-0.0334373
-0.184536
-0.163947
-0.145064
-0.127783
-0.111988
-0.0975591
-0.0843846
-0.072358
-0.0613706
-0.0513476
-0.0422996
-0.0336013
-0.0250444
-0.193454
-0.171535
-0.151389
-0.132942
-0.116087
-0.100707
-0.086681
-0.0738963
-0.0622464
-0.0516224
-0.0419515
-0.0332457
-0.0248501
-0.0165735
-0.179757
-0.158304
-0.138621
-0.120629
-0.104218
-0.0892682
-0.0756595
-0.0632782
-0.0520177
-0.0417688
-0.0324607
-0.0241066
-0.0160218
-0.00803173
-0.188569
-0.165819
-0.144854
-0.125654
-0.108134
-0.0921837
-0.07768
-0.0645027
-0.0525381
-0.0416794
-0.0318171
-0.0228827
-0.0148899
-0.00712423
0.000572467
-0.197837
-0.173895
-0.151653
-0.131197
-0.112498
-0.0954687
-0.0799941
-0.0659512
-0.053219
-0.041684
-0.0312393
-0.0217751
-0.0132255
-0.00560364
0.00183387
0.00922909
-0.207291
-0.182405
-0.158982
-0.13727
-0.117343
-0.0991645
-0.0826422
-0.0676588
-0.0540907
-0.0418169
-0.030724
-0.0207052
-0.0116508
-0.00349723
0.0037436
0.010843
0.0179262
-0.216456
-0.19109
-0.166724
-0.143845
-0.122685
-0.103306
-0.0856651
-0.0696653
-0.0551877
-0.0421079
-0.030305
-0.0196663
-0.0100852
-0.00145207
0.00629377
0.013143
0.0198927
0.0266497
-0.2246
-0.199491
-0.174629
-0.150809
-0.128497
-0.107911
-0.0890985
-0.0720114
-0.056549
-0.0425908
-0.030012
-0.0186922
-0.00851912
0.000613125
0.00881335
0.0161392
0.0225857
0.0289719
0.0353817
-0.206892
-0.182254
-0.157925
-0.134676
-0.112955
-0.0929607
-0.0747328
-0.0582152
-0.0433044
-0.0298785
-0.0178128
-0.00698723
0.00270931
0.011382
0.0191379
0.0260311
0.0320632
0.0380683
0.044098
-0.212287
-0.188902
-0.164765
-0.140995
-0.118343
-0.0972327
-0.0778497
-0.0602224
-0.044289
-0.029943
-0.0170615
-0.00551984
0.00480097
0.0140109
0.022214
0.0295147
0.0359624
0.0415676
0.0471684
0.0527678
-0.214411
-0.193584
-0.170649
-0.147042
-0.123859
-0.101826
-0.0813467
-0.0625922
-0.0455808
-0.0302453
-0.0164764
-0.00415047
0.00685684
0.0166634
0.0253777
0.0331023
0.0399374
0.0459267
0.051093
0.0562619
0.0613627
-0.195052
-0.174612
-0.152157
-0.129107
-0.106535
-0.085142
-0.0653128
-0.047203
-0.030822
-0.0160969
-0.00291658
0.00884354
0.0193072
0.028591
0.0368018
0.0440402
0.0504006
0.0559189
0.0606371
0.0653475
0.0698574
-0.191921
-0.175418
-0.155393
-0.133445
-0.110979
-0.0890412
-0.068309
-0.0491473
-0.0316974
-0.0159599
-0.00185715
0.0107243
0.0219093
0.0318209
0.0405746
0.0482754
0.0550217
0.0608992
0.065936
0.0702057
0.0744304
0.078181
-0.182985
-0.171695
-0.155535
-0.135951
-0.114538
-0.0926788
-0.0713973
-0.0513448
-0.0328667
-0.0160908
-0.00100899
0.0124607
0.0244337
0.0350351
0.0443875
0.0526046
0.0597904
0.0660406
0.0714294
0.0759814
0.0798194
0.0834999
0.0861404
-0.162235
-0.15122
-0.135427
-0.116309
-0.0954552
-0.0742277
-0.0536226
-0.0342674
-0.0164879
-0.000398818
0.0140161
0.026843
0.0381989
0.0482093
0.0569959
0.0646714
0.0713386
0.0770903
0.0819892
0.0860697
0.0895159
0.0925289
0.0935145
-0.146419
-0.141247
-0.130525
-0.11512
-0.0964918
-0.0762213
-0.0556466
-0.035737
-0.0170951
-2.80443e-05
0.0153626
0.0291005
0.0412758
0.052007
0.0614196
0.0696348
0.0767645
0.0829106
0.088163
0.0925769
0.0962172
0.0993142
0.101508
0.100651
-0.124973
-0.120048
-0.109634
-0.0946384
-0.0765237
-0.0568586
-0.036957
-0.0177603
0.000153469
0.0164957
0.0311773
0.0442292
0.055745
0.0658447
0.0746537
0.0822928
0.0888729
0.0944957
0.0992488
0.103187
0.106415
0.109146
0.110361
0.109606
-0.102362
-0.103336
-0.098666
-0.0885756
-0.0740086
-0.0564289
-0.0373901
-0.0181803
0.00028749
0.0174596
0.0330659
0.0470291
0.0593868
0.0702362
0.0796984
0.0878988
0.0949575
0.100985
0.106083
0.110336
0.113804
0.116619
0.118955
0.119675
0.119439
-0.0802221
-0.0815355
-0.0771278
-0.0673759
-0.0532568
-0.0362322
-0.0178392
0.000661652
0.018386
0.0348046
0.049665
0.0629013
0.074558
0.0847351
0.0935546
0.101142
0.107617
0.113089
0.117659
0.121413
0.124414
0.126805
0.128722
0.12906
0.128931
-0.0579477
-0.0596009
-0.0554623
-0.0460626
-0.0324091
-0.0159585
0.00177082
0.0195471
0.036515
0.0521693
0.0662751
0.0787776
0.0897273
0.0992269
0.1074
0.11437
0.120258
0.125172
0.129214
0.132467
0.135
0.136961
0.138458
0.138448
0.138227
-0.0355682
-0.0375606
-0.0336977
-0.0246633
-0.011492
0.00436706
0.0214165
0.0384541
0.0546539
0.0695348
0.0828786
0.0946413
0.104879
0.113697
0.121219
0.12757
0.132869
0.137224
0.140734
0.143486
0.14555
0.147073
0.148149
0.147795
0.147393
-0.0131129
-0.0154436
-0.0118625
-0.00320554
0.00946803
0.0247195
0.0410742
0.0573606
0.0727824
0.0868819
0.0994576
0.110476
0.119997
0.128131
0.135
0.140729
0.145436
0.14923
0.152209
0.154458
0.156049
0.157131
0.157784
0.157076
0.156437
0.00938886
0.00672102
0.0100147
0.0182828
0.0304445
0.0450738
0.0607205
0.0762448
0.0908799
0.104191
0.115994
0.126264
0.135067
0.142513
0.148727
0.153833
0.157948
0.161179
0.163625
0.16537
0.166488
0.167124
0.167349
0.166278
0.165365
0.0319074
0.0289042
0.0319052
0.039774
0.0514107
0.0654047
0.0803318
0.0950846
0.108926
0.121444
0.13247
0.141989
0.150071
0.156829
0.162388
0.16687
0.170392
0.17306
0.174972
0.176213
0.176854
0.177041
0.176835
0.175391
0.174181
0.0544133
0.0510768
0.0537802
0.0612402
0.0723403
0.0856872
0.0998847
0.113858
0.1269
0.138622
0.148869
0.157635
0.164995
0.171065
0.175967
0.179825
0.182754
0.18486
0.186239
0.186974
0.187138
0.186874
0.186234
0.18441
0.182886
0.076877
0.0732095
0.0756112
0.0826537
0.0932067
0.105896
0.119356
0.132543
0.144782
0.155704
0.165171
0.173184
0.179823
0.185204
0.189451
0.192686
0.195024
0.196567
0.197413
0.197643
0.19733
0.196613
0.195536
0.193329
0.191478
0.0992689
0.0952732
0.0973695
0.103987
0.113984
0.126007
0.138722
0.151119
0.162551
0.172673
0.181359
0.18862
0.19454
0.199234
0.202827
0.205441
0.207187
0.208171
0.208484
0.20821
0.20742
0.206249
0.204735
0.202142
0.199956
0.12156
0.117239
0.119027
0.125212
0.134645
0.145995
0.157959
0.169563
0.180187
0.189509
0.197417
0.203927
0.209129
0.213139
0.21608
0.218075
0.219234
0.219658
0.219443
0.218666
0.2174
0.215775
0.213824
0.210845
0.208316
0.14372
0.139078
0.140554
0.146302
0.155164
0.165836
0.177046
0.187854
0.197671
0.206194
0.213325
0.219089
0.223576
0.226904
0.229198
0.230577
0.23115
0.23102
0.230277
0.228999
0.227259
0.225183
0.222795
0.21943
0.216555
0.165722
0.160761
0.161924
0.16723
0.175516
0.185505
0.195958
0.205971
0.214982
0.22271
0.229067
0.234088
0.237864
0.240516
0.242166
0.242933
0.242926
0.242243
0.240976
0.239202
0.23699
0.234464
0.231642
0.227894
0.224668
0.187535
0.18226
0.183109
0.187969
0.195675
0.204978
0.214674
0.223893
0.232101
0.239037
0.244626
0.248909
0.25198
0.25396
0.254972
0.255132
0.254548
0.253318
0.251532
0.249263
0.246583
0.24361
0.240359
0.236229
0.232652
0.209131
0.203546
0.204081
0.208492
0.215616
0.224232
0.233171
0.241598
0.249008
0.255157
0.259985
0.263535
0.265908
0.267223
0.267601
0.26716
0.266006
0.264234
0.261932
0.259175
0.256031
0.252615
0.248937
0.244431
0.230483
0.224593
0.224812
0.228773
0.235313
0.243242
0.251427
0.259067
0.265684
0.271054
0.275126
0.277952
0.279633
0.28029
0.280043
0.279007
0.277287
0.274979
0.272169
0.268928
0.265325
0.26147
0.257371
0.252492
0.251561
0.245371
0.245276
0.248786
0.254742
0.261987
0.269421
0.276279
0.282111
0.286709
0.290034
0.292144
0.293142
0.293148
0.292282
0.290659
0.288382
0.285545
0.282231
0.278513
0.274456
0.270168
0.265653
0.260408
0.27234
0.265855
0.265446
0.268506
0.273879
0.280442
0.287131
0.293215
0.298269
0.302104
0.304692
0.306095
0.306419
0.305783
0.304308
0.302106
0.299279
0.295919
0.29211
0.28792
0.283416
0.278702
0.273777
0.292791
0.286017
0.285296
0.287907
0.292701
0.298586
0.304537
0.309854
0.31414
0.317223
0.319084
0.319791
0.31945
0.318182
0.316107
0.313335
0.309967
0.306093
0.301795
0.297143
0.292199
0.287064
0.281736
0.312889
0.305831
0.304801
0.306965
0.311183
0.316397
0.321617
0.326178
0.329707
0.332048
0.333194
0.333216
0.332222
0.330333
0.327668
0.324335
0.320435
0.316056
0.311279
0.30617
0.300794
0.295246
0.289523
0.332607
0.325272
0.323935
0.325656
0.329303
0.333853
0.338352
0.342168
0.344951
0.346564
0.347007
0.346356
0.344721
0.342223
0.338978
0.335096
0.330674
0.325799
0.320551
0.314996
0.309195
0.303242
0.297132
0.351919
0.344314
0.342674
0.343956
0.347038
0.350933
0.354722
0.357805
0.359856
0.360755
0.360508
0.359198
0.356934
0.353839
0.350027
0.345606
0.340672
0.335312
0.329603
0.32361
0.317394
0.311044
0.370801
0.362932
0.360993
0.361842
0.364367
0.367617
0.370708
0.373071
0.374405
0.374603
0.373682
0.371726
0.368848
0.365169
0.360802
0.355854
0.35042
0.344586
0.338426
0.332005
0.325383
0.318645
0.389229
0.381102
0.37887
0.379291
0.381269
0.383884
0.38629
0.387949
0.388581
0.388095
0.386515
0.383929
0.380451
0.3762
0.371292
0.36583
0.359908
0.353611
0.347012
0.340174
0.333155
0.326039
0.407178
0.398801
0.396281
0.396282
0.397722
0.399716
0.401451
0.402421
0.402369
0.401215
0.398992
0.395792
0.391729
0.386923
0.381487
0.375524
0.369127
0.362379
0.355351
0.348107
0.340703
0.333219
0.424626
0.416007
0.413204
0.412794
0.413706
0.415092
0.416173
0.416472
0.415752
0.413948
0.4111
0.407302
0.402671
0.397325
0.391376
0.384926
0.378068
0.370881
0.363437
0.355798
0.34802
0.44155
0.432696
0.429618
0.428805
0.429202
0.429995
0.430439
0.430085
0.428716
0.426281
0.422826
0.418449
0.413266
0.407395
0.400949
0.394027
0.38672
0.379108
0.371261
0.363239
0.355098
0.457928
0.448848
0.445501
0.444295
0.444191
0.444408
0.444233
0.443244
0.441247
0.4382
0.434157
0.429218
0.423501
0.417123
0.410195
0.402817
0.395076
0.387053
0.378816
0.370424
0.361931
0.47374
0.464442
0.460834
0.459246
0.458655
0.458312
0.457537
0.455935
0.45333
0.449692
0.445081
0.4396
0.433367
0.426499
0.419106
0.411287
0.403128
0.394708
0.386094
0.377344
0.368512
0.488966
0.479458
0.475597
0.473639
0.472576
0.471691
0.470337
0.468143
0.464951
0.460743
0.455585
0.449582
0.442852
0.435513
0.427672
0.419428
0.410866
0.402064
0.393088
0.383994
0.374836
0.503585
0.493877
0.489772
0.487456
0.485937
0.484531
0.482618
0.479854
0.476098
0.471342
0.465658
0.459154
0.451947
0.444155
0.435884
0.427232
0.418284
0.409115
0.399791
0.390367
0.51758
0.50768
0.50334
0.50068
0.498723
0.496814
0.494365
0.491055
0.486758
0.481478
0.47529
0.468305
0.460642
0.452416
0.443734
0.434692
0.425374
0.415853
0.406196
0.396457
0.530933
0.52085
0.516286
0.513295
0.510917
0.508528
0.505566
0.501733
0.496919
0.491138
0.48447
0.477026
0.468927
0.460288
0.451213
0.441799
0.432128
0.422273
0.412298
0.402257
0.543627
0.533371
0.528591
0.525285
0.522505
0.519658
0.516206
0.511876
0.506571
0.500313
0.493188
0.485308
0.476795
0.467762
0.458314
0.448546
0.438539
0.428366
0.41809
0.407763
0.555645
0.545226
0.540242
0.536635
0.533474
0.53019
0.526275
0.521472
0.515702
0.508992
0.501434
0.493141
0.484236
0.47483
0.46503
0.454927
0.444602
0.434128
0.423566
0.412969
0.566974
0.556401
0.551224
0.547332
0.543809
0.540114
0.535761
0.530512
0.524302
0.517166
0.509199
0.500518
0.491242
0.481486
0.471353
0.460934
0.450311
0.439553
0.428722
0.41787
0.577599
0.566882
0.561523
0.557363
0.5535
0.549417
0.544651
0.538984
0.532361
0.524826
0.516476
0.50743
0.497807
0.487722
0.477276
0.466562
0.455658
0.444634
0.433551
0.42246
0.587505
0.576655
0.571126
0.566715
0.562534
0.558089
0.552938
0.54688
0.539871
0.531963
0.523256
0.513869
0.503923
0.493531
0.482795
0.471805
0.460639
0.449368
0.43805
0.596682
0.585709
0.580021
0.575378
0.5709
0.566119
0.560611
0.55419
0.546824
0.53857
0.529532
0.51983
0.509584
0.498908
0.487903
0.476657
0.46525
0.453749
0.442213
0.605118
0.594032
0.588199
0.58334
0.57859
0.573498
0.567661
0.560906
0.553212
0.54464
0.535297
0.525305
0.514784
0.503847
0.492594
0.481114
0.469484
0.457772
0.446037
0.612802
0.601614
0.595648
0.590592
0.585593
0.580218
0.57408
0.567022
0.559028
0.550166
0.540546
0.530289
0.519518
0.508343
0.496864
0.485171
0.473338
0.461435
0.449518
0.619725
0.608445
0.602359
0.597126
0.591902
0.586272
0.579863
0.572529
0.564265
0.555142
0.545272
0.534778
0.52378
0.512391
0.500709
0.488823
0.476809
0.464733
0.452653
0.625879
0.614518
0.608326
0.602934
0.597509
0.591651
0.585001
0.577423
0.568918
0.559563
0.54947
0.538765
0.527567
0.515987
0.504125
0.492068
0.479892
0.467663
0.455438
0.631256
0.619825
0.613539
0.608009
0.602409
0.596351
0.589489
0.581697
0.572982
0.563424
0.553137
0.542247
0.530873
0.519128
0.507108
0.494903
0.482585
0.470223
0.45787
0.63585
0.62436
0.617995
0.612346
0.606595
0.600366
0.593323
0.585348
0.576453
0.566721
0.556269
0.54522
0.533697
0.521809
0.509656
0.497323
0.484885
0.472409
0.459948
0.639655
0.628117
0.621686
0.615939
0.610062
0.603692
0.596499
0.588372
0.579328
0.569451
0.558861
0.547682
0.536035
0.52403
0.511765
0.499327
0.48679
0.474219
0.46167
0.642668
0.631093
0.624609
0.618784
0.612808
0.606325
0.599012
0.590765
0.581602
0.571612
0.560912
0.54963
0.537885
0.525787
0.513435
0.500914
0.488298
0.475653
0.463034
0.644884
0.633283
0.626762
0.620879
0.614829
0.608262
0.600861
0.592524
0.583274
0.5732
0.56242
0.551062
0.539244
0.527079
0.514662
0.50208
0.489408
0.476708
0.464038
0.646302
0.634686
0.628141
0.62222
0.616124
0.609502
0.602044
0.593649
0.584343
0.574215
0.563383
0.551976
0.540113
0.527904
0.515447
0.502827
0.490118
0.477384
0.464682
0.646919
0.6353
0.628745
0.622808
0.61669
0.610044
0.60256
0.594139
0.584807
0.574655
0.563801
0.552373
0.54049
0.528263
0.515788
0.503152
0.490428
0.477681
0.464965
0.646737
0.635125
0.628575
0.622642
0.616528
0.609887
0.602408
0.593993
0.584667
0.574521
0.563673
0.552251
0.540375
0.528154
0.515686
0.503056
0.490339
0.477597
0.464888
0.645756
0.634163
0.627631
0.621723
0.615639
0.609032
0.601589
0.593212
0.583923
0.573813
0.563
0.551612
0.539768
0.527579
0.515141
0.502539
0.489849
0.477134
0.46445
0.643977
0.632414
0.625914
0.620052
0.614024
0.607481
0.600106
0.591797
0.582576
0.572532
0.561784
0.550457
0.538671
0.526538
0.514153
0.501603
0.488961
0.476292
0.463652
0.641404
0.629881
0.623428
0.617631
0.611686
0.605236
0.597959
0.58975
0.580628
0.57068
0.560024
0.548786
0.537085
0.525032
0.512724
0.500247
0.487675
0.475073
0.462495
0.63804
0.62657
0.620177
0.614466
0.608628
0.602299
0.595152
0.587074
0.578082
0.56826
0.557725
0.546602
0.535012
0.523064
0.510856
0.498474
0.485993
0.473477
0.460981
0.63389
0.622483
0.616164
0.610559
0.604855
0.598676
0.591689
0.583773
0.574941
0.565274
0.554889
0.543909
0.532454
0.520636
0.508551
0.496287
0.483917
0.471506
0.459111
0.628961
0.617628
0.611396
0.605917
0.600371
0.594371
0.587573
0.579851
0.571209
0.561727
0.551519
0.540708
0.529415
0.517751
0.505812
0.493686
0.481448
0.469164
0.456888
0.623259
0.61201
0.605879
0.600546
0.595182
0.58939
0.582812
0.575312
0.56689
0.557622
0.547619
0.537005
0.525899
0.514412
0.502642
0.490677
0.478591
0.466452
0.454314
0.616792
0.605639
0.599622
0.594453
0.589296
0.583738
0.577409
0.570163
0.561991
0.552965
0.543195
0.532803
0.521908
0.510623
0.499045
0.487261
0.475349
0.463373
0.451391
0.609569
0.598522
0.592632
0.587646
0.58272
0.577424
0.571374
0.564409
0.556517
0.547761
0.538251
0.528107
0.517449
0.506388
0.495024
0.483443
0.471724
0.459931
0.448123
0.601601
0.59067
0.584919
0.580135
0.575463
0.570456
0.564712
0.558059
0.550474
0.542017
0.532793
0.522923
0.512526
0.501713
0.490584
0.479228
0.467721
0.45613
0.444514
0.592897
0.582093
0.576494
0.571929
0.567534
0.562842
0.557432
0.551119
0.54387
0.535739
0.526829
0.517258
0.507145
0.496603
0.485731
0.474619
0.463344
0.451974
0.440568
0.429174
0.58347
0.572803
0.567367
0.56304
0.558944
0.554591
0.549543
0.543599
0.536713
0.528935
0.520364
0.511116
0.501312
0.491063
0.48047
0.469622
0.458599
0.447467
0.436287
0.42511
0.573332
0.562812
0.557552
0.553479
0.549703
0.545715
0.541056
0.535507
0.529012
0.521614
0.513406
0.504507
0.495034
0.4851
0.474806
0.464243
0.45349
0.442615
0.431679
0.420732
0.562498
0.552135
0.547062
0.543258
0.539824
0.536225
0.53198
0.526853
0.520776
0.513782
0.505964
0.497437
0.488318
0.478721
0.468747
0.458488
0.448023
0.437422
0.426746
0.416047
0.550982
0.540785
0.53591
0.532392
0.529319
0.526133
0.522327
0.517648
0.512014
0.505451
0.498046
0.489914
0.481171
0.471932
0.462298
0.452362
0.442203
0.431894
0.421495
0.411058
0.538799
0.528779
0.524111
0.520894
0.518202
0.51545
0.512109
0.507903
0.502737
0.496629
0.489662
0.481947
0.473602
0.464741
0.455467
0.445872
0.436038
0.426037
0.41593
0.405772
0.525966
0.516131
0.511681
0.508779
0.506487
0.504191
0.501337
0.497629
0.492956
0.487327
0.48082
0.473545
0.46562
0.457157
0.448261
0.439026
0.429534
0.419857
0.410059
0.400193
0.5125
0.50286
0.498637
0.496064
0.494189
0.49237
0.490026
0.486839
0.482682
0.477555
0.471532
0.464718
0.457232
0.449188
0.440689
0.431831
0.422697
0.413361
0.403886
0.394327
0.384734
0.498419
0.488983
0.484996
0.482765
0.481324
0.480002
0.47819
0.475546
0.471928
0.467326
0.461807
0.455476
0.448449
0.440842
0.432758
0.424295
0.415536
0.406555
0.397419
0.388181
0.378893
0.483743
0.474518
0.470777
0.4689
0.467908
0.467101
0.465842
0.463764
0.460707
0.456651
0.451657
0.445829
0.439281
0.432129
0.424478
0.416426
0.408057
0.399448
0.390663
0.38176
0.37279
0.46849
0.459486
0.455997
0.454486
0.453958
0.453685
0.452998
0.451506
0.449031
0.445542
0.441095
0.435788
0.429737
0.423058
0.415857
0.408232
0.400269
0.392045
0.383627
0.375072
0.366432
0.452682
0.443906
0.440678
0.439542
0.439493
0.439769
0.439673
0.438787
0.436915
0.434013
0.430131
0.425364
0.419829
0.41364
0.406905
0.399722
0.39218
0.384355
0.376317
0.368122
0.359825
0.436339
0.4278
0.424839
0.424088
0.42453
0.425372
0.425884
0.425623
0.424372
0.422076
0.418778
0.41457
0.409567
0.403884
0.397631
0.390906
0.383798
0.376386
0.36874
0.360918
0.352975
0.344984
0.419483
0.411189
0.408501
0.408145
0.409089
0.410511
0.411648
0.412029
0.411418
0.409746
0.407049
0.403417
0.398963
0.393802
0.388045
0.381792
0.375133
0.368147
0.360905
0.353468
0.34589
0.338248
0.402137
0.394095
0.391687
0.391732
0.39319
0.395204
0.396981
0.398021
0.398067
0.397037
0.394958
0.391918
0.388028
0.383405
0.378158
0.372391
0.366192
0.359645
0.352819
0.345778
0.338576
0.331294
0.384325
0.376541
0.374418
0.374872
0.376853
0.379472
0.381903
0.383617
0.384336
0.383963
0.382518
0.380086
0.376775
0.372703
0.367981
0.362711
0.356987
0.350889
0.344491
0.337856
0.33104
0.324128
0.366069
0.358551
0.356717
0.357586
0.360099
0.363333
0.366431
0.368833
0.37024
0.370539
0.369744
0.367934
0.365217
0.361709
0.357524
0.352765
0.347525
0.341888
0.335929
0.32971
0.32329
0.316756
0.310101
0.347395
0.340149
0.338609
0.339898
0.342949
0.346808
0.350584
0.353687
0.355795
0.356782
0.35665
0.355475
0.353364
0.350434
0.346798
0.342561
0.337817
0.332652
0.327141
0.321348
0.315333
0.309186
0.302901
0.328328
0.32136
0.320117
0.32183
0.325425
0.329917
0.334381
0.338198
0.34102
0.342706
0.34325
0.342724
0.341232
0.338891
0.335816
0.332111
0.327874
0.32319
0.318136
0.312779
0.307177
0.301425
0.295519
0.308893
0.30221
0.301266
0.303406
0.30755
0.312682
0.317843
0.322383
0.32593
0.328328
0.329561
0.329694
0.328833
0.327092
0.324588
0.321426
0.317705
0.313511
0.308924
0.304009
0.298829
0.29348
0.28796
0.289116
0.282723
0.282081
0.284651
0.289347
0.295123
0.300989
0.306261
0.310545
0.313665
0.315597
0.316401
0.31618
0.31505
0.313126
0.310517
0.30732
0.303626
0.299513
0.295049
0.290297
0.285358
0.280232
0.274459
0.269024
0.262926
0.262588
0.265588
0.270838
0.277264
0.28384
0.289853
0.294881
0.298733
0.301373
0.302859
0.303288
0.302777
0.301443
0.299394
0.296731
0.293543
0.289912
0.285906
0.28159
0.277067
0.27234
0.266921
0.248643
0.242846
0.242813
0.246243
0.252049
0.259126
0.266418
0.273176
0.278956
0.283549
0.286907
0.289082
0.29017
0.290288
0.289551
0.288071
0.285948
0.283273
0.280131
0.276589
0.272714
0.268613
0.264292
0.259232
0.228002
0.22251
0.222782
0.226641
0.233002
0.240733
0.248742
0.256252
0.262791
0.268131
0.272215
0.275087
0.276842
0.277595
0.277463
0.276558
0.274982
0.272827
0.270179
0.267107
0.263679
0.260005
0.256095
0.251399
0.247286
0.207127
0.201945
0.202521
0.206809
0.213723
0.222106
0.230835
0.239101
0.246403
0.252496
0.257312
0.260888
0.263316
0.264711
0.265191
0.264867
0.263844
0.262215
0.260066
0.25747
0.254492
0.251249
0.247754
0.243426
0.239658
0.186047
0.181179
0.182059
0.186772
0.194236
0.20327
0.212719
0.221742
0.229811
0.236663
0.242216
0.246502
0.249609
0.251652
0.252748
0.253011
0.252546
0.251447
0.249802
0.247685
0.245162
0.242353
0.239278
0.235322
0.231895
0.16479
0.16024
0.161422
0.166556
0.174567
0.184248
0.194416
0.204196
0.213035
0.220649
0.226943
0.231943
0.235734
0.23843
0.240147
0.241002
0.241099
0.240535
0.239397
0.237762
0.235698
0.233326
0.230672
0.22709
0.224003
0.143384
0.139156
0.140639
0.146189
0.15474
0.165064
0.175948
0.186485
0.196094
0.204472
0.211511
0.217229
0.221708
0.225059
0.227402
0.228852
0.229514
0.229488
0.228862
0.227712
0.226107
0.224174
0.221944
0.218737
0.215986
0.121859
0.117955
0.119736
0.125696
0.134781
0.145743
0.157338
0.168629
0.179009
0.188151
0.195937
0.202375
0.207544
0.211555
0.214526
0.216573
0.217804
0.218318
0.218205
0.217542
0.216399
0.214905
0.213099
0.210267
0.207848
0.100243
0.0966658
0.0987412
0.105106
0.114717
0.126307
0.138608
0.15065
0.161798
0.171705
0.180237
0.187397
0.193259
0.197931
0.201532
0.204179
0.205981
0.207037
0.207438
0.207264
0.206583
0.205528
0.204146
0.201687
0.199591
0.0785644
0.0753171
0.0776837
0.0844442
0.0945718
0.106783
0.119782
0.132569
0.144481
0.155151
0.164431
0.172312
0.178867
0.184201
0.188434
0.191682
0.194056
0.195655
0.196572
0.196886
0.196668
0.196051
0.19509
0.193001
0.191217
0.0568529
0.0539375
0.056591
0.063739
0.0743726
0.0871932
0.100882
0.114408
0.12708
0.13851
0.148534
0.157137
0.164384
0.17038
0.175245
0.179095
0.182041
0.184184
0.185617
0.18642
0.186663
0.186482
0.18594
0.184214
0.182726
0.0351373
0.0325556
0.0354914
0.0430174
0.0541452
0.0675638
0.0819315
0.0961875
0.109613
0.121798
0.132565
0.141887
0.149825
0.156484
0.16198
0.166431
0.169949
0.172636
0.174585
0.175876
0.176578
0.17683
0.176704
0.175332
0.174119
0.0134465
0.0112
0.0144128
0.0223066
0.0339155
0.0479187
0.0629533
0.0779297
0.0921018
0.105037
0.116541
0.126579
0.135207
0.142525
0.148651
0.153703
0.157792
0.161022
0.163487
0.165266
0.166425
0.167106
0.167391
0.166363
0.165388
-0.00819057
-0.0101009
-0.00661668
0.0016337
0.0137096
0.0282827
0.0439706
0.059656
0.0745652
0.088243
0.10048
0.11123
0.120543
0.128519
0.135273
0.140924
0.145584
0.149356
0.152334
0.154599
0.156215
0.15732
0.158012
0.157316
0.156526
-0.0297452
-0.0313188
-0.0275691
-0.0189742
-0.00644656
0.00868037
0.0250066
0.0413881
0.057024
0.0714362
0.0843987
0.0958554
0.105851
0.11448
0.121859
0.128107
0.133335
0.137647
0.141139
0.14389
0.145959
0.147483
0.148581
0.148216
0.14752
-0.0511888
-0.0524255
-0.0484168
-0.0394901
-0.0265271
-0.0108639
0.00608416
0.0231474
0.039498
0.054635
0.0683156
0.0804726
0.0911444
0.100423
0.108424
0.115265
0.121059
0.12591
0.129913
0.133149
0.135672
0.137607
0.139109
0.139101
0.138296
-0.0733932
-0.0691322
-0.0598871
-0.0465064
-0.0303256
-0.0127737
0.00495532
0.0220072
0.037858
0.0522476
0.0650976
0.0764395
0.0863626
0.0949802
0.102411
0.108767
0.114155
0.118668
0.122389
0.125369
0.127706
0.12959
0.130035
0.128706
-0.0941938
-0.0896875
-0.0801385
-0.0663586
-0.0496805
-0.0315442
-0.0131668
0.00457153
0.0211237
0.0362121
0.0497464
0.0617512
0.0723123
0.0815416
0.0895571
0.0964729
0.102394
0.107416
0.111623
0.115066
0.117804
0.120044
0.121408
0.119919
-0.110057
-0.100219
-0.0860589
-0.0689047
-0.0502048
-0.0311978
-0.0127893
0.00445053
0.0202262
0.0344351
0.0470946
0.0582866
0.0681214
0.0767168
0.0841876
0.0906394
0.0961687
0.100862
0.104776
0.107945
0.110532
0.112695
0.112973
-0.130214
-0.120101
-0.105582
-0.0879744
-0.0687331
-0.0491168
-0.0300559
-0.0121434
0.0043068
0.0191796
0.0324845
0.0442993
0.0547326
0.0639021
0.0719228
0.0789017
0.084936
0.0901149
0.0945074
0.098137
0.101114
0.103943
0.105824
-0.139761
-0.124904
-0.106866
-0.087107
-0.0669032
-0.0472088
-0.0286401
-0.0115293
0.00399544
0.0179355
0.0303641
0.0413881
0.0511247
0.0596897
0.067191
0.0737274
0.0793906
0.0842602
0.0883635
0.0917668
0.0951371
0.0981006
-0.144
-0.125557
-0.105305
-0.0845363
-0.0642291
-0.0450218
-0.0272655
-0.0111019
0.00346186
0.0164944
0.0281004
0.0383965
0.047499
0.0555172
0.0625512
0.068695
0.0740367
0.0786105
0.0824539
0.0863031
0.0900063
-0.162845
-0.144023
-0.123304
-0.101996
-0.0810979
-0.061271
-0.0428857
-0.0260974
-0.0109221
0.00270353
0.0148818
0.0257289
0.0353612
0.0438895
0.0514153
0.0580344
0.0638405
0.068875
0.0731576
0.0774572
0.0817333
-0.162243
-0.141085
-0.119263
-0.0977967
-0.0773706
-0.0583738
-0.040976
-0.0252026
-0.0109957
0.0017444
0.0131329
0.0232866
0.0323171
0.0403274
0.0474148
0.0536768
0.0591601
0.0638731
0.0685973
0.0733568
-0.158625
-0.136316
-0.114307
-0.0933036
-0.0737141
-0.0557231
-0.0393661
-0.0245906
-0.0113002
0.000619453
0.0112851
0.020809
0.0292955
0.0368428
0.0435511
0.0494712
0.054603
0.059725
0.0649035
-0.153138
-0.130612
-0.109053
-0.0888912
-0.0703246
-0.0533991
-0.0380688
-0.0242403
-0.0118008
-0.000633596
0.00937413
0.0183275
0.0263255
0.0334698
0.0398145
0.0453535
0.0508512
0.0564014
-0.16971
-0.146693
-0.124604
-0.10389
-0.0847663
-0.0672888
-0.0514182
-0.0370648
-0.0241174
-0.0124598
-0.0019787
0.00743147
0.0158702
0.0234398
0.0301972
0.0361324
0.0419892
0.0478803
-0.162534
-0.139939
-0.118696
-0.0990348
-0.0810224
-0.064627
-0.0497627
-0.0363202
-0.0241839
-0.0132407
-0.00338447
0.00548449
0.0134687
0.0206275
0.0269485
0.0331514
0.0393644
-0.155044
-0.133295
-0.113117
-0.0945877
-0.0776837
-0.0623232
-0.0483992
-0.0357969
-0.0244033
-0.0141121
-0.00482379
0.00356422
0.0111136
0.0178106
0.024349
0.0308709
-0.147673
-0.126999
-0.107972
-0.0905771
-0.074736
-0.0603446
-0.0472894
-0.0354577
-0.0247434
-0.0150468
-0.00626564
0.00166373
0.0087275
0.0155922
0.0224138
-0.140669
-0.121165
-0.103296
-0.0869909
-0.072147
-0.0586526
-0.0463957
-0.0352701
-0.0251766
-0.016013
-0.00771382
-0.000292198
0.00689064
0.0140047
-0.134155
-0.115831
-0.099078
-0.083797
-0.0698777
-0.0572088
-0.0456845
-0.0352054
-0.0256703
-0.0170112
-0.00924048
-0.00174719
0.00565336
-0.14693
-0.128171
-0.110988
-0.0952859
-0.0809564
-0.0678891
-0.0559786
-0.0451258
-0.0352298
-0.0262208
-0.0181097
-0.0103134
-0.00263193
-0.140306
-0.122711
-0.106605
-0.0918804
-0.0784288
-0.066145
-0.0549304
-0.0446845
-0.0353356
-0.0268929
-0.018801
-0.0108441
-0.13424
-0.117746
-0.102642
-0.0888202
-0.0761765
-0.0646122
-0.0540273
-0.0443486
-0.0355833
-0.0272033
-0.0189767
-0.1287
-0.113233
-0.0990562
-0.0860659
-0.0741643
-0.0632518
-0.0532535
-0.0441747
-0.0355145
-0.0270243
-0.123647
-0.10913
-0.0958068
-0.0835803
-0.0723516
-0.0620442
-0.0526614
-0.0437288
-0.0349816
-0.105393
-0.0928543
-0.081321
-0.0707152
-0.061038
-0.0518413
-0.0428439
-0.10198
-0.0901544
-0.0792611
-0.0692995
-0.0598472
-0.0506069
-0.0988467
-0.087677
-0.0774413
-0.067742
-0.0582665
-0.0959585
-0.0854589
-0.0755216
-0.0658189
-0.0933485
-0.0831822
-0.0732605
-0.080588
0.0947664
0.0872208
0.0792094
0.0714773
0.063543
0.0553944
0.0471969
0.038999
0.030801
0.0226194
0.0144749
0.00638046
-0.00165608
-0.0096279
-0.0175289
-0.025354
-0.0330989
-0.0407598
-0.0483333
-0.0558162
-0.0632054
-0.0704983
-0.0776921
-0.0847845
-0.0917732
-0.0986562
0.0855429
0.0777009
0.0688905
0.0611363
0.0536424
0.0459732
0.0382783
0.0306731
0.0231464
0.0156801
0.00827939
0.000951323
-0.00630272
-0.0134826
-0.0205874
-0.0276157
-0.0345661
-0.0414373
-0.0482278
-0.0549363
-0.0615613
-0.0681012
-0.0745548
-0.0809207
-0.0871977
-0.0933847
0.0748889
0.0671419
0.058607
0.0513501
0.0445507
0.0376183
0.0306387
0.0237529
0.0169621
0.0102342
0.00356357
-0.00304387
-0.00958588
-0.0160627
-0.0224739
-0.0288181
-0.0350937
-0.0412994
-0.0474338
-0.0534956
-0.0594836
-0.0653967
-0.0712338
-0.076994
-0.0826766
-0.088281
0.0643649
0.0571
0.0493066
0.0427436
0.0366244
0.0303775
0.0240638
0.0178244
0.0116729
0.00558034
-0.000461807
-0.00644769
-0.0123732
-0.0182378
-0.0240411
-0.029782
-0.0354595
-0.0410728
-0.046621
-0.0521037
-0.0575203
-0.0628704
-0.0681537
-0.07337
-0.0785192
-0.0836011
0.0550656
0.048421
0.0413995
0.0354667
0.0299185
0.0242531
0.0185225
0.0128557
0.00727075
0.00174301
-0.00373665
-0.00916388
-0.0145349
-0.0198493
-0.0251072
-0.0303085
-0.0354527
-0.0405396
-0.0455688
-0.0505404
-0.0554542
-0.0603102
-0.0651084
-0.0698489
-0.0745317
-0.079157
0.046997
0.0409164
0.0345798
0.0291927
0.0241342
0.0189768
0.0137667
0.00861571
0.00354071
-0.00147967
-0.00645442
-0.0113807
-0.0162556
-0.0210789
-0.0258513
-0.0305729
-0.0352436
-0.0398635
-0.0444326
-0.0489512
-0.0534193
-0.0578371
-0.062205
-0.066523
-0.0707915
-0.0750108
0.0399382
0.034357
0.0286392
0.0237518
0.0191403
0.0144453
0.00971039
0.00503033
0.000418879
-0.00414249
-0.00866195
-0.0131376
-0.0175672
-0.0219507
-0.0262889
-0.0305821
-0.0348306
-0.0390345
-0.0431941
-0.0473097
-0.0513816
-0.0554101
-0.0593956
-0.0633385
-0.0672391
-0.0710979
0.0337574
0.028635
0.0234815
0.0190534
0.0148511
0.010576
0.00627104
0.00201631
-0.00217767
-0.00632692
-0.0104385
-0.0145109
-0.0185424
-0.0225332
-0.026484
-0.0303953
-0.0342674
-0.0381006
-0.0418953
-0.0456519
-0.0493707
-0.0530521
-0.0566967
-0.0603049
-0.063877
-0.0674136
0.0283714
0.0236741
0.0190308
0.0150185
0.0111873
0.00729126
0.00337332
-0.000498754
-0.00431744
-0.00809666
-0.0118423
-0.0155532
-0.019228
-0.0228671
-0.0264711
-0.0300406
-0.033576
-0.0370776
-0.0405459
-0.0439812
-0.0473842
-0.0507551
-0.0540945
-0.0574029
-0.0606808
-0.0639285
0.0236978
0.0193914
0.0152057
0.0115671
0.00807091
0.00451658
0.000946862
-0.00258115
-0.00606249
-0.00950928
-0.0129264
-0.0163129
-0.0196679
-0.0229915
-0.0262846
-0.0295478
-0.0327813
-0.0359857
-0.0391613
-0.0423086
-0.0454282
-0.0485204
-0.0515857
-0.0546246
-0.0576376
-0.0606251
0.019655
0.0157061
0.0119298
0.0086269
0.00543332
0.00218734
-0.0010688
-0.00428715
-0.00746492
-0.0106127
-0.0137344
-0.0168294
-0.0198968
-0.022937
-0.0259507
-0.0289385
-0.0319008
-0.0348379
-0.0377503
-0.0406385
-0.043503
-0.0463441
-0.0491623
-0.0519582
-0.0547321
-0.0574845
0.0161692
0.0125466
0.00913684
0.00613558
0.00321553
0.00024798
-0.00272556
-0.005665
-0.00856933
-0.0114478
-0.0143036
-0.017136
-0.0199445
-0.0227296
-0.0254917
-0.0282315
-0.0309493
-0.0336456
-0.0363207
-0.0389751
-0.0416092
-0.0442234
-0.0468183
-0.0493941
-0.0519513
-0.0544904
0.0131758
0.00985106
0.00676912
0.00403905
0.0013664
-0.00134957
-0.00406824
-0.00675622
-0.00941397
-0.0120495
-0.0146655
-0.0172612
-0.0198362
-0.0223909
-0.024926
-0.0274419
-0.0299389
-0.0324175
-0.034878
-0.0373208
-0.0397463
-0.042155
-0.0445472
-0.0469233
-0.0492837
-0.0516288
0.0106181
0.0075649
0.00477628
0.00229009
-0.000158667
-0.00264711
-0.00513568
-0.00759668
-0.0100317
-0.0124479
-0.0148472
-0.0172289
-0.0195929
-0.0219394
-0.0242691
-0.0265823
-0.0288794
-0.0311607
-0.0334267
-0.0356775
-0.0379137
-0.0401356
-0.0423435
-0.0445378
-0.0467189
-0.048887
0.00844573
0.00564019
0.00311409
0.000847364
-0.00139857
-0.003681
-0.00596156
-0.00821738
-0.010451
-0.0126687
-0.0148718
-0.0170599
-0.0192327
-0.0213906
-0.023534
-0.0256634
-0.027779
-0.0298812
-0.0319703
-0.0340466
-0.0361104
-0.0381621
-0.040202
-0.0422304
-0.0442476
-0.046254
0.00661449
0.00403476
0.0017438
-0.000325235
-0.00238721
-0.00448287
-0.00657512
-0.00864519
-0.0106964
-0.0127341
-0.0147594
-0.0167718
-0.0187711
-0.0207576
-0.0227319
-0.0246942
-0.0266447
-0.0285838
-0.0305118
-0.0324289
-0.0343355
-0.0362318
-0.0381182
-0.0399948
-0.0418621
-0.0437202
0.00508531
0.0027116
0.000631439
-0.0012593
-0.00315423
-0.0050803
-0.00700183
-0.00890346
-0.0107891
-0.0126634
-0.0145272
-0.0163799
-0.0182214
-0.0200521
-0.0218723
-0.0236823
-0.0254824
-0.0272727
-0.0290537
-0.0308254
-0.0325882
-0.0343423
-0.0360881
-0.0378256
-0.0395553
-0.0412772
0.00382378
0.00163814
-0.000252824
-0.00198255
-0.00372557
-0.00549746
-0.00726397
-0.00901262
-0.0107477
-0.0124734
-0.0141902
-0.0158975
-0.0175953
-0.0192839
-0.0209636
-0.0226346
-0.0242973
-0.0259517
-0.0275981
-0.0292367
-0.0308678
-0.0324916
-0.0341083
-0.0357181
-0.0373213
-0.038918
0.00279952
0.000785703
-0.000935249
-0.00251938
-0.00412406
-0.00575556
-0.00738108
-0.00899058
-0.0105887
-0.012179
-0.0137617
-0.0153364
-0.016903
-0.0184619
-0.0200132
-0.0215571
-0.023094
-0.0246239
-0.026147
-0.0276636
-0.0291739
-0.0306779
-0.032176
-0.0336684
-0.0351551
-0.0366365
0.00198566
0.000128959
-0.00143903
-0.0028913
-0.00436984
-0.00587334
-0.00737044
-0.00885317
-0.0103263
-0.011793
-0.0132534
-0.014707
-0.0161537
-0.0175938
-0.0190276
-0.0204552
-0.0218768
-0.0232925
-0.0247025
-0.026107
-0.0275061
-0.0289001
-0.030289
-0.0316731
-0.0330525
-0.0344274
0.00135839
-0.000354524
-0.00178471
-0.00311742
-0.00448079
-0.00586739
-0.00724737
-0.00861443
-0.00997344
-0.0113272
-0.0126758
-0.0140185
-0.0153554
-0.0166868
-0.0180128
-0.0193337
-0.0206494
-0.0219603
-0.0232663
-0.0245677
-0.0258646
-0.0271572
-0.0284455
-0.0297298
-0.0310101
-0.0322867
0.000896499
-0.000684681
-0.00199058
-0.00321471
-0.00447279
-0.00575252
-0.00702552
-0.0082869
-0.00954156
-0.010792
-0.0120381
-0.0132793
-0.0145155
-0.0157472
-0.0169743
-0.0181971
-0.0194156
-0.02063
-0.0218403
-0.0230468
-0.0242495
-0.0254485
-0.026644
-0.0278361
-0.029025
-0.0302106
0.000581096
-0.000879292
-0.00207295
-0.00319837
-0.00436007
-0.00554198
-0.00671714
-0.00788184
-0.00904095
-0.0101967
-0.0113488
-0.0124969
-0.0136408
-0.0147808
-0.015917
-0.0170496
-0.0181787
-0.0193042
-0.0204264
-0.0215454
-0.0226612
-0.0237739
-0.0248836
-0.0259906
-0.0270948
-0.0281963
0.000395248
-0.00095427
-0.00204646
-0.00308203
-0.00415542
-0.00524766
-0.00633324
-0.0074094
-0.00848091
-0.00954981
-0.0106157
-0.0116782
-0.0127372
-0.013793
-0.0148456
-0.0158952
-0.0169418
-0.0179855
-0.0190264
-0.0200646
-0.0211001
-0.0221331
-0.0231636
-0.0241918
-0.0252176
-0.0262413
0.000323753
-0.000923912
-0.00192428
-0.00287796
-0.00387035
-0.00488034
-0.00588381
-0.00687877
-0.00786991
-0.00885903
-0.00984571
-0.0108295
-0.0118105
-0.0127887
-0.0137643
-0.0147374
-0.015708
-0.0166762
-0.0176421
-0.0186057
-0.0195671
-0.0205264
-0.0214836
-0.0224388
-0.0233921
-0.0243436
0.000352909
-0.000801106
-0.00171829
-0.00259728
-0.0035153
-0.00444975
-0.00537789
-0.00629834
-0.00721565
-0.00813144
-0.00904526
-0.00995669
-0.0108657
-0.0117725
-0.0126772
-0.0135798
-0.0144803
-0.0153788
-0.0162753
-0.01717
-0.0180628
-0.0189539
-0.0198433
-0.020731
-0.0216171
-0.0225017
0.000470335
-0.0005975
-0.00143926
-0.00225006
-0.00309974
-0.00396477
-0.00482372
-0.00567572
-0.00652516
-0.00737349
-0.00822025
-0.00906503
-0.00990783
-0.0107488
-0.011588
-0.0124255
-0.0132612
-0.0140953
-0.0149278
-0.0157588
-0.0165882
-0.0174161
-0.0182426
-0.0190678
-0.0198917
-0.0207142
0.000664814
-0.000323659
-0.00109698
-0.00184546
-0.0026323
-0.00343348
-0.00422883
-0.00501791
-0.0058049
-0.00659113
-0.00737611
-0.00815947
-0.0089412
-0.00972143
-0.0105002
-0.0112776
-0.0120535
-0.0128281
-0.0136014
-0.0143733
-0.0151441
-0.0159136
-0.0166819
-0.0174491
-0.0182152
-0.0189802
0.000926161
1.08248e-05
-0.000700334
-0.00139183
-0.00212085
-0.00286324
-0.00360011
-0.0043313
-0.0050608
-0.00578981
-0.00651786
-0.00724458
-0.00796996
-0.00869412
-0.0094171
-0.0101389
-0.0108596
-0.0115791
-0.0122976
-0.013015
-0.0137314
-0.0144467
-0.0151611
-0.0158745
-0.0165871
-0.0172988
0.00124511
0.000397219
-0.000257442
-0.000896781
-0.00157256
-0.00226082
-0.00294386
-0.00362175
-0.00429828
-0.00497455
-0.00565009
-0.00632455
-0.00699793
-0.00767031
-0.00834174
-0.00901222
-0.00968177
-0.0103504
-0.0110181
-0.011685
-0.012351
-0.0130162
-0.0136806
-0.0143442
-0.015007
-0.0156692
0.00161324
0.00082757
0.0002243
-0.000367274
-0.000994001
-0.00163238
-0.00226583
-0.00289463
-0.00352235
-0.00414998
-0.00477706
-0.00540328
-0.00602862
-0.00665316
-0.00727694
-0.00789995
-0.0085222
-0.00914371
-0.00976449
-0.0103846
-0.0110039
-0.0116226
-0.0122406
-0.012858
-0.0134747
-0.0140909
0.00202285
0.00129463
0.000738139
0.000190338
-0.000391179
-0.000983555
-0.00157133
-0.00215488
-0.00273757
-0.00332031
-0.00390267
-0.00448433
-0.00506529
-0.00564561
-0.00622532
-0.00680442
-0.00738291
-0.00796079
-0.00853808
-0.00911478
-0.00969091
-0.0102665
-0.0108415
-0.011416
-0.01199
-0.0125634
0.00246696
0.0017918
0.00127792
0.000770258
0.000230429
-0.000319512
-0.000865162
-0.00140699
-0.00194814
-0.00248944
-0.00303049
-0.00357098
-0.00411092
-0.00465035
-0.00518929
-0.00572775
-0.00626572
-0.00680321
-0.0073402
-0.00787673
-0.00841278
-0.00894837
-0.0094835
-0.0100182
-0.0105524
-0.0110863
0.00293919
0.00231306
0.00183802
0.0013672
0.000865827
0.00035505
-0.000151744
-0.000655072
-0.00115787
-0.0016609
-0.00216378
-0.00266623
-0.00316823
-0.00366983
-0.00417106
-0.0046719
-0.00517235
-0.00567241
-0.00617207
-0.00667135
-0.00717024
-0.00766875
-0.00816688
-0.00866464
-0.00916203
-0.00965907
0.00343375
0.00285295
0.00241335
0.00197634
0.00151047
0.00103585
0.000564915
9.71224e-05
-0.000370259
-0.000837927
-0.00130552
-0.00177278
-0.0022397
-0.0027063
-0.00317261
-0.00363862
-0.00410432
-0.0045697
-0.00503476
-0.0054995
-0.00596393
-0.00642804
-0.00689183
-0.00735531
-0.00781849
-0.00828135
0.00394538
0.00340649
0.00299925
0.00259331
0.00216021
0.001719
0.00128118
0.000846201
0.000411543
-2.3438e-05
-0.000458408
-0.000893123
-0.00132757
-0.00176177
-0.00219576
-0.0026295
-0.00306299
-0.00349623
-0.00392921
-0.00436194
-0.00479439
-0.00522659
-0.00565851
-0.00609018
-0.00652157
-0.00695271
0.00446931
0.0039692
0.00359153
0.00321416
0.00281133
0.00240099
0.00199375
0.0015891
0.00118468
0.00077993
0.000375141
-2.94573e-05
-0.000433845
-0.000838054
-0.00124209
-0.00164594
-0.00204959
-0.00245303
-0.00285627
-0.00325929
-0.00366208
-0.00406466
-0.00446701
-0.00486913
-0.00527101
-0.00567267
0.00500123
0.00453701
0.00418639
0.0038353
0.00346045
0.00307864
0.00269968
0.00232305
0.00194661
0.00156982
0.00119296
0.000816237
0.000439681
6.32596e-05
-0.000313029
-0.000689172
-0.00106516
-0.00144097
-0.00181662
-0.00219208
-0.00256735
-0.00294244
-0.00331732
-0.00369201
-0.00406649
-0.00444077
0.00553727
0.00510627
0.00478043
0.00445353
0.00410454
0.00374913
0.0033963
0.00304559
0.00269503
0.00234412
0.00199311
0.00164221
0.00129144
0.000940763
0.00059019
0.000239733
-0.000110596
-0.000460786
-0.00081083
-0.00116072
-0.00151045
-0.00186001
-0.0022094
-0.00255861
-0.00290764
-0.00325648
0.00607394
0.00567372
0.00537057
0.00506597
0.0047409
0.00440991
0.00408126
0.00375454
0.00342792
0.00310097
0.00277392
0.00244694
0.00212005
0.00179324
0.00146651
0.00113988
0.000813346
0.000486931
0.000160643
-0.000165512
-0.000491525
-0.000817388
-0.0011431
-0.00146864
-0.00179402
-0.00211922
0.00660814
0.00623642
0.00595411
0.00567007
0.00536713
0.00505874
0.00475248
0.00444796
0.00414353
0.00383877
0.0035339
0.00322909
0.00292435
0.00261967
0.00231505
0.00201051
0.00170606
0.00140172
0.00109748
0.000793359
0.000489369
0.000185516
-0.000118194
-0.000421752
-0.000725154
-0.00102839
0.00713712
0.00679181
0.00652864
0.00626357
0.00598112
0.00569367
0.00540814
0.00512418
0.00484029
0.0045561
0.0042718
0.00398754
0.00370334
0.00341919
0.00313509
0.00285106
0.0025671
0.00228324
0.00199947
0.00171582
0.00143228
0.00114888
0.000865605
0.000582476
0.000299497
1.66752e-05
0.00765843
0.0073376
0.00709204
0.0068445
0.00658103
0.00631297
0.00604665
0.00578174
0.0055169
0.00525178
0.00498656
0.00472136
0.00445621
0.00419111
0.00392605
0.00366105
0.00339613
0.00313128
0.00286653
0.00260189
0.00233736
0.00207295
0.00180867
0.00154453
0.00128054
0.00101669
0.00816995
0.00787182
0.00764248
0.00741114
0.00716525
0.00691518
0.00666666
0.00641942
0.00617224
0.00592481
0.00567728
0.00542978
0.00518232
0.00493489
0.00468752
0.00444019
0.00419294
0.00394577
0.00369869
0.0034517
0.00320483
0.00295808
0.00271146
0.00246497
0.00221862
0.00197243
0.00866983
0.00839274
0.00817836
0.00796202
0.00773244
0.00749905
0.00726704
0.00703619
0.0068054
0.00657438
0.00634328
0.0061122
0.00588116
0.00565015
0.0054192
0.00518829
0.00495746
0.00472671
0.00449604
0.00426548
0.00403502
0.00380469
0.00357448
0.0033444
0.00311447
0.00288468
0.00915647
0.00889891
0.00869834
0.0084959
0.00828144
0.00806352
0.00784684
0.0076312
0.00741563
0.00719986
0.006984
0.00676817
0.00655239
0.00633664
0.00612094
0.0059053
0.00568973
0.00547423
0.00525883
0.00504353
0.00482834
0.00461326
0.00439832
0.00418351
0.00396884
0.00375432
0.00962854
0.00938909
0.0092013
0.00901174
0.00881132
0.00860777
0.00840532
0.00820381
0.00800236
0.00780075
0.00759907
0.00739741
0.0071958
0.00699423
0.00679271
0.00659125
0.00638987
0.00618856
0.00598735
0.00578625
0.00558525
0.00538437
0.00518362
0.00498301
0.00478254
0.00458223
0.0100849
0.00986227
0.00968631
0.00950871
0.00932133
0.00913112
0.00894189
0.0087535
0.00856519
0.00837673
0.00818822
0.00799973
0.0078113
0.00762291
0.00743458
0.00724632
0.00705812
0.00687002
0.00668201
0.0064941
0.00630631
0.00611864
0.0059311
0.0057437
0.00555645
0.00536934
0.0105247
0.0103176
0.0101526
0.00998614
0.00981087
0.00963306
0.00945612
0.00927993
0.00910383
0.0089276
0.00875133
0.0085751
0.00839892
0.0082228
0.00804673
0.00787073
0.00769482
0.00751899
0.00734326
0.00716764
0.00699213
0.00681675
0.0066415
0.00646639
0.00629144
0.00611663
0.0109471
0.0107545
0.0105997
0.0104435
0.0102795
0.0101132
0.00994773
0.0097829
0.00961814
0.00945329
0.00928842
0.00912358
0.0089588
0.00879408
0.00862943
0.00846485
0.00830035
0.00813594
0.00797164
0.00780745
0.00764338
0.00747944
0.00731563
0.00715196
0.00698845
0.00682509
0.0113516
0.0111724
0.0110271
0.0108806
0.010727
0.0105715
0.0104166
0.0102623
0.0101081
0.00995384
0.00979957
0.00964533
0.00949116
0.00933706
0.00918302
0.00902906
0.00887519
0.00872142
0.00856776
0.00841421
0.00826078
0.00810748
0.00795431
0.0078013
0.00764843
0.00749573
0.0117378
0.0115711
0.0114346
0.011297
0.0111532
0.0110076
0.0108626
0.0107182
0.0105738
0.0104294
0.010285
0.0101406
0.00999632
0.00985209
0.00970794
0.00956387
0.00941989
0.00927602
0.00913225
0.0089886
0.00884508
0.00870169
0.00855843
0.00841533
0.00827238
0.00812958
0.0121055
0.0119503
0.011822
0.0116928
0.0115581
0.0114217
0.0112859
0.0111506
0.0110154
0.0108802
0.0107449
0.0106098
0.0104747
0.0103396
0.0102047
0.0100698
0.00993504
0.00980038
0.00966582
0.00953139
0.00939709
0.00926292
0.00912889
0.00899501
0.00886128
0.00872772
0.0124544
0.01231
0.0121894
0.0120679
0.0119416
0.0118139
0.0116867
0.0115599
0.0114332
0.0113065
0.0111798
0.0110532
0.0109266
0.0108002
0.0106738
0.0105475
0.0104213
0.0102952
0.0101692
0.0100434
0.00991763
0.00979204
0.00966659
0.0095413
0.00941616
0.00929118
0.0127847
0.0126503
0.0125367
0.0124225
0.0123041
0.0121844
0.0120652
0.0119463
0.0118275
0.0117088
0.01159
0.0114714
0.0113528
0.0112343
0.0111158
0.0109975
0.0108793
0.0107612
0.0106432
0.0105253
0.0104076
0.01029
0.0101725
0.0100552
0.00993802
0.00982103
0.0130963
0.0129711
0.0128642
0.0127568
0.0126457
0.0125335
0.0124216
0.0123102
0.0121988
0.0120874
0.011976
0.0118648
0.0117536
0.0116425
0.0115315
0.0114206
0.0113098
0.0111991
0.0110885
0.0109781
0.0108677
0.0107576
0.0106475
0.0105376
0.0104279
0.0103183
0.0133895
0.0132728
0.0131722
0.013071
0.0129667
0.0128615
0.0127565
0.0126519
0.0125474
0.0124429
0.0123384
0.012234
0.0121297
0.0120255
0.0119214
0.0118174
0.0117135
0.0116097
0.011506
0.0114025
0.011299
0.0111958
0.0110926
0.0109896
0.0108868
0.0107841
0.0136645
0.0135557
0.0134608
0.0133656
0.0132676
0.0131688
0.0130702
0.012972
0.0128738
0.0127757
0.0126777
0.0125797
0.0124818
0.012384
0.0122863
0.0121886
0.0120911
0.0119938
0.0118965
0.0117993
0.0117023
0.0116055
0.0115087
0.0114122
0.0113157
0.0139215
0.01382
0.0137306
0.0136408
0.0135486
0.0134558
0.0133632
0.0132709
0.0131787
0.0130865
0.0129944
0.0129024
0.0128104
0.0127185
0.0126268
0.0125351
0.0124435
0.0123521
0.0122608
0.0121696
0.0120785
0.0119876
0.0118968
0.0118062
0.0117157
0.014161
0.0140662
0.0139818
0.0138971
0.0138104
0.0137231
0.0136361
0.0135493
0.0134625
0.0133758
0.0132892
0.0132027
0.0131162
0.0130299
0.0129436
0.0128574
0.0127714
0.0126855
0.0125996
0.012514
0.0124284
0.012343
0.0122577
0.0121726
0.0120876
0.0143832
0.0142947
0.0142149
0.0141349
0.0140533
0.0139712
0.0138892
0.0138075
0.0137259
0.0136443
0.0135627
0.0134813
0.0133999
0.0133187
0.0132375
0.0131564
0.0130755
0.0129946
0.0129139
0.0128333
0.0127528
0.0126725
0.0125923
0.0125123
0.0124324
0.0145887
0.0145059
0.0144304
0.0143549
0.0142779
0.0142005
0.0141233
0.0140462
0.0139693
0.0138924
0.0138155
0.0137388
0.0136621
0.0135856
0.0135091
0.0134327
0.0133565
0.0132804
0.0132043
0.0131284
0.0130527
0.012977
0.0129015
0.0128262
0.012751
0.0147779
0.0147003
0.0146288
0.0145573
0.0144846
0.0144115
0.0143387
0.0142659
0.0141933
0.0141207
0.0140482
0.0139758
0.0139035
0.0138313
0.0137591
0.0136871
0.0136152
0.0135433
0.0134716
0.0134001
0.0133286
0.0132573
0.0131861
0.0131151
0.0130442
0.0149511
0.0148782
0.0148105
0.0147427
0.0146739
0.0146049
0.014536
0.0144672
0.0143986
0.01433
0.0142614
0.014193
0.0141246
0.0140563
0.0139882
0.0139201
0.0138521
0.0137843
0.0137165
0.0136489
0.0135814
0.0135141
0.0134468
0.0133798
0.0133128
0.0151089
0.0150403
0.0149759
0.0149115
0.0148463
0.0147809
0.0147157
0.0146505
0.0145855
0.0145205
0.0144556
0.0143907
0.014326
0.0142614
0.0141968
0.0141323
0.014068
0.0140038
0.0139396
0.0138756
0.0138117
0.013748
0.0136844
0.0136209
0.0135576
0.0152515
0.0151868
0.0151255
0.0150642
0.0150023
0.0149402
0.0148782
0.0148164
0.0147546
0.0146929
0.0146313
0.0145697
0.0145082
0.0144469
0.0143856
0.0143244
0.0142633
0.0142024
0.0141415
0.0140808
0.0140202
0.0139597
0.0138994
0.0138392
0.0137791
0.0153795
0.0153182
0.0152597
0.0152011
0.0151421
0.015083
0.015024
0.0149651
0.0149063
0.0148475
0.0147888
0.0147302
0.0146717
0.0146133
0.014555
0.0144968
0.0144386
0.0143806
0.0143227
0.0142649
0.0142073
0.0141497
0.0140923
0.0140351
0.0139779
0.015493
0.0154348
0.0153787
0.0153227
0.0152663
0.0152098
0.0151534
0.0150972
0.015041
0.0149848
0.0149288
0.0148728
0.0148169
0.0147611
0.0147054
0.0146498
0.0145943
0.0145389
0.0144837
0.0144285
0.0143735
0.0143185
0.0142638
0.0142091
0.0141546
0.0155924
0.0155369
0.015483
0.0154291
0.0153749
0.0153208
0.0152667
0.0152127
0.0151588
0.015105
0.0150512
0.0149976
0.014944
0.0148905
0.0148371
0.0147838
0.0147306
0.0146775
0.0146246
0.0145717
0.014519
0.0144664
0.0144139
0.0143615
0.0143093
0.0156779
0.0156247
0.0155726
0.0155206
0.0154684
0.0154163
0.0153642
0.0153122
0.0152602
0.0152084
0.0151566
0.0151049
0.0150533
0.0150018
0.0149504
0.0148991
0.0148479
0.0147968
0.0147458
0.014695
0.0146442
0.0145936
0.0145431
0.0144928
0.0144425
0.0157495
0.0156982
0.0156476
0.0155972
0.0155466
0.0154961
0.0154456
0.0153953
0.015345
0.0152948
0.0152447
0.0151946
0.0151447
0.0150948
0.0150451
0.0149955
0.0149459
0.0148965
0.0148472
0.014798
0.0147489
0.0147
0.0146512
0.0146025
0.014554
0.0158075
0.0157576
0.0157083
0.0156591
0.0156099
0.0155606
0.0155115
0.0154625
0.0154135
0.0153646
0.0153158
0.0152671
0.0152185
0.01517
0.0151216
0.0150733
0.0150252
0.0149771
0.0149291
0.0148813
0.0148336
0.014786
0.0147386
0.0146913
0.0146441
0.0158512
0.0158024
0.015754
0.0157057
0.0156574
0.0156091
0.0155609
0.0155128
0.0154649
0.0154169
0.0153691
0.0153214
0.0152738
0.0152263
0.0151789
0.0151316
0.0150844
0.0150374
0.0149905
0.0149437
0.014897
0.0148504
0.014804
0.0147578
0.0147116
0.0158813
0.0158332
0.0157854
0.0157376
0.0156899
0.0156422
0.0155947
0.0155472
0.0154999
0.0154526
0.0154055
0.0153584
0.0153115
0.0152646
0.0152179
0.0151713
0.0151248
0.0150785
0.0150322
0.0149861
0.0149402
0.0148943
0.0148486
0.0148031
0.0147577
0.0158961
0.0158482
0.0158004
0.0157528
0.0157052
0.0156578
0.0156104
0.0155632
0.015516
0.015469
0.015422
0.0153752
0.0153286
0.015282
0.0152355
0.0151892
0.0151431
0.015097
0.0150511
0.0150053
0.0149597
0.0149142
0.0148689
0.0148237
0.0147787
0.129595
0.107791
0.114865
0.0959412
0.103141
0.0856468
0.0917475
0.0749874
0.0811495
0.0651308
0.0717108
0.056511
0.0633495
0.0489691
0.0559083
0.042322
0.0492842
0.0364697
0.0434031
0.0313378
0.0381959
0.0268523
0.0335957
0.0229424
0.0295411
0.0195445
0.0259765
0.0166024
0.0228521
0.0140661
0.0201228
0.0118911
0.0177481
0.0100378
0.0156916
0.00847102
0.0139207
0.00715969
0.0124061
0.00607596
0.0111213
0.00519508
0.0100425
0.0044949
0.00914852
0.0039556
0.00841988
0.00355935
0.00783912
0.00329009
0.0073904
0.00313334
0.00705932
0.00307595
0.00683277
0.00310603
0.00669884
0.00321274
0.00664664
0.00338621
0.00666623
0.00361748
0.00674854
0.00389834
0.00688529
0.00422132
0.00706889
0.00457961
0.00729245
0.004967
0.00754966
0.00537786
0.00783478
0.00580707
0.0081426
0.00624997
0.00846838
0.00670238
0.00880786
0.00716051
0.00915716
0.007621
0.00951284
0.00808081
0.00987179
0.00853726
0.0102313
0.00898799
0.0105888
0.00943092
0.0109423
0.00986426
0.0112898
0.0102864
0.0116297
0.0106962
0.0119608
0.0110924
0.0122817
0.0114741
0.0125915
0.0118407
0.0128894
0.0121915
0.0131749
0.0125262
0.0134473
0.0128446
0.0137064
0.0131463
0.013952
0.0134316
0.0141839
0.0137002
0.0144021
0.0139525
0.0146067
0.0141886
0.0147978
0.0144088
0.0149755
0.0146133
0.0151401
0.0148025
0.0152918
0.0149768
0.0154309
0.0151365
0.0155577
0.0152819
0.0156724
0.0154135
0.0157754
0.0155316
0.0158668
0.0156363
0.0159468
0.0157281
0.0160156
0.015807
0.0160734
0.0158732
0.01612
0.0159267
0.0161554
0.0159673
0.0161795
0.015995
0.0161916
0.0160088
0.207867
0.20032
0.19266
0.184887
0.176998
0.168991
0.17633
0.160859
0.169361
0.152613
0.162339
0.144246
0.15505
0.13551
0.147114
0.126278
0.163339
0.144129
0.171005
0.153008
0.178016
0.16139
0.184772
0.169428
0.191474
0.177353
0.185166
0.192857
0.200431
0.20789
0.215235
0.222465
0.0221563
0.0219251
0.0217053
0.022155
0.021922
0.0217005
0.0221522
0.0219155
0.0216903
0.022148
0.0219059
0.0216757
0.0221423
0.0218931
0.0216561
0.0221349
0.0218769
0.0216316
0.0221258
0.0218573
0.0216021
0.0221146
0.0218341
0.0215675
0.0221013
0.0218071
0.0215273
0.0220856
0.0217759
0.0214815
0.0220673
0.0217405
0.0214298
0.0220462
0.0217005
0.0213719
0.0220222
0.0216558
0.0213074
0.0219951
0.0216061
0.0212362
0.0219646
0.0215511
0.0211579
0.0219308
0.0214907
0.0210722
0.0218936
0.0214248
0.020979
0.0218528
0.0213532
0.0208779
0.0218085
0.0212757
0.0207688
0.0217608
0.0211924
0.0206516
0.0217098
0.0211033
0.0205261
0.0216557
0.0210084
0.0203922
0.0215988
0.0209079
0.02025
0.0215395
0.020802
0.0200994
0.0214783
0.020691
0.0199407
0.0214158
0.0205753
0.0197741
0.0213526
0.0204554
0.0195999
0.0212898
0.020332
0.0194184
0.0212282
0.0202059
0.0192303
0.0211691
0.020078
0.0190362
0.0211138
0.0199493
0.0188369
0.021064
0.0198213
0.0186335
0.0210215
0.0196953
0.018427
0.0209884
0.0195731
0.0182188
0.020967
0.0194567
0.0180105
0.02096
0.0193484
0.017804
0.0209704
0.0192506
0.0176012
0.0210016
0.0191663
0.0174047
0.0210574
0.0190989
0.0172172
0.0211421
0.0190519
0.0170419
0.0212604
0.0190297
0.0168821
0.0214178
0.0190369
0.0167421
0.0216201
0.0190788
0.0166262
0.021874
0.0191613
0.0165398
0.0221869
0.019291
0.0164884
0.0225671
0.0194755
0.0164787
0.0230237
0.0197229
0.0165181
0.0235668
0.0200427
0.0166146
0.0242079
0.0204451
0.0167777
0.0249594
0.0209419
0.0170177
0.0258353
0.0215459
0.0173464
0.0268509
0.0222716
0.0177769
0.0280234
0.0231351
0.018324
0.0293717
0.0241544
0.0190043
0.0309167
0.0253496
0.0198364
0.0326815
0.0267431
0.0208413
0.0346917
0.0283598
0.0220424
0.0369754
0.0302273
0.0234663
0.0395636
0.0323767
0.0251425
0.0424904
0.0348423
0.0271043
0.0457932
0.0376622
0.0293892
0.0495129
0.0408786
0.0320389
0.0445383
0.0351004
0.0486928
0.0386258
0.0533989
0.0426736
0.0587189
0.047309
0.0647205
0.0526044
0.0714735
0.0586356
0.0790515
0.0654785
0.0875525
0.0732296
0.0971255
0.0820607
0.107862
0.0921361
0.119442
0.103086
0.131402
0.113805
0.146163
0.126004
0.021569
0.021511
0.0214532
0.0213953
0.0213375
0.0212798
0.021222
0.0211643
0.0211067
0.0210491
0.0209916
0.0209341
0.0208767
0.0208194
0.0207621
0.0207049
0.0206477
0.0205907
0.0205337
0.0204768
0.02042
0.0203632
0.0203066
0.0202501
0.0215634
0.0215053
0.0214473
0.0213894
0.0213314
0.0212735
0.0212156
0.0211578
0.0210999
0.0210421
0.0209844
0.0209267
0.020869
0.0208114
0.0207538
0.0206963
0.0206389
0.0205815
0.0205242
0.0204669
0.0204097
0.0203526
0.0202956
0.0202387
0.0215509
0.0214921
0.0214335
0.0213749
0.0213164
0.0212578
0.0211993
0.0211408
0.0210823
0.0210238
0.0209654
0.0209069
0.0208486
0.0207903
0.020732
0.0206737
0.0206156
0.0205574
0.0204994
0.0204414
0.0203834
0.0203255
0.0202678
0.02021
0.0215332
0.0214733
0.0214137
0.0213543
0.0212947
0.0212352
0.0211756
0.0211161
0.0210566
0.0209971
0.0209376
0.0208782
0.0208188
0.0207594
0.0207001
0.0206407
0.0205815
0.0205223
0.0204631
0.020404
0.020345
0.020286
0.0202271
0.0201682
0.0215091
0.0214477
0.0213868
0.021326
0.0212651
0.0212042
0.0211433
0.0210824
0.0210215
0.0209606
0.0208997
0.0208388
0.020778
0.0207172
0.0206564
0.0205957
0.020535
0.0204743
0.0204137
0.0203532
0.0202927
0.0202322
0.0201718
0.0201115
0.0214794
0.021416
0.0213535
0.0212911
0.0212285
0.0211658
0.0211032
0.0210405
0.0209779
0.0209152
0.0208526
0.02079
0.0207274
0.0206648
0.0206023
0.0205398
0.0204773
0.0204149
0.0203525
0.0202901
0.0202278
0.0201656
0.0201034
0.0200413
0.0214434
0.0213777
0.0213132
0.0212487
0.0211841
0.0211194
0.0210546
0.0209899
0.0209252
0.0208604
0.0207957
0.020731
0.0206663
0.0206016
0.020537
0.0204723
0.0204077
0.0203432
0.0202786
0.0202142
0.0201497
0.0200854
0.020021
0.0199568
0.0214013
0.0213329
0.021266
0.0211992
0.0211322
0.021065
0.0209979
0.0209307
0.0208636
0.0207964
0.0207293
0.0206621
0.020595
0.0205278
0.0204607
0.0203937
0.0203266
0.0202596
0.0201926
0.0201257
0.0200588
0.0199919
0.0199252
0.0198584
0.0213527
0.0212811
0.0212115
0.0211421
0.0210723
0.0210024
0.0209325
0.0208626
0.0207927
0.0207227
0.0206528
0.0205829
0.020513
0.0204431
0.0203732
0.0203033
0.0202335
0.0201637
0.0200939
0.0200242
0.0199545
0.0198849
0.0198153
0.0197458
0.0212973
0.0212222
0.0211496
0.0210772
0.0210044
0.0209314
0.0208584
0.0207853
0.0207123
0.0206393
0.0205663
0.0204932
0.0204202
0.0203472
0.0202742
0.0202012
0.0201283
0.0200553
0.0199825
0.0199096
0.0198368
0.019764
0.0196913
0.0196187
0.0212349
0.0211558
0.0210799
0.0210042
0.020928
0.0208515
0.0207751
0.0206986
0.0206222
0.0205457
0.0204692
0.0203928
0.0203163
0.0202398
0.0201634
0.0200869
0.0200105
0.0199342
0.0198578
0.0197815
0.0197052
0.019629
0.0195528
0.0194767
0.0211652
0.0210817
0.0210021
0.0209228
0.0208429
0.0207626
0.0206824
0.0206022
0.0205219
0.0204417
0.0203614
0.0202812
0.0202009
0.0201207
0.0200404
0.0199602
0.01988
0.0197998
0.0197196
0.0196395
0.0195595
0.0194794
0.0193995
0.0193195
0.0210878
0.0209995
0.0209159
0.0208327
0.0207487
0.0206643
0.0205799
0.0204956
0.0204112
0.0203268
0.0202424
0.020158
0.0200736
0.0199892
0.0199049
0.0198205
0.0197361
0.0196518
0.0195675
0.0194832
0.019399
0.0193149
0.0192307
0.0191467
0.0210024
0.0209089
0.020821
0.0207334
0.020645
0.0205561
0.0204673
0.0203784
0.0202896
0.0202007
0.0201119
0.020023
0.0199341
0.0198452
0.0197563
0.0196674
0.0195786
0.0194898
0.019401
0.0193122
0.0192235
0.0191348
0.0190461
0.0189576
0.018869
0.0209087
0.0208095
0.0207169
0.0206248
0.0205315
0.0204378
0.0203441
0.0202504
0.0201567
0.020063
0.0199693
0.0198755
0.0197818
0.019688
0.0195943
0.0195005
0.0194068
0.0193131
0.0192195
0.0191258
0.0190322
0.0189386
0.0188451
0.0187517
0.0186583
0.0208064
0.020701
0.0206034
0.0205063
0.0204079
0.0203089
0.02021
0.0201111
0.0200122
0.0199132
0.0198143
0.0197153
0.0196163
0.0195173
0.0194183
0.0193193
0.0192204
0.0191214
0.0190225
0.0189236
0.0188247
0.0187259
0.0186271
0.0185284
0.0184298
0.0206951
0.020583
0.02048
0.0203776
0.0202737
0.0201691
0.0200645
0.01996
0.0198555
0.0197509
0.0196464
0.0195417
0.0194371
0.0193325
0.0192279
0.0191232
0.0190186
0.018914
0.0188095
0.0187049
0.0186004
0.0184959
0.0183915
0.0182872
0.0181828
0.0205747
0.0204553
0.0203466
0.0202385
0.0201286
0.020018
0.0199073
0.0197968
0.0196863
0.0195757
0.0194651
0.0193544
0.0192438
0.0191331
0.0190224
0.0189118
0.0188011
0.0186904
0.0185798
0.0184692
0.0183586
0.0182481
0.0181376
0.0180272
0.0179168
0.0204447
0.0203176
0.0202027
0.0200885
0.0199723
0.0198552
0.0197381
0.0196211
0.0195041
0.0193871
0.01927
0.0191529
0.0190358
0.0189186
0.0188015
0.0186843
0.0185672
0.0184501
0.0183329
0.0182158
0.0180988
0.0179818
0.0178648
0.0177478
0.017631
0.020305
0.0201695
0.0200481
0.0199274
0.0198044
0.0196804
0.0195563
0.0194325
0.0193086
0.0191847
0.0190607
0.0189367
0.0188126
0.0186886
0.0185645
0.0184404
0.0183163
0.0181923
0.0180682
0.0179442
0.0178202
0.0176962
0.0175723
0.0174484
0.0173246
0.0201553
0.020011
0.0198825
0.019755
0.0196247
0.0194932
0.0193618
0.0192306
0.0190994
0.0189681
0.0188367
0.0187053
0.0185739
0.0184424
0.0183109
0.0181794
0.018048
0.0179165
0.017785
0.0176536
0.0175221
0.0173907
0.0172594
0.0171281
0.0169968
0.0199957
0.0198417
0.0197057
0.0195709
0.0194328
0.0192934
0.0191541
0.0190151
0.018876
0.0187368
0.0185976
0.0184583
0.018319
0.0181796
0.0180402
0.0179009
0.0177615
0.0176221
0.0174827
0.0173433
0.017204
0.0170647
0.0169254
0.0167861
0.016647
0.0198258
0.0196615
0.0195176
0.0193749
0.0192286
0.0190808
0.0189331
0.0187856
0.0186381
0.0184906
0.0183429
0.0181952
0.0180475
0.0178997
0.0177519
0.0176041
0.0174563
0.0173084
0.0171606
0.0170128
0.016865
0.0167172
0.0165695
0.0164218
0.0162742
0.0196457
0.0194704
0.0193181
0.019167
0.0190119
0.018855
0.0186983
0.0185419
0.0183855
0.018229
0.0180723
0.0179157
0.0177589
0.0176022
0.0174454
0.0172886
0.0171318
0.0169749
0.0168181
0.0166613
0.0165045
0.0163477
0.016191
0.0160342
0.0158776
0.0194555
0.0192683
0.019107
0.018947
0.0187824
0.018616
0.0184497
0.0182837
0.0181178
0.0179517
0.0177855
0.0176192
0.0174529
0.0172866
0.0171202
0.0169538
0.0167874
0.016621
0.0164545
0.0162881
0.0161217
0.0159553
0.015789
0.0156226
0.0154564
0.0192552
0.0190553
0.0188844
0.0187149
0.0185403
0.0183635
0.018187
0.0180109
0.0178347
0.0176584
0.017482
0.0173056
0.017129
0.0169525
0.0167759
0.0165992
0.0164226
0.0162459
0.0160693
0.0158926
0.0157159
0.0155393
0.0153627
0.0151861
0.0150096
0.019045
0.0188316
0.0186503
0.0184708
0.0182854
0.0180976
0.0179102
0.0177232
0.0175361
0.017349
0.0171617
0.0169743
0.0167869
0.0165994
0.0164119
0.0162243
0.0160368
0.0158492
0.0156616
0.015474
0.0152865
0.0150989
0.0149114
0.0147239
0.0145364
0.0188252
0.0185972
0.018405
0.0182146
0.0180177
0.0178183
0.0176191
0.0174205
0.0172219
0.0170231
0.0168241
0.0166251
0.0164261
0.016227
0.0160278
0.0158286
0.0156294
0.0154302
0.0152309
0.0150317
0.0148325
0.0146333
0.0144341
0.014235
0.0140359
0.0185962
0.0183526
0.0181486
0.0179467
0.0177376
0.0175255
0.0173139
0.0171028
0.0168918
0.0166806
0.0164692
0.0162578
0.0160463
0.0158348
0.0156232
0.0154116
0.0151999
0.0149883
0.0147766
0.014565
0.0143533
0.0141417
0.0139301
0.0137186
0.0135071
0.0183585
0.0180982
0.0178816
0.0176674
0.017445
0.0172196
0.0169946
0.0167703
0.016546
0.0163214
0.0160968
0.0158721
0.0156473
0.0154225
0.0151976
0.0149727
0.0147478
0.0145229
0.014298
0.0140731
0.0138482
0.0136233
0.0133985
0.0131737
0.012949
0.0181128
0.0178345
0.0176044
0.0173769
0.0171405
0.0169006
0.0166613
0.0164228
0.0161843
0.0159456
0.0157067
0.0154678
0.0152288
0.0149898
0.0147508
0.0145117
0.0142726
0.0140336
0.0137945
0.0135554
0.0133164
0.0130773
0.0128384
0.0125994
0.0123606
0.0178597
0.0175622
0.0173176
0.0170759
0.0168244
0.0165691
0.0163145
0.0160607
0.015807
0.0155531
0.015299
0.0150449
0.0147907
0.0145365
0.0142823
0.0140281
0.0137738
0.0135196
0.0132654
0.0130112
0.012757
0.0125029
0.0122488
0.0119948
0.0117409
0.0176004
0.0172822
0.017022
0.016765
0.0164973
0.0162255
0.0159544
0.0156843
0.0154143
0.0151441
0.0148737
0.0146033
0.0143328
0.0140624
0.0137919
0.0135215
0.013251
0.0129806
0.0127102
0.0124398
0.0121695
0.0118992
0.011629
0.0113589
0.0110888
0.0173359
0.0169955
0.0167184
0.016445
0.0161599
0.0158703
0.0155816
0.015294
0.0150065
0.0147187
0.0144309
0.014143
0.0138551
0.0135673
0.0132794
0.0129915
0.0127037
0.012416
0.0121282
0.0118406
0.011553
0.0112654
0.010978
0.0106906
0.0104034
0.0170676
0.0167032
0.016408
0.0161169
0.015813
0.0155043
0.0151966
0.0148902
0.0145839
0.0142774
0.0139708
0.0136642
0.0133576
0.013051
0.0127445
0.012438
0.0121316
0.0118253
0.011519
0.0112128
0.0109067
0.0106007
0.0102948
0.00998901
0.00968334
0.016797
0.0164069
0.0160919
0.0157818
0.0154578
0.0151285
0.0148004
0.0144737
0.0141472
0.0138205
0.0134937
0.013167
0.0128403
0.0125137
0.0121871
0.0118607
0.0115343
0.0112081
0.0108819
0.0105559
0.0102299
0.00990415
0.00957849
0.00925298
0.00892761
0.016526
0.0161081
0.0157718
0.0154411
0.0150953
0.0147439
0.0143938
0.0140453
0.013697
0.0133486
0.0130001
0.0126517
0.0123035
0.0119553
0.0116073
0.0112593
0.0109116
0.0105639
0.0102164
0.0098691
0.00952193
0.00917494
0.00882811
0.00848147
0.00813501
0.0162567
0.0158088
0.0154493
0.0150964
0.0147271
0.0143517
0.0139779
0.0136059
0.0132342
0.0128624
0.0124905
0.0121189
0.0117474
0.011376
0.0110049
0.0106339
0.0102631
0.00989248
0.00952209
0.0091519
0.00878194
0.00841219
0.00804267
0.00767337
0.00730431
0.0159915
0.0155112
0.0151265
0.0147494
0.0143548
0.0139536
0.0135542
0.0131568
0.0127598
0.0123627
0.0119657
0.0115689
0.0111724
0.0107761
0.01038
0.00998424
0.00958869
0.00919341
0.0087984
0.00840367
0.00800921
0.00761504
0.00722115
0.00682755
0.00643423
0.00604121
0.0157331
0.0152179
0.0148057
0.0144024
0.0139804
0.0135513
0.0131241
0.0126993
0.012275
0.0118507
0.0114265
0.0110026
0.0105791
0.0101559
0.00973303
0.00931049
0.0088883
0.00846645
0.00804496
0.00762382
0.00720303
0.00678261
0.00636255
0.00594284
0.0055235
0.00510452
0.0154847
0.0149317
0.0144895
0.0140577
0.013606
0.0131467
0.0126896
0.0122351
0.0117813
0.0113275
0.0108739
0.0104208
0.00996813
0.00951591
0.00906411
0.00861276
0.00816184
0.00771138
0.00726136
0.0068118
0.00636268
0.00591402
0.00546581
0.00501805
0.00457073
0.00412386
0.01525
0.014656
0.0141809
0.0137182
0.0132343
0.0127423
0.0122527
0.0117661
0.0112803
0.0107946
0.0103093
0.00982451
0.00934036
0.00885677
0.00837375
0.00789128
0.00740939
0.00692806
0.0064473
0.0059671
0.00548748
0.00500841
0.00452991
0.00405196
0.00357457
0.00309772
0.015033
0.0143945
0.0138836
0.013387
0.0128683
0.0123408
0.011816
0.0112944
0.0107739
0.0102537
0.00973398
0.009215
0.00869678
0.00817929
0.0076625
0.00714642
0.00663106
0.00611641
0.00560248
0.00508924
0.00457672
0.00406488
0.00355374
0.00304328
0.0025335
0.00202439
0.0148383
0.0141517
0.0136013
0.0130679
0.0125112
0.0119452
0.0113821
0.0108227
0.0102645
0.00970685
0.00914985
0.00859377
0.00803865
0.00748444
0.00693112
0.00637869
0.00582715
0.00527649
0.00472672
0.00417781
0.00362978
0.00308259
0.00253625
0.00199075
0.00144608
0.000902219
0.0146713
0.0139323
0.0133386
0.012765
0.012167
0.011559
0.0109543
0.0103537
0.00975472
0.00915635
0.00855887
0.00796256
0.00736742
0.00677342
0.00618052
0.00558873
0.00499803
0.00440842
0.00381989
0.00323243
0.00264602
0.00206066
0.00147633
0.000893013
0.000310701
-0.000270626
0.014538
0.013742
0.0131006
0.0124829
0.01184
0.0111864
0.0105364
0.00989098
0.00924748
0.00860488
0.00796343
0.00732341
0.00668484
0.00604767
0.00541185
0.00477738
0.00414425
0.00351246
0.00288198
0.0022528
0.0016249
0.000998265
0.000372881
-0.000251274
-0.000874217
-0.00149597
0.0144449
0.0135869
0.012893
0.012227
0.0115352
0.0108319
0.0101324
0.0094382
0.00874628
0.00805554
0.00736625
0.00667871
0.00599294
0.00530886
0.00462644
0.00394567
0.00326652
0.00258899
0.00191305
0.00123868
0.000565852
-0.000105446
-0.00077524
-0.00144356
-0.00211042
-0.00277585
0.0143999
0.0134743
0.0127224
0.0120034
0.0112582
0.0105006
0.0097473
0.00899979
0.00825505
0.00751187
0.00677049
0.00603122
0.00529409
0.00455901
0.00382595
0.00309487
0.00236575
0.00163858
0.000913325
0.000189958
-0.00053155
-0.00125123
-0.0019691
-0.0026852
-0.00339956
-0.0041122
0.0144114
0.0134121
0.0125961
0.0118189
0.0110153
0.0101986
0.0093864
0.00858069
0.00777832
0.00697792
0.00617974
0.00538411
0.00459104
0.00380044
0.00301226
0.00222647
0.00144304
0.00066193
-0.000116882
-0.000893437
-0.00166777
-0.00243991
-0.00320991
-0.00397779
-0.00474359
-0.00550736
0.0144892
0.0134095
0.0125225
0.0116814
0.010814
0.00993257
0.00905592
0.00818657
0.00732122
0.00645835
0.00559818
0.00474105
0.00388698
0.00303588
0.00218767
0.00134231
0.000499764
-0.000340004
-0.00117704
-0.00201138
-0.00284308
-0.00367218
-0.00449872
-0.00532275
-0.00614432
-0.00696346
0.0146442
0.0134767
0.012511
0.0115995
0.0106623
0.00971006
0.00876287
0.00782386
0.00688961
0.00595844
0.00503053
0.00410624
0.00318559
0.00226847
0.00135479
0.000444501
-0.00046244
-0.00136608
-0.00226649
-0.0031637
-0.00405777
-0.00494877
-0.00583673
-0.00672173
-0.0076038
-0.00848301
0.0148889
0.0136252
0.0125724
0.0115832
0.0105695
0.00953974
0.00851522
0.00749986
0.00649016
0.00548424
0.00448222
0.0034845
0.00249109
0.00150186
0.000516704
-0.000464432
-0.00144161
-0.00241488
-0.00338432
-0.00435
-0.00531197
-0.0062703
-0.00722506
-0.00817631
-0.00912411
-0.0100685
0.0152371
0.0138683
0.0127186
0.0116437
0.0105461
0.00943136
0.00832199
0.00722286
0.00613044
0.00504262
0.00395946
0.00288135
0.00180833
0.000740242
-0.000323025
-0.00138155
-0.00243541
-0.00348467
-0.00452942
-0.00556973
-0.00660567
-0.00763733
-0.00866479
-0.00968811
-0.0107074
-0.0117227
0.0157047
0.0142208
0.0129633
0.0117937
0.0106041
0.00939602
0.00819343
0.00700228
0.00581907
0.00464141
0.00346929
0.00230309
0.00114287
-1.1541e-05
-0.00116029
-0.00230346
-0.00344114
-0.00457343
-0.00570041
-0.00682218
-0.00793883
-0.00905045
-0.0101571
-0.011259
-0.0123561
-0.0134485
0.0163094
0.0146993
0.0133219
0.0120476
0.0107568
0.00944626
0.00814114
0.00684882
0.00556585
0.00428955
0.00301977
0.00175694
0.000501097
-0.00074793
-0.00199031
-0.00322616
-0.00445558
-0.00567868
-0.00689556
-0.00810634
-0.00931112
-0.01051
-0.0117031
-0.0128906
-0.0140724
-0.0152488
0.0170714
0.0153228
0.0138118
0.0124216
0.0110196
0.0095963
0.0081783
0.00677461
0.00538191
0.00399716
0.00262008
0.00125111
-0.00010971
-0.00146256
-0.00280764
-0.00414509
-0.00547502
-0.00679756
-0.00811285
-0.009421
-0.0107222
-0.0120164
-0.0133039
-0.0145848
-0.0158592
-0.0171272
0.0180132
0.0161128
0.0144528
0.0129342
0.0114096
0.00986229
0.00831988
0.00679346
0.00527992
0.00377582
0.0022807
0.000794996
-0.000681206
-0.00214812
-0.00360597
-0.00505492
-0.00649512
-0.00792671
-0.00934983
-0.0107646
-0.0121713
-0.0135699
-0.0149607
-0.0163437
-0.0177191
-0.0190871
0.0191606
0.0170936
0.0152671
0.0136061
0.0119466
0.0102625
0.00858287
0.00692105
0.00527429
0.0036387
0.00201356
0.000399344
-0.00120384
-0.00279622
-0.00437807
-0.00594957
-0.00751088
-0.00906219
-0.0106036
-0.0121354
-0.0136577
-0.0151707
-0.0166745
-0.0181693
-0.0196552
-0.0211324
0.0205426
0.0182926
0.0162802
0.014461
0.0126528
0.0108179
0.00898661
0.00717525
0.00538147
0.00360082
0.00183232
7.64419e-05
-0.00166666
-0.00339724
-0.00511558
-0.00682193
-0.00851646
-0.0101994
-0.0118708
-0.0135311
-0.0151803
-0.0168187
-0.0184464
-0.0200636
-0.0216706
-0.0232674
0.0221918
0.0197409
0.0175207
0.0155257
0.0135533
0.011552
0.0095531
0.00757643
0.00562022
0.00367937
0.00175259
-0.000159636
-0.00205711
-0.00394008
-0.0058089
-0.00766383
-0.00950508
-0.0113329
-0.0131474
-0.014949
-0.0167377
-0.0185138
-0.0202776
-0.0220292
-0.0237689
-0.0254968
0.0241453
0.0214738
0.0190212
0.0168308
0.0146771
0.0124918
0.0103074
0.00814782
0.00601195
0.003894
0.00179227
-0.000292735
-0.00236074
-0.00441201
-0.00644694
-0.00846582
-0.0104689
-0.0124564
-0.0144286
-0.0163857
-0.018328
-0.0202558
-0.0221691
-0.0240684
-0.0259538
-0.0278255
0.0264449
0.0235312
0.0208185
0.0184107
0.0160566
0.013668
0.0112782
0.00891598
0.0065812
0.00426724
0.00197189
-0.000304281
-0.00256091
-0.00479829
-0.00701685
-0.00921691
-0.0113987
-0.0135626
-0.0157088
-0.0178376
-0.0199492
-0.022044
-0.0241221
-0.0261839
-0.0282296
-0.0302595
0.0291377
0.0259583
0.0229546
0.0203048
0.0177292
0.0151156
0.0124982
0.00991128
0.00735608
0.00482493
0.00231508
-0.000172867
-0.00263843
-0.00508189
-0.00750373
-0.00990431
-0.0122839
-0.0146428
-0.0169814
-0.0192998
-0.0215984
-0.0238775
-0.0261374
-0.0283784
-0.0306007
-0.0328046
0.0322766
0.0288058
0.0254767
0.0225577
0.0197372
0.0168745
0.0140047
0.0111685
0.00836885
0.00559683
0.00284906
0.000126217
-0.00257106
-0.00524305
-0.00789027
-0.0105131
-0.0131119
-0.0156869
-0.0182384
-0.0207668
-0.0232723
-0.0257553
-0.0282161
-0.0306549
-0.0330722
-0.0354681
0.0359213
0.0321314
0.0284386
0.0252201
0.0221287
0.0189903
0.0158403
0.0127276
0.00965656
0.00661718
0.00360526
0.000621589
-0.002333
-0.00525874
-0.00815621
-0.0110258
-0.0138678
-0.0166826
-0.0194704
-0.0222316
-0.0249665
-0.0276755
-0.0303587
-0.0330167
-0.0356496
-0.0382578
0.0401384
0.0359996
0.0319007
0.0283492
0.0249582
0.0215146
0.0180539
0.014634
0.0112618
0.00792539
0.00461995
0.00134636
-0.0018943
-0.00510221
-0.00827794
-0.0114219
-0.0145345
-0.0176158
-0.0206663
-0.0236862
-0.0266759
-0.0296357
-0.0325659
-0.0354669
-0.0383389
-0.0411823
0.0450037
0.0404839
0.0359319
0.0320103
0.0282882
0.0245066
0.0207011
0.0169403
0.0132334
0.00956705
0.00593524
0.00233913
-0.00121986
-0.00474184
-0.0082274
-0.0116769
-0.0150907
-0.0184689
-0.0218118
-0.0251197
-0.028393
-0.031632
-0.0348368
-0.0380079
-0.0411455
-0.0442501
0.0506004
0.0456671
0.0406107
0.0362782
0.0321899
0.028034
0.0238459
0.0197065
0.0156278
0.0115945
0.00759942
0.00364414
-0.000269572
-0.0041417
-0.0079728
-0.0117632
-0.0155131
-0.0192226
-0.022892
-0.0265215
-0.0301112
-0.0336615
-0.0371727
-0.0406449
-0.0440785
-0.0474737
0.0570133
0.0516347
0.0460213
0.0412355
0.036744
0.0321743
0.0275622
0.0230026
0.0185112
0.0140699
0.00967073
0.00531549
0.00100654
-0.00325596
-0.00747255
-0.0116435
-0.0157687
-0.0198483
-0.0238824
-0.0278711
-0.0318146
-0.0357129
-0.0395663
-0.043375
-0.0471391
-0.0508589
0.0643268
0.058466
0.0522431
0.0469645
0.0420332
0.0370084
0.0319282
0.0269041
0.0219549
0.01706
0.0122102
0.00740856
0.00265793
-0.00204128
-0.00668948
-0.0112867
-0.0158327
-0.0203273
-0.0247705
-0.0291622
-0.0335024
-0.0377911
-0.0420282
-0.046214
-0.0503484
-0.0544316
0.0726656
0.0662645
0.0593705
0.0535568
0.0481462
0.0426237
0.0370323
0.0315011
0.0260502
0.0206555
0.015308
0.0100119
0.00477093
-0.000414167
-0.00554352
-0.0106167
-0.0156333
-0.0205926
-0.0254944
-0.0303383
-0.0351241
-0.0398516
-0.0445204
-0.0491306
-0.0536818
-0.0581741
0.0822392
0.0752414
0.0675936
0.0611673
0.0552023
0.0491127
0.0429502
0.0368567
0.0308486
0.0248975
0.0189952
0.0131474
0.00735836
0.00162895
-0.00404032
-0.00964833
-0.0151939
-0.0206759
-0.0260936
-0.0314463
-0.0367332
-0.0419538
-0.0471077
-0.0521942
-0.0572132
-0.0621642
0.093073
0.0855981
0.0772201
0.0701241
0.0635074
0.0567585
0.0499534
0.0432352
0.0366075
0.030039
0.0235238
0.0170679
0.0106741
0.00434238
-0.00192637
-0.00813055
-0.0142684
-0.0203383
-0.0263386
-0.0322679
-0.0381248
-0.0439078
-0.049616
-0.0552481
-0.0608032
-0.0662805
0.104156
0.0965526
0.0878615
0.0802575
0.0729494
0.0654696
0.0579578
0.0505329
0.0431853
0.0358956
0.028668
0.0215093
0.0144207
0.00740259
0.000455921
-0.00641775
-0.0132169
-0.0199401
-0.0265857
-0.0331521
-0.0396375
-0.0460404
-0.0523592
-0.0585924
-0.0647386
-0.0707967
0.113993
0.106731
0.0988517
0.0912861
0.0835493
0.0755961
0.0675888
0.0595804
0.0515718
0.0435776
0.0356175
0.0277039
0.0198446
0.0120461
0.00431429
-0.00334586
-0.0109301
-0.0184345
-0.0258556
-0.03319
-0.0404347
-0.0475868
-0.0546434
-0.061602
-0.0684601
-0.0752153
)
;

boundaryField
{
    inlet
    {
        type            zeroGradient;
    }
    outlet
    {
        type            fixedValue;
        value           nonuniform 0();
    }
    cylinder
    {
        type            zeroGradient;
    }
    top
    {
        type            symmetryPlane;
    }
    bottom
    {
        type            symmetryPlane;
    }
    frontAndBack
    {
        type            empty;
    }
    procBoundary1to0
    {
        type            processor;
        value           nonuniform List<scalar> 
267
(
0.215298
0.222611
0.229805
0.2405
0.236875
0.2405
0.248209
0.255772
0.268171
0.268171
0.275775
0.283214
0.290482
0.304555
0.304555
0.311786
0.31882
0.325649
0.340177
0.340177
0.346908
0.353406
0.359664
0.365676
0.380896
0.380896
0.386686
0.392201
0.397435
0.402384
0.407043
0.411407
0.426736
0.426736
0.430693
0.434328
0.437637
0.440617
0.443264
0.445577
0.447553
0.44919
0.450487
0.451443
0.452057
0.452328
0.452256
0.451843
0.451087
0.44999
0.448554
0.44678
0.44467
0.442226
0.439452
0.436349
0.432922
0.432922
0.417839
0.413979
0.409821
0.40537
0.400631
0.395609
0.390308
0.390308
0.375165
0.369615
0.363817
0.357775
0.351495
0.351495
0.33694
0.330537
0.323925
0.317111
0.317111
0.302981
0.296108
0.289059
0.281841
0.281841
0.269318
0.262121
0.254776
0.254776
0.250184
0.243441
0.236571
0.229578
0.145057
0.130339
0.118005
0.106273
0.0953455
0.0854499
0.0765504
0.0685404
0.061334
0.0548643
0.0490699
0.0438914
0.0392727
0.0351623
0.0315126
0.0282804
0.025426
0.0229134
0.0207098
0.0187854
0.0171131
0.0156686
0.0144294
0.0133752
0.0124877
0.01175
0.0111468
0.010664
0.0102889
0.0100097
0.00981575
0.00969714
0.0096449
0.0096508
0.00970728
0.00980746
0.00994503
0.0101142
0.0103099
0.0105272
0.0107618
0.0110099
0.011268
0.011533
0.0118019
0.0120725
0.0123424
0.0126097
0.0128729
0.0131303
0.0133809
0.0136236
0.0138574
0.0140819
0.0142963
0.0145004
0.0146937
0.0148762
0.0150477
0.0152082
0.0153577
0.0154964
0.0156244
0.0157418
0.0158489
0.0159459
0.0160329
0.0161102
0.0161778
0.0162361
0.0162849
0.0163243
0.0163542
0.0163745
0.0163848
0.215298
0.21637
0.20993
0.203392
0.196762
0.190041
0.18323
0.18323
0.185466
0.179384
0.173255
0.166915
0.160078
0.175035
0.181609
0.187665
0.193522
0.199332
0.198102
0.198102
0.204635
0.211074
0.217418
0.223665
0.229812
0.229578
0.0223992
0.0223998
0.0224009
0.0224023
0.0224039
0.0224056
0.0224073
0.0224086
0.0224095
0.0224098
0.0224092
0.0224077
0.0224051
0.0224012
0.0223961
0.0223897
0.0223819
0.0223729
0.0223627
0.0223516
0.0223397
0.0223275
0.0223154
0.022304
0.0222937
0.0222856
0.0222805
0.0222795
0.0222838
0.0222949
0.0223145
0.0223444
0.0223869
0.0224443
0.0225193
0.0226151
0.0227351
0.0228831
0.0230634
0.0232809
0.0235408
0.0238491
0.0242123
0.0246377
0.0251334
0.0257084
0.0263724
0.0271364
0.0280125
0.0290139
0.0301552
0.0314525
0.0329236
0.0345877
0.0364663
0.0385826
0.0409623
0.043633
0.0466252
0.0499717
0.0537081
0.0578728
0.0536939
0.0536939
0.0583847
0.0636375
0.0695088
0.076058
0.0833462
0.091439
0.100418
0.110384
0.121383
0.133213
0.145653
0.160309
)
;
    }
    procBoundary1to2
    {
        type            processor;
        value           nonuniform List<scalar> 
257
(
-0.111935
-0.126798
-0.115554
-0.115554
-0.130587
-0.130587
-0.134756
-0.134756
-0.139275
-0.139275
-0.159394
-0.144183
-0.144183
-0.16574
-0.16574
-0.172657
-0.172657
-0.180193
-0.180193
-0.188396
-0.188396
-0.197296
-0.197296
-0.206897
-0.206897
-0.217145
-0.20299
-0.20299
-0.213005
-0.213005
-0.223214
-0.223214
-0.233131
-0.233131
-0.242004
-0.242004
-0.248794
-0.230698
-0.230698
-0.233472
-0.233472
-0.23153
-0.211875
-0.211875
-0.20347
-0.20347
-0.188632
-0.167648
-0.167648
-0.146121
-0.124338
-0.124338
-0.0724929
-0.0724929
-0.0936283
-0.114802
-0.114802
-0.13519
-0.150132
-0.150132
-0.159173
-0.159173
-0.178313
-0.181418
-0.181418
-0.180195
-0.180195
-0.175906
-0.175906
-0.192906
-0.186013
-0.186013
-0.178118
-0.178118
-0.169904
-0.169904
-0.161816
-0.161816
-0.154115
-0.154115
-0.167326
-0.159481
-0.159481
-0.152228
-0.152228
-0.145564
-0.145564
-0.139461
-0.139461
-0.133877
-0.119035
-0.119035
-0.114818
-0.114818
-0.110953
-0.110953
-0.107393
-0.107393
-0.104101
-0.104101
-0.101106
-0.0907204
-0.0907204
-0.0877982
-0.105432
-0.0994809
-0.0938065
-0.0886157
-0.0837249
-0.0791813
-0.0749154
-0.0709151
-0.0671468
-0.0635878
-0.0602159
-0.0570119
-0.053959
-0.0510427
-0.0482499
-0.0455695
-0.0429918
-0.0405085
-0.0381126
-0.035798
-0.0335597
-0.0313933
-0.0292954
-0.0272629
-0.0252934
-0.0233849
-0.0215356
-0.0197443
-0.0180096
-0.0163306
-0.0147065
-0.0131364
-0.0116197
-0.0101558
-0.00874392
-0.00738358
-0.0060741
-0.00481484
-0.00360513
-0.00244425
-0.00133146
-0.000265985
0.00075301
0.00172639
0.00265506
0.00353996
0.00438207
0.0051824
0.00594199
0.00666189
0.00734318
0.00798696
0.00859432
0.00916637
0.00970421
0.0102089
0.0106816
0.0112195
0.0112195
0.0116254
0.0120028
0.0123526
0.0126759
0.0129734
0.013246
0.0134944
0.0137192
0.0139209
0.0141002
0.0142573
0.0143925
0.0145056
0.0145971
0.0146656
0.0147124
0.0147338
0.0201936
0.0201818
0.0201524
0.0201095
0.0200513
0.0199792
0.0198926
0.0197918
0.0196763
0.0195461
0.0194007
0.0192397
0.0190627
0.0190627
0.0187806
0.018565
0.0183312
0.0180786
0.0178065
0.0175141
0.0172008
0.0168656
0.0165078
0.0161266
0.015721
0.0152901
0.0148331
0.014349
0.0138369
0.0132956
0.0127243
0.0121218
0.011487
0.0108189
0.0101162
0.00937779
0.00860239
0.00778874
0.00693547
0.00693547
0.00564848
0.00468589
0.00367743
0.00262141
0.00151594
0.00035916
-0.000850982
-0.00211655
-0.00343988
-0.00482317
-0.00626913
-0.00778023
-0.00935941
-0.0110097
-0.0127341
-0.0145363
-0.0164199
-0.0183889
-0.0204477
-0.0226012
-0.0248544
-0.0272132
-0.0296838
-0.0322737
-0.0349905
-0.037843
-0.0408417
-0.0439974
-0.0473218
-0.050831
-0.0545346
-0.0584637
-0.0626073
-0.067047
-0.0716793
-0.0767656
-0.0818656
)
;
    }
}


// ************************************************************************* //
