/*--------------------------------*- C++ -*----------------------------------*\
  =========                 |
  \\      /  F ield         | OpenFOAM: The Open Source CFD Toolbox
   \\    /   O peration     | Website:  https://openfoam.org
    \\  /    A nd           | Version:  7
     \\/     M anipulation  |
\*---------------------------------------------------------------------------*/
FoamFile
{
    version     2.0;
    format      ascii;
    class       volScalarField;
    location    "200";
    object      p;
}
// * * * * * * * * * * * * * * * * * * * * * * * * * * * * * * * * * * * * * //

dimensions      [0 2 -2 0 0 0 0];

internalField   nonuniform List<scalar> 
4575
(
-0.62487
-0.616198
-0.609497
-0.63073
-0.621735
-0.614807
-0.607221
-0.598603
-0.636506
-0.627201
-0.620049
-0.612157
-0.603096
-0.592576
-0.580225
-0.565841
-0.642166
-0.632565
-0.625189
-0.61698
-0.60745
-0.596282
-0.583106
-0.567761
-0.550322
-0.531084
-0.510503
-0.489094
-0.647672
-0.637789
-0.630193
-0.621654
-0.611627
-0.599772
-0.585731
-0.56939
-0.550899
-0.530634
-0.509112
-0.486893
-0.464486
-0.442297
-0.420611
-0.652985
-0.642838
-0.635024
-0.626141
-0.615588
-0.603007
-0.588061
-0.570695
-0.551139
-0.529849
-0.507406
-0.484404
-0.461362
-0.438676
-0.416613
-0.395328
-0.374894
-0.355315
-0.336593
-0.658064
-0.647673
-0.639641
-0.6304
-0.619292
-0.605948
-0.590061
-0.571644
-0.551015
-0.528709
-0.505368
-0.481614
-0.457968
-0.434815
-0.412402
-0.390861
-0.370245
-0.350544
-0.33176
-0.313911
-0.66287
-0.652253
-0.644005
-0.634391
-0.622698
-0.608555
-0.591694
-0.572207
-0.550502
-0.527196
-0.502983
-0.478508
-0.454293
-0.430705
-0.407967
-0.386192
-0.365412
-0.345604
-0.326769
-0.308856
-0.667358
-0.656537
-0.648074
-0.638071
-0.625764
-0.610787
-0.592924
-0.572353
-0.549576
-0.52529
-0.500235
-0.475076
-0.450325
-0.426332
-0.403297
-0.381309
-0.360385
-0.340486
-0.321611
-0.303646
-0.671486
-0.660482
-0.651804
-0.641396
-0.628447
-0.612605
-0.593716
-0.572053
-0.548214
-0.522973
-0.497111
-0.471304
-0.446054
-0.421688
-0.398382
-0.376205
-0.355154
-0.33518
-0.316278
-0.298273
-0.675208
-0.664044
-0.655153
-0.644323
-0.630704
-0.613968
-0.594036
-0.571279
-0.546395
-0.520228
-0.493596
-0.46718
-0.441467
-0.416761
-0.393212
-0.370868
-0.34971
-0.329679
-0.310763
-0.292731
-0.678481
-0.667181
-0.658075
-0.646808
-0.632494
-0.61484
-0.59385
-0.570004
-0.544097
-0.517038
-0.489677
-0.462693
-0.436555
-0.411541
-0.387776
-0.36529
-0.344044
-0.323974
-0.305058
-0.287013
-0.681261
-0.669848
-0.660527
-0.648806
-0.633774
-0.615182
-0.593129
-0.568204
-0.541301
-0.51339
-0.485342
-0.457832
-0.431308
-0.406018
-0.382067
-0.359461
-0.338149
-0.318058
-0.299157
-0.281114
-0.683501
-0.671999
-0.662464
-0.650275
-0.634503
-0.614958
-0.59184
-0.565856
-0.53799
-0.509268
-0.48058
-0.452587
-0.425714
-0.400184
-0.376074
-0.353374
-0.332017
-0.311924
-0.293053
-0.275029
-0.685158
-0.673593
-0.663843
-0.651171
-0.634643
-0.614134
-0.589958
-0.562936
-0.534145
-0.504659
-0.475378
-0.446948
-0.419767
-0.394029
-0.36979
-0.347021
-0.325641
-0.305566
-0.286742
-0.268753
-0.68619
-0.674586
-0.664621
-0.651454
-0.634155
-0.612678
-0.587455
-0.559426
-0.529754
-0.499553
-0.469727
-0.440905
-0.413456
-0.387546
-0.363208
-0.340394
-0.319014
-0.298977
-0.280217
-0.262281
-0.686555
-0.674937
-0.664756
-0.651084
-0.633004
-0.610559
-0.584308
-0.555308
-0.524801
-0.493937
-0.463619
-0.434451
-0.406774
-0.380727
-0.356319
-0.333489
-0.312131
-0.292154
-0.273475
-0.255609
-0.686212
-0.674605
-0.664208
-0.650022
-0.631155
-0.60775
-0.580495
-0.550565
-0.519274
-0.487802
-0.457044
-0.427578
-0.399715
-0.373565
-0.349119
-0.326297
-0.304986
-0.28509
-0.266511
-0.248734
-0.685123
-0.67355
-0.662939
-0.648233
-0.628577
-0.604224
-0.575997
-0.545182
-0.513163
-0.48114
-0.449995
-0.42028
-0.392271
-0.366055
-0.3416
-0.318815
-0.297575
-0.277781
-0.259321
-0.241654
-0.683252
-0.671737
-0.660914
-0.645684
-0.625242
-0.59996
-0.570796
-0.539148
-0.50646
-0.473944
-0.442467
-0.412549
-0.384438
-0.358191
-0.33376
-0.311039
-0.289894
-0.270225
-0.251904
-0.234368
-0.680563
-0.669131
-0.658097
-0.642342
-0.621123
-0.594935
-0.564878
-0.532452
-0.499155
-0.466208
-0.434454
-0.404383
-0.37621
-0.34997
-0.325593
-0.302964
-0.281939
-0.262416
-0.244257
-0.226875
-0.677027
-0.665699
-0.654458
-0.63818
-0.616196
-0.589134
-0.55823
-0.525086
-0.491244
-0.457926
-0.425952
-0.395777
-0.367585
-0.341387
-0.317098
-0.294588
-0.273706
-0.254352
-0.236376
-0.219161
-0.672612
-0.661412
-0.649968
-0.633173
-0.610442
-0.58254
-0.550843
-0.517043
-0.482723
-0.449097
-0.416959
-0.386728
-0.35856
-0.332441
-0.308271
-0.28591
-0.265196
-0.246032
-0.228251
-0.211182
-0.667294
-0.656244
-0.644602
-0.627298
-0.603843
-0.575143
-0.542709
-0.50832
-0.473588
-0.439718
-0.407472
-0.377236
-0.349134
-0.323131
-0.299113
-0.276928
-0.25641
-0.237463
-0.219894
-0.202899
-0.66105
-0.65017
-0.638338
-0.620537
-0.596384
-0.566933
-0.533822
-0.498913
-0.463839
-0.429789
-0.397492
-0.367299
-0.339305
-0.313456
-0.289622
-0.267643
-0.247348
-0.22865
-0.211328
-0.194408
-0.653858
-0.64317
-0.631156
-0.612874
-0.588056
-0.557903
-0.524182
-0.488823
-0.453476
-0.419311
-0.387019
-0.356919
-0.329076
-0.303417
-0.2798
-0.258057
-0.238011
-0.21958
-0.202473
-0.185859
-0.645704
-0.635227
-0.623041
-0.604297
-0.578851
-0.548051
-0.513786
-0.478051
-0.442502
-0.408286
-0.376056
-0.346097
-0.318447
-0.293016
-0.269649
-0.248171
-0.228403
-0.210262
-0.193399
-0.177116
-0.636574
-0.626328
-0.613981
-0.594797
-0.568763
-0.537375
-0.502638
-0.466601
-0.430921
-0.396718
-0.364607
-0.334836
-0.307422
-0.282255
-0.25917
-0.237989
-0.218524
-0.200695
-0.184112
-0.16816
-0.626459
-0.616462
-0.603967
-0.584368
-0.557792
-0.525878
-0.490742
-0.454478
-0.418739
-0.384612
-0.352675
-0.323142
-0.296004
-0.271138
-0.248371
-0.227512
-0.208378
-0.190887
-0.17461
-0.158992
-0.615352
-0.605622
-0.592994
-0.57301
-0.545939
-0.513565
-0.478105
-0.44169
-0.405963
-0.371976
-0.340267
-0.311019
-0.2842
-0.259672
-0.237253
-0.216747
-0.19797
-0.18084
-0.164893
-0.149617
-0.603252
-0.593807
-0.581061
-0.560722
-0.533209
-0.500444
-0.464736
-0.428246
-0.392602
-0.358817
-0.32739
-0.298474
-0.272015
-0.247861
-0.225822
-0.205698
-0.187304
-0.17056
-0.154962
-0.140043
-0.590159
-0.581015
-0.56817
-0.547512
-0.519611
-0.486524
-0.450646
-0.414158
-0.378666
-0.345144
-0.314053
-0.285517
-0.259457
-0.235712
-0.214086
-0.194372
-0.176388
-0.160052
-0.144823
-0.576078
-0.567252
-0.554326
-0.533386
-0.505155
-0.471819
-0.435848
-0.399438
-0.364167
-0.33097
-0.300268
-0.272154
-0.246535
-0.223234
-0.202052
-0.182776
-0.165226
-0.149323
-0.561018
-0.552525
-0.539539
-0.518356
-0.489856
-0.456344
-0.420358
-0.384101
-0.34912
-0.316306
-0.286044
-0.258398
-0.233257
-0.210436
-0.189728
-0.170919
-0.54499
-0.536845
-0.523821
-0.502438
-0.473729
-0.440116
-0.404194
-0.368164
-0.333538
-0.301166
-0.271394
-0.24426
-0.219636
-0.197328
-0.177125
-0.52801
-0.520227
-0.507188
-0.485648
-0.456795
-0.423156
-0.387376
-0.351646
-0.317439
-0.285565
-0.256332
-0.229752
-0.205682
-0.183921
-0.510096
-0.502688
-0.489659
-0.468009
-0.439074
-0.405485
-0.369925
-0.334563
-0.300841
-0.26952
-0.240873
-0.214888
-0.191409
-0.491271
-0.484251
-0.471257
-0.449542
-0.420593
-0.387132
-0.351856
-0.316939
-0.283764
-0.253048
-0.225032
-0.199683
-0.47156
-0.464939
-0.452006
-0.430276
-0.401382
-0.368128
-0.33319
-0.298795
-0.266226
-0.236167
-0.208828
-0.450989
-0.444779
-0.431934
-0.410239
-0.381466
-0.348466
-0.313987
-0.280157
-0.248251
-0.218899
-0.42959
-0.423803
-0.411073
-0.389467
-0.36087
-0.328206
-0.294246
-0.26105
-0.229862
-0.407393
-0.402043
-0.389458
-0.367996
-0.339618
-0.307382
-0.274
-0.241502
-0.384435
-0.379536
-0.367126
-0.345826
-0.317777
-0.28602
-0.253281
-0.360753
-0.356322
-0.344123
-0.32301
-0.295364
-0.264156
-0.336382
-0.332439
-0.320438
-0.299639
-0.27242
-0.311353
-0.307943
-0.296165
-0.275712
-0.248986
-0.285706
-0.282892
-0.271347
-0.251275
-0.259571
-0.257269
-0.246025
-0.232979
-0.231126
-0.22024
-0.205933
-0.204546
-0.178484
-0.150691
-0.121993
-0.148066
-0.173728
-0.17202
-0.198929
-0.196763
-0.186044
-0.223679
-0.220967
-0.209963
-0.247906
-0.244607
-0.233367
-0.213756
-0.271505
-0.267677
-0.256214
-0.236268
-0.210109
-0.294438
-0.290119
-0.27846
-0.258211
-0.231647
-0.201622
-0.316671
-0.311877
-0.300008
-0.279588
-0.252642
-0.222096
-0.338166
-0.332914
-0.320871
-0.300297
-0.273056
-0.242052
-0.209962
-0.358885
-0.35319
-0.341005
-0.320304
-0.292857
-0.261455
-0.228825
-0.196962
-0.378793
-0.372666
-0.360367
-0.339591
-0.311984
-0.280283
-0.247171
-0.214709
-0.184163
-0.397857
-0.391309
-0.378924
-0.358126
-0.330421
-0.298493
-0.264967
-0.231974
-0.200807
-0.172131
-0.416046
-0.409088
-0.396642
-0.375873
-0.348138
-0.316039
-0.282198
-0.248731
-0.217
-0.18771
-0.161097
-0.433333
-0.425976
-0.413495
-0.392802
-0.365104
-0.332912
-0.298822
-0.264955
-0.232721
-0.202869
-0.175669
-0.151107
-0.44969
-0.441947
-0.429457
-0.408886
-0.381292
-0.349084
-0.314815
-0.280622
-0.247948
-0.217589
-0.189848
-0.164736
-0.142114
-0.465097
-0.456981
-0.444505
-0.424101
-0.396675
-0.364527
-0.330158
-0.29571
-0.262663
-0.231853
-0.20362
-0.178
-0.154869
-0.134035
-0.479535
-0.47106
-0.45862
-0.438427
-0.411232
-0.37922
-0.344829
-0.310199
-0.276846
-0.245643
-0.216969
-0.190885
-0.167284
-0.145983
-0.126777
-0.492989
-0.484169
-0.471787
-0.451845
-0.424943
-0.393141
-0.358807
-0.324072
-0.29048
-0.258943
-0.229879
-0.203378
-0.179346
-0.157613
-0.137981
-0.120242
-0.505447
-0.496297
-0.483993
-0.464341
-0.437791
-0.406273
-0.372075
-0.337312
-0.303549
-0.27174
-0.24234
-0.215466
-0.191045
-0.168917
-0.148889
-0.13076
-0.114348
-0.0995743
-0.516901
-0.507438
-0.495229
-0.475904
-0.449763
-0.4186
-0.384617
-0.349902
-0.316039
-0.284021
-0.254338
-0.227138
-0.20237
-0.179884
-0.159494
-0.141004
-0.124232
-0.109097
-0.095111
-0.527346
-0.517587
-0.50549
-0.486525
-0.460847
-0.43011
-0.39642
-0.36183
-0.327939
-0.295773
-0.265863
-0.238387
-0.213312
-0.190506
-0.169787
-0.150966
-0.133861
-0.118391
-0.104104
-0.0904668
-0.536783
-0.526745
-0.514775
-0.4962
-0.471036
-0.440793
-0.407472
-0.373084
-0.339237
-0.306988
-0.276907
-0.249202
-0.223865
-0.200774
-0.179762
-0.16064
-0.143229
-0.127448
-0.112883
-0.0989535
-0.545215
-0.534916
-0.523086
-0.504929
-0.480325
-0.450641
-0.417764
-0.383655
-0.349924
-0.317657
-0.28746
-0.259576
-0.234019
-0.210684
-0.18941
-0.170019
-0.152331
-0.136265
-0.121447
-0.107235
-0.552649
-0.542107
-0.53043
-0.512714
-0.488714
-0.45965
-0.427289
-0.393536
-0.359992
-0.327772
-0.297517
-0.269503
-0.24377
-0.220229
-0.198729
-0.1791
-0.161163
-0.144834
-0.129794
-0.115304
-0.559095
-0.548331
-0.536817
-0.519562
-0.496204
-0.467817
-0.436043
-0.40272
-0.369436
-0.337329
-0.307073
-0.278979
-0.253114
-0.229404
-0.207714
-0.187877
-0.16972
-0.15315
-0.137929
-0.123163
-0.564568
-0.553602
-0.542259
-0.525482
-0.502802
-0.475145
-0.444025
-0.411204
-0.378252
-0.346322
-0.316124
-0.288001
-0.262046
-0.238208
-0.216361
-0.196348
-0.178003
-0.161233
-0.145815
-0.130842
-0.569087
-0.55794
-0.546775
-0.53049
-0.508515
-0.481637
-0.451235
-0.418987
-0.386437
-0.35475
-0.324667
-0.296565
-0.270566
-0.246637
-0.224668
-0.204511
-0.186003
-0.169052
-0.153462
-0.138464
-0.572673
-0.561366
-0.550385
-0.534601
-0.513357
-0.487302
-0.457676
-0.42607
-0.393991
-0.362612
-0.332701
-0.30467
-0.27867
-0.25469
-0.232633
-0.212362
-0.193722
-0.176615
-0.160878
-0.145842
-0.57535
-0.563907
-0.553114
-0.537837
-0.517344
-0.492148
-0.463355
-0.432455
-0.400914
-0.369907
-0.340226
-0.312318
-0.286361
-0.262367
-0.240256
-0.219902
-0.201156
-0.183922
-0.168049
-0.152919
-0.577148
-0.565592
-0.55499
-0.540222
-0.520494
-0.496191
-0.468279
-0.438147
-0.40721
-0.376637
-0.347244
-0.319508
-0.293638
-0.269669
-0.247538
-0.22713
-0.208306
-0.190967
-0.174975
-0.15974
-0.578098
-0.566452
-0.556044
-0.541785
-0.522831
-0.499447
-0.472461
-0.443154
-0.412883
-0.382806
-0.353758
-0.326243
-0.300503
-0.276597
-0.25448
-0.234048
-0.215171
-0.197752
-0.181665
-0.166341
-0.578233
-0.566523
-0.556309
-0.542556
-0.524379
-0.501934
-0.475913
-0.447485
-0.41794
-0.388419
-0.35977
-0.332527
-0.30696
-0.283155
-0.261083
-0.240657
-0.221755
-0.204279
-0.188121
-0.172734
-0.577592
-0.565841
-0.555823
-0.542568
-0.525168
-0.503676
-0.478653
-0.45115
-0.422389
-0.393482
-0.365287
-0.338363
-0.313012
-0.289345
-0.267353
-0.246961
-0.228058
-0.210551
-0.194345
-0.178917
-0.576213
-0.564448
-0.554624
-0.541859
-0.525229
-0.504698
-0.480699
-0.454165
-0.426239
-0.398001
-0.370314
-0.343758
-0.318665
-0.295172
-0.273291
-0.252963
-0.234087
-0.216571
-0.200337
-0.184892
-0.574137
-0.562383
-0.552754
-0.540467
-0.524597
-0.505029
-0.482072
-0.456544
-0.429502
-0.401987
-0.374858
-0.348718
-0.323925
-0.300642
-0.278904
-0.258667
-0.239843
-0.222342
-0.206102
-0.190659
-0.571408
-0.559691
-0.550256
-0.538434
-0.52331
-0.504699
-0.482798
-0.458306
-0.432191
-0.405448
-0.378929
-0.35325
-0.328797
-0.305761
-0.284197
-0.264079
-0.245331
-0.227869
-0.211642
-0.196222
-0.56807
-0.556417
-0.547175
-0.535803
-0.521405
-0.503741
-0.482901
-0.45947
-0.434321
-0.408398
-0.382534
-0.357362
-0.33329
-0.310535
-0.289176
-0.269204
-0.250556
-0.233155
-0.216961
-0.201584
-0.56417
-0.552606
-0.543557
-0.532618
-0.518925
-0.502191
-0.482412
-0.460059
-0.435909
-0.410847
-0.385685
-0.361063
-0.33741
-0.314971
-0.293847
-0.274047
-0.255524
-0.238206
-0.222063
-0.206748
-0.559755
-0.548306
-0.539448
-0.528926
-0.515912
-0.500087
-0.481361
-0.460096
-0.436973
-0.41281
-0.388393
-0.364363
-0.341168
-0.319078
-0.298218
-0.278616
-0.260241
-0.243027
-0.226953
-0.211718
-0.55487
-0.543562
-0.534896
-0.524773
-0.512411
-0.497467
-0.47978
-0.459608
-0.437533
-0.414303
-0.39067
-0.367271
-0.344571
-0.322863
-0.302296
-0.282918
-0.264712
-0.247622
-0.231636
-0.216499
-0.549565
-0.538423
-0.529949
-0.520208
-0.508467
-0.494375
-0.477705
-0.458622
-0.43761
-0.415341
-0.392528
-0.369799
-0.34763
-0.326336
-0.30609
-0.28696
-0.268945
-0.252
-0.236117
-0.221094
-0.543887
-0.532935
-0.524654
-0.515276
-0.504127
-0.490851
-0.475172
-0.457168
-0.437226
-0.415943
-0.393982
-0.371958
-0.350354
-0.329506
-0.309607
-0.290749
-0.272946
-0.256165
-0.240402
-0.225509
-0.537883
-0.527144
-0.519057
-0.510026
-0.499435
-0.486938
-0.472219
-0.455276
-0.436407
-0.416125
-0.395046
-0.373759
-0.352754
-0.332381
-0.312857
-0.294293
-0.276723
-0.260124
-0.244497
-0.229749
-0.531599
-0.521096
-0.513205
-0.504503
-0.49444
-0.482681
-0.468885
-0.45298
-0.435177
-0.41591
-0.395734
-0.375216
-0.35484
-0.334972
-0.315849
-0.297602
-0.280284
-0.263884
-0.248407
-0.233818
-0.52508
-0.514834
-0.507141
-0.498754
-0.489185
-0.478124
-0.465209
-0.450313
-0.433564
-0.415316
-0.396064
-0.37634
-0.356623
-0.337287
-0.31859
-0.300682
-0.283635
-0.267453
-0.25214
-0.237724
-0.51837
-0.5084
-0.500908
-0.492822
-0.483717
-0.47331
-0.461233
-0.44731
-0.431595
-0.414365
-0.396051
-0.377145
-0.358113
-0.339337
-0.32109
-0.303543
-0.286785
-0.270836
-0.255702
-0.511511
-0.501836
-0.494549
-0.486749
-0.478077
-0.468281
-0.456995
-0.444005
-0.429301
-0.413082
-0.395713
-0.377644
-0.359322
-0.341132
-0.323359
-0.504543
-0.49518
-0.488101
-0.480577
-0.47231
-0.463082
-0.452538
-0.440437
-0.426711
-0.411488
-0.395068
-0.497505
-0.488469
-0.481601
-0.474343
-0.466454
-0.457752
-0.4479
-0.43664
-0.490433
-0.481736
-0.475084
-0.468083
-0.460546
-0.483359
-0.475013
-0.468582
-0.265867
-0.271286
-0.276559
-0.281691
-0.286686
-0.291552
-0.243354
-0.248354
-0.253241
-0.258018
-0.26269
-0.26726
-0.222986
-0.227592
-0.232108
-0.236537
-0.240882
-0.245148
-0.204667
-0.208891
-0.213044
-0.217128
-0.221145
-0.2251
-0.187997
-0.191866
-0.195678
-0.199434
-0.203137
-0.206789
-0.172824
-0.176358
-0.179846
-0.18329
-0.186689
-0.190048
-0.158934
-0.162159
-0.165345
-0.168495
-0.171609
-0.17469
-0.146199
-0.149137
-0.152044
-0.154921
-0.157768
-0.160587
-0.134487
-0.137161
-0.139809
-0.142432
-0.145031
-0.147607
-0.123704
-0.126136
-0.128545
-0.130934
-0.133303
-0.135652
-0.113743
-0.115954
-0.118146
-0.120321
-0.122479
-0.124621
-0.104543
-0.106552
-0.108545
-0.110523
-0.112488
-0.114438
-0.0960261
-0.0978506
-0.0996624
-0.101462
-0.10325
-0.105026
-0.0881311
-0.0897897
-0.0914375
-0.0930749
-0.094702
-0.0963194
-0.0808125
-0.0823198
-0.083818
-0.0853073
-0.0867881
-0.0882606
-0.0740229
-0.0753929
-0.0767553
-0.0781101
-0.0794577
-0.0807982
-0.0677157
-0.0689618
-0.0702013
-0.0714344
-0.0726613
-0.0738823
-0.0618568
-0.0629904
-0.0641186
-0.0652413
-0.0663587
-0.0674711
-0.0564083
-0.0574407
-0.0584683
-0.0594912
-0.0605097
-0.0615239
-0.0625339
-0.0513435
-0.052284
-0.0532204
-0.0541529
-0.0550815
-0.0560065
-0.0569279
-0.0466322
-0.0474897
-0.0483436
-0.0491942
-0.0500415
-0.0508857
-0.0517269
-0.0422487
-0.043031
-0.0438103
-0.0445867
-0.0453604
-0.0461313
-0.0468997
-0.03817
-0.0388843
-0.0395961
-0.0403053
-0.0410122
-0.0417168
-0.0424191
-0.0343746
-0.0350273
-0.0356777
-0.0363261
-0.0369724
-0.0376167
-0.0382591
-0.0308412
-0.0314382
-0.0320333
-0.0326265
-0.033218
-0.0338077
-0.0343958
-0.0275538
-0.0281001
-0.0286448
-0.0291879
-0.0297295
-0.0302696
-0.0308082
-0.0244943
-0.0249947
-0.0254937
-0.0259913
-0.0264876
-0.0269825
-0.0274762
-0.0216471
-0.0221058
-0.0225633
-0.0230195
-0.0234746
-0.0239284
-0.0243812
-0.0189982
-0.019419
-0.0198386
-0.0202572
-0.0206747
-0.0210912
-0.0215067
-0.016534
-0.0169203
-0.0173055
-0.0176898
-0.0180732
-0.0184556
-0.0188371
-0.0142424
-0.0145972
-0.0149511
-0.0153041
-0.0156562
-0.0160075
-0.016358
-0.0121118
-0.0124378
-0.0127631
-0.0130875
-0.0134112
-0.0137341
-0.0140563
-0.0101319
-0.0104317
-0.0107308
-0.0110291
-0.0113267
-0.0116236
-0.0119198
-0.00829237
-0.00856822
-0.00884337
-0.00911783
-0.00939162
-0.00966474
-0.00993722
-0.00658455
-0.00683844
-0.00709168
-0.00734427
-0.00759623
-0.00784757
-0.00809829
-0.00499976
-0.00523352
-0.00546668
-0.00569923
-0.00593118
-0.00616253
-0.0063933
-0.00353017
-0.00374549
-0.00396022
-0.00417438
-0.00438797
-0.00460099
-0.00481345
-0.00216847
-0.00236686
-0.00256469
-0.00276196
-0.00295869
-0.00315488
-0.00335051
-0.000907843
-0.00109067
-0.00127297
-0.00145474
-0.00163598
-0.00181669
-0.00199688
0.000258042
8.95017e-05
-7.85273e-05
-0.000246044
-0.000413048
-0.000579538
-0.000745516
0.00133509
0.00117968
0.00102477
0.000870355
0.000716438
0.000563021
0.000410104
0.00232876
0.00218543
0.00204258
0.00190021
0.00175833
0.00161693
0.00147602
0.00324418
0.00311194
0.00298018
0.00284888
0.00271805
0.0025877
0.00245782
0.00408606
0.00396402
0.00384244
0.00372131
0.00360064
0.00348043
0.0033607
0.00485881
0.00474613
0.00463389
0.0045221
0.00441075
0.00429986
0.00418942
0.00556649
0.00546239
0.00535872
0.00525548
0.00515268
0.00505032
0.00494842
0.00621286
0.00611661
0.00602079
0.00592538
0.0058304
0.00573586
0.00564175
0.00680137
0.00671229
0.00662363
0.00653537
0.00644753
0.00636012
0.00627313
0.00733518
0.00725264
0.00717049
0.00708874
0.00700741
0.00692648
0.00684597
0.00781713
0.00774051
0.00766428
0.00758844
0.007513
0.00743795
0.00736332
0.00824983
0.00817856
0.00810766
0.00803714
0.00796702
0.00789728
0.00782794
0.00863546
0.00856898
0.00850287
0.00843713
0.00837176
0.00830678
0.00824219
0.00897606
0.00891384
0.00885198
0.00879048
0.00872934
0.00866859
0.00860821
0.00927308
0.0092146
0.00915647
0.0090987
0.00904128
0.00898424
0.00892756
0.00952796
0.00947272
0.00941782
0.00936327
0.00930907
0.00925523
0.00920175
0.00974121
0.00968871
0.00963654
0.00958472
0.00953324
0.00948211
0.00943133
0.00991369
0.00986343
0.00981349
0.00976389
0.00971463
0.00966571
0.00961713
0.0100445
0.00999602
0.00994784
0.00989998
0.00985246
0.00980527
0.00975842
0.010134
0.0100867
0.0100397
0.00999303
0.00994669
0.00990068
0.00985501
0.0101793
0.0101328
0.0100866
0.0100407
0.0099951
0.00994984
0.00990492
-0.130864
-0.139533
-0.148033
-0.156361
-0.164516
-0.172499
-0.180304
-0.187908
-0.195405
-0.202764
-0.209881
-0.21678
-0.223498
-0.230048
-0.236429
-0.242642
-0.248688
-0.254572
-0.260297
-0.123383
-0.130959
-0.138396
-0.145694
-0.152851
-0.159866
-0.166732
-0.173438
-0.179938
-0.186374
-0.192714
-0.198886
-0.204899
-0.210777
-0.216526
-0.222145
-0.227635
-0.232997
-0.238236
-0.115371
-0.122068
-0.128645
-0.135102
-0.141437
-0.147647
-0.153729
-0.159678
-0.165487
-0.171127
-0.176929
-0.182552
-0.187988
-0.193295
-0.198498
-0.203599
-0.208597
-0.213491
-0.218287
-0.108336
-0.114254
-0.120072
-0.125794
-0.13142
-0.136953
-0.142395
-0.14775
-0.15302
-0.158199
-0.163093
-0.168024
-0.172913
-0.177705
-0.1824
-0.187012
-0.191544
-0.195996
-0.200369
-0.101452
-0.1067
-0.111867
-0.116952
-0.121955
-0.126877
-0.131717
-0.136475
-0.141148
-0.145734
-0.15023
-0.154717
-0.159137
-0.163469
-0.167722
-0.171905
-0.176023
-0.180077
-0.184068
-0.0950616
-0.0997272
-0.104324
-0.108852
-0.113314
-0.117708
-0.122038
-0.126303
-0.130506
-0.134645
-0.138719
-0.14269
-0.146645
-0.150554
-0.154402
-0.158191
-0.161925
-0.165609
-0.169241
-0.0889642
-0.0931193
-0.0972166
-0.101257
-0.10524
-0.109168
-0.113041
-0.116859
-0.120622
-0.124331
-0.127985
-0.131585
-0.135182
-0.138723
-0.142204
-0.145633
-0.14902
-0.152366
-0.15567
-0.0832061
-0.0869146
-0.0905747
-0.0941874
-0.0977533
-0.101273
-0.104749
-0.10818
-0.111569
-0.114916
-0.118221
-0.121484
-0.124671
-0.127847
-0.130998
-0.134112
-0.137187
-0.140225
-0.143229
-0.0777326
-0.081047
-0.0843208
-0.0875547
-0.0907494
-0.0939055
-0.0970236
-0.100104
-0.103148
-0.106156
-0.109127
-0.112062
-0.114958
-0.117843
-0.120696
-0.123515
-0.126301
-0.129057
-0.131786
-0.0725341
-0.0755008
-0.0784334
-0.0813327
-0.0841991
-0.0870334
-0.0898361
-0.0926079
-0.0953496
-0.0980617
-0.100745
-0.1034
-0.106027
-0.108624
-0.1112
-0.11375
-0.116275
-0.118775
-0.121251
-0.0675887
-0.0702477
-0.0728779
-0.0754802
-0.0780549
-0.0806026
-0.083124
-0.0856195
-0.0880897
-0.0905351
-0.0929563
-0.0953535
-0.0977266
-0.100069
-0.102397
-0.104708
-0.106997
-0.109266
-0.111514
-0.062882
-0.0652677
-0.0676293
-0.0699673
-0.0722821
-0.0745743
-0.0768441
-0.0790922
-0.0813189
-0.0835247
-0.0857101
-0.0878753
-0.0900206
-0.0921451
-0.0942561
-0.0963488
-0.0984228
-0.100479
-0.102519
-0.0584002
-0.0605431
-0.0626657
-0.0647683
-0.0668513
-0.0689152
-0.0709602
-0.0729869
-0.0749955
-0.0769864
-0.07896
-0.0809167
-0.0828569
-0.0847814
-0.0866986
-0.0885965
-0.090475
-0.0923383
-0.0941886
-0.0541329
-0.0560598
-0.0579696
-0.0598626
-0.0617391
-0.0635995
-0.0654442
-0.0672734
-0.0690876
-0.0708871
-0.0726722
-0.0744433
-0.0762005
-0.0779433
-0.0796637
-0.0813778
-0.0830842
-0.0847791
-0.0864611
-0.0500693
-0.0518036
-0.0535235
-0.0552291
-0.0569208
-0.0585988
-0.0602634
-0.0619149
-0.0635535
-0.0651794
-0.066793
-0.0683944
-0.0699838
-0.0715616
-0.073127
-0.0746839
-0.0762316
-0.0777689
-0.0792957
-0.0462011
-0.0477638
-0.0493142
-0.0508525
-0.0523791
-0.0538941
-0.0553978
-0.0568904
-0.0583722
-0.0598432
-0.0613039
-0.0627544
-0.064195
-0.0656258
-0.0670467
-0.0684596
-0.0698634
-0.0712584
-0.0726448
-0.0425208
-0.0439302
-0.0453292
-0.046718
-0.0480969
-0.049466
-0.0508255
-0.0521756
-0.0535164
-0.0548482
-0.0561711
-0.0574853
-0.0587909
-0.060088
-0.0613769
-0.0626609
-0.0639362
-0.0652032
-0.0664629
-0.0390212
-0.0402937
-0.0415574
-0.0428125
-0.0440592
-0.0452977
-0.0465281
-0.0477505
-0.0489651
-0.0501721
-0.0513718
-0.0525641
-0.0537494
-0.0549279
-0.0560996
-0.0572626
-0.0584202
-0.0595718
-0.0607173
-0.0356958
-0.0368458
-0.0379885
-0.039124
-0.0402523
-0.0413736
-0.0424881
-0.0435958
-0.0446968
-0.0457914
-0.0468796
-0.0479616
-0.0490375
-0.0501074
-0.0511713
-0.0522283
-0.0532807
-0.0543284
-0.055371
-0.0325383
-0.0335788
-0.0346131
-0.0356413
-0.0366635
-0.0376797
-0.0386901
-0.0396947
-0.0406938
-0.0416873
-0.0426753
-0.0436581
-0.0446357
-0.0456082
-0.0465756
-0.047538
-0.048496
-0.0494496
-0.0503988
-0.0295429
-0.0304855
-0.0314227
-0.0323548
-0.0332818
-0.0342038
-0.0351208
-0.0360329
-0.0369403
-0.037843
-0.0387411
-0.0396346
-0.0405238
-0.0414086
-0.0422891
-0.0431654
-0.0440379
-0.0449065
-0.0457712
-0.0267041
-0.0275588
-0.0284091
-0.029255
-0.0300966
-0.0309339
-0.031767
-0.032596
-0.033421
-0.0342419
-0.0350589
-0.0358721
-0.0366814
-0.0374871
-0.0382892
-0.0390877
-0.0398829
-0.0406748
-0.0414633
-0.0240164
-0.0247924
-0.0255646
-0.0263332
-0.0270981
-0.0278594
-0.0286171
-0.0293713
-0.0301221
-0.0308694
-0.0316134
-0.0323542
-0.0330916
-0.033826
-0.0345572
-0.0352853
-0.0360109
-0.0367335
-0.0374532
-0.0214742
-0.0221795
-0.0228818
-0.0235808
-0.0242768
-0.0249698
-0.0256597
-0.0263466
-0.0270306
-0.0277117
-0.0283899
-0.0290654
-0.0297381
-0.0304082
-0.0310756
-0.0317405
-0.0324027
-0.0330625
-0.0337197
-0.0190723
-0.0197142
-0.0203535
-0.0209901
-0.0216241
-0.0222555
-0.0228844
-0.0235107
-0.0241345
-0.0247558
-0.0253747
-0.0259912
-0.0266053
-0.027217
-0.0278265
-0.0284338
-0.0290384
-0.0296412
-0.0302422
-0.0168053
-0.0173902
-0.0179728
-0.0185532
-0.0191314
-0.0197074
-0.0202812
-0.0208528
-0.0214223
-0.0219896
-0.0225549
-0.0231181
-0.0236793
-0.0242384
-0.0247956
-0.0253509
-0.0259042
-0.0264558
-0.0270057
-0.014668
-0.0152016
-0.0157333
-0.0162631
-0.016791
-0.017317
-0.0178412
-0.0183634
-0.0188839
-0.0194025
-0.0199194
-0.0204344
-0.0209477
-0.0214593
-0.0219692
-0.0224774
-0.0229839
-0.0234889
-0.0239924
-0.0126553
-0.0131427
-0.0136284
-0.0141125
-0.014595
-0.0150759
-0.0155552
-0.0160329
-0.0165091
-0.0169836
-0.0174566
-0.0179281
-0.018398
-0.0188665
-0.0193334
-0.0197989
-0.020263
-0.0207257
-0.0211871
-0.010762
-0.0112077
-0.011652
-0.0120949
-0.0125364
-0.0129765
-0.0134152
-0.0138526
-0.0142886
-0.0147233
-0.0151566
-0.0155885
-0.0160192
-0.0164485
-0.0168765
-0.0173033
-0.0177288
-0.0181531
-0.0185763
-0.00898314
-0.00939113
-0.00979793
-0.0102035
-0.010608
-0.0110112
-0.0114132
-0.0118141
-0.0122137
-0.0126122
-0.0130095
-0.0134056
-0.0138005
-0.0141944
-0.014587
-0.0149786
-0.0153691
-0.0157584
-0.0161468
-0.0073137
-0.0076876
-0.00806048
-0.00843234
-0.00880315
-0.00917294
-0.00954168
-0.00990938
-0.010276
-0.0106417
-0.0110062
-0.0113698
-0.0117323
-0.0120939
-0.0124544
-0.0128139
-0.0131725
-0.0135301
-0.0138867
-0.00574883
-0.00609185
-0.00643399
-0.00677523
-0.00711556
-0.00745499
-0.0077935
-0.0081311
-0.00846778
-0.00880353
-0.00913837
-0.00947229
-0.00980529
-0.0101374
-0.0104686
-0.0107989
-0.0111282
-0.011457
-0.0117849
-0.0042838
-0.0045988
-0.00491304
-0.00522649
-0.00553914
-0.005851
-0.00616206
-0.0064723
-0.00678174
-0.00709036
-0.00739817
-0.00770517
-0.00801136
-0.00831674
-0.00862133
-0.00892512
-0.00922813
-0.00953007
-0.00983134
-0.00291388
-0.00320342
-0.00349228
-0.00378044
-0.0040679
-0.00435465
-0.00464068
-0.00492598
-0.00521056
-0.0054944
-0.0057775
-0.00605987
-0.0063415
-0.00662239
-0.00690255
-0.00718196
-0.00746065
-0.00773859
-0.00801583
-0.00163456
-0.00190092
-0.00216668
-0.00243181
-0.00269631
-0.00296018
-0.00322339
-0.00348596
-0.00374786
-0.0040091
-0.00426967
-0.00452957
-0.0047888
-0.00504735
-0.00530523
-0.00556243
-0.00581896
-0.00607482
-0.00633002
-0.000441449
-0.000686681
-0.000931366
-0.00117549
-0.00141905
-0.00166203
-0.00190442
-0.00214621
-0.0023874
-0.00262799
-0.00286796
-0.00310732
-0.00334605
-0.00358417
-0.00382166
-0.00405852
-0.00429476
-0.00453038
-0.00476538
0.000669745
0.000443801
0.000218354
-6.58285e-06
-0.000231
-0.000454888
-0.000678238
-0.000901041
-0.00112329
-0.00134498
-0.0015661
-0.00178665
-0.00200663
-0.00222603
-0.00244484
-0.00266308
-0.00288073
-0.00309779
-0.00331427
0.00170314
0.00149483
0.00128697
0.00107959
0.000872678
0.000666258
0.000460336
0.000254919
5.0017e-05
-0.000154365
-0.000358219
-0.00056154
-0.000764324
-0.000966565
-0.00116826
-0.00136941
-0.00157
-0.00177005
-0.00196954
0.00266275
0.00247057
0.00227882
0.0020875
0.00189663
0.00170621
0.00151626
0.00132678
0.00113778
0.000949265
0.000761246
0.000573728
0.000386716
0.000200216
1.42315e-05
-0.000171234
-0.000356176
-0.000540592
-0.000724482
0.0035524
0.00337501
0.00319802
0.00302143
0.00284526
0.00266952
0.00249421
0.00231935
0.00214493
0.00197098
0.00179749
0.00162448
0.00145195
0.0012799
0.00110834
0.000937278
0.000766713
0.000596651
0.000427093
0.0043758
0.00421197
0.00404852
0.00388545
0.00372277
0.00356049
0.00339862
0.00323717
0.00307615
0.00291557
0.00275543
0.00259574
0.0024365
0.00227773
0.00211943
0.00196159
0.00180424
0.00164737
0.00149098
0.00513649
0.00498511
0.00483408
0.00468341
0.00453312
0.0043832
0.00423368
0.00408455
0.00393583
0.00378753
0.00363965
0.00349219
0.00334518
0.00319861
0.00305248
0.00290681
0.0027616
0.00261685
0.00247257
0.00583787
0.00569791
0.00555829
0.00541901
0.00528009
0.00514153
0.00500334
0.00486553
0.00472811
0.00459109
0.00445447
0.00431826
0.00418248
0.00404711
0.00391218
0.00377768
0.00364363
0.00351003
0.00337687
0.00648316
0.00635369
0.00622455
0.00609573
0.00596725
0.00583911
0.00571134
0.00558392
0.00545688
0.00533022
0.00520395
0.00507807
0.0049526
0.00482753
0.00470288
0.00457865
0.00445485
0.00433148
0.00420855
0.00707544
0.0069556
0.00683607
0.00671685
0.00659796
0.00647939
0.00636117
0.0062433
0.00612579
0.00600864
0.00589186
0.00577547
0.00565946
0.00554385
0.00542864
0.00531383
0.00519944
0.00508547
0.00497193
0.00761761
0.0075066
0.00739589
0.00728548
0.00717537
0.00706559
0.00695613
0.00684701
0.00673824
0.00662981
0.00652175
0.00641405
0.00630673
0.00619978
0.00609323
0.00598707
0.00588131
0.00577595
0.00567101
0.00811243
0.00800951
0.00790687
0.00780452
0.00770247
0.00760072
0.0074993
0.00739819
0.00729742
0.00719698
0.00709689
0.00699716
0.00689778
0.00679878
0.00670015
0.0066019
0.00650404
0.00640658
0.00630952
0.00856246
0.00846693
0.00837167
0.00827669
0.008182
0.0080876
0.00799351
0.00789973
0.00780626
0.00771313
0.00762033
0.00752787
0.00743577
0.00734401
0.00725263
0.00716161
0.00707097
0.00698071
0.00689084
0.00905913
0.00897009
0.0088813
0.00879277
0.0087045
0.00861652
0.00852882
0.00844141
0.00835431
0.00826751
0.00818103
0.00809487
0.00800904
0.00792355
0.00783841
0.00775362
0.00766919
0.00758512
0.00750143
0.00741811
0.00942043
0.00933752
0.00925484
0.00917242
0.00909026
0.00900836
0.00892674
0.00884541
0.00876436
0.00868361
0.00860317
0.00852304
0.00844323
0.00836375
0.00828461
0.0082058
0.00812735
0.00804924
0.0079715
0.00789413
0.00974415
0.00966677
0.00958963
0.00951273
0.00943607
0.00935968
0.00928355
0.0092077
0.00913213
0.00905685
0.00898186
0.00890718
0.0088328
0.00875875
0.00868502
0.00861162
0.00853856
0.00846584
0.00839348
0.00832147
0.010032
0.00995961
0.00988742
0.00981547
0.00974377
0.00967231
0.00960111
0.00953018
0.00945952
0.00938914
0.00931905
0.00924925
0.00917976
0.00911057
0.0090417
0.00897315
0.00890493
0.00883704
0.0087695
0.0087023
0.0102856
0.0102177
0.0101499
0.0100823
0.010015
0.00994797
0.00988116
0.00981461
0.00974832
0.0096823
0.00961656
0.00955111
0.00948595
0.0094211
0.00935655
0.00929231
0.00922839
0.0091648
0.00910155
0.00903863
0.0105062
0.0104421
0.0103782
0.0103145
0.0102511
0.0101879
0.0101249
0.0100622
0.00999979
0.00993761
0.0098757
0.00981407
0.00975273
0.00969168
0.00963093
0.00957049
0.00951035
0.00945054
0.00939105
0.0093319
0.0106949
0.0106342
0.0105736
0.0105133
0.0104532
0.0103934
0.0103338
0.0102744
0.0102153
0.0101564
0.0100978
0.0100395
0.00998145
0.0099237
0.00986623
0.00980907
0.00975221
0.00969567
0.00963944
0.00958353
0.0108522
0.0107943
0.0107366
0.0106791
0.0106218
0.0105648
0.010508
0.0104514
0.0103951
0.0103391
0.0102833
0.0102278
0.0101725
0.0101176
0.0100629
0.0100085
0.00995443
0.00990065
0.00984718
0.00979403
0.010979
0.0109234
0.010868
0.0108128
0.0107578
0.0107031
0.0106486
0.0105944
0.0105404
0.0104866
0.0104331
0.0103799
0.0103269
0.0102742
0.0102218
0.0101697
0.0101179
0.0100664
0.0100152
0.00996427
0.0110742
0.0110204
0.0109668
0.0109134
0.0108602
0.0108073
0.0107546
0.0107021
0.0106499
0.0105979
0.0105462
0.0104947
0.0104436
0.0103927
0.010342
0.0102917
0.0102417
0.0101919
0.0101425
0.0100934
0.0111391
0.0110865
0.0110341
0.0109819
0.01093
0.0108783
0.0108268
0.0107756
0.0107246
0.0106739
0.0106234
0.0105732
0.0105233
0.0104736
0.0104242
0.0103751
0.0103263
0.0102778
0.0102295
0.0101816
0.0111695
0.0111176
0.0110659
0.0110144
0.0109632
0.0109122
0.0108615
0.010811
0.0107607
0.0107107
0.010661
0.0106116
0.0105624
0.0105135
0.0104649
0.0104166
0.0103685
0.0103208
0.0102733
0.0102262
0.0208819
0.0208182
0.0207548
0.0206915
0.0206284
0.0205655
0.0205028
0.0204403
0.020378
0.020316
0.0202542
0.0201926
0.0201312
0.0200701
0.0200092
0.0199486
0.0198882
0.0198281
0.0197683
0.0197087
0.0196494
0.0208591
0.0207947
0.0207304
0.0206664
0.0206025
0.0205388
0.0204753
0.020412
0.0203489
0.0202859
0.0202233
0.0201608
0.0200986
0.0200365
0.0199748
0.0199133
0.019852
0.019791
0.0197302
0.0196697
0.0196095
0.0208081
0.0207423
0.0206767
0.0206112
0.0205459
0.0204808
0.0204159
0.0203511
0.0202866
0.0202223
0.0201582
0.0200943
0.0200306
0.0199672
0.019904
0.0198411
0.0197784
0.019716
0.0196538
0.0195919
0.0195303
0.0207331
0.0206653
0.0205976
0.0205301
0.0204627
0.0203956
0.0203286
0.0202618
0.0201953
0.0201289
0.0200627
0.0199968
0.0199311
0.0198656
0.0198004
0.0197354
0.0196707
0.0196062
0.019542
0.0194781
0.0194144
0.0206326
0.0205621
0.0204918
0.0204217
0.0203517
0.0202819
0.0202123
0.0201428
0.0200736
0.0200046
0.0199358
0.0198672
0.0197989
0.0197308
0.0196629
0.0195953
0.019528
0.0194609
0.0193941
0.0193276
0.0192614
0.0204338
0.0203602
0.0202868
0.0202136
0.0201406
0.0200677
0.0199951
0.0199226
0.0198504
0.0197783
0.0197065
0.019635
0.0195636
0.0194926
0.0194218
0.0193512
0.0192809
0.0192109
0.0191412
0.0190718
0.0202794
0.020202
0.0201248
0.0200477
0.0199708
0.0198941
0.0198176
0.0197413
0.0196652
0.0195894
0.0195137
0.0194383
0.0193632
0.0192883
0.0192137
0.0191394
0.0190653
0.0189915
0.0189181
0.0188449
0.0200987
0.0200168
0.0199351
0.0198535
0.0197722
0.019691
0.0196101
0.0195293
0.0194488
0.0193685
0.0192884
0.0192086
0.0191291
0.0190498
0.0189708
0.018892
0.0188136
0.0187354
0.0186576
0.01858
0.0198905
0.0198035
0.0197167
0.0196301
0.0195436
0.0194574
0.0193713
0.0192855
0.0191999
0.0191145
0.0190294
0.0189446
0.01886
0.0187756
0.0186916
0.0186078
0.0185243
0.0184412
0.0183583
0.0182758
0.019654
0.0195613
0.0194687
0.0193763
0.0192841
0.0191921
0.0191003
0.0190088
0.0189175
0.0188264
0.0187355
0.018645
0.0185547
0.0184647
0.0183749
0.0182855
0.0181964
0.0181076
0.0180191
0.0179309
0.0193879
0.0192887
0.0191897
0.0190909
0.0189923
0.0188939
0.0187957
0.0186977
0.0186
0.0185025
0.0184053
0.0183083
0.0182117
0.0181153
0.0180192
0.0179234
0.0178279
0.0177328
0.0176379
0.0175435
0.019091
0.0189847
0.0188785
0.0187725
0.0186667
0.0185612
0.0184558
0.0183507
0.0182459
0.0181413
0.018037
0.0179329
0.0178292
0.0177257
0.0176225
0.0175197
0.0174171
0.0173149
0.017213
0.0171115
0.0187618
0.0186475
0.0185335
0.0184196
0.0183059
0.0181924
0.0180792
0.0179662
0.0178535
0.017741
0.0176288
0.0175169
0.0174053
0.017294
0.017183
0.0170723
0.0169619
0.0168519
0.0167422
0.0166329
0.0183989
0.0182759
0.0181531
0.0180305
0.0179081
0.0177859
0.017664
0.0175423
0.0174209
0.0172998
0.0171789
0.0170583
0.016938
0.016818
0.0166984
0.016579
0.01646
0.0163413
0.016223
0.0161051
0.0180007
0.0178681
0.0177357
0.0176036
0.0174716
0.0173399
0.0172084
0.0170771
0.0169462
0.0168155
0.016685
0.0165549
0.0164251
0.0162956
0.0161664
0.0160375
0.015909
0.0157808
0.015653
0.0155256
0.0175657
0.0174226
0.0172797
0.017137
0.0169946
0.0168524
0.0167104
0.0165687
0.0164272
0.016286
0.0161451
0.0160045
0.0158642
0.0157243
0.0155846
0.0154453
0.0153063
0.0151677
0.0150294
0.0148915
0.0170922
0.0169376
0.0167832
0.0166291
0.0164751
0.0163214
0.016168
0.0160148
0.0158618
0.0157092
0.0155568
0.0154047
0.015253
0.0151015
0.0149504
0.0147996
0.0146492
0.0144991
0.0143494
0.0142
0.0165786
0.0164115
0.0162446
0.0160779
0.0159114
0.0157451
0.0155791
0.0154133
0.0152479
0.0150826
0.0149177
0.0147531
0.0145888
0.0144248
0.0142611
0.0140978
0.0139348
0.0137722
0.0136099
0.013448
0.0160234
0.0158426
0.015662
0.0154815
0.0153013
0.0151214
0.0149416
0.0147622
0.0145829
0.014404
0.0142254
0.014047
0.013869
0.0136913
0.0135139
0.0133368
0.0131601
0.0129837
0.0128077
0.012632
0.015425
0.0152292
0.0150336
0.0148382
0.014643
0.0144481
0.0142534
0.0140589
0.0138648
0.0136708
0.0134772
0.0132839
0.0130909
0.0128981
0.0127057
0.0125137
0.0123219
0.0121306
0.0119395
0.0117488
0.0147818
0.0145696
0.0143577
0.014146
0.0139345
0.0137232
0.0135121
0.0133013
0.0130908
0.0128805
0.0126705
0.0124608
0.0122514
0.0120424
0.0118336
0.0116251
0.011417
0.0112092
0.0110018
0.0107947
0.0140922
0.0138622
0.0136325
0.013403
0.0131736
0.0129445
0.0127157
0.012487
0.0122587
0.0120305
0.0118027
0.0115751
0.0113479
0.0111209
0.0108942
0.0106679
0.0104418
0.0102161
0.00999063
0.0097655
0.0133547
0.0131053
0.0128562
0.0126072
0.0123585
0.0121099
0.0118616
0.0116135
0.0113657
0.0111181
0.0108708
0.0106238
0.010377
0.0101305
0.00988435
0.00963845
0.00939286
0.00914756
0.00890258
0.0086579
0.012568
0.0122974
0.0120271
0.011757
0.011487
0.0112173
0.0109478
0.0106785
0.0104094
0.0101406
0.00987209
0.0096038
0.00933578
0.00906803
0.00880056
0.00853336
0.00826643
0.00799979
0.00773343
0.00746735
0.0117305
0.0114369
0.0111435
0.0108502
0.0105572
0.0102643
0.00997167
0.00967926
0.00938708
0.00909514
0.00880344
0.00851198
0.00822077
0.00792981
0.00763911
0.00734866
0.00705847
0.00676853
0.00647885
0.00618942
0.010841
0.0105222
0.0102036
0.00988512
0.00956687
0.00924882
0.00893097
0.00861334
0.00829593
0.00797875
0.0076618
0.00734507
0.00702858
0.00671232
0.00639628
0.00608048
0.00576491
0.00544956
0.00513443
0.00481952
0.00989817
0.00955188
0.00920575
0.00885982
0.00851408
0.00816853
0.0078232
0.00747807
0.00713315
0.00678844
0.00644395
0.00609968
0.00575561
0.00541176
0.00506811
0.00472466
0.00438141
0.00403834
0.00369546
0.00335275
0.00890075
0.00852445
0.00814833
0.00777241
0.00739668
0.00702115
0.00664583
0.00627071
0.00589579
0.00552108
0.00514656
0.00477225
0.00439812
0.00402418
0.00365042
0.00327683
0.0029034
0.00253011
0.00215697
0.00178395
0.0074385
0.00702964
0.006621
0.00621255
0.00580432
0.00539629
0.00498846
0.00458083
0.0041734
0.00376615
0.00335909
0.00295219
0.00254546
0.00213887
0.00173242
0.00132609
0.000919867
0.000513736
0.000107666
0.00629258
0.005848
0.00540363
0.00495949
0.00451557
0.00407186
0.00362836
0.00318506
0.00274195
0.00229901
0.00185624
0.00141362
0.000971138
0.00052877
8.65015e-05
-0.000355688
-0.00079782
-0.0012399
-0.00168198
0.00508532
0.00460172
0.00411838
0.00363528
0.00315243
0.00266981
0.0021874
0.0017052
0.00122319
0.000741356
0.000259669
-0.000221886
-0.000703334
-0.0011847
-0.00166601
-0.00214729
-0.00262856
-0.00310976
-0.00359108
0.00381522
0.00328901
0.0027631
0.00223749
0.00171215
0.00118707
0.000662234
0.000137618
-0.0003868
-0.000911043
-0.00143514
-0.00195911
-0.002483
-0.00300682
-0.00353061
-0.00405441
-0.00457825
-0.00510214
-0.00562621
0.00248084
0.00190809
0.00133571
0.000763681
0.000191983
-0.000379412
-0.000950531
-0.0015214
-0.00209206
-0.00266253
-0.00323285
-0.00380306
-0.00437321
-0.00494332
-0.00551345
-0.00608364
-0.00665394
-0.00722455
-0.00779529
0.00108052
0.000456916
-0.000166224
-0.00078893
-0.00141123
-0.00203317
-0.00265478
-0.00327609
-0.00389716
-0.00451802
-0.00513872
-0.0057593
-0.00637982
-0.00700033
-0.00762088
-0.00824153
-0.00886232
-0.00948339
-0.0101047
-0.00038739
-0.00106656
-0.00174514
-0.00242318
-0.00310072
-0.00377779
-0.00445446
-0.00513077
-0.00580678
-0.00648253
-0.0071581
-0.00783353
-0.00850889
-0.00918426
-0.00985968
-0.0105352
-0.011211
-0.0118871
-0.0125635
-0.00192486
-0.00266478
-0.00340395
-0.00414243
-0.00488026
-0.00561752
-0.00635426
-0.00709055
-0.00782646
-0.00856206
-0.00929741
-0.0100326
-0.0107677
-0.0115028
-0.012238
-0.0129733
-0.0137088
-0.0144447
-0.0151811
-0.00353404
-0.00434038
-0.00514576
-0.00595024
-0.0067539
-0.00755682
-0.00835906
-0.00916072
-0.00996188
-0.0107626
-0.011563
-0.0123632
-0.0131633
-0.0139633
-0.0147634
-0.0155636
-0.0163639
-0.0171648
-0.0179665
-0.00521753
-0.00609655
-0.00697434
-0.00785099
-0.00872658
-0.0096012
-0.010475
-0.011348
-0.0122203
-0.0130921
-0.0139635
-0.0148345
-0.0157053
-0.016576
-0.0174467
-0.0183173
-0.0191875
-0.0200587
-0.0209311
-0.00697815
-0.00793669
-0.00889365
-0.00984912
-0.0108032
-0.0117561
-0.0127078
-0.0136586
-0.0146084
-0.0155575
-0.016506
-0.017454
-0.0184017
-0.0193492
-0.0202967
-0.0212443
-0.0221934
-0.0231422
-0.0240909
-0.00881967
-0.00986533
-0.010909
-0.0119507
-0.0129907
-0.014029
-0.0150659
-0.0161015
-0.017136
-0.0181694
-0.019202
-0.0202339
-0.0212653
-0.0222964
-0.0233272
-0.0243579
-0.0253892
-0.0264207
-0.0274527
-0.0107461
-0.0118872
-0.0130257
-0.0141618
-0.0152956
-0.0164273
-0.0175571
-0.0186852
-0.0198118
-0.020937
-0.022061
-0.023184
-0.0243063
-0.0254279
-0.0265491
-0.0276698
-0.028791
-0.0299128
-0.0310351
-0.0127627
-0.0140085
-0.0152509
-0.0164903
-0.0177268
-0.0189605
-0.0201919
-0.0214209
-0.022648
-0.0238733
-0.0250971
-0.0263197
-0.0275412
-0.028762
-0.0299822
-0.0311988
-0.032417
-0.0336365
-0.0348564
-0.0148757
-0.0162363
-0.0175928
-0.0189453
-0.020294
-0.0216392
-0.0229813
-0.0243203
-0.0256566
-0.0269905
-0.0283221
-0.0296517
-0.0309796
-0.032306
-0.033631
-0.034958
-0.0362838
-0.0376089
-0.038934
-0.0170927
-0.0185797
-0.0200613
-0.021538
-0.0230098
-0.0244772
-0.0259405
-0.0273999
-0.0288558
-0.0303085
-0.0317583
-0.0332056
-0.0346505
-0.0360935
-0.0375345
-0.0389758
-0.0404159
-0.0418551
-0.043294
-0.0194227
-0.0210488
-0.0226681
-0.0242811
-0.025888
-0.0274892
-0.0290851
-0.030676
-0.0322623
-0.0338443
-0.0354224
-0.036997
-0.0385684
-0.0401369
-0.0417014
-0.0432663
-0.0448308
-0.0463941
-0.0479562
-0.0218765
-0.023656
-0.0254271
-0.0271901
-0.0289455
-0.0306936
-0.032435
-0.03417
-0.0358991
-0.0376227
-0.0393412
-0.0410552
-0.0427647
-0.0444697
-0.0461658
-0.0478633
-0.0495616
-0.0512586
-0.0529537
-0.0244668
-0.0264158
-0.0283541
-0.0302823
-0.0322008
-0.03411
-0.0360105
-0.0379027
-0.0397871
-0.0416642
-0.0435343
-0.0453981
-0.0472559
-0.0491081
-0.0509637
-0.0528122
-0.0546536
-0.056491
-0.0583266
-0.0272095
-0.0293464
-0.03147
-0.0335808
-0.0356794
-0.0377664
-0.0398423
-0.0419077
-0.0439631
-0.0460092
-0.0480464
-0.0500752
-0.052096
-0.0541061
-0.0561149
-0.0581192
-0.0601177
-0.0621111
-0.0641005
-0.0301222
-0.0324678
-0.0347969
-0.0371099
-0.0394076
-0.0416906
-0.0439596
-0.0462152
-0.0484581
-0.050689
-0.0529085
-0.055117
-0.057314
-0.0594944
-0.0616727
-0.063847
-0.0660144
-0.0681746
-0.0703286
-0.033226
-0.0358043
-0.0383617
-0.0408991
-0.0434171
-0.0459165
-0.0483979
-0.050862
-0.0533094
-0.0557407
-0.0581563
-0.0605566
-0.0629409
-0.0653285
-0.0677017
-0.070059
-0.0724046
-0.0747414
-0.0770704
-0.0365471
-0.0393858
-0.0421987
-0.0449867
-0.0477505
-0.0504911
-0.0532094
-0.0559065
-0.0585834
-0.0612413
-0.0638808
-0.0665018
-0.0690826
-0.0716634
-0.0742353
-0.0767915
-0.0793326
-0.0818611
-0.0843782
-0.0401124
-0.0432433
-0.046342
-0.0494093
-0.052446
-0.055453
-0.0584312
-0.0613811
-0.0643033
-0.067198
-0.0700655
-0.0729047
-0.0757473
-0.0785649
-0.0813557
-0.084125
-0.0868761
-0.0896103
-0.0923285
-0.0439599
-0.0474213
-0.0508427
-0.0542252
-0.0575697
-0.0608773
-0.0641493
-0.0673867
-0.0705908
-0.0737625
-0.0769013
-0.0799875
-0.0830693
-0.0861285
-0.0891569
-0.0921572
-0.0951328
-0.0980856
-0.101017
-0.0481193
-0.0519552
-0.0557415
-0.0594792
-0.0631691
-0.0668123
-0.0704093
-0.0739609
-0.0774669
-0.0809273
-0.0843395
-0.0877377
-0.0911043
-0.0944293
-0.0977151
-0.100966
-0.104185
-0.107373
-0.110531
-0.0526558
-0.0569199
-0.0611228
-0.0652656
-0.0693494
-0.0733756
-0.0773458
-0.0812619
-0.0851244
-0.0889313
-0.0926365
-0.0963424
-0.100012
-0.103627
-0.10719
-0.110709
-0.114186
-0.117622
-0.121018
-0.0575647
-0.0623198
-0.066999
-0.0716027
-0.0761313
-0.0805849
-0.0849634
-0.0892656
-0.0934908
-0.097632
-0.101782
-0.105867
-0.109869
-0.113801
-0.117671
-0.121485
-0.125242
-0.128945
-0.132595
-0.0630299
-0.0683531
-0.0735835
-0.0787216
-0.0837682
-0.0887237
-0.0935883
-0.0983596
-0.103029
-0.107567
-0.112095
-0.116556
-0.120922
-0.125202
-0.129404
-0.133531
-0.137585
-0.141567
-0.14548
-0.0688187
-0.0748095
-0.0806864
-0.086449
-0.0920965
-0.0976284
-0.103042
-0.108334
-0.113432
-0.118582
-0.123624
-0.128516
-0.133286
-0.137955
-0.142527
-0.147
-0.151377
-0.155659
-0.159849
-0.0755951
-0.0823458
-0.0889603
-0.0954371
-0.101773
-0.107961
-0.113986
-0.119773
-0.125593
-0.131282
-0.13679
-0.142143
-0.147365
-0.152462
-0.157431
-0.162273
-0.166989
-0.171583
-0.176057
-0.0822144
-0.0899122
-0.0974405
-0.104798
-0.111983
-0.118989
-0.125773
-0.132523
-0.139091
-0.145406
-0.151509
-0.157438
-0.163199
-0.168791
-0.174213
-0.179469
-0.18456
-0.18949
-0.194262
0.0195904
0.0195316
0.0194731
0.019415
0.0193571
0.0192995
0.0195496
0.01949
0.0194306
0.0193715
0.0193128
0.0192543
0.019469
0.019408
0.0193472
0.0192868
0.0192267
0.0191669
0.0193511
0.019288
0.0192253
0.0191628
0.0191007
0.0190389
0.0191954
0.0191298
0.0190645
0.0189995
0.0189348
0.0188704
0.0190027
0.0189339
0.0188654
0.0187973
0.0187295
0.018662
0.018772
0.0186995
0.0186273
0.0185554
0.0184838
0.0184127
0.0185028
0.0184259
0.0183493
0.0182731
0.0181973
0.0181218
0.0181936
0.0181118
0.0180302
0.0179491
0.0178683
0.0177878
0.0178431
0.0177556
0.0176685
0.0175817
0.0174953
0.0174093
0.0174493
0.0173555
0.0172621
0.0171691
0.0170764
0.0169841
0.0170104
0.0169096
0.0168091
0.0167091
0.0166094
0.0165101
0.0165239
0.0164153
0.0163071
0.0161993
0.0160918
0.0159848
0.0159875
0.0158703
0.0157535
0.015637
0.015521
0.0154054
0.0153985
0.0152718
0.0151455
0.0150196
0.0148941
0.014769
0.014754
0.0146169
0.0144801
0.0143438
0.0142078
0.0140723
0.0140511
0.0139025
0.0137543
0.0136065
0.0134591
0.0133121
0.0132864
0.0131253
0.0129645
0.0128041
0.0126442
0.0124846
0.0124567
0.0122818
0.0121073
0.0119332
0.0117594
0.0115861
0.0115585
0.0113685
0.0111789
0.0109897
0.0108009
0.0106124
0.0105879
0.0103815
0.0101754
0.00996968
0.00976433
0.00955934
0.00954074
0.00931635
0.00909231
0.0088686
0.00864522
0.00842217
0.00841353
0.00816947
0.00792573
0.0076823
0.00743917
0.00719636
0.00720155
0.00693604
0.0066708
0.00640584
0.00614115
0.00587674
0.00590023
0.00561129
0.00532259
0.00503412
0.00474589
0.00445787
0.00450481
0.00419031
0.00387599
0.00356187
0.00324792
0.00293413
0.0030102
0.0026678
0.00232555
0.00198341
0.00164139
0.00129947
0.00141103
0.00103821
0.000665461
0.000292773
-7.98766e-05
-0.000452508
-0.000298361
-0.000704362
-0.00111036
-0.00151637
-0.00192244
-0.00232857
-0.0021241
-0.00256627
-0.00300852
-0.00345087
-0.00389337
-0.00433604
-0.00407255
-0.00455415
-0.0050359
-0.00551786
-0.00600007
-0.00648256
-0.00615051
-0.00667506
-0.00719987
-0.00772498
-0.00825047
-0.00877638
-0.00836621
-0.00893742
-0.00950903
-0.0100811
-0.0106537
-0.0112268
-0.0107264
-0.0113485
-0.0119711
-0.0125943
-0.0132182
-0.0138427
-0.0132405
-0.0139179
-0.014596
-0.0152748
-0.0159544
-0.0166349
-0.015918
-0.0166556
-0.0173939
-0.0181331
-0.0188733
-0.0196146
-0.0187687
-0.0195717
-0.0203755
-0.0211803
-0.0219862
-0.0227935
-0.0218044
-0.0226784
-0.0235533
-0.0244294
-0.0253068
-0.0261856
-0.0250402
-0.0259906
-0.0269422
-0.0278952
-0.0288496
-0.0298058
-0.0284855
-0.0295193
-0.0305544
-0.0315909
-0.032629
-0.033669
-0.0321582
-0.0332822
-0.0344075
-0.0355342
-0.0366628
-0.0377934
-0.0360769
-0.0372983
-0.038521
-0.0397452
-0.0409713
-0.0421995
-0.0402598
-0.0415865
-0.0429143
-0.0442436
-0.0455748
-0.0469083
-0.0447332
-0.046173
-0.0476138
-0.0490561
-0.0505002
-0.0519464
-0.049518
-0.05108
-0.0526426
-0.0542064
-0.0557717
-0.0573391
-0.0546475
-0.0563408
-0.0580343
-0.0597283
-0.0614235
-0.0631204
-0.0601608
-0.061994
-0.0638265
-0.065659
-0.0674921
-0.0693264
-0.0660869
-0.0680708
-0.0700529
-0.0720339
-0.0740145
-0.0759953
-0.0724777
-0.0746225
-0.0767639
-0.0789026
-0.0810394
-0.0831751
-0.0793923
-0.0817076
-0.0840172
-0.0863221
-0.0886232
-0.0909214
-0.0868848
-0.0893818
-0.09187
-0.0943506
-0.0968247
-0.0992932
-0.0950316
-0.0977207
-0.100397
-0.103062
-0.105717
-0.108362
-0.103927
-0.106818
-0.109691
-0.112547
-0.115387
-0.118214
-0.113661
-0.116764
-0.119841
-0.122896
-0.125928
-0.128939
-0.124377
-0.127699
-0.130986
-0.134241
-0.137466
-0.140661
-0.136194
-0.139744
-0.143247
-0.146706
-0.150122
-0.153498
-0.149325
-0.153106
-0.156823
-0.160481
-0.164081
-0.167626
-0.163949
-0.167964
-0.171895
-0.175745
-0.179518
-0.183216
-0.180415
-0.184658
-0.188791
-0.192816
-0.196738
-0.200559
-0.19888
-0.203347
-0.207667
-0.211844
-0.215883
-0.219788
)
;

boundaryField
{
    inlet
    {
        type            zeroGradient;
    }
    outlet
    {
        type            fixedValue;
        value           nonuniform 0();
    }
    cylinder
    {
        type            zeroGradient;
    }
    top
    {
        type            symmetryPlane;
    }
    bottom
    {
        type            symmetryPlane;
    }
    frontAndBack
    {
        type            empty;
    }
    procBoundary2to1
    {
        type            processor;
        value           nonuniform List<scalar> 
205
(
-0.130275
-0.130275
-0.13448
-0.153828
-0.13448
-0.138379
-0.153828
-0.158809
-0.158809
-0.164253
-0.164253
-0.170228
-0.170228
-0.176831
-0.176831
-0.184153
-0.184153
-0.192279
-0.192279
-0.201264
-0.201264
-0.211083
-0.211083
-0.221539
-0.221539
-0.232122
-0.232122
-0.241824
-0.241824
-0.219063
-0.225102
-0.225102
-0.226375
-0.226375
-0.201058
-0.194043
-0.194043
-0.177584
-0.177584
-0.15029
-0.122611
-0.0955701
-0.121248
-0.146829
-0.146829
-0.161653
-0.161653
-0.167212
-0.190721
-0.190721
-0.188067
-0.188067
-0.180669
-0.180669
-0.170811
-0.190613
-0.190613
-0.178759
-0.178759
-0.167094
-0.167094
-0.156153
-0.156153
-0.146152
-0.146152
-0.137129
-0.137129
-0.129032
-0.129032
-0.121782
-0.121782
-0.115289
-0.115289
-0.109458
-0.109458
-0.104217
-0.104217
-0.0898281
-0.0859092
-0.0859092
-0.0817813
-0.0817813
-0.122028
-0.11567
-0.108557
-0.102321
-0.0961201
-0.0903262
-0.0847505
-0.0794486
-0.0743769
-0.0695326
-0.0649007
-0.0604717
-0.0562366
-0.0521884
-0.0483201
-0.044626
-0.0411009
-0.0377399
-0.0345382
-0.0314914
-0.0285951
-0.0258449
-0.0232366
-0.0207656
-0.0184276
-0.0162181
-0.0141325
-0.0121663
-0.010315
-0.00857397
-0.00693879
-0.00540494
-0.00396803
-0.00262367
-0.00136761
-0.000195682
0.000896174
0.0019119
0.00285533
0.00373017
0.00453999
0.00528821
0.00597815
0.00661293
0.00719557
0.0077289
0.00821562
0.00865825
0.00865825
0.00914842
0.00950358
0.00982176
0.0101046
0.0103538
0.0105705
0.0107559
0.0109103
0.0110348
0.0111282
0.0111919
0.0112217
0.0209457
0.0209236
0.0208741
0.020801
0.0207032
0.0205075
0.0205075
0.020357
0.0201807
0.0199777
0.0197469
0.0194873
0.0191975
0.0188763
0.0185221
0.0181335
0.0177089
0.0172469
0.0167459
0.0162045
0.015621
0.014994
0.0143223
0.0136042
0.0128386
0.0120243
0.01116
0.0102446
0.00927723
0.00784755
0.00784755
0.0067374
0.00556918
0.00434175
0.00305398
0.00170461
0.000292404
-0.00118415
-0.00272667
-0.00433719
-0.00601792
-0.00777186
-0.00960228
-0.0115135
-0.0135106
-0.0156001
-0.0177896
-0.0200882
-0.0225067
-0.0250587
-0.0277592
-0.0306263
-0.0336818
-0.0369484
-0.0404576
-0.0442329
-0.0483295
-0.0527332
-0.0576134
-0.0627149
-0.0687091
-0.0743489
)
;
    }
    procBoundary2to3
    {
        type            processor;
        value           nonuniform List<scalar> 
173
(
-0.618962
-0.610622
-0.604151
-0.602207
-0.602207
-0.594006
-0.588692
-0.588692
-0.577122
-0.563662
-0.549433
-0.549433
-0.531222
-0.511594
-0.49102
-0.467353
-0.467353
-0.445689
-0.424406
-0.399604
-0.399604
-0.379368
-0.359925
-0.341277
-0.318817
-0.318817
-0.24147
-0.306192
-0.289741
-0.274043
-0.24147
-0.259099
-0.377851
-0.360261
-0.342679
-0.306192
-0.325403
-0.423856
-0.40961
-0.377851
-0.394134
-0.452331
-0.443121
-0.423856
-0.432651
-0.46183
-0.452331
-0.454623
-0.476316
-0.46833
-0.46183
-0.462122
-0.296293
-0.271733
-0.249337
-0.228993
-0.210391
-0.193366
-0.177738
-0.163379
-0.15016
-0.137983
-0.126747
-0.116376
-0.106791
-0.0979273
-0.0897251
-0.0821321
-0.0750976
-0.0685787
-0.0685787
-0.06354
-0.057846
-0.0525652
-0.0476657
-0.0431194
-0.0388998
-0.0349823
-0.0313455
-0.0279687
-0.0248329
-0.0219213
-0.0192178
-0.0167077
-0.0143777
-0.0122154
-0.0102091
-0.0083484
-0.00662349
-0.00502535
-0.00354561
-0.00217654
-0.000910981
0.000257689
0.0013356
0.00232843
0.00324143
0.00407945
0.00484696
0.00554808
0.00618658
0.00676589
0.0072891
0.00775901
0.00817799
0.00854822
0.00887126
0.00914863
0.00938092
0.00956891
0.00971192
0.00980968
0.00986033
0.0192423
0.0191962
0.0191074
0.0189774
0.0188064
0.0185948
0.0183418
0.0180466
0.0177078
0.0173237
0.0168922
0.0164113
0.0158782
0.0152902
0.0146443
0.0139372
0.0131655
0.0123255
0.0114131
0.0104244
0.00935472
0.00819947
0.00695385
0.00561258
0.00417007
0.0026205
0.000957628
-0.000825142
-0.00273481
-0.00477892
-0.0069654
-0.00930278
-0.0118006
-0.0144681
-0.0173164
-0.020357
-0.0236022
-0.0270661
-0.0307638
-0.0347112
-0.0389263
-0.0434303
-0.0482443
-0.0533953
-0.0589091
-0.0648196
-0.0711626
-0.0779772
-0.0853107
-0.0932177
-0.101757
-0.110999
-0.121028
-0.131932
-0.143829
-0.156835
-0.171118
-0.186843
-0.204283
-0.223564
)
;
    }
}


// ************************************************************************* //
