/*--------------------------------*- C++ -*----------------------------------*\
  =========                 |
  \\      /  F ield         | OpenFOAM: The Open Source CFD Toolbox
   \\    /   O peration     | Website:  https://openfoam.org
    \\  /    A nd           | Version:  7
     \\/     M anipulation  |
\*---------------------------------------------------------------------------*/
FoamFile
{
    version     2.0;
    format      ascii;
    class       volScalarField;
    location    "40";
    object      p;
}
// * * * * * * * * * * * * * * * * * * * * * * * * * * * * * * * * * * * * * //

dimensions      [0 2 -2 0 0 0 0];

internalField   nonuniform List<scalar> 
4575
(
-0.234377
-0.235342
-0.235929
-0.234426
-0.235388
-0.235973
-0.234515
-0.235472
-0.236054
-0.234643
-0.235593
-0.23617
-0.234811
-0.235751
-0.236322
-0.235017
-0.235945
-0.236509
-0.235261
-0.236175
-0.23673
-0.235543
-0.236441
-0.236986
-0.235861
-0.236741
-0.237275
-0.237731
-0.236214
-0.237075
-0.237596
-0.23804
-0.236602
-0.237442
-0.237949
-0.238379
-0.237023
-0.237842
-0.238333
-0.238749
-0.237477
-0.238272
-0.238748
-0.239147
-0.237962
-0.238733
-0.239192
-0.239575
-0.238478
-0.239224
-0.239666
-0.24003
-0.239024
-0.239744
-0.240167
-0.240512
-0.239599
-0.240293
-0.240697
-0.241021
-0.241276
-0.240202
-0.24087
-0.241253
-0.241556
-0.241788
-0.240834
-0.241475
-0.241837
-0.242116
-0.242324
-0.241494
-0.242108
-0.242448
-0.242703
-0.242884
-0.242182
-0.242768
-0.243085
-0.243315
-0.243467
-0.243545
-0.242897
-0.243455
-0.243749
-0.243952
-0.244075
-0.24412
-0.243642
-0.244171
-0.24444
-0.244615
-0.244706
-0.244717
-0.244415
-0.244915
-0.245159
-0.245304
-0.245361
-0.245336
-0.245218
-0.245689
-0.245905
-0.246019
-0.246041
-0.245977
-0.24584
-0.246051
-0.246493
-0.246681
-0.246761
-0.246746
-0.24664
-0.24646
-0.246917
-0.247327
-0.247486
-0.247531
-0.247476
-0.247327
-0.2471
-0.247817
-0.248195
-0.248322
-0.24833
-0.248232
-0.248037
-0.24776
-0.247417
-0.248752
-0.249096
-0.24919
-0.249159
-0.249016
-0.248771
-0.248443
-0.248045
-0.249724
-0.250034
-0.250093
-0.250019
-0.249828
-0.249531
-0.249147
-0.248693
-0.250737
-0.25101
-0.251031
-0.250912
-0.25067
-0.250317
-0.249875
-0.24936
-0.248786
-0.251792
-0.252027
-0.252007
-0.251841
-0.251543
-0.251131
-0.250626
-0.250048
-0.249409
-0.252894
-0.253087
-0.253025
-0.252806
-0.25245
-0.251975
-0.251403
-0.250757
-0.250051
-0.249295
-0.254044
-0.254193
-0.254085
-0.253811
-0.253393
-0.252849
-0.252208
-0.251489
-0.250712
-0.249886
-0.255247
-0.255349
-0.255192
-0.254859
-0.254373
-0.253758
-0.253041
-0.252246
-0.251393
-0.250493
-0.256507
-0.256559
-0.256348
-0.255952
-0.255394
-0.254702
-0.253905
-0.25303
-0.252097
-0.251119
-0.250099
-0.257829
-0.257826
-0.257558
-0.257093
-0.25646
-0.255685
-0.254804
-0.253842
-0.252825
-0.251765
-0.250667
-0.259217
-0.259155
-0.258826
-0.258288
-0.257572
-0.256711
-0.255739
-0.254687
-0.25358
-0.252434
-0.251254
-0.250034
-0.260677
-0.26055
-0.260155
-0.259539
-0.258736
-0.257782
-0.256715
-0.255568
-0.254366
-0.253129
-0.251863
-0.250565
-0.262214
-0.262017
-0.26155
-0.260851
-0.259955
-0.258904
-0.257736
-0.256488
-0.255188
-0.253856
-0.252501
-0.25112
-0.249698
-0.263834
-0.26356
-0.263017
-0.262228
-0.261234
-0.260079
-0.258806
-0.257452
-0.256049
-0.254618
-0.25317
-0.251704
-0.250209
-0.265544
-0.265186
-0.26456
-0.263676
-0.262578
-0.261314
-0.259929
-0.258466
-0.256955
-0.255422
-0.253878
-0.252324
-0.250754
-0.249153
-0.26735
-0.2669
-0.266186
-0.2652
-0.263991
-0.262613
-0.261113
-0.259534
-0.257913
-0.256273
-0.254629
-0.252986
-0.251338
-0.249678
-0.248004
-0.269259
-0.268708
-0.267898
-0.266805
-0.26548
-0.263981
-0.262361
-0.260663
-0.258927
-0.257178
-0.255432
-0.253696
-0.251966
-0.250241
-0.248528
-0.271277
-0.270617
-0.269705
-0.268496
-0.267049
-0.265426
-0.26368
-0.26186
-0.260005
-0.258144
-0.256293
-0.254459
-0.252644
-0.250846
-0.249078
-0.247424
-0.273412
-0.272632
-0.27161
-0.270281
-0.268705
-0.266951
-0.265076
-0.263129
-0.261153
-0.259177
-0.257218
-0.255283
-0.253375
-0.251494
-0.249652
-0.247935
-0.246289
-0.275671
-0.274759
-0.273621
-0.272164
-0.270454
-0.268564
-0.266555
-0.264479
-0.262379
-0.260284
-0.258213
-0.256172
-0.254163
-0.252185
-0.250248
-0.248427
-0.246653
-0.27806
-0.277006
-0.275743
-0.274151
-0.272301
-0.270271
-0.268124
-0.265915
-0.263687
-0.261471
-0.259284
-0.257132
-0.255011
-0.25292
-0.250861
-0.248897
-0.246941
-0.245806
-0.280587
-0.279378
-0.277982
-0.276249
-0.274253
-0.272078
-0.269789
-0.267444
-0.265086
-0.262745
-0.260437
-0.258164
-0.25592
-0.253697
-0.25149
-0.249342
-0.247154
-0.2456
-0.242375
-0.283257
-0.28188
-0.280344
-0.278463
-0.276315
-0.27399
-0.271557
-0.269073
-0.266581
-0.264111
-0.261675
-0.259272
-0.25689
-0.254514
-0.252128
-0.249759
-0.247295
-0.245283
-0.241717
-0.243307
-0.286077
-0.28452
-0.282835
-0.280798
-0.278493
-0.276015
-0.273434
-0.270807
-0.268178
-0.265574
-0.263002
-0.260457
-0.25792
-0.255367
-0.252772
-0.250143
-0.247366
-0.244874
-0.240955
-0.241149
-0.289052
-0.287301
-0.28546
-0.283261
-0.280794
-0.278158
-0.275425
-0.272652
-0.269882
-0.267137
-0.26442
-0.261719
-0.259006
-0.256251
-0.253416
-0.250493
-0.24737
-0.244385
-0.240107
-0.23907
-0.292188
-0.290229
-0.288223
-0.285857
-0.283222
-0.280425
-0.277536
-0.274614
-0.271697
-0.268803
-0.26593
-0.263055
-0.260146
-0.25716
-0.254052
-0.250804
-0.247308
-0.243829
-0.239187
-0.237076
-0.295489
-0.293309
-0.291131
-0.28859
-0.285783
-0.282821
-0.279773
-0.276697
-0.273627
-0.270575
-0.26753
-0.264464
-0.261332
-0.258085
-0.254674
-0.251071
-0.247179
-0.243209
-0.238204
-0.235164
-0.29896
-0.296543
-0.294186
-0.291465
-0.288482
-0.28535
-0.28214
-0.278905
-0.275674
-0.272452
-0.26922
-0.265939
-0.262557
-0.25902
-0.255274
-0.251289
-0.246984
-0.24253
-0.237163
-0.233323
-0.302602
-0.299937
-0.297393
-0.294487
-0.291322
-0.288018
-0.284641
-0.281241
-0.27784
-0.274434
-0.270994
-0.267474
-0.263813
-0.259954
-0.255842
-0.251452
-0.24672
-0.241793
-0.236067
-0.231539
-0.306419
-0.303492
-0.300753
-0.297657
-0.294308
-0.290827
-0.287278
-0.283706
-0.280123
-0.276517
-0.272848
-0.26906
-0.265089
-0.260875
-0.25637
-0.251553
-0.246384
-0.240996
-0.234917
-0.229796
-0.310412
-0.307209
-0.304271
-0.30098
-0.297442
-0.29378
-0.290055
-0.2863
-0.282523
-0.278696
-0.274773
-0.270687
-0.266373
-0.261773
-0.256846
-0.251586
-0.245973
-0.240137
-0.233711
-0.228074
-0.31458
-0.311089
-0.307946
-0.304456
-0.300726
-0.29688
-0.29297
-0.289023
-0.285034
-0.280966
-0.276759
-0.272344
-0.267653
-0.262635
-0.257262
-0.251544
-0.245484
-0.23921
-0.232446
-0.226358
-0.318923
-0.315133
-0.311779
-0.308087
-0.304161
-0.300125
-0.296024
-0.291872
-0.287652
-0.283316
-0.278795
-0.274015
-0.268913
-0.263448
-0.257608
-0.251419
-0.24491
-0.238213
-0.231118
-0.224629
-0.323438
-0.319338
-0.315769
-0.311872
-0.307746
-0.303516
-0.299213
-0.294841
-0.290369
-0.285736
-0.280867
-0.275687
-0.27014
-0.264198
-0.257871
-0.251204
-0.244248
-0.237139
-0.229721
-0.222871
-0.32812
-0.323701
-0.319913
-0.315809
-0.311481
-0.307049
-0.302533
-0.297923
-0.293173
-0.288212
-0.282959
-0.277343
-0.271317
-0.264874
-0.258043
-0.250892
-0.243492
-0.235983
-0.228251
-0.221072
-0.332965
-0.328218
-0.324209
-0.319895
-0.315361
-0.31072
-0.305978
-0.301109
-0.296053
-0.29073
-0.285055
-0.278965
-0.272429
-0.26546
-0.258113
-0.250475
-0.242636
-0.234738
-0.2267
-0.219216
-0.337965
-0.332883
-0.328652
-0.324125
-0.319381
-0.314522
-0.309538
-0.304386
-0.298993
-0.29327
-0.287135
-0.280535
-0.273459
-0.265945
-0.258072
-0.249947
-0.241675
-0.233399
-0.225064
-0.217293
-0.343111
-0.337688
-0.333233
-0.328493
-0.323533
-0.318446
-0.313202
-0.307741
-0.301977
-0.295815
-0.289179
-0.282033
-0.27439
-0.266315
-0.257909
-0.249299
-0.240602
-0.23196
-0.223335
-0.215291
-0.348391
-0.342623
-0.337944
-0.33299
-0.327809
-0.322481
-0.316956
-0.311156
-0.304983
-0.298342
-0.291167
-0.283442
-0.275208
-0.266557
-0.257616
-0.248524
-0.239411
-0.230413
-0.221507
-0.213202
-0.353793
-0.347677
-0.342776
-0.337606
-0.332197
-0.326614
-0.320784
-0.314612
-0.307991
-0.300829
-0.293076
-0.284741
-0.275895
-0.266659
-0.257182
-0.247616
-0.238096
-0.228753
-0.219574
-0.211017
-0.3593
-0.352836
-0.347713
-0.342326
-0.336682
-0.330827
-0.324666
-0.318087
-0.310977
-0.303252
-0.294883
-0.28591
-0.276436
-0.266609
-0.256599
-0.246566
-0.23665
-0.226972
-0.217529
-0.208727
-0.347137
-0.341248
-0.335102
-0.32858
-0.321556
-0.313914
-0.305586
-0.296567
-0.286931
-0.276816
-0.266396
-0.255857
-0.245368
-0.235067
-0.225065
-0.215365
-0.206324
-0.339417
-0.332503
-0.324993
-0.316777
-0.307804
-0.298104
-0.287785
-0.27702
-0.266007
-0.254948
-0.244013
-0.233338
-0.223023
-0.213076
-0.203803
-0.319536
-0.309882
-0.299471
-0.288453
-0.277033
-0.265433
-0.253862
-0.242494
-0.231458
-0.220841
-0.210655
-0.201156
-0.276842
-0.264661
-0.252591
-0.240804
-0.229419
-0.218511
-0.208096
-0.198377
-0.238933
-0.227214
-0.216027
-0.205391
-0.195459
-0.192397
-0.192123
-0.238626
-0.226913
-0.215734
-0.205105
-0.19518
-0.288577
-0.276509
-0.264336
-0.252274
-0.240493
-0.229115
-0.218214
-0.207805
-0.198094
-0.319174
-0.309526
-0.299122
-0.288111
-0.276698
-0.265105
-0.253541
-0.24218
-0.231151
-0.22054
-0.21036
-0.200868
-0.339043
-0.332132
-0.324626
-0.316415
-0.307448
-0.297753
-0.287441
-0.276682
-0.265677
-0.254624
-0.243696
-0.233027
-0.222718
-0.212777
-0.20351
-0.346759
-0.340873
-0.334729
-0.328211
-0.321189
-0.313552
-0.305229
-0.296216
-0.286586
-0.276477
-0.266063
-0.25553
-0.245047
-0.234751
-0.224755
-0.215061
-0.206027
-0.358919
-0.352458
-0.347336
-0.341951
-0.336309
-0.330456
-0.324298
-0.317721
-0.310615
-0.302895
-0.294531
-0.285564
-0.276095
-0.266274
-0.256268
-0.246242
-0.236331
-0.226658
-0.21722
-0.208424
-0.353413
-0.3473
-0.3424
-0.337233
-0.331826
-0.326244
-0.320417
-0.314248
-0.30763
-0.300472
-0.292723
-0.284393
-0.275552
-0.266321
-0.256849
-0.247288
-0.237773
-0.228434
-0.219261
-0.210708
-0.348014
-0.342248
-0.337571
-0.332619
-0.32744
-0.322114
-0.316591
-0.310793
-0.304623
-0.297985
-0.290814
-0.283093
-0.274863
-0.266217
-0.25728
-0.248193
-0.239084
-0.23009
-0.221189
-0.212889
-0.342736
-0.337315
-0.332862
-0.328124
-0.323166
-0.31808
-0.312838
-0.30738
-0.301618
-0.295459
-0.288827
-0.281684
-0.274044
-0.265972
-0.257571
-0.248964
-0.24027
-0.231632
-0.223012
-0.214972
-0.337592
-0.332512
-0.328283
-0.323758
-0.319015
-0.314158
-0.309176
-0.304026
-0.298636
-0.292915
-0.286782
-0.280184
-0.273111
-0.265601
-0.257731
-0.249608
-0.241339
-0.233067
-0.224735
-0.216968
-0.332595
-0.32785
-0.323843
-0.31953
-0.314997
-0.310358
-0.305618
-0.300751
-0.295697
-0.290375
-0.284703
-0.278614
-0.27208
-0.265114
-0.257769
-0.250133
-0.242296
-0.234401
-0.226366
-0.218885
-0.327752
-0.323335
-0.319549
-0.315446
-0.31112
-0.306689
-0.302175
-0.297567
-0.292818
-0.287859
-0.282607
-0.276992
-0.270968
-0.264526
-0.257697
-0.250547
-0.243148
-0.235641
-0.227911
-0.220734
-0.323071
-0.318974
-0.315406
-0.311511
-0.307387
-0.303158
-0.298857
-0.294486
-0.290015
-0.285384
-0.280516
-0.275337
-0.26979
-0.263849
-0.257522
-0.250856
-0.2439
-0.236792
-0.229376
-0.222528
-0.318559
-0.314771
-0.311418
-0.307728
-0.303804
-0.29977
-0.29567
-0.291519
-0.287301
-0.282965
-0.278444
-0.273665
-0.268563
-0.263097
-0.257256
-0.251067
-0.244558
-0.237861
-0.230767
-0.224278
-0.314218
-0.310729
-0.307587
-0.304099
-0.300371
-0.296526
-0.292618
-0.288673
-0.284684
-0.280616
-0.276409
-0.271994
-0.267302
-0.262282
-0.256909
-0.251189
-0.245127
-0.238853
-0.232089
-0.226001
-0.310052
-0.306851
-0.303914
-0.300625
-0.297089
-0.293429
-0.289705
-0.285952
-0.282174
-0.278348
-0.274424
-0.270338
-0.266022
-0.26142
-0.256491
-0.251228
-0.245613
-0.239774
-0.233348
-0.227711
-0.306061
-0.303135
-0.300399
-0.297304
-0.293957
-0.290477
-0.286931
-0.283359
-0.279777
-0.27617
-0.272501
-0.268711
-0.264738
-0.260521
-0.256012
-0.251192
-0.24602
-0.240629
-0.234548
-0.229425
-0.302246
-0.299582
-0.29704
-0.294136
-0.290973
-0.28767
-0.284295
-0.280896
-0.277495
-0.274089
-0.270648
-0.267126
-0.263462
-0.259599
-0.255483
-0.251088
-0.246351
-0.241421
-0.235691
-0.231161
-0.298605
-0.296191
-0.293835
-0.291116
-0.288134
-0.285004
-0.281796
-0.278562
-0.275332
-0.272109
-0.268875
-0.265591
-0.262206
-0.258664
-0.254913
-0.250922
-0.246611
-0.242152
-0.23678
-0.232938
-0.295137
-0.292957
-0.290781
-0.288242
-0.285437
-0.282477
-0.279431
-0.276356
-0.273286
-0.270234
-0.267187
-0.264117
-0.260981
-0.257729
-0.254312
-0.250701
-0.246803
-0.242826
-0.237814
-0.234771
-0.291837
-0.289879
-0.287875
-0.28551
-0.282878
-0.280083
-0.277196
-0.274275
-0.271358
-0.268464
-0.265588
-0.26271
-0.259795
-0.256803
-0.253688
-0.250432
-0.246927
-0.24344
-0.238791
-0.236676
-0.288702
-0.286952
-0.285113
-0.282916
-0.280451
-0.277817
-0.275086
-0.272314
-0.269545
-0.266799
-0.264079
-0.261374
-0.258656
-0.255894
-0.25305
-0.250118
-0.246985
-0.243991
-0.239704
-0.238662
-0.285727
-0.284172
-0.282489
-0.280454
-0.278152
-0.275676
-0.273096
-0.270471
-0.267842
-0.265237
-0.262663
-0.260113
-0.25757
-0.255009
-0.252405
-0.249766
-0.246977
-0.244474
-0.240544
-0.240733
-0.282908
-0.281533
-0.279999
-0.27812
-0.275974
-0.273652
-0.271221
-0.268738
-0.266247
-0.263776
-0.261337
-0.258929
-0.25654
-0.254156
-0.25176
-0.249378
-0.246902
-0.244878
-0.241299
-0.242883
-0.280239
-0.279031
-0.277638
-0.275907
-0.273913
-0.271741
-0.269454
-0.26711
-0.264753
-0.262411
-0.260099
-0.257821
-0.25557
-0.253339
-0.25112
-0.248959
-0.246757
-0.245189
-0.24195
-0.277713
-0.27666
-0.275399
-0.27381
-0.271962
-0.269935
-0.26779
-0.265582
-0.263355
-0.261138
-0.258947
-0.256789
-0.254661
-0.252561
-0.25049
-0.248512
-0.24654
-0.245389
-0.275324
-0.274414
-0.273278
-0.271823
-0.270116
-0.268229
-0.266222
-0.264147
-0.262047
-0.259951
-0.257876
-0.25583
-0.253813
-0.251825
-0.249875
-0.248039
-0.246248
-0.273065
-0.272287
-0.271267
-0.269941
-0.268368
-0.266616
-0.264743
-0.262798
-0.260822
-0.258844
-0.256881
-0.254941
-0.253024
-0.251132
-0.249277
-0.247544
-0.24588
-0.270929
-0.270272
-0.269362
-0.268156
-0.266712
-0.265091
-0.263347
-0.261529
-0.259674
-0.257811
-0.255956
-0.254117
-0.252292
-0.250483
-0.248701
-0.24703
-0.268911
-0.268363
-0.267556
-0.266465
-0.265143
-0.263647
-0.262028
-0.260332
-0.258596
-0.256845
-0.255095
-0.253352
-0.251614
-0.249877
-0.248149
-0.267001
-0.266555
-0.265843
-0.26486
-0.263654
-0.262279
-0.26078
-0.259203
-0.257581
-0.25594
-0.254292
-0.252642
-0.250984
-0.249311
-0.247622
-0.265195
-0.26484
-0.264218
-0.263336
-0.262241
-0.26098
-0.259597
-0.258134
-0.256624
-0.255088
-0.253539
-0.251979
-0.250399
-0.248785
-0.263484
-0.263214
-0.262674
-0.261888
-0.260897
-0.259745
-0.258473
-0.25712
-0.255717
-0.254283
-0.25283
-0.251357
-0.249852
-0.261863
-0.261671
-0.261207
-0.260511
-0.259618
-0.258569
-0.257403
-0.256156
-0.254855
-0.25352
-0.25216
-0.250771
-0.249339
-0.260326
-0.260204
-0.259812
-0.259199
-0.258399
-0.257448
-0.256382
-0.255235
-0.254033
-0.252793
-0.251521
-0.250214
-0.258865
-0.258808
-0.258483
-0.257949
-0.257236
-0.256377
-0.255406
-0.254354
-0.253246
-0.252096
-0.25091
-0.249682
-0.257477
-0.25748
-0.257216
-0.256755
-0.256123
-0.255352
-0.254471
-0.253509
-0.25249
-0.251426
-0.250322
-0.256155
-0.256213
-0.256007
-0.255613
-0.255059
-0.254369
-0.253573
-0.252697
-0.251761
-0.250779
-0.249753
-0.254895
-0.255004
-0.254851
-0.254521
-0.254038
-0.253425
-0.252709
-0.251913
-0.251058
-0.250153
-0.253693
-0.253849
-0.253745
-0.253475
-0.253059
-0.252517
-0.251876
-0.251157
-0.250377
-0.249545
-0.252544
-0.252744
-0.252687
-0.252471
-0.252118
-0.251644
-0.251073
-0.250425
-0.249716
-0.251444
-0.251686
-0.251671
-0.251508
-0.251213
-0.250802
-0.250297
-0.249717
-0.249075
-0.250391
-0.250672
-0.250697
-0.250582
-0.250342
-0.24999
-0.249547
-0.249031
-0.248453
-0.249381
-0.249699
-0.249762
-0.249691
-0.249502
-0.249207
-0.248822
-0.248366
-0.248412
-0.248765
-0.248863
-0.248835
-0.248694
-0.24845
-0.248121
-0.247721
-0.247481
-0.247867
-0.247998
-0.24801
-0.247914
-0.247719
-0.247442
-0.247096
-0.246586
-0.247004
-0.247167
-0.247216
-0.247162
-0.247013
-0.246785
-0.245725
-0.246175
-0.246367
-0.246451
-0.246437
-0.246332
-0.24615
-0.244897
-0.245377
-0.245597
-0.245714
-0.245738
-0.245674
-0.245536
-0.244101
-0.24461
-0.244857
-0.245005
-0.245064
-0.245039
-0.243335
-0.243873
-0.244146
-0.244323
-0.244416
-0.244427
-0.242599
-0.243165
-0.243462
-0.243668
-0.243792
-0.243837
-0.241892
-0.242486
-0.242807
-0.243039
-0.243193
-0.24327
-0.241214
-0.241835
-0.242178
-0.242436
-0.242618
-0.240564
-0.241212
-0.241578
-0.241859
-0.242067
-0.239943
-0.240618
-0.241004
-0.241308
-0.241541
-0.239351
-0.240052
-0.240458
-0.240784
-0.241041
-0.238788
-0.239514
-0.23994
-0.240286
-0.238255
-0.239006
-0.23945
-0.239816
-0.237752
-0.238528
-0.23899
-0.239373
-0.23728
-0.23808
-0.238558
-0.238959
-0.236841
-0.237663
-0.238157
-0.238574
-0.236434
-0.237278
-0.237787
-0.238218
-0.236061
-0.236925
-0.237448
-0.237892
-0.235723
-0.236606
-0.237141
-0.237598
-0.23542
-0.236321
-0.236867
-0.235154
-0.236071
-0.236627
-0.234926
-0.235856
-0.236421
-0.234736
-0.235678
-0.23625
-0.234585
-0.235536
-0.236114
-0.234473
-0.235431
-0.236013
-0.234401
-0.235364
-0.235949
-0.234369
-0.235334
-0.235921
-0.179679
-0.182856
-0.185907
-0.188835
-0.191645
-0.194339
-0.19692
-0.199391
-0.201754
-0.204011
-0.206164
-0.208214
-0.210164
-0.212016
-0.213771
-0.215435
-0.217011
-0.218507
-0.219933
-0.221301
-0.222627
-0.223934
-0.225249
-0.226607
-0.165964
-0.169179
-0.172296
-0.175318
-0.178248
-0.18109
-0.183847
-0.186522
-0.189119
-0.191642
-0.194095
-0.196483
-0.198812
-0.201088
-0.203318
-0.205511
-0.207678
-0.20983
-0.211983
-0.214151
-0.216355
-0.218614
-0.220951
-0.22339
-0.153662
-0.156866
-0.159994
-0.163048
-0.166032
-0.168948
-0.1718
-0.174589
-0.17732
-0.179995
-0.182619
-0.185195
-0.187727
-0.190219
-0.192677
-0.195104
-0.197506
-0.199888
-0.202254
-0.20461
-0.206962
-0.209314
-0.211672
-0.214041
-0.142711
-0.145857
-0.148942
-0.15197
-0.154943
-0.157861
-0.160728
-0.163545
-0.166314
-0.169037
-0.171717
-0.174355
-0.176954
-0.179516
-0.182042
-0.184537
-0.187001
-0.189439
-0.191854
-0.19425
-0.196632
-0.199007
-0.201383
-0.203769
-0.132884
-0.135944
-0.138956
-0.141923
-0.144846
-0.147726
-0.150565
-0.153364
-0.156126
-0.158851
-0.161541
-0.164199
-0.166825
-0.169422
-0.171991
-0.174536
-0.177058
-0.179561
-0.182046
-0.184519
-0.186981
-0.189438
-0.191892
-0.194349
-0.124065
-0.127019
-0.129936
-0.132818
-0.135664
-0.138478
-0.141259
-0.144009
-0.146729
-0.149421
-0.152085
-0.154723
-0.157337
-0.159927
-0.162495
-0.165043
-0.167571
-0.170081
-0.172575
-0.175054
-0.177519
-0.179972
-0.182414
-0.184849
-0.116124
-0.118961
-0.121769
-0.124549
-0.127302
-0.130028
-0.13273
-0.135406
-0.13806
-0.14069
-0.143299
-0.145888
-0.148456
-0.151005
-0.153536
-0.15605
-0.158548
-0.16103
-0.163498
-0.165952
-0.168394
-0.170825
-0.173247
-0.175661
-0.108966
-0.111679
-0.114369
-0.117037
-0.119684
-0.12231
-0.124917
-0.127505
-0.130075
-0.132627
-0.135162
-0.137681
-0.140184
-0.142673
-0.145147
-0.147609
-0.150057
-0.152494
-0.154919
-0.157333
-0.159738
-0.162133
-0.16452
-0.166899
-0.102502
-0.105087
-0.107655
-0.110205
-0.11274
-0.115258
-0.117762
-0.120251
-0.122725
-0.125187
-0.127635
-0.130072
-0.132496
-0.13491
-0.137312
-0.139705
-0.142088
-0.144461
-0.146826
-0.149183
-0.151532
-0.153873
-0.156207
-0.158535
-0.0966547
-0.0991123
-0.101556
-0.103987
-0.106406
-0.108812
-0.111207
-0.113591
-0.115964
-0.118327
-0.120681
-0.123025
-0.125361
-0.127689
-0.130008
-0.132321
-0.134626
-0.136925
-0.139217
-0.141504
-0.143785
-0.146061
-0.148333
-0.1506
-0.0913594
-0.0936908
-0.0960118
-0.0983229
-0.100625
-0.102917
-0.105201
-0.107477
-0.109745
-0.112005
-0.114259
-0.116506
-0.118747
-0.120982
-0.123212
-0.125437
-0.127657
-0.129872
-0.132084
-0.134292
-0.136496
-0.138697
-0.140895
-0.143091
-0.0865573
-0.0887654
-0.0909657
-0.0931585
-0.0953443
-0.0975234
-0.0996962
-0.101863
-0.104024
-0.106181
-0.108332
-0.110478
-0.112621
-0.11476
-0.116895
-0.119027
-0.121156
-0.123283
-0.125407
-0.127529
-0.12965
-0.131769
-0.133887
-0.136004
-0.0821952
-0.0842841
-0.086367
-0.0884445
-0.0905169
-0.0925844
-0.0946474
-0.0967062
-0.0987613
-0.100813
-0.102861
-0.104906
-0.106949
-0.10899
-0.111028
-0.113065
-0.1151
-0.117134
-0.119168
-0.1212
-0.123232
-0.125264
-0.127297
-0.129329
-0.0782294
-0.0802033
-0.0821729
-0.0841385
-0.0861005
-0.0880591
-0.0900147
-0.0919675
-0.0939177
-0.0958658
-0.0978119
-0.0997564
-0.101699
-0.103641
-0.105583
-0.107523
-0.109463
-0.111403
-0.113344
-0.115284
-0.117225
-0.119167
-0.121111
-0.123055
-0.074618
-0.0764818
-0.0783425
-0.0802005
-0.082056
-0.0839093
-0.0857606
-0.0876101
-0.0894582
-0.0913051
-0.093151
-0.0949962
-0.0968409
-0.0986853
-0.10053
-0.102374
-0.10422
-0.106065
-0.107912
-0.10976
-0.111609
-0.11346
-0.115313
-0.117167
-0.0713248
-0.0730837
-0.0748404
-0.0765953
-0.0783486
-0.0801005
-0.0818513
-0.0836011
-0.0853502
-0.0870988
-0.0888471
-0.0905955
-0.0923439
-0.0940928
-0.0958423
-0.0975926
-0.099344
-0.101097
-0.102851
-0.104606
-0.106364
-0.108123
-0.109885
-0.111649
-0.0683187
-0.0699777
-0.0716353
-0.0732917
-0.0749472
-0.076602
-0.0782562
-0.07991
-0.0815637
-0.0832175
-0.0848715
-0.086526
-0.0881811
-0.089837
-0.091494
-0.0931522
-0.0948118
-0.096473
-0.0981359
-0.0998009
-0.101468
-0.103137
-0.104809
-0.106484
-0.0655718
-0.0671358
-0.0686991
-0.0702617
-0.0718239
-0.0733858
-0.0749477
-0.0765096
-0.0780718
-0.0796344
-0.0811977
-0.0827617
-0.0843267
-0.0858928
-0.0874602
-0.0890291
-0.0905996
-0.0921719
-0.0937461
-0.0953225
-0.0969012
-0.0984823
-0.100066
-0.101652
-0.0645316
-0.0660054
-0.0674791
-0.0689526
-0.0704262
-0.0719001
-0.0733743
-0.074849
-0.0763245
-0.0778008
-0.0792781
-0.0807565
-0.0822362
-0.0837174
-0.0852001
-0.0866846
-0.088171
-0.0896595
-0.0911501
-0.092643
-0.0941384
-0.0956363
-0.097137
-0.0621431
-0.0635323
-0.0649216
-0.066311
-0.0677007
-0.0690908
-0.0704815
-0.071873
-0.0732653
-0.0746585
-0.0760529
-0.0774485
-0.0788455
-0.080244
-0.0816441
-0.083046
-0.0844497
-0.0858555
-0.0872635
-0.0886737
-0.0900863
-0.0915014
-0.0929191
-0.0599499
-0.061259
-0.0625684
-0.0638781
-0.0651882
-0.066499
-0.0678104
-0.0691226
-0.0704358
-0.07175
-0.0730653
-0.074382
-0.0757
-0.0770195
-0.0783406
-0.0796634
-0.0809881
-0.0823147
-0.0836433
-0.0849741
-0.0863072
-0.0876426
-0.0889806
-0.0579343
-0.0591678
-0.0604016
-0.0616358
-0.0628707
-0.0641061
-0.0653424
-0.0665794
-0.0678175
-0.0690565
-0.0702967
-0.0715382
-0.072781
-0.0740252
-0.075271
-0.0765184
-0.0777675
-0.0790185
-0.0802714
-0.0815262
-0.0827832
-0.0840424
-0.0853038
-0.0865676
-0.0560796
-0.0572417
-0.0584042
-0.0595672
-0.0607307
-0.061895
-0.06306
-0.0642259
-0.0653927
-0.0665606
-0.0677295
-0.0688996
-0.070071
-0.0712437
-0.0724178
-0.0735935
-0.0747707
-0.0759496
-0.0771303
-0.0783128
-0.0794972
-0.0806835
-0.081872
-0.0830625
-0.0543718
-0.0554665
-0.0565616
-0.0576573
-0.0587536
-0.0598505
-0.0609482
-0.0620467
-0.0631461
-0.0642465
-0.0653479
-0.0664503
-0.067554
-0.0686588
-0.069765
-0.0708725
-0.0719815
-0.0730919
-0.074204
-0.0753176
-0.076433
-0.0775501
-0.078669
-0.0797898
-0.0527973
-0.0538285
-0.0548601
-0.0558923
-0.0569251
-0.0579585
-0.0589926
-0.0600275
-0.0610631
-0.0620997
-0.0631372
-0.0641756
-0.0652151
-0.0662557
-0.0672975
-0.0683405
-0.0693847
-0.0704303
-0.0714772
-0.0725256
-0.0735754
-0.0746268
-0.0756797
-0.0767343
-0.0513449
-0.0523162
-0.053288
-0.0542603
-0.0552332
-0.0562066
-0.0571806
-0.0581554
-0.0591309
-0.0601071
-0.0610842
-0.0620621
-0.063041
-0.0640208
-0.0650017
-0.0659835
-0.0669665
-0.0679506
-0.0689359
-0.0699225
-0.0709103
-0.0718994
-0.0728898
-0.0738816
-0.0500043
-0.0509192
-0.0518346
-0.0527504
-0.0536667
-0.0545835
-0.0555009
-0.0564189
-0.0573375
-0.0582568
-0.0591769
-0.0600976
-0.0610192
-0.0619416
-0.0628649
-0.063789
-0.0647141
-0.0656401
-0.0665671
-0.0674952
-0.0684243
-0.0693545
-0.0702858
-0.0712182
-0.0487657
-0.0496275
-0.0504896
-0.0513522
-0.0522152
-0.0530787
-0.0539426
-0.0548071
-0.0556722
-0.0565378
-0.057404
-0.0582708
-0.0591383
-0.0600065
-0.0608754
-0.061745
-0.0626154
-0.0634865
-0.0643585
-0.0652314
-0.066105
-0.0669796
-0.0678551
-0.0687315
-0.0476209
-0.0484327
-0.0492447
-0.0500571
-0.0508699
-0.0516831
-0.0524966
-0.0533107
-0.0541251
-0.0549401
-0.0557555
-0.0565714
-0.0573879
-0.058205
-0.0590226
-0.0598407
-0.0606595
-0.061479
-0.062299
-0.0631198
-0.0639412
-0.0647632
-0.065586
-0.0664095
-0.0465622
-0.0473268
-0.0480917
-0.0488568
-0.0496222
-0.050388
-0.0511541
-0.0519206
-0.0526874
-0.0534546
-0.0542222
-0.0549901
-0.0557585
-0.0565274
-0.0572966
-0.0580663
-0.0588365
-0.0596071
-0.0603782
-0.0611498
-0.061922
-0.0626946
-0.0634677
-0.0642414
-0.0455827
-0.0463029
-0.0470233
-0.0477439
-0.0484648
-0.0491859
-0.0499073
-0.0506289
-0.0513509
-0.0520731
-0.0527956
-0.0535183
-0.0542414
-0.0549648
-0.0556885
-0.0564125
-0.0571369
-0.0578616
-0.0585866
-0.0593119
-0.0600376
-0.0607637
-0.06149
-0.0622168
-0.0446763
-0.0453546
-0.0460332
-0.0467119
-0.0473908
-0.0480698
-0.0487491
-0.0494285
-0.0501082
-0.050788
-0.051468
-0.0521482
-0.0528286
-0.0535092
-0.05419
-0.054871
-0.0555523
-0.0562337
-0.0569153
-0.0575971
-0.0582791
-0.0589613
-0.0596437
-0.0603263
-0.0438374
-0.0444764
-0.0451155
-0.0457548
-0.0463941
-0.0470336
-0.0476731
-0.0483128
-0.0489526
-0.0495925
-0.0502326
-0.0508727
-0.0515129
-0.0521532
-0.0527937
-0.0534342
-0.0540748
-0.0547155
-0.0553562
-0.0559971
-0.056638
-0.057279
-0.05792
-0.0585611
-0.043061
-0.0436629
-0.0442649
-0.0448669
-0.045469
-0.0460712
-0.0466734
-0.0472757
-0.047878
-0.0484803
-0.0490827
-0.0496851
-0.0502875
-0.05089
-0.0514924
-0.0520948
-0.0526972
-0.0532996
-0.053902
-0.0545043
-0.0551066
-0.0557088
-0.056311
-0.0569131
-0.0423425
-0.0429095
-0.0434765
-0.0440436
-0.0446106
-0.0451777
-0.0457447
-0.0463118
-0.0468788
-0.0474458
-0.0480127
-0.0485796
-0.0491465
-0.0497132
-0.0502799
-0.0508465
-0.051413
-0.0519794
-0.0525457
-0.0531118
-0.0536778
-0.0542436
-0.0548093
-0.0553748
-0.0416776
-0.0422118
-0.0427459
-0.04328
-0.0438141
-0.0443481
-0.0448821
-0.045416
-0.0459498
-0.0464836
-0.0470172
-0.0475507
-0.0480841
-0.0486173
-0.0491504
-0.0496833
-0.0502161
-0.0507486
-0.051281
-0.0518131
-0.052345
-0.0528767
-0.0534081
-0.0539392
-0.0410628
-0.041566
-0.0420692
-0.0425723
-0.0430754
-0.0435783
-0.0440812
-0.0445839
-0.0450865
-0.0455889
-0.0460912
-0.0465934
-0.0470953
-0.047597
-0.0480986
-0.0485998
-0.0491009
-0.0496017
-0.0501022
-0.0506024
-0.0511023
-0.0516019
-0.0521011
-0.0526
-0.0404945
-0.0409686
-0.0414427
-0.0419166
-0.0423905
-0.0428642
-0.0433378
-0.0438112
-0.0442845
-0.0447575
-0.0452304
-0.045703
-0.0461754
-0.0466475
-0.0471194
-0.047591
-0.0480623
-0.0485332
-0.0490039
-0.0494741
-0.049944
-0.0504135
-0.0508826
-0.0513513
-0.0399694
-0.0404162
-0.0408629
-0.0413095
-0.0417559
-0.0422022
-0.0426483
-0.0430942
-0.0435399
-0.0439853
-0.0444305
-0.0448755
-0.0453201
-0.0457645
-0.0462085
-0.0466522
-0.0470956
-0.0475385
-0.0479811
-0.0484233
-0.0488651
-0.0493064
-0.0497473
-0.0501876
-0.039485
-0.0399061
-0.0403271
-0.0407479
-0.0411686
-0.0415891
-0.0420093
-0.0424293
-0.0428491
-0.0432687
-0.0436879
-0.0441069
-0.0445255
-0.0449438
-0.0453617
-0.0457793
-0.0461964
-0.0466132
-0.0470295
-0.0474454
-0.0478608
-0.0482757
-0.0486901
-0.049104
-0.0390385
-0.0394355
-0.0398323
-0.040229
-0.0406255
-0.0410217
-0.0414177
-0.0418135
-0.042209
-0.0426042
-0.0429991
-0.0433937
-0.0437879
-0.0441818
-0.0445752
-0.0449683
-0.0453609
-0.0457531
-0.0461449
-0.0465361
-0.0469269
-0.0473171
-0.0477068
-0.0480959
-0.0386274
-0.0390018
-0.039376
-0.03975
-0.0401238
-0.0404973
-0.0408706
-0.0412436
-0.0416164
-0.0419888
-0.0423609
-0.0427327
-0.043104
-0.043475
-0.0438456
-0.0442157
-0.0445854
-0.0449546
-0.0453233
-0.0456916
-0.0460592
-0.0464264
-0.0467929
-0.0471589
-0.0382496
-0.0386028
-0.0389558
-0.0393085
-0.0396611
-0.0400134
-0.0403654
-0.0407171
-0.0410686
-0.0414197
-0.0417704
-0.0421208
-0.0424708
-0.0428204
-0.0431695
-0.0435182
-0.0438665
-0.0442142
-0.0445614
-0.0449081
-0.0452543
-0.0455999
-0.0459449
-0.0462892
-0.037903
-0.0382363
-0.0385695
-0.0389024
-0.039235
-0.0395675
-0.0398996
-0.0402314
-0.0405629
-0.0408941
-0.0412249
-0.0415554
-0.0418854
-0.042215
-0.0425441
-0.0428728
-0.043201
-0.0435288
-0.0438559
-0.0441826
-0.0445086
-0.0448341
-0.045159
-0.0454833
-0.0375857
-0.0379005
-0.0382151
-0.0385294
-0.0388436
-0.0391574
-0.039471
-0.0397842
-0.0400972
-0.0404098
-0.040722
-0.0410338
-0.0413452
-0.0416562
-0.0419667
-0.0422767
-0.0425863
-0.0428953
-0.0432038
-0.0435118
-0.0438192
-0.044126
-0.0444322
-0.0447377
-0.0372959
-0.0375934
-0.0378907
-0.0381878
-0.0384847
-0.0387812
-0.0390775
-0.0393734
-0.0396691
-0.0399643
-0.0402592
-0.0405537
-0.0408478
-0.0411415
-0.0414347
-0.0417274
-0.0420196
-0.0423113
-0.0426025
-0.0428931
-0.0431831
-0.0434725
-0.0437614
-0.0440495
-0.037032
-0.0373135
-0.0375947
-0.0378757
-0.0381565
-0.038437
-0.0387172
-0.0389971
-0.0392767
-0.0395558
-0.0398347
-0.0401131
-0.0403911
-0.0406687
-0.0409458
-0.0412224
-0.0414986
-0.0417742
-0.0420493
-0.0423238
-0.0425978
-0.0428711
-0.0431439
-0.043416
-0.0367925
-0.0370591
-0.0373255
-0.0375916
-0.0378575
-0.0381231
-0.0383884
-0.0386534
-0.0389181
-0.0391824
-0.0394463
-0.0397099
-0.039973
-0.0402357
-0.040498
-0.0407597
-0.041021
-0.0412818
-0.041542
-0.0418017
-0.0420608
-0.0423194
-0.0425773
-0.0428346
-0.036576
-0.0368288
-0.0370814
-0.0373338
-0.0375859
-0.0378378
-0.0380894
-0.0383407
-0.0385916
-0.0388422
-0.0390925
-0.0393423
-0.0395917
-0.0398407
-0.0400893
-0.0403374
-0.040585
-0.0408321
-0.0410786
-0.0413247
-0.0415701
-0.041815
-0.0420593
-0.042303
-0.0363811
-0.0366213
-0.0368613
-0.0371011
-0.0373406
-0.0375799
-0.0378188
-0.0380575
-0.0382958
-0.0385339
-0.0387715
-0.0390088
-0.0392456
-0.0394821
-0.0397181
-0.0399536
-0.0401887
-0.0404232
-0.0406573
-0.0408908
-0.0411238
-0.0413562
-0.0415881
-0.0418193
-0.0362068
-0.0364354
-0.0366639
-0.0368921
-0.0371201
-0.0373478
-0.0375753
-0.0378024
-0.0380293
-0.0382558
-0.0384819
-0.0387077
-0.0389331
-0.0391581
-0.0393827
-0.0396068
-0.0398305
-0.0400536
-0.0402763
-0.0404985
-0.0407201
-0.0409412
-0.0411617
-0.0413816
-0.0360519
-0.0362701
-0.0364881
-0.0367058
-0.0369233
-0.0371406
-0.0373576
-0.0375744
-0.0377908
-0.0380069
-0.0382227
-0.0384381
-0.0386531
-0.0388677
-0.039082
-0.0392957
-0.0395091
-0.039722
-0.0399344
-0.0401463
-0.0403576
-0.0405685
-0.0407788
-0.0409885
-0.0411977
-0.0359155
-0.0361242
-0.0363327
-0.0365411
-0.0367492
-0.0369571
-0.0371647
-0.0373721
-0.0375792
-0.037786
-0.0379924
-0.0381985
-0.0384042
-0.0386096
-0.0388145
-0.0390191
-0.0392232
-0.0394269
-0.0396301
-0.0398328
-0.0400351
-0.0402368
-0.040438
-0.0406387
-0.0408388
-0.0357968
-0.0359971
-0.0361973
-0.0363973
-0.0365971
-0.0367967
-0.036996
-0.037195
-0.0373938
-0.0375923
-0.0377905
-0.0379884
-0.0381859
-0.038383
-0.0385798
-0.0387762
-0.0389721
-0.0391677
-0.0393628
-0.0395574
-0.0397516
-0.0399453
-0.0401385
-0.0403312
-0.0405233
-0.0356948
-0.0358878
-0.0360807
-0.0362734
-0.0364659
-0.0366582
-0.0368503
-0.0370421
-0.0372336
-0.0374249
-0.0376159
-0.0378066
-0.037997
-0.038187
-0.0383767
-0.038566
-0.0387549
-0.0389434
-0.0391315
-0.0393191
-0.0395063
-0.0396931
-0.0398794
-0.0400652
-0.0402505
-0.0356096
-0.0357964
-0.035983
-0.0361694
-0.0363557
-0.0365418
-0.0367276
-0.0369133
-0.0370987
-0.0372838
-0.0374687
-0.0376532
-0.0378375
-0.0380215
-0.0382051
-0.0383884
-0.0385713
-0.0387539
-0.038936
-0.0391178
-0.0392992
-0.0394801
-0.0396606
-0.0398406
-0.0400201
-0.0355399
-0.0357215
-0.035903
-0.0360843
-0.0362654
-0.0364464
-0.0366272
-0.0368078
-0.0369881
-0.0371682
-0.0373481
-0.0375277
-0.037707
-0.037886
-0.0380647
-0.0382431
-0.0384212
-0.0385989
-0.0387763
-0.0389533
-0.0391299
-0.0393062
-0.039482
-0.0396574
-0.0398323
-0.0354867
-0.0356642
-0.0358415
-0.0360187
-0.0361958
-0.0363727
-0.0365494
-0.036726
-0.0369023
-0.0370785
-0.0372544
-0.0374301
-0.0376055
-0.0377807
-0.0379556
-0.0381302
-0.0383045
-0.0384785
-0.0386522
-0.0388256
-0.0389986
-0.0391713
-0.0393436
-0.0395155
-0.0396871
-0.0354492
-0.0356238
-0.0357983
-0.0359727
-0.036147
-0.0363211
-0.0364951
-0.0366689
-0.0368425
-0.037016
-0.0371892
-0.0373623
-0.0375351
-0.0377076
-0.03788
-0.038052
-0.0382238
-0.0383954
-0.0385666
-0.0387376
-0.0389082
-0.0390785
-0.0392485
-0.0394182
-0.0395875
-0.0354273
-0.0356
-0.0357725
-0.035945
-0.0361173
-0.0362896
-0.0364617
-0.0366337
-0.0368056
-0.0369773
-0.0371489
-0.0373203
-0.0374915
-0.0376625
-0.0378334
-0.038004
-0.0381745
-0.0383447
-0.0385147
-0.0386845
-0.038854
-0.0390233
-0.0391923
-0.0393611
-0.0395296
-0.0352294
-0.035402
-0.0355745
-0.0357469
-0.0359192
-0.0360914
-0.0362635
-0.0364354
-0.0366072
-0.0367789
-0.0369505
-0.0371218
-0.0372931
-0.0374641
-0.037635
-0.0378056
-0.0379761
-0.0381463
-0.0383164
-0.0384862
-0.0386558
-0.0388251
-0.0389942
-0.039163
-0.0393316
-0.0352495
-0.0354241
-0.0355986
-0.0357729
-0.0359472
-0.0361213
-0.0362952
-0.036469
-0.0366427
-0.0368161
-0.0369894
-0.0371625
-0.0373353
-0.0375079
-0.0376803
-0.0378525
-0.0380244
-0.038196
-0.0383673
-0.0385384
-0.0387091
-0.0388796
-0.0390497
-0.0392195
-0.0393889
-0.0352847
-0.0354621
-0.0356394
-0.0358166
-0.0359937
-0.0361706
-0.0363473
-0.0365239
-0.0367003
-0.0368764
-0.0370524
-0.0372281
-0.0374036
-0.0375789
-0.0377539
-0.0379286
-0.0381031
-0.0382772
-0.038451
-0.0386245
-0.0387977
-0.0389705
-0.039143
-0.0393151
-0.0394869
-0.0353345
-0.035516
-0.0356975
-0.0358788
-0.03606
-0.0362409
-0.0364218
-0.0366024
-0.0367828
-0.0369629
-0.0371429
-0.0373226
-0.037502
-0.0376811
-0.03786
-0.0380385
-0.0382168
-0.0383947
-0.0385722
-0.0387494
-0.0389262
-0.0391026
-0.0392787
-0.0394543
-0.0396295
-0.0353999
-0.0355867
-0.0357733
-0.0359597
-0.036146
-0.0363322
-0.0365181
-0.0367038
-0.0368893
-0.0370745
-0.0372595
-0.0374442
-0.0376286
-0.0378127
-0.0379965
-0.0381799
-0.038363
-0.0385458
-0.0387282
-0.0389101
-0.0390917
-0.0392729
-0.0394536
-0.0396339
-0.0398138
-0.03548
-0.035673
-0.0358659
-0.0360586
-0.0362512
-0.0364435
-0.0366357
-0.0368276
-0.0370193
-0.0372107
-0.0374018
-0.0375926
-0.0377832
-0.0379734
-0.0381632
-0.0383527
-0.0385419
-0.0387306
-0.0389189
-0.0391069
-0.0392943
-0.0394814
-0.039668
-0.0398541
-0.0400397
-0.035576
-0.0357764
-0.0359766
-0.0361766
-0.0363765
-0.0365761
-0.0367756
-0.0369747
-0.0371737
-0.0373723
-0.0375706
-0.0377687
-0.0379664
-0.0381637
-0.0383607
-0.0385573
-0.0387536
-0.0389494
-0.0391448
-0.0393397
-0.0395342
-0.0397282
-0.0399217
-0.0401148
-0.0403073
-0.0356878
-0.0358966
-0.0361052
-0.0363136
-0.0365218
-0.0367298
-0.0369376
-0.0371451
-0.0373524
-0.0375593
-0.0377659
-0.0379722
-0.0381782
-0.0383838
-0.038589
-0.0387938
-0.0389982
-0.0392022
-0.0394058
-0.0396088
-0.0398114
-0.0400135
-0.0402151
-0.0404161
-0.0406166
-0.0358166
-0.0360348
-0.0362529
-0.0364707
-0.0366884
-0.0369058
-0.037123
-0.0373399
-0.0375565
-0.0377728
-0.0379888
-0.0382044
-0.0384197
-0.0386346
-0.0388491
-0.0390632
-0.0392769
-0.0394901
-0.0397029
-0.0399151
-0.0401269
-0.0403381
-0.0405489
-0.040759
-0.0409686
-0.0359629
-0.0361916
-0.0364202
-0.0366485
-0.0368767
-0.0371046
-0.0373322
-0.0375596
-0.0377866
-0.0380134
-0.0382398
-0.0384658
-0.0386915
-0.0389168
-0.0391417
-0.0393662
-0.0395902
-0.0398137
-0.0400368
-0.0402594
-0.0404814
-0.040703
-0.0409239
-0.0411443
-0.0413641
-0.0361278
-0.0363681
-0.0366082
-0.0368482
-0.0370879
-0.0373273
-0.0375665
-0.0378054
-0.038044
-0.0382823
-0.0385202
-0.0387578
-0.0389949
-0.0392317
-0.0394681
-0.039704
-0.0399395
-0.0401745
-0.040409
-0.0406429
-0.0408764
-0.0411093
-0.0413416
-0.0415734
-0.0418045
-0.0363123
-0.0365653
-0.036818
-0.0370706
-0.037323
-0.0375751
-0.0378269
-0.0380784
-0.0383297
-0.0385806
-0.0388311
-0.0390813
-0.0393311
-0.0395805
-0.0398294
-0.0400779
-0.040326
-0.0405735
-0.0408206
-0.0410671
-0.0413131
-0.0415585
-0.0418033
-0.0420476
-0.0422912
-0.0365175
-0.0367843
-0.0370509
-0.0373172
-0.0375833
-0.0378492
-0.0381148
-0.0383801
-0.0386451
-0.0389098
-0.0391741
-0.039438
-0.0397015
-0.0399647
-0.0402273
-0.0404896
-0.0407513
-0.0410126
-0.0412733
-0.0415336
-0.0417932
-0.0420523
-0.0423108
-0.0425688
-0.042826
-0.0367448
-0.0370264
-0.0373079
-0.0375892
-0.0378702
-0.038151
-0.0384315
-0.0387118
-0.0389917
-0.0392713
-0.0395505
-0.0398293
-0.0401078
-0.0403858
-0.0406634
-0.0409406
-0.0412172
-0.0414934
-0.041769
-0.0420441
-0.0423187
-0.0425927
-0.0428661
-0.0431389
-0.043411
-0.0369953
-0.0372931
-0.0375907
-0.0378881
-0.0381852
-0.0384821
-0.0387787
-0.0390751
-0.0393711
-0.0396668
-0.0399621
-0.0402571
-0.0405517
-0.0408458
-0.0411396
-0.0414328
-0.0417256
-0.0420179
-0.0423097
-0.0426009
-0.0428916
-0.0431817
-0.0434712
-0.0437601
-0.0440484
-0.0372707
-0.0375858
-0.0379007
-0.0382154
-0.0385299
-0.0388441
-0.0391581
-0.0394718
-0.0397851
-0.0400982
-0.0404109
-0.0407232
-0.0410352
-0.0413467
-0.0416578
-0.0419684
-0.0422786
-0.0425883
-0.0428975
-0.0432061
-0.0435142
-0.0438217
-0.0441287
-0.044435
-0.0447407
-0.0375724
-0.0379061
-0.0382396
-0.0385729
-0.0389059
-0.0392388
-0.0395714
-0.0399037
-0.0402357
-0.0405674
-0.0408987
-0.0412297
-0.0415603
-0.0418905
-0.0422203
-0.0425497
-0.0428786
-0.043207
-0.0435349
-0.0438622
-0.0441891
-0.0445153
-0.044841
-0.0451661
-0.0454906
-0.0379022
-0.0382558
-0.0386091
-0.0389623
-0.0393153
-0.0396681
-0.0400206
-0.0403729
-0.0407249
-0.0410765
-0.0414279
-0.0417789
-0.0421295
-0.0424798
-0.0428296
-0.043179
-0.043528
-0.0438765
-0.0442245
-0.044572
-0.0449189
-0.0452654
-0.0456112
-0.0459565
-0.0463012
-0.0382618
-0.0386366
-0.0390113
-0.0393858
-0.03976
-0.0401341
-0.040508
-0.0408816
-0.0412549
-0.041628
-0.0420007
-0.0423731
-0.0427452
-0.0431169
-0.0434882
-0.0438591
-0.0442296
-0.0445996
-0.0449692
-0.0453382
-0.0457068
-0.0460749
-0.0464424
-0.0468093
-0.0471756
-0.0386533
-0.0390508
-0.0394481
-0.0398453
-0.0402424
-0.0406392
-0.0410358
-0.0414322
-0.0418284
-0.0422243
-0.0426199
-0.0430152
-0.0434101
-0.0438048
-0.044199
-0.0445929
-0.0449864
-0.0453795
-0.0457721
-0.0461643
-0.046556
-0.0469472
-0.0473379
-0.047728
-0.0481176
-0.0390787
-0.0395004
-0.0399219
-0.0403433
-0.0407646
-0.0411857
-0.0416066
-0.0420273
-0.0424478
-0.0428681
-0.0432881
-0.0437078
-0.0441272
-0.0445464
-0.0449652
-0.0453836
-0.0458017
-0.0462194
-0.0466367
-0.0470535
-0.04747
-0.0478859
-0.0483014
-0.0487164
-0.0491309
-0.0395404
-0.0399878
-0.0404351
-0.0408823
-0.0413294
-0.0417763
-0.0422231
-0.0426698
-0.0431162
-0.0435624
-0.0440085
-0.0444542
-0.0448998
-0.045345
-0.04579
-0.0462346
-0.0466789
-0.0471229
-0.0475666
-0.0480098
-0.0484526
-0.0488951
-0.0493371
-0.0497786
-0.0400408
-0.0405156
-0.0409903
-0.041465
-0.0419396
-0.042414
-0.0428884
-0.0433626
-0.0438367
-0.0443106
-0.0447843
-0.0452579
-0.0457312
-0.0462043
-0.0466771
-0.0471497
-0.047622
-0.048094
-0.0485657
-0.0490371
-0.0495082
-0.0499789
-0.0504492
-0.0509191
-0.0405827
-0.0410866
-0.0415905
-0.0420943
-0.0425982
-0.0431019
-0.0436056
-0.0441092
-0.0446127
-0.045116
-0.0456192
-0.0461223
-0.0466252
-0.047128
-0.0476305
-0.0481329
-0.048635
-0.0491369
-0.0496386
-0.05014
-0.0506411
-0.0511419
-0.0516424
-0.0521426
-0.0411689
-0.0417038
-0.0422387
-0.0427736
-0.0433085
-0.0438434
-0.0443783
-0.0449131
-0.0454479
-0.0459825
-0.0465172
-0.0470517
-0.0475861
-0.0481204
-0.0486546
-0.0491886
-0.0497225
-0.0502563
-0.0507898
-0.0513232
-0.0518564
-0.0523893
-0.052922
-0.0534545
-0.0418029
-0.0423707
-0.0429386
-0.0435065
-0.0440745
-0.0446424
-0.0452104
-0.0457784
-0.0463464
-0.0469144
-0.0474824
-0.0480504
-0.0486183
-0.0491862
-0.049754
-0.0503218
-0.0508895
-0.0514571
-0.0520246
-0.052592
-0.0531593
-0.0537265
-0.0542935
-0.0548604
-0.0424882
-0.043091
-0.0436938
-0.0442968
-0.0448999
-0.045503
-0.0461062
-0.0467095
-0.0473128
-0.0479162
-0.0485197
-0.0491232
-0.0497267
-0.0503303
-0.0509339
-0.0515375
-0.0521412
-0.0527448
-0.0533485
-0.0539521
-0.0545558
-0.0551594
-0.055763
-0.0563665
-0.0432288
-0.0438687
-0.0445088
-0.045149
-0.0457893
-0.0464298
-0.0470704
-0.0477111
-0.048352
-0.048993
-0.0496341
-0.0502754
-0.0509168
-0.0515583
-0.0521999
-0.0528417
-0.0534836
-0.0541255
-0.0547676
-0.0554098
-0.0560521
-0.0566945
-0.057337
-0.0579795
-0.044029
-0.0447084
-0.0453879
-0.0460676
-0.0467476
-0.0474277
-0.048108
-0.0487885
-0.0494693
-0.0501502
-0.0508314
-0.0515127
-0.0521943
-0.0528761
-0.0535582
-0.0542404
-0.0549229
-0.0556056
-0.0562886
-0.0569718
-0.0576552
-0.0583388
-0.0590226
-0.0597067
-0.0448939
-0.0456151
-0.0463365
-0.0470582
-0.0477801
-0.0485023
-0.0492248
-0.0499476
-0.0506706
-0.051394
-0.0521176
-0.0528416
-0.0535659
-0.0542905
-0.0550154
-0.0557407
-0.0564663
-0.0571923
-0.0579187
-0.0586454
-0.0593724
-0.0600999
-0.0608277
-0.0615559
-0.0458287
-0.0465943
-0.0473602
-0.0481264
-0.048893
-0.0496598
-0.0504271
-0.0511946
-0.0519626
-0.0527309
-0.0534997
-0.0542688
-0.0550384
-0.0558085
-0.0565789
-0.0573499
-0.0581213
-0.0588932
-0.0596657
-0.0604386
-0.0612121
-0.0619861
-0.0627606
-0.0635357
-0.0468392
-0.047652
-0.0484651
-0.0492786
-0.0500925
-0.0509068
-0.0517215
-0.0525367
-0.0533523
-0.0541683
-0.0549849
-0.0558021
-0.0566197
-0.0574379
-0.0582567
-0.0590761
-0.0598962
-0.0607168
-0.0615381
-0.0623601
-0.0631828
-0.0640062
-0.0648303
-0.0656552
-0.0479321
-0.048795
-0.0496583
-0.050522
-0.0513861
-0.0522507
-0.0531158
-0.0539814
-0.0548475
-0.0557143
-0.0565816
-0.0574496
-0.0583182
-0.0591875
-0.0600576
-0.0609283
-0.0617999
-0.0626722
-0.0635454
-0.0644194
-0.0652943
-0.0661701
-0.0670468
-0.0679245
-0.0491151
-0.0500311
-0.0509476
-0.0518645
-0.0527819
-0.0536999
-0.0546184
-0.0555375
-0.0564572
-0.0573776
-0.0582987
-0.0592206
-0.0601433
-0.0610667
-0.0619911
-0.0629163
-0.0638424
-0.0647695
-0.0656976
-0.0666268
-0.067557
-0.0684883
-0.0694207
-0.0703543
-0.0503959
-0.0513684
-0.0523413
-0.0533148
-0.0542887
-0.0552632
-0.0562384
-0.0572142
-0.0581907
-0.059168
-0.0601461
-0.0611251
-0.062105
-0.0630858
-0.0640676
-0.0650505
-0.0660344
-0.0670195
-0.0680057
-0.0689932
-0.0699819
-0.070972
-0.0719633
-0.0729561
-0.0517842
-0.0528166
-0.0538494
-0.0548827
-0.0559166
-0.0569511
-0.0579862
-0.0590221
-0.0600588
-0.0610963
-0.0621348
-0.0631742
-0.0642146
-0.0652561
-0.0662987
-0.0673425
-0.0683876
-0.0694339
-0.0704816
-0.0715308
-0.0725814
-0.0736335
-0.0746872
-0.0757424
-0.0532901
-0.054386
-0.0554823
-0.0565791
-0.0576765
-0.0587745
-0.0598732
-0.0609727
-0.062073
-0.0631743
-0.0642765
-0.0653798
-0.0664842
-0.0675898
-0.0686967
-0.0698049
-0.0709146
-0.0720256
-0.0731383
-0.0742525
-0.0753684
-0.076486
-0.0776054
-0.0787266
-0.0549246
-0.0560879
-0.0572515
-0.0584156
-0.0595803
-0.0607456
-0.0619116
-0.0630784
-0.0642461
-0.0654147
-0.0665844
-0.0677552
-0.0689272
-0.0701006
-0.0712753
-0.0724514
-0.0736291
-0.0748084
-0.0759895
-0.0771723
-0.0783569
-0.0795435
-0.0807321
-0.0819228
-0.0567009
-0.0579356
-0.0591706
-0.060406
-0.0616419
-0.0628784
-0.0641156
-0.0653535
-0.0665923
-0.0678321
-0.069073
-0.070315
-0.0715583
-0.072803
-0.0740492
-0.0752969
-0.0765463
-0.0777974
-0.0790504
-0.0803053
-0.0815622
-0.0828213
-0.0840826
-0.0853461
-0.0586329
-0.0599434
-0.061254
-0.0625649
-0.0638761
-0.0651878
-0.0665002
-0.0678132
-0.0691271
-0.0704419
-0.0717578
-0.0730749
-0.0743933
-0.0757131
-0.0770344
-0.0783573
-0.079682
-0.0810085
-0.082337
-0.0836675
-0.0850003
-0.0863353
-0.0876727
-0.0890126
-0.0607372
-0.0621278
-0.0635184
-0.0649091
-0.0662999
-0.0676911
-0.0690827
-0.0704749
-0.0718679
-0.0732617
-0.0746565
-0.0760525
-0.0774497
-0.0788483
-0.0802484
-0.0816502
-0.0830538
-0.0844592
-0.0858667
-0.0872764
-0.0886883
-0.0901026
-0.0915194
-0.0929389
-0.0630312
-0.0645067
-0.0659818
-0.0674567
-0.0689315
-0.0704064
-0.0718816
-0.0733571
-0.0748333
-0.0763101
-0.0777878
-0.0792664
-0.0807463
-0.0822274
-0.08371
-0.0851942
-0.0866802
-0.088168
-0.0896579
-0.0911499
-0.0926443
-0.0941411
-0.0956405
-0.0971426
-0.0655352
-0.0671004
-0.0686647
-0.0702284
-0.0717918
-0.0733548
-0.0749178
-0.0764809
-0.0780442
-0.079608
-0.0811724
-0.0827376
-0.0843037
-0.085871
-0.0874396
-0.0890096
-0.0905813
-0.0921547
-0.0937301
-0.0953076
-0.0968874
-0.0984695
-0.100054
-0.101642
-0.0682711
-0.069931
-0.0715894
-0.0732468
-0.0749031
-0.0765588
-0.0782139
-0.0798686
-0.0815232
-0.0831779
-0.0848328
-0.0864881
-0.0881441
-0.0898009
-0.0914588
-0.0931178
-0.0947782
-0.0964402
-0.0981039
-0.0997695
-0.101437
-0.103107
-0.10478
-0.106455
-0.0712654
-0.0730248
-0.0747823
-0.0765378
-0.0782917
-0.0800443
-0.0817956
-0.083546
-0.0852957
-0.0870449
-0.0887939
-0.0905427
-0.0922918
-0.0940411
-0.0957911
-0.0975419
-0.0992936
-0.101047
-0.102801
-0.104557
-0.106314
-0.108074
-0.109836
-0.1116
-0.0745461
-0.0764102
-0.0782713
-0.0801297
-0.0819855
-0.0838391
-0.0856907
-0.0875406
-0.0893889
-0.091236
-0.0930821
-0.0949275
-0.0967723
-0.0986168
-0.100461
-0.102306
-0.104151
-0.105997
-0.107843
-0.109691
-0.11154
-0.11339
-0.115242
-0.117096
-0.0781444
-0.0801183
-0.082088
-0.0840537
-0.0860157
-0.0879743
-0.0899298
-0.0918825
-0.0938327
-0.0957806
-0.0977265
-0.0996707
-0.101613
-0.103555
-0.105496
-0.107436
-0.109375
-0.111315
-0.113254
-0.115194
-0.117134
-0.119075
-0.121017
-0.12296
-0.0820967
-0.0841853
-0.086268
-0.0883452
-0.0904172
-0.0924843
-0.0945469
-0.0966052
-0.0986597
-0.100711
-0.102758
-0.104803
-0.106845
-0.108884
-0.110922
-0.112957
-0.114992
-0.117024
-0.119056
-0.121087
-0.123118
-0.125148
-0.127178
-0.129208
-0.0864449
-0.0886524
-0.090852
-0.0930442
-0.0952292
-0.0974075
-0.0995795
-0.101745
-0.103906
-0.106061
-0.108211
-0.110356
-0.112497
-0.114635
-0.116768
-0.118899
-0.121026
-0.123151
-0.125273
-0.127393
-0.129511
-0.131627
-0.133742
-0.135856
-0.0912329
-0.0935633
-0.0958833
-0.0981933
-0.100494
-0.102785
-0.105068
-0.107342
-0.109608
-0.111868
-0.114119
-0.116365
-0.118604
-0.120837
-0.123064
-0.125287
-0.127504
-0.129717
-0.131925
-0.13413
-0.136331
-0.138529
-0.140723
-0.142915
-0.0965138
-0.09897
-0.101413
-0.103842
-0.106259
-0.108663
-0.111057
-0.113438
-0.11581
-0.118171
-0.120522
-0.122864
-0.125197
-0.127522
-0.129839
-0.132148
-0.13445
-0.136746
-0.139034
-0.141317
-0.143594
-0.145866
-0.148132
-0.150394
-0.102346
-0.10493
-0.107496
-0.110044
-0.112577
-0.115093
-0.117594
-0.120081
-0.122553
-0.125012
-0.127457
-0.129891
-0.132312
-0.134722
-0.137121
-0.13951
-0.141888
-0.144258
-0.146618
-0.14897
-0.151313
-0.153649
-0.155978
-0.1583
-0.108796
-0.111507
-0.114195
-0.11686
-0.119505
-0.122129
-0.124733
-0.127317
-0.129884
-0.132432
-0.134964
-0.137479
-0.139979
-0.142464
-0.144934
-0.14739
-0.149834
-0.152265
-0.154685
-0.157094
-0.159493
-0.161882
-0.164261
-0.166633
-0.11594
-0.118774
-0.12158
-0.124357
-0.127107
-0.12983
-0.132528
-0.135201
-0.137851
-0.140478
-0.143082
-0.145666
-0.14823
-0.150775
-0.153301
-0.155809
-0.158301
-0.160777
-0.163239
-0.165687
-0.168122
-0.170546
-0.172959
-0.175365
-0.123867
-0.126818
-0.129732
-0.13261
-0.135453
-0.138263
-0.14104
-0.143786
-0.146502
-0.149189
-0.151849
-0.154482
-0.157091
-0.159676
-0.162238
-0.164779
-0.167301
-0.169805
-0.172291
-0.174763
-0.17722
-0.179665
-0.182099
-0.184523
-0.132672
-0.135728
-0.138737
-0.1417
-0.144619
-0.147495
-0.15033
-0.153125
-0.155882
-0.158602
-0.161287
-0.163939
-0.166559
-0.16915
-0.171713
-0.174251
-0.176766
-0.179261
-0.181739
-0.184204
-0.186657
-0.189105
-0.191549
-0.193996
-0.142485
-0.145627
-0.148709
-0.151733
-0.154701
-0.157615
-0.160477
-0.163289
-0.166053
-0.168771
-0.171445
-0.174077
-0.17667
-0.179225
-0.181745
-0.184232
-0.186689
-0.189118
-0.191525
-0.193912
-0.196285
-0.19865
-0.201015
-0.20339
-0.153423
-0.156623
-0.159747
-0.162797
-0.165776
-0.168688
-0.171534
-0.174318
-0.177043
-0.179713
-0.18233
-0.1849
-0.187425
-0.189911
-0.192361
-0.194781
-0.197175
-0.199548
-0.201905
-0.204252
-0.206594
-0.208936
-0.211283
-0.213641
-0.165712
-0.168922
-0.172035
-0.175052
-0.177978
-0.180815
-0.183567
-0.186236
-0.188827
-0.191344
-0.193791
-0.196172
-0.198494
-0.200762
-0.202985
-0.20517
-0.207329
-0.209473
-0.211616
-0.213775
-0.215969
-0.218218
-0.220545
-0.222973
-0.179414
-0.182587
-0.185633
-0.188557
-0.191361
-0.19405
-0.196626
-0.199091
-0.201448
-0.203699
-0.205845
-0.207889
-0.209832
-0.211676
-0.213423
-0.215079
-0.216646
-0.218134
-0.21955
-0.220908
-0.222225
-0.223521
-0.224826
-0.226173
)
;

boundaryField
{
    inlet
    {
        type            zeroGradient;
    }
    outlet
    {
        type            fixedValue;
        value           nonuniform 0();
    }
    cylinder
    {
        type            zeroGradient;
    }
    top
    {
        type            symmetryPlane;
    }
    bottom
    {
        type            symmetryPlane;
    }
    frontAndBack
    {
        type            empty;
    }
    procBoundary3to2
    {
        type            processor;
        value           nonuniform List<scalar> 
173
(
-0.364896
-0.358085
-0.352742
-0.352742
-0.352019
-0.345875
-0.345875
-0.343748
-0.336406
-0.328369
-0.328369
-0.322163
-0.311791
-0.300646
-0.288917
-0.288917
-0.276432
-0.263681
-0.251126
-0.251126
-0.236875
-0.224834
-0.213381
-0.202535
-0.202535
-0.189185
-0.188915
-0.236571
-0.224537
-0.213092
-0.202253
-0.202253
-0.288822
-0.276102
-0.263359
-0.250812
-0.250812
-0.321801
-0.311436
-0.300298
-0.300298
-0.343372
-0.336034
-0.328002
-0.328002
-0.35164
-0.345498
-0.345498
-0.364512
-0.357704
-0.352363
-0.352363
-0.176372
-0.162648
-0.150379
-0.139504
-0.129776
-0.121073
-0.113257
-0.10623
-0.099898
-0.094183
-0.0890172
-0.0843409
-0.0801002
-0.076251
-0.072751
-0.0695636
-0.0666582
-0.0640067
-0.0630573
-0.0630573
-0.0607538
-0.0586409
-0.0567011
-0.0549179
-0.0532775
-0.0517665
-0.050374
-0.0490898
-0.0479043
-0.0468095
-0.0457979
-0.0448627
-0.0439981
-0.0431986
-0.0424592
-0.0417755
-0.0411435
-0.0405596
-0.0400203
-0.0395225
-0.0390638
-0.0386414
-0.0382529
-0.0378963
-0.0375695
-0.0372707
-0.0369982
-0.0367504
-0.0365258
-0.036323
-0.0361408
-0.035978
-0.0358336
-0.0357066
-0.0355963
-0.0355016
-0.0354227
-0.0353582
-0.0353091
-0.0352744
-0.0352546
-0.0350568
-0.0350749
-0.0351072
-0.0351528
-0.035213
-0.0352868
-0.0353755
-0.0354789
-0.0355982
-0.035734
-0.0358874
-0.0360591
-0.0362506
-0.0364629
-0.0366974
-0.0369555
-0.0372386
-0.0375485
-0.0378869
-0.0382558
-0.038657
-0.0390929
-0.039566
-0.0400787
-0.040634
-0.0412352
-0.0418855
-0.0425891
-0.0433499
-0.0441729
-0.0450633
-0.0460267
-0.0470696
-0.0481994
-0.0494238
-0.0507522
-0.0521946
-0.0537616
-0.0554663
-0.0573224
-0.0593463
-0.0615552
-0.0639692
-0.0666098
-0.0695035
-0.0726786
-0.0761659
-0.080002
-0.0842291
-0.0888916
-0.0940433
-0.0997443
-0.106063
-0.113076
-0.120878
-0.129567
-0.139282
-0.150144
-0.1624
-0.176112
)
;
    }
    procBoundary3to4
    {
        type            processor;
        value           nonuniform List<scalar> 
257
(
-0.236436
-0.236478
-0.236556
-0.236668
-0.236814
-0.236994
-0.237207
-0.237453
-0.237453
-0.238125
-0.238421
-0.238747
-0.239101
-0.239483
-0.239893
-0.240328
-0.24079
-0.24079
-0.241466
-0.241952
-0.242461
-0.242992
-0.242992
-0.243561
-0.244101
-0.244661
-0.245241
-0.245241
-0.245642
-0.246216
-0.246807
-0.246807
-0.247016
-0.24759
-0.248179
-0.248179
-0.248159
-0.248719
-0.248719
-0.248488
-0.249011
-0.249548
-0.249548
-0.249029
-0.249523
-0.249523
-0.248754
-0.249214
-0.249214
-0.248207
-0.248664
-0.248664
-0.247507
-0.247507
-0.24637
-0.246901
-0.246901
-0.245848
-0.245848
-0.245792
-0.245878
-0.245878
-0.242906
-0.242906
-0.245521
-0.245521
-0.228053
-0.245088
-0.227608
-0.245088
-0.242474
-0.242474
-0.245456
-0.245456
-0.245364
-0.245435
-0.245435
-0.246503
-0.246503
-0.24597
-0.247122
-0.247122
-0.248293
-0.248293
-0.247834
-0.248853
-0.248853
-0.248391
-0.24917
-0.24917
-0.248674
-0.249201
-0.249201
-0.248663
-0.248954
-0.248954
-0.24838
-0.24782
-0.247848
-0.247848
-0.247261
-0.246691
-0.24649
-0.24649
-0.245903
-0.245335
-0.244942
-0.244942
-0.244369
-0.243816
-0.243284
-0.242726
-0.242726
-0.242204
-0.241705
-0.241229
-0.240565
-0.240565
-0.240115
-0.239692
-0.239295
-0.238927
-0.238586
-0.238274
-0.237992
-0.237335
-0.237335
-0.237104
-0.236907
-0.236742
-0.236612
-0.236516
-0.236454
-0.236428
-0.228053
-0.225953
-0.216429
-0.206177
-0.196812
-0.187276
-0.178068
-0.169271
-0.160857
-0.152862
-0.145284
-0.13812
-0.131362
-0.125001
-0.119024
-0.113416
-0.108161
-0.103242
-0.0986406
-0.0943396
-0.090321
-0.090321
-0.0878338
-0.0842552
-0.0809126
-0.0777906
-0.0748749
-0.0721519
-0.0696088
-0.0672337
-0.0650155
-0.0629438
-0.061009
-0.0592022
-0.0575151
-0.05594
-0.05447
-0.0530985
-0.0518195
-0.0506275
-0.0495174
-0.0484844
-0.0475242
-0.046633
-0.0458069
-0.0450426
-0.0443371
-0.0436875
-0.0430912
-0.0425461
-0.0420499
-0.041601
-0.041601
-0.0414063
-0.0410383
-0.0407149
-0.0404353
-0.0401992
-0.0400069
-0.0398582
-0.0397564
-0.0396978
-0.0394999
-0.039558
-0.0396582
-0.0398043
-0.0399931
-0.0402248
-0.0404992
-0.0408166
-0.0411777
-0.0415833
-0.042035
-0.0425342
-0.0430827
-0.0436825
-0.044336
-0.0450457
-0.0458144
-0.0466452
-0.0475414
-0.0485066
-0.0495448
-0.0502197
-0.0502197
-0.0513886
-0.0526425
-0.0539867
-0.0554271
-0.05697
-0.0586222
-0.060391
-0.0622845
-0.0643113
-0.0664808
-0.0688031
-0.071289
-0.0739503
-0.0767994
-0.0798498
-0.0831156
-0.0866121
-0.090355
-0.0943611
-0.0986475
-0.103232
-0.108133
-0.113367
-0.118952
-0.124904
-0.131239
-0.137969
-0.145104
-0.152651
-0.160615
-0.168997
-0.177763
-0.186941
-0.196448
-0.205787
-0.216018
-0.225525
-0.227608
)
;
    }
}


// ************************************************************************* //
