/*--------------------------------*- C++ -*----------------------------------*\
  =========                 |
  \\      /  F ield         | OpenFOAM: The Open Source CFD Toolbox
   \\    /   O peration     | Website:  https://openfoam.org
    \\  /    A nd           | Version:  7
     \\/     M anipulation  |
\*---------------------------------------------------------------------------*/
FoamFile
{
    version     2.0;
    format      ascii;
    class       volScalarField;
    location    "140";
    object      p;
}
// * * * * * * * * * * * * * * * * * * * * * * * * * * * * * * * * * * * * * //

dimensions      [0 2 -2 0 0 0 0];

internalField   nonuniform List<scalar> 
7156
(
-0.439914
-0.433683
-0.444984
-0.438521
-0.433554
-0.428384
-0.450069
-0.443378
-0.438266
-0.43295
-0.427346
-0.421451
-0.415132
-0.455152
-0.448238
-0.442986
-0.437523
-0.431746
-0.425634
-0.419041
-0.411823
-0.403853
-0.395037
-0.460218
-0.453086
-0.447697
-0.442088
-0.436133
-0.429794
-0.422909
-0.415326
-0.406919
-0.397603
-0.387355
-0.37622
-0.36431
-0.465249
-0.457907
-0.452385
-0.446629
-0.44049
-0.433912
-0.426717
-0.418748
-0.40988
-0.400041
-0.389229
-0.377516
-0.365036
-0.351972
-0.338528
-0.324907
-0.311291
-0.470226
-0.462682
-0.45703
-0.451128
-0.444798
-0.437969
-0.430447
-0.42207
-0.412717
-0.402334
-0.390941
-0.378637
-0.365584
-0.351985
-0.338057
-0.324012
-0.310033
-0.296269
-0.28283
-0.269792
-0.257199
-0.475131
-0.467393
-0.461617
-0.455567
-0.44904
-0.441946
-0.434078
-0.42527
-0.415411
-0.404463
-0.392475
-0.379572
-0.365943
-0.351811
-0.337408
-0.322949
-0.308618
-0.294559
-0.280875
-0.267634
-0.254875
-0.242616
-0.230855
-0.219585
-0.208905
-0.479944
-0.472021
-0.466124
-0.459926
-0.453195
-0.445823
-0.43759
-0.428329
-0.417941
-0.406412
-0.393815
-0.380307
-0.366102
-0.351443
-0.336574
-0.321712
-0.307041
-0.292697
-0.278779
-0.265344
-0.252426
-0.240036
-0.228167
-0.216813
-0.206042
-0.484644
-0.476546
-0.470533
-0.464186
-0.457243
-0.449578
-0.44096
-0.431225
-0.420289
-0.408161
-0.394946
-0.380829
-0.366051
-0.350873
-0.335547
-0.320295
-0.305295
-0.290679
-0.276536
-0.262918
-0.249848
-0.237334
-0.225363
-0.213932
-0.203074
-0.48921
-0.480948
-0.474823
-0.468325
-0.461161
-0.453189
-0.444168
-0.433939
-0.422436
-0.409695
-0.395853
-0.381126
-0.36578
-0.350091
-0.334321
-0.318691
-0.303376
-0.2885
-0.274143
-0.26035
-0.247138
-0.234508
-0.222442
-0.210938
-0.199999
-0.49362
-0.485205
-0.478972
-0.472322
-0.464929
-0.456635
-0.447192
-0.436449
-0.424361
-0.410995
-0.396521
-0.381186
-0.365278
-0.349091
-0.332889
-0.316896
-0.301279
-0.286155
-0.271595
-0.257637
-0.244291
-0.231552
-0.219399
-0.207829
-0.196814
-0.497851
-0.489296
-0.48296
-0.476154
-0.468524
-0.459893
-0.45001
-0.438734
-0.426047
-0.412047
-0.396937
-0.380998
-0.364538
-0.347863
-0.331246
-0.314903
-0.298998
-0.283639
-0.268888
-0.254775
-0.241304
-0.228464
-0.216231
-0.204601
-0.193517
-0.50188
-0.493198
-0.486762
-0.4798
-0.471923
-0.46294
-0.452599
-0.440774
-0.427474
-0.412832
-0.397088
-0.38055
-0.363549
-0.346402
-0.329384
-0.312708
-0.296529
-0.280948
-0.266018
-0.25176
-0.238173
-0.225241
-0.212935
-0.201252
-0.190105
-0.505685
-0.496888
-0.490358
-0.483235
-0.475102
-0.465753
-0.454938
-0.442549
-0.428625
-0.413337
-0.396961
-0.379832
-0.362303
-0.3447
-0.327297
-0.310304
-0.293867
-0.278077
-0.262979
-0.248588
-0.234895
-0.221879
-0.209509
-0.19778
-0.186577
-0.509242
-0.500343
-0.493723
-0.486438
-0.47804
-0.468311
-0.457005
-0.444038
-0.429482
-0.413547
-0.396542
-0.378835
-0.360793
-0.34275
-0.32498
-0.307686
-0.291007
-0.275022
-0.259769
-0.245255
-0.231466
-0.218374
-0.205949
-0.194182
-0.18293
-0.512527
-0.503541
-0.496834
-0.489384
-0.480711
-0.470588
-0.458779
-0.445222
-0.430029
-0.413446
-0.395822
-0.377548
-0.35901
-0.340546
-0.322427
-0.304851
-0.287944
-0.271778
-0.256383
-0.241757
-0.227882
-0.214725
-0.202254
-0.190455
-0.179162
-0.515517
-0.506457
-0.499668
-0.49205
-0.483093
-0.472564
-0.460238
-0.446083
-0.430247
-0.413021
-0.394788
-0.375963
-0.356947
-0.338082
-0.319633
-0.301791
-0.284674
-0.268342
-0.252818
-0.238092
-0.224141
-0.210928
-0.198419
-0.186598
-0.175271
-0.518187
-0.509069
-0.502201
-0.494412
-0.485163
-0.474217
-0.461362
-0.446601
-0.430124
-0.412261
-0.39343
-0.374072
-0.354598
-0.335351
-0.316593
-0.298504
-0.281192
-0.26471
-0.249069
-0.234255
-0.220239
-0.206981
-0.194444
-0.182607
-0.171256
-0.520516
-0.511353
-0.504411
-0.496448
-0.486899
-0.475523
-0.462132
-0.446761
-0.429643
-0.411152
-0.391739
-0.371867
-0.351955
-0.332348
-0.313301
-0.294984
-0.277495
-0.260877
-0.245133
-0.230244
-0.216174
-0.20288
-0.190325
-0.178482
-0.167114
-0.52248
-0.513287
-0.506275
-0.498135
-0.488277
-0.476464
-0.462528
-0.446544
-0.428791
-0.409683
-0.389706
-0.36934
-0.349014
-0.329069
-0.309754
-0.291228
-0.273579
-0.25684
-0.241007
-0.226055
-0.211943
-0.198624
-0.18606
-0.17422
-0.162844
-0.524056
-0.514849
-0.507769
-0.499449
-0.489277
-0.477018
-0.462532
-0.445936
-0.427555
-0.407845
-0.387321
-0.366485
-0.345767
-0.325508
-0.305947
-0.287232
-0.26944
-0.252596
-0.236689
-0.221686
-0.207543
-0.19421
-0.181649
-0.16982
-0.158445
-0.525222
-0.516015
-0.508872
-0.50037
-0.489877
-0.477166
-0.462127
-0.444922
-0.425923
-0.405627
-0.384579
-0.363295
-0.342211
-0.321662
-0.301876
-0.282991
-0.265075
-0.248142
-0.232174
-0.217134
-0.202973
-0.189637
-0.177089
-0.165281
-0.153916
-0.525957
-0.516765
-0.509563
-0.500876
-0.490057
-0.476889
-0.461296
-0.443488
-0.423883
-0.40302
-0.381471
-0.359765
-0.338341
-0.317525
-0.297537
-0.278503
-0.260481
-0.243475
-0.227462
-0.212397
-0.19823
-0.184903
-0.172378
-0.1606
-0.149255
-0.52624
-0.517078
-0.50982
-0.500947
-0.489797
-0.47617
-0.460025
-0.441621
-0.421426
-0.400017
-0.377992
-0.355891
-0.334152
-0.313095
-0.292927
-0.273765
-0.255655
-0.238593
-0.222548
-0.207473
-0.193313
-0.180006
-0.167515
-0.155778
-0.144462
-0.526052
-0.516934
-0.509623
-0.500564
-0.48908
-0.474991
-0.458299
-0.43931
-0.418542
-0.396611
-0.374136
-0.351668
-0.329641
-0.308368
-0.288044
-0.268775
-0.250594
-0.233493
-0.217433
-0.202361
-0.18822
-0.174945
-0.162499
-0.150812
-0.139536
-0.525373
-0.516313
-0.508954
-0.499706
-0.487888
-0.473339
-0.456104
-0.436544
-0.415223
-0.392795
-0.369899
-0.347091
-0.324805
-0.303341
-0.282885
-0.263529
-0.245298
-0.228173
-0.212113
-0.197059
-0.182949
-0.169719
-0.15733
-0.145703
-0.134477
-0.524185
-0.515198
-0.507794
-0.498358
-0.486204
-0.471197
-0.453429
-0.433314
-0.411463
-0.388563
-0.365275
-0.342159
-0.319641
-0.298014
-0.277448
-0.258026
-0.239763
-0.222633
-0.206588
-0.191565
-0.177501
-0.164326
-0.152006
-0.14045
-0.129285
-0.522471
-0.513571
-0.506126
-0.496503
-0.484014
-0.468554
-0.450264
-0.429611
-0.407254
-0.383912
-0.360263
-0.336868
-0.314148
-0.292382
-0.271732
-0.252265
-0.233989
-0.216871
-0.200856
-0.18588
-0.171874
-0.158767
-0.146526
-0.135053
-0.12396
-0.520217
-0.511417
-0.503934
-0.494125
-0.481304
-0.465397
-0.446598
-0.425428
-0.402591
-0.378838
-0.354859
-0.331216
-0.308323
-0.286447
-0.265735
-0.246245
-0.227975
-0.210886
-0.194918
-0.180002
-0.166068
-0.153041
-0.14089
-0.12951
-0.118498
-0.517406
-0.50872
-0.501204
-0.491211
-0.478061
-0.461717
-0.442424
-0.420759
-0.397472
-0.373338
-0.349061
-0.325203
-0.302166
-0.280205
-0.259456
-0.239965
-0.221721
-0.204678
-0.188772
-0.173932
-0.160082
-0.147148
-0.135097
-0.123819
-0.112877
-0.514026
-0.505467
-0.497923
-0.487748
-0.474275
-0.457503
-0.437735
-0.4156
-0.391891
-0.36741
-0.342869
-0.318827
-0.295676
-0.273658
-0.252896
-0.233425
-0.215226
-0.198247
-0.18242
-0.167669
-0.153919
-0.14109
-0.129154
-0.117987
-0.107076
-0.510066
-0.501646
-0.494077
-0.483724
-0.469935
-0.452749
-0.432525
-0.409947
-0.385848
-0.361054
-0.336283
-0.312089
-0.288854
-0.266806
-0.246054
-0.226625
-0.208491
-0.191593
-0.175861
-0.161215
-0.147577
-0.134867
-0.123064
-0.112033
-0.10115
-0.505513
-0.497245
-0.489657
-0.479131
-0.465033
-0.447447
-0.426789
-0.403797
-0.37934
-0.354268
-0.329301
-0.304989
-0.281699
-0.259648
-0.238932
-0.219566
-0.201516
-0.184718
-0.169096
-0.15457
-0.141059
-0.128481
-0.116818
-0.105893
-0.095181
-0.50036
-0.492256
-0.484652
-0.473959
-0.459563
-0.441594
-0.420526
-0.397148
-0.372369
-0.347054
-0.321927
-0.297528
-0.274215
-0.252187
-0.23153
-0.212249
-0.194302
-0.177622
-0.162127
-0.147736
-0.134365
-0.121933
-0.110421
-0.0996236
-0.0890795
-0.494598
-0.486669
-0.479056
-0.468202
-0.453519
-0.435184
-0.413732
-0.390002
-0.364935
-0.339413
-0.314161
-0.289709
-0.266401
-0.244424
-0.22385
-0.204675
-0.186852
-0.170306
-0.154955
-0.140714
-0.127497
-0.115223
-0.103874
-0.0932231
-0.0828423
-0.488222
-0.480479
-0.472862
-0.461854
-0.446897
-0.428217
-0.406408
-0.382357
-0.357039
-0.331347
-0.306005
-0.281534
-0.258262
-0.236361
-0.215894
-0.196848
-0.179167
-0.162774
-0.147582
-0.133506
-0.120458
-0.108355
-0.0971813
-0.0866897
-0.076473
-0.481227
-0.473681
-0.466066
-0.454912
-0.439695
-0.420691
-0.398553
-0.374217
-0.348685
-0.32286
-0.297464
-0.273006
-0.249799
-0.228002
-0.207666
-0.188769
-0.17125
-0.155027
-0.140011
-0.126115
-0.113248
-0.10133
-0.0903435
-0.0800233
-0.0699757
-0.473609
-0.466271
-0.458663
-0.447373
-0.431911
-0.412608
-0.390172
-0.365585
-0.339875
-0.313956
-0.288542
-0.264129
-0.241016
-0.21935
-0.199168
-0.180442
-0.163103
-0.147068
-0.132244
-0.118542
-0.105872
-0.0941499
-0.0833634
-0.0732252
-0.0633536
-0.465367
-0.458246
-0.450653
-0.439236
-0.423547
-0.403968
-0.381265
-0.356464
-0.330616
-0.304639
-0.279242
-0.254907
-0.231918
-0.210408
-0.190404
-0.171869
-0.154731
-0.1389
-0.124285
-0.110792
-0.0983308
-0.0868184
-0.0762435
-0.0662973
-0.456502
-0.449607
-0.442034
-0.430503
-0.414604
-0.394775
-0.371839
-0.34686
-0.320912
-0.294915
-0.26957
-0.245345
-0.22251
-0.201182
-0.181378
-0.163056
-0.146136
-0.130528
-0.116136
-0.102868
-0.0906289
-0.0793384
-0.447013
-0.440354
-0.432809
-0.421175
-0.405086
-0.385034
-0.361898
-0.336779
-0.310769
-0.28479
-0.259533
-0.23545
-0.212796
-0.191675
-0.172095
-0.154006
-0.137324
-0.121955
-0.107802
-0.0947723
-0.0827695
-0.436905
-0.430491
-0.422981
-0.411255
-0.394997
-0.374751
-0.351448
-0.326228
-0.300195
-0.274272
-0.249137
-0.225227
-0.202782
-0.181894
-0.162561
-0.144724
-0.128298
-0.113186
-0.0992881
-0.0865103
-0.426182
-0.42002
-0.412553
-0.40075
-0.384344
-0.363933
-0.340499
-0.315215
-0.289198
-0.263368
-0.238389
-0.214683
-0.192475
-0.171844
-0.152779
-0.135216
-0.119065
-0.104225
-0.0905976
-0.414849
-0.408948
-0.401531
-0.389666
-0.373134
-0.352587
-0.329059
-0.303749
-0.277787
-0.252086
-0.227297
-0.203826
-0.181882
-0.161533
-0.142758
-0.125488
-0.109629
-0.402914
-0.397281
-0.389923
-0.378009
-0.361375
-0.340725
-0.317137
-0.291841
-0.265972
-0.240436
-0.21587
-0.192664
-0.171011
-0.150967
-0.132504
-0.115546
-0.390386
-0.385028
-0.377737
-0.365791
-0.349078
-0.328355
-0.304745
-0.279501
-0.253763
-0.228428
-0.204118
-0.181205
-0.159869
-0.140153
-0.122022
-0.377276
-0.372199
-0.364984
-0.353022
-0.336255
-0.31549
-0.291894
-0.266741
-0.241172
-0.216071
-0.192049
-0.169459
-0.148464
-0.1291
-0.363594
-0.358805
-0.351675
-0.339712
-0.322917
-0.302142
-0.278597
-0.253573
-0.228209
-0.203379
-0.179675
-0.157435
-0.136807
-0.349354
-0.344859
-0.337822
-0.325877
-0.309078
-0.288327
-0.264872
-0.240007
-0.214887
-0.190361
-0.167007
-0.145143
-0.33457
-0.330373
-0.323439
-0.311529
-0.294753
-0.27406
-0.250739
-0.226051
-0.201219
-0.177031
-0.154055
-0.319257
-0.315364
-0.308543
-0.296685
-0.279957
-0.259353
-0.236181
-0.21175
-0.187221
-0.163402
-0.140832
-0.303432
-0.299848
-0.293148
-0.28136
-0.264709
-0.244225
-0.221242
-0.197093
-0.172906
-0.149486
-0.287113
-0.283841
-0.277273
-0.265574
-0.249027
-0.228689
-0.205938
-0.1821
-0.158289
-0.270318
-0.267363
-0.260935
-0.249344
-0.232921
-0.212772
-0.190283
-0.166788
-0.253066
-0.250433
-0.244155
-0.232691
-0.216417
-0.196487
-0.174294
-0.235378
-0.233072
-0.226953
-0.21563
-0.199539
-0.179856
-0.217274
-0.215301
-0.209349
-0.198188
-0.182304
-0.162897
-0.198772
-0.197144
-0.19137
-0.180387
-0.164734
-0.179891
-0.178641
-0.173029
-0.162248
-0.160674
-0.159792
-0.154361
-0.143796
-0.141169
-0.140603
-0.135387
-0.121369
-0.121124
-0.101298
-0.101384
-0.0809857
-0.0604618
-0.160233
-0.183333
-0.206245
-0.206475
-0.228938
-0.228835
-0.251383
-0.250952
-0.24487
-0.273551
-0.272801
-0.266488
-0.254134
-0.295414
-0.294355
-0.287818
-0.275213
-0.31697
-0.315569
-0.308834
-0.295997
-0.277748
-0.338203
-0.336414
-0.329512
-0.316461
-0.297924
-0.27538
-0.359049
-0.356898
-0.349829
-0.33658
-0.317783
-0.294888
-0.269579
-0.379483
-0.376993
-0.369759
-0.356331
-0.3373
-0.314085
-0.28836
-0.399488
-0.396669
-0.389275
-0.375694
-0.356453
-0.332951
-0.306842
-0.279687
-0.419044
-0.415902
-0.408358
-0.394646
-0.37522
-0.351464
-0.325006
-0.297412
-0.269939
-0.43813
-0.434671
-0.426987
-0.413155
-0.393588
-0.369603
-0.34283
-0.314833
-0.286884
-0.259879
-0.456726
-0.452955
-0.445141
-0.431212
-0.411525
-0.387351
-0.360297
-0.331932
-0.303539
-0.276037
-0.249995
-0.474813
-0.470735
-0.462801
-0.448795
-0.429014
-0.404689
-0.377389
-0.348691
-0.319888
-0.291919
-0.265376
-0.240568
-0.492371
-0.487991
-0.479948
-0.465886
-0.446038
-0.421593
-0.394091
-0.365094
-0.335915
-0.307511
-0.280494
-0.255192
-0.509384
-0.504705
-0.496563
-0.482465
-0.462581
-0.438049
-0.410383
-0.381124
-0.351606
-0.322798
-0.295337
-0.269567
-0.245628
-0.525835
-0.520863
-0.512632
-0.498517
-0.478625
-0.454041
-0.426245
-0.39677
-0.366946
-0.337768
-0.309892
-0.28368
-0.259288
-0.236731
-0.541707
-0.536448
-0.528138
-0.514025
-0.494153
-0.469554
-0.441667
-0.412012
-0.381922
-0.352408
-0.324147
-0.297521
-0.2727
-0.249709
-0.228493
-0.556987
-0.551446
-0.543067
-0.528976
-0.509151
-0.484572
-0.456633
-0.426838
-0.396522
-0.366704
-0.338091
-0.311079
-0.285853
-0.262452
-0.240826
-0.220879
-0.571662
-0.565845
-0.557407
-0.543355
-0.523606
-0.499081
-0.47113
-0.441234
-0.410728
-0.380649
-0.351714
-0.324343
-0.298739
-0.27495
-0.252935
-0.232602
-0.213841
-0.196532
-0.585719
-0.579634
-0.571145
-0.55715
-0.537503
-0.513068
-0.485144
-0.455189
-0.424533
-0.394227
-0.365004
-0.337305
-0.311348
-0.287195
-0.264812
-0.244113
-0.22499
-0.207327
-0.191008
-0.599149
-0.592801
-0.584272
-0.570351
-0.550833
-0.526521
-0.498664
-0.46869
-0.437925
-0.407429
-0.377953
-0.349956
-0.323673
-0.29918
-0.27645
-0.255405
-0.235938
-0.217935
-0.201284
-0.185875
-0.611942
-0.605339
-0.596778
-0.582947
-0.563583
-0.539429
-0.511677
-0.481726
-0.450893
-0.420245
-0.39055
-0.362287
-0.335706
-0.310896
-0.287842
-0.26647
-0.246678
-0.228353
-0.211384
-0.195662
-0.18108
-0.62409
-0.61724
-0.608655
-0.594931
-0.575746
-0.551781
-0.524174
-0.494288
-0.463427
-0.432667
-0.402788
-0.374289
-0.347439
-0.322338
-0.298982
-0.277303
-0.257204
-0.238574
-0.221302
-0.205283
-0.190407
-0.176586
-0.635587
-0.628498
-0.619898
-0.606295
-0.587313
-0.56357
-0.536146
-0.506366
-0.475519
-0.444685
-0.414658
-0.385957
-0.358865
-0.333499
-0.309864
-0.287899
-0.267511
-0.248593
-0.231035
-0.214731
-0.199575
-0.185477
-0.172427
-0.160031
-0.646429
-0.639108
-0.630501
-0.617034
-0.598277
-0.574788
-0.547584
-0.517951
-0.48716
-0.456292
-0.426154
-0.397282
-0.369978
-0.344373
-0.320482
-0.298252
-0.277594
-0.258405
-0.240577
-0.224003
-0.208581
-0.194218
-0.180902
-0.168267
-0.155955
-0.656612
-0.649069
-0.640461
-0.627143
-0.608634
-0.585429
-0.558482
-0.529036
-0.498343
-0.46748
-0.437269
-0.40826
-0.380773
-0.354955
-0.330831
-0.308358
-0.28745
-0.268007
-0.249924
-0.233096
-0.21742
-0.202805
-0.189236
-0.17637
-0.163836
-0.666133
-0.658377
-0.649777
-0.63662
-0.618379
-0.595486
-0.568833
-0.539615
-0.509061
-0.478244
-0.447996
-0.418883
-0.391245
-0.36524
-0.340908
-0.318212
-0.297073
-0.277395
-0.259073
-0.242006
-0.22609
-0.211235
-0.197424
-0.184339
-0.171592
-0.674994
-0.667034
-0.658448
-0.645463
-0.627509
-0.604957
-0.578633
-0.549682
-0.519308
-0.488577
-0.45833
-0.429148
-0.401388
-0.375224
-0.350707
-0.327811
-0.306461
-0.286565
-0.268021
-0.250729
-0.234588
-0.219506
-0.205465
-0.19217
-0.179218
-0.683194
-0.67504
-0.666475
-0.653673
-0.636024
-0.613839
-0.587877
-0.559233
-0.529079
-0.498475
-0.468266
-0.43905
-0.411198
-0.384903
-0.360227
-0.337151
-0.31561
-0.295514
-0.276765
-0.259264
-0.242911
-0.227616
-0.213357
-0.199861
-0.186713
-0.690736
-0.682399
-0.67386
-0.661251
-0.643924
-0.622131
-0.596563
-0.568263
-0.538371
-0.507934
-0.477801
-0.448585
-0.420673
-0.394274
-0.369462
-0.34623
-0.324518
-0.304241
-0.285303
-0.267607
-0.251057
-0.235562
-0.221098
-0.207413
-0.194073
-0.697626
-0.689116
-0.680609
-0.668201
-0.65121
-0.629832
-0.60469
-0.576771
-0.54718
-0.516949
-0.486931
-0.45775
-0.42981
-0.403334
-0.378412
-0.355046
-0.333182
-0.312742
-0.293632
-0.275758
-0.259025
-0.243342
-0.228686
-0.214823
-0.201294
-0.703867
-0.695195
-0.686726
-0.674526
-0.657886
-0.636944
-0.612257
-0.584755
-0.555504
-0.525519
-0.495654
-0.466542
-0.438605
-0.412081
-0.387074
-0.363596
-0.341601
-0.321016
-0.301751
-0.283715
-0.266813
-0.250956
-0.236121
-0.222095
-0.208371
-0.709468
-0.700645
-0.692218
-0.680234
-0.663956
-0.643469
-0.619266
-0.592215
-0.563341
-0.533642
-0.503967
-0.47496
-0.447058
-0.420514
-0.395447
-0.371879
-0.349774
-0.329063
-0.30966
-0.291476
-0.27442
-0.258403
-0.2434
-0.22923
-0.215304
-0.714437
-0.705475
-0.697095
-0.685332
-0.669426
-0.649413
-0.625718
-0.599151
-0.570692
-0.541316
-0.511869
-0.483003
-0.455167
-0.428632
-0.40353
-0.379895
-0.3577
-0.33688
-0.317356
-0.29904
-0.281845
-0.265682
-0.250522
-0.23621
-0.222126
-0.718783
-0.709694
-0.701366
-0.689828
-0.674303
-0.65478
-0.631618
-0.605565
-0.577557
-0.548542
-0.51936
-0.490668
-0.462931
-0.436433
-0.411322
-0.387643
-0.365378
-0.344469
-0.32484
-0.306408
-0.289087
-0.272792
-0.25749
-0.243058
-0.228982
-0.722519
-0.713315
-0.705043
-0.693734
-0.678597
-0.659577
-0.636969
-0.611459
-0.583936
-0.55532
-0.526439
-0.497957
-0.47035
-0.443918
-0.418823
-0.395123
-0.372808
-0.351828
-0.332111
-0.313578
-0.296147
-0.279733
-0.264301
-0.249745
-0.235615
-0.725656
-0.716351
-0.708138
-0.69706
-0.682318
-0.663812
-0.641778
-0.616839
-0.589833
-0.561651
-0.533108
-0.50487
-0.477425
-0.451088
-0.426034
-0.402335
-0.379991
-0.358958
-0.33917
-0.320552
-0.303023
-0.286504
-0.270954
-0.256271
-0.242041
-0.728209
-0.718815
-0.710666
-0.699821
-0.685476
-0.667494
-0.646051
-0.621708
-0.595252
-0.567537
-0.539368
-0.511408
-0.484156
-0.457942
-0.432956
-0.409281
-0.386927
-0.36586
-0.346018
-0.327329
-0.309717
-0.293103
-0.277446
-0.262649
-0.248314
-0.730193
-0.720724
-0.712641
-0.70203
-0.688085
-0.670635
-0.649799
-0.626074
-0.600195
-0.572982
-0.54522
-0.517573
-0.490546
-0.464484
-0.43959
-0.415961
-0.393619
-0.372535
-0.352655
-0.33391
-0.316229
-0.299533
-0.283781
-0.268884
-0.254458
-0.731625
-0.722093
-0.714081
-0.703704
-0.69016
-0.673247
-0.653029
-0.629943
-0.604669
-0.57799
-0.550669
-0.523367
-0.496596
-0.470713
-0.445938
-0.422378
-0.400067
-0.378985
-0.359083
-0.340298
-0.32256
-0.305795
-0.28996
-0.274975
-0.260473
-0.732522
-0.722941
-0.715003
-0.704859
-0.691715
-0.675342
-0.655752
-0.633323
-0.60868
-0.582564
-0.555717
-0.528792
-0.502309
-0.476634
-0.452001
-0.428533
-0.406273
-0.385211
-0.365304
-0.346493
-0.328713
-0.311891
-0.295984
-0.280922
-0.266355
-0.732902
-0.723287
-0.715425
-0.705513
-0.692767
-0.676935
-0.657982
-0.636225
-0.612235
-0.586711
-0.560368
-0.533853
-0.507687
-0.482248
-0.457784
-0.43443
-0.412241
-0.391216
-0.37132
-0.352498
-0.334688
-0.317823
-0.301856
-0.286726
-0.272105
-0.732785
-0.72315
-0.715367
-0.705685
-0.693334
-0.678043
-0.65973
-0.638659
-0.615342
-0.590436
-0.564628
-0.538553
-0.512734
-0.487559
-0.463288
-0.44007
-0.417972
-0.397003
-0.377133
-0.358315
-0.340489
-0.323592
-0.307576
-0.29239
-0.277724
-0.732192
-0.72255
-0.714849
-0.705395
-0.693434
-0.67868
-0.661012
-0.640636
-0.618011
-0.593746
-0.568502
-0.542897
-0.517454
-0.49257
-0.468517
-0.445458
-0.423471
-0.402574
-0.382747
-0.363946
-0.346118
-0.3292
-0.313147
-0.297915
-0.283214
-0.731143
-0.721509
-0.713893
-0.704664
-0.693087
-0.678866
-0.661841
-0.642168
-0.62025
-0.59665
-0.571995
-0.546889
-0.521851
-0.497285
-0.473475
-0.450596
-0.428739
-0.407933
-0.388164
-0.369395
-0.351577
-0.334651
-0.318572
-0.303302
-0.288577
-0.72966
-0.720048
-0.712521
-0.703513
-0.692314
-0.678619
-0.662236
-0.64327
-0.622072
-0.599156
-0.575116
-0.550535
-0.52593
-0.501709
-0.478166
-0.455489
-0.433782
-0.413083
-0.393388
-0.374665
-0.356869
-0.339948
-0.323853
-0.308555
-0.293816
-0.727767
-0.718191
-0.710755
-0.701964
-0.691135
-0.677958
-0.662212
-0.643956
-0.623488
-0.601274
-0.57787
-0.553842
-0.529696
-0.505846
-0.482594
-0.460141
-0.438603
-0.418029
-0.398422
-0.379759
-0.361999
-0.345092
-0.328992
-0.313676
-0.298931
-0.725485
-0.71596
-0.708618
-0.700041
-0.689573
-0.676904
-0.661788
-0.644241
-0.62451
-0.603012
-0.580267
-0.556815
-0.533155
-0.509701
-0.486764
-0.464557
-0.443207
-0.422774
-0.403271
-0.384681
-0.366968
-0.350088
-0.333994
-0.318668
-0.303926
-0.722837
-0.713377
-0.706133
-0.697765
-0.687649
-0.675477
-0.660982
-0.644141
-0.625151
-0.604383
-0.582315
-0.559463
-0.536313
-0.513279
-0.49068
-0.46874
-0.447597
-0.427322
-0.407938
-0.389434
-0.371781
-0.354938
-0.338861
-0.323534
-0.308804
-0.719849
-0.710468
-0.703324
-0.695161
-0.685387
-0.673699
-0.659815
-0.643674
-0.625427
-0.605397
-0.584022
-0.561791
-0.539175
-0.516586
-0.494349
-0.472696
-0.451779
-0.431679
-0.412428
-0.394024
-0.376443
-0.359647
-0.343596
-0.328276
-0.313567
-0.716544
-0.707255
-0.700214
-0.692252
-0.682811
-0.671594
-0.658306
-0.642857
-0.625352
-0.606067
-0.5854
-0.563809
-0.541749
-0.519628
-0.497774
-0.47643
-0.455757
-0.435849
-0.416746
-0.398454
-0.380956
-0.364219
-0.348203
-0.332899
-0.318218
-0.712946
-0.703762
-0.696828
-0.689063
-0.679942
-0.669182
-0.656477
-0.641709
-0.624942
-0.606406
-0.586458
-0.565524
-0.544042
-0.522411
-0.500962
-0.479947
-0.459537
-0.439836
-0.420896
-0.40273
-0.385325
-0.368657
-0.352687
-0.337406
-0.322762
-0.709078
-0.700012
-0.693188
-0.685616
-0.676806
-0.666486
-0.654348
-0.640248
-0.624212
-0.606427
-0.587207
-0.566946
-0.546061
-0.524941
-0.503919
-0.483253
-0.463124
-0.443647
-0.424884
-0.406855
-0.389556
-0.372966
-0.357051
-0.3418
-0.327201
-0.704965
-0.69603
-0.689319
-0.681936
-0.673424
-0.66353
-0.651942
-0.638495
-0.623181
-0.606144
-0.587659
-0.568084
-0.547812
-0.527224
-0.50665
-0.486352
-0.466523
-0.447286
-0.428714
-0.410835
-0.393653
-0.377151
-0.361299
-0.346087
-0.331539
-0.700629
-0.691837
-0.685243
-0.678045
-0.669822
-0.660336
-0.649279
-0.636468
-0.621865
-0.605572
-0.587825
-0.568947
-0.549306
-0.529268
-0.509161
-0.489252
-0.469739
-0.450759
-0.432391
-0.414675
-0.39762
-0.381216
-0.365436
-0.35027
-0.335781
-0.696094
-0.687457
-0.680983
-0.673966
-0.666021
-0.656928
-0.646381
-0.634189
-0.620281
-0.604727
-0.587718
-0.569545
-0.550549
-0.531079
-0.511459
-0.491956
-0.472778
-0.45407
-0.435921
-0.41838
-0.401463
-0.385166
-0.369467
-0.354353
-0.339929
-0.691383
-0.682912
-0.676561
-0.669723
-0.662045
-0.653327
-0.643272
-0.631676
-0.618449
-0.603623
-0.587352
-0.569889
-0.55155
-0.532665
-0.513549
-0.494472
-0.475646
-0.457226
-0.43931
-0.421956
-0.686519
-0.678223
-0.672
-0.665337
-0.657916
-0.649556
-0.639971
-0.628952
-0.616387
-0.602276
-0.586738
-0.56999
-0.552317
-0.534032
-0.515438
-0.496804
-0.681522
-0.673412
-0.66732
-0.660829
-0.653655
-0.645637
-0.636502
-0.626037
-0.614113
-0.600704
-0.585892
-0.569859
-0.552861
-0.676414
-0.668499
-0.662541
-0.65622
-0.649284
-0.641592
-0.632884
-0.62295
-0.611647
-0.671216
-0.663504
-0.657683
-0.651531
-0.644823
-0.637441
-0.665946
-0.658446
-0.652765
-0.646779
-0.660625
-0.173253
-0.176683
-0.180013
-0.183245
-0.186379
-0.189418
-0.192364
-0.19522
-0.158863
-0.162158
-0.165372
-0.168506
-0.17156
-0.174538
-0.177439
-0.180266
-0.14583
-0.148978
-0.15206
-0.155077
-0.15803
-0.160921
-0.16375
-0.166519
-0.134022
-0.137022
-0.139969
-0.142862
-0.145704
-0.148495
-0.151237
-0.153929
-0.123278
-0.126131
-0.128941
-0.131708
-0.134433
-0.137116
-0.13976
-0.142364
-0.113467
-0.116176
-0.118849
-0.121488
-0.124093
-0.126665
-0.129205
-0.131712
-0.104482
-0.10705
-0.10959
-0.112101
-0.114585
-0.117043
-0.119475
-0.121881
-0.0962291
-0.0986606
-0.101069
-0.103455
-0.10582
-0.108163
-0.110485
-0.112787
-0.0886341
-0.0909332
-0.0932141
-0.0954773
-0.0977231
-0.0999522
-0.102165
-0.104362
-0.0816202
-0.083793
-0.0859512
-0.0880954
-0.0902259
-0.0923433
-0.094448
-0.0965404
-0.0751341
-0.0771856
-0.0792257
-0.0812547
-0.0832731
-0.0852813
-0.0872796
-0.0892687
-0.0691195
-0.0710554
-0.0729822
-0.0749006
-0.0768107
-0.078713
-0.0806079
-0.0824958
-0.0635339
-0.0653592
-0.0671776
-0.0689895
-0.0707952
-0.072595
-0.0743895
-0.0761788
-0.0583329
-0.0600532
-0.0617684
-0.0634786
-0.0651843
-0.0668858
-0.0685833
-0.0702773
-0.0534832
-0.0551037
-0.0567204
-0.0583335
-0.0599434
-0.0615503
-0.0631546
-0.0647565
-0.0489494
-0.0504756
-0.051999
-0.0535199
-0.0550386
-0.0565553
-0.0580703
-0.0595839
-0.0447075
-0.046144
-0.0475786
-0.0490116
-0.0504432
-0.0518736
-0.053303
-0.0547319
-0.0407307
-0.0420824
-0.0434328
-0.0447822
-0.0461309
-0.0474791
-0.0488269
-0.0501747
-0.0369945
-0.0382662
-0.0395371
-0.0408076
-0.0420777
-0.0433478
-0.0446181
-0.0458886
-0.0334829
-0.0346787
-0.0358741
-0.0370695
-0.038265
-0.0394608
-0.0406571
-0.041854
-0.0301761
-0.0313002
-0.0324244
-0.0335487
-0.0346735
-0.0357988
-0.0369249
-0.0380518
-0.0270577
-0.0281142
-0.0291711
-0.0302284
-0.0312862
-0.0323448
-0.0334043
-0.0344649
-0.0241149
-0.0251077
-0.026101
-0.0270948
-0.0280893
-0.0290847
-0.0300811
-0.0310786
-0.021334
-0.0222667
-0.0231999
-0.0241338
-0.0250685
-0.0260042
-0.0269408
-0.0278787
-0.0187042
-0.0195802
-0.0204568
-0.0213342
-0.0222124
-0.0230916
-0.0239718
-0.0248532
-0.0162146
-0.0170372
-0.0178605
-0.0186846
-0.0195095
-0.0203353
-0.0211623
-0.0219904
-0.0138566
-0.014629
-0.015402
-0.0161758
-0.0169504
-0.017726
-0.0185026
-0.0192803
-0.0116214
-0.0123464
-0.0130721
-0.0137985
-0.0145258
-0.015254
-0.0159831
-0.0167133
-0.00950156
-0.0101821
-0.0108632
-0.0115451
-0.0122277
-0.0129112
-0.0135956
-0.014281
-0.00749028
-0.00812891
-0.00876816
-0.00940807
-0.0100487
-0.0106901
-0.0113324
-0.0119756
-0.00558094
-0.00618024
-0.00678009
-0.00738056
-0.0079817
-0.00858356
-0.0091862
-0.00978967
-0.00376843
-0.00433072
-0.00489353
-0.0054569
-0.00602088
-0.00658551
-0.00715083
-0.00771691
-0.0020471
-0.00257464
-0.00310265
-0.00363116
-0.00416021
-0.00468984
-0.0052201
-0.00575102
-0.000412283
-0.00090719
-0.00140251
-0.00189827
-0.0023945
-0.00289125
-0.00338855
-0.00388643
0.00114041
0.000676145
0.000211525
-0.00025348
-0.000718899
-0.00118476
-0.0016511
-0.00211794
0.00261504
0.00217954
0.00174374
0.00130761
0.000871121
0.00043426
-3.00426e-06
-0.000440697
0.00401556
0.00360704
0.00319827
0.00278922
0.00237988
0.00197023
0.00156024
0.0011499
0.00534515
0.00496195
0.00457855
0.00419493
0.00381106
0.00342695
0.00304256
0.00265789
0.00660731
0.00624785
0.00588824
0.00552846
0.00516849
0.00480833
0.00444794
0.00408733
0.00780501
0.00746782
0.00713052
0.00679309
0.00645553
0.00611781
0.00577994
0.0054419
0.0089411
0.00862479
0.0083084
0.00799192
0.00767536
0.00735869
0.00704192
0.00672503
0.0100183
0.00972155
0.00942476
0.00912792
0.00883104
0.0085341
0.00823709
0.00794002
0.0110391
0.0107607
0.0104823
0.0102038
0.00992539
0.00964692
0.00936844
0.00908992
0.0120059
0.0117447
0.0114835
0.0112223
0.0109611
0.0106999
0.0104388
0.0101777
0.012921
0.0126759
0.0124308
0.0121857
0.0119407
0.0116958
0.0114509
0.011206
0.0137866
0.0135565
0.0133264
0.0130965
0.0128666
0.0126369
0.0124072
0.0121775
0.0146046
0.0143886
0.0141727
0.0139569
0.0137412
0.0135256
0.0133101
0.0130948
0.015377
0.0151742
0.0149715
0.014769
0.0145666
0.0143643
0.0141621
0.01396
0.0161057
0.0159153
0.015725
0.0155348
0.0153448
0.0151549
0.0149652
0.0147756
0.0167925
0.0166136
0.0164349
0.0162563
0.0160779
0.0158996
0.0157215
0.0155436
0.0174391
0.017271
0.0171031
0.0169354
0.0167678
0.0166004
0.0164331
0.0162661
0.0180471
0.0178891
0.0177313
0.0175737
0.0174162
0.017259
0.0171019
0.016945
0.0186181
0.0184696
0.0183212
0.018173
0.018025
0.0178772
0.0177296
0.0175822
0.0191536
0.0190139
0.0188743
0.018735
0.0185958
0.0184568
0.0183181
0.0181795
0.0196551
0.0195235
0.0193922
0.0192611
0.0191302
0.0189994
0.0188689
0.0187386
0.0201238
0.02
0.0198763
0.0197529
0.0196296
0.0195066
0.0193837
0.0192611
0.0205613
0.0204446
0.0203281
0.0202118
0.0200957
0.0199798
0.0198641
0.0197486
0.0209687
0.0208587
0.0207488
0.0206391
0.0205296
0.0204204
0.0203113
0.0202025
0.0213473
0.0212434
0.0211397
0.0210362
0.0209329
0.0208298
0.0207269
0.0206243
0.0216982
0.0216001
0.0215021
0.0214043
0.0213067
0.0212093
0.0211121
0.0210152
0.0220226
0.0219297
0.021837
0.0217445
0.0216522
0.0215601
0.0214682
0.0213765
0.0223214
0.0222334
0.0221456
0.022058
0.0219706
0.0218833
0.0217963
0.0217095
0.0225957
0.0225122
0.0224289
0.0223457
0.0222628
0.0221801
0.0220975
0.0220152
0.0228464
0.022767
0.0226878
0.0226087
0.0225299
0.0224513
0.0223729
0.0222947
0.0230742
0.0229986
0.0229231
0.0228479
0.0227728
0.0226979
0.0226232
0.0225488
0.0224745
0.02328
0.0232078
0.0231357
0.0230639
0.0229922
0.0229208
0.0228495
0.0227784
0.0227076
0.0234643
0.0233952
0.0233263
0.0232575
0.0231889
0.0231205
0.0230523
0.0229843
0.0229165
0.0236279
0.0235616
0.0234954
0.0234293
0.0233635
0.0232978
0.0232323
0.023167
0.023102
0.023771
0.0237071
0.0236433
0.0235797
0.0235163
0.023453
0.02339
0.0233271
0.0232644
0.0238942
0.0238324
0.0237707
0.0237092
0.0236479
0.0235868
0.0235258
0.023465
0.0234044
0.0239974
0.0239373
0.0238775
0.0238178
0.0237582
0.0236989
0.0236397
0.0235807
0.0235218
0.0240809
0.0240224
0.023964
0.0239057
0.0238477
0.0237898
0.023732
0.0236745
0.0236171
0.0241441
0.0240867
0.0240295
0.0239724
0.0239155
0.0238588
0.0238022
0.0237458
0.0236895
0.0241874
0.0241308
0.0240743
0.0240181
0.0239619
0.023906
0.0238502
0.0237946
0.0237391
0.024209
0.024153
0.0240971
0.0240414
0.0239859
0.0239305
0.0238752
0.0238201
0.0237652
-0.0577287
-0.0638375
-0.069838
-0.0757288
-0.0815092
-0.0871788
-0.0927354
-0.0981621
-0.103504
-0.10876
-0.11387
-0.118845
-0.123702
-0.128446
-0.133077
-0.137594
-0.141996
-0.146287
-0.150465
-0.154533
-0.158491
-0.16234
-0.166083
-0.16972
-0.0528271
-0.0583164
-0.063715
-0.0690221
-0.0742371
-0.079359
-0.0843862
-0.0893129
-0.0941072
-0.0988444
-0.103514
-0.108072
-0.112525
-0.116884
-0.121152
-0.125327
-0.129411
-0.133403
-0.137304
-0.141116
-0.144838
-0.148473
-0.152022
-0.155484
-0.048111
-0.05308
-0.0579701
-0.0627807
-0.0675112
-0.0721609
-0.0767285
-0.0812128
-0.0856096
-0.0898887
-0.0941946
-0.098407
-0.102511
-0.106528
-0.11047
-0.114337
-0.118129
-0.121846
-0.125488
-0.129056
-0.132552
-0.135976
-0.13933
-0.142614
-0.0438588
-0.0483628
-0.0528001
-0.0571707
-0.0614747
-0.0657125
-0.0698844
-0.073991
-0.078033
-0.0820081
-0.0858447
-0.0896962
-0.0934918
-0.0972101
-0.100859
-0.104446
-0.107971
-0.111434
-0.114837
-0.11818
-0.121463
-0.124688
-0.127856
-0.130966
-0.0398708
-0.0439699
-0.048012
-0.0519974
-0.0559263
-0.0597987
-0.063615
-0.0673752
-0.0710792
-0.0747272
-0.078315
-0.0818417
-0.0853421
-0.0887863
-0.0921705
-0.0955016
-0.0987827
-0.102014
-0.105195
-0.108328
-0.111411
-0.114447
-0.117437
-0.12038
-0.0362074
-0.0399459
-0.0436358
-0.0472772
-0.0508703
-0.0544151
-0.0579115
-0.0613593
-0.0647577
-0.0681057
-0.0714011
-0.0746324
-0.0779349
-0.0811525
-0.0842927
-0.0873855
-0.0904407
-0.0934569
-0.0964327
-0.0993681
-0.102264
-0.105121
-0.10794
-0.110722
-0.0328022
-0.0362227
-0.0396024
-0.0429418
-0.0462414
-0.0495018
-0.0527238
-0.0559086
-0.0590573
-0.062172
-0.0652548
-0.0683064
-0.0712254
-0.0741659
-0.0770951
-0.0799863
-0.0828385
-0.0856561
-0.0884408
-0.091193
-0.0939129
-0.0966011
-0.0992583
-0.101885
-0.0296467
-0.0327825
-0.0358835
-0.0389501
-0.0419826
-0.0449814
-0.0479465
-0.050878
-0.053776
-0.0566398
-0.0594686
-0.0622612
-0.065014
-0.0677907
-0.0705274
-0.0732217
-0.0758838
-0.0785185
-0.0811265
-0.0837077
-0.0862625
-0.0887914
-0.0912951
-0.0937741
-0.0267107
-0.0295923
-0.0324445
-0.0352679
-0.0380629
-0.0408299
-0.0435696
-0.0462825
-0.0489693
-0.0516309
-0.0542683
-0.0568828
-0.0594747
-0.0620003
-0.064527
-0.067039
-0.0695255
-0.0719878
-0.074428
-0.076847
-0.0792449
-0.0816221
-0.083979
-0.0863161
-0.0239754
-0.0266281
-0.0292558
-0.0318591
-0.0344382
-0.0369935
-0.0395253
-0.0420339
-0.0445195
-0.0469822
-0.049422
-0.0518387
-0.054232
-0.0565999
-0.0589905
-0.0613459
-0.063668
-0.0659691
-0.0682543
-0.0705233
-0.0727753
-0.0750105
-0.0772294
-0.0794325
-0.0214219
-0.0238686
-0.0262944
-0.0286996
-0.0310847
-0.0334501
-0.0357963
-0.0381236
-0.0404325
-0.0427237
-0.0449977
-0.0472551
-0.0494968
-0.0517225
-0.053897
-0.0560773
-0.058254
-0.0604154
-0.0625598
-0.0646891
-0.0668044
-0.0689062
-0.0709948
-0.0730706
-0.0190321
-0.0212923
-0.0235348
-0.02576
-0.0279681
-0.0301596
-0.0323347
-0.0344937
-0.0366371
-0.0387649
-0.0408775
-0.042975
-0.0450575
-0.0471252
-0.0491766
-0.0512258
-0.0532629
-0.0552856
-0.0572949
-0.0592924
-0.0612787
-0.0632543
-0.0652194
-0.0671743
-0.016791
-0.0188822
-0.0209584
-0.0230201
-0.0250675
-0.027101
-0.0291208
-0.0311274
-0.0331211
-0.0351021
-0.0370708
-0.0390276
-0.0409727
-0.0429065
-0.0448285
-0.0467394
-0.0486421
-0.0505354
-0.0524187
-0.0542924
-0.0561572
-0.0580134
-0.0598614
-0.0617015
-0.0146847
-0.0166221
-0.0185469
-0.0204596
-0.0223603
-0.0242494
-0.0261272
-0.0279939
-0.0298499
-0.0316956
-0.0335311
-0.0353568
-0.0371731
-0.0389801
-0.0407783
-0.0425635
-0.0443446
-0.0461185
-0.0478842
-0.0496422
-0.0513931
-0.0531374
-0.0548753
-0.056607
-0.0127002
-0.0144974
-0.016284
-0.0180604
-0.0198268
-0.0215834
-0.0233307
-0.0250687
-0.0267978
-0.0285181
-0.0302301
-0.0319339
-0.0336297
-0.0353177
-0.036998
-0.0386703
-0.0403446
-0.042009
-0.0436643
-0.0453133
-0.046957
-0.0485957
-0.0502295
-0.0518586
-0.0108268
-0.0124958
-0.014156
-0.0158077
-0.0174511
-0.0190864
-0.0207139
-0.0223338
-0.0239464
-0.0255519
-0.0271507
-0.028743
-0.0303289
-0.031909
-0.0334833
-0.035052
-0.0366087
-0.0381645
-0.039718
-0.041267
-0.0428113
-0.0443513
-0.0458875
-0.0474201
-0.00905407
-0.0106057
-0.0121499
-0.013687
-0.0152171
-0.0167406
-0.0182576
-0.0197683
-0.0212729
-0.0227717
-0.0242649
-0.0257527
-0.0272353
-0.0287129
-0.0301857
-0.0316539
-0.0331165
-0.034577
-0.0360343
-0.0374876
-0.0389373
-0.0403839
-0.0418276
-0.0432687
-0.00737314
-0.0088169
-0.0102545
-0.0116862
-0.0131121
-0.0145325
-0.0159475
-0.0173573
-0.0187622
-0.0201622
-0.0215577
-0.0229488
-0.0243356
-0.0257185
-0.0270974
-0.0284727
-0.029844
-0.0312162
-0.0325837
-0.0339471
-0.0353078
-0.0366663
-0.0380229
-0.0393776
-0.00577617
-0.00712078
-0.00846027
-0.00979484
-0.0111247
-0.0124499
-0.0137707
-0.0150873
-0.0163999
-0.0177086
-0.0190135
-0.020315
-0.0216132
-0.0229082
-0.0242002
-0.0254895
-0.0267761
-0.0280575
-0.0293386
-0.0306187
-0.031897
-0.0331734
-0.0344484
-0.035722
-0.00425596
-0.00550916
-0.00675812
-0.00800301
-0.00924397
-0.0104812
-0.0117147
-0.0129448
-0.0141716
-0.0153953
-0.0166159
-0.0178338
-0.0190489
-0.0202615
-0.0214718
-0.0226799
-0.0238859
-0.0250892
-0.0262918
-0.0274933
-0.0286934
-0.0298921
-0.0310898
-0.0322867
-0.00280636
-0.00397519
-0.00514053
-0.00630251
-0.00746126
-0.00861693
-0.00976964
-0.0109195
-0.0120668
-0.0132115
-0.0143537
-0.0154938
-0.0166317
-0.0177676
-0.0189017
-0.0200341
-0.021165
-0.0222942
-0.023423
-0.0245505
-0.0256768
-0.0268023
-0.0279273
-0.0290518
-0.00142181
-0.00251265
-0.00360062
-0.00468582
-0.00576839
-0.00684844
-0.00792608
-0.00900145
-0.0100746
-0.0111458
-0.0122151
-0.0132825
-0.0143483
-0.0154125
-0.0164752
-0.0175366
-0.0185968
-0.0196559
-0.0207154
-0.0217738
-0.0228312
-0.0238881
-0.0249447
-0.0260012
-9.75088e-05
-0.00111616
-0.00213246
-0.00314651
-0.00415842
-0.0051683
-0.00617624
-0.00718236
-0.00818676
-0.00918956
-0.0101909
-0.0111908
-0.0121895
-0.013187
-0.0141835
-0.0151792
-0.0161741
-0.0171684
-0.0181603
-0.0191527
-0.0201454
-0.0211378
-0.0221301
-0.0231224
0.00117088
0.000219136
-0.000730687
-0.00167868
-0.00262495
-0.00356957
-0.00451264
-0.00545425
-0.0063945
-0.00733347
-0.00827128
-0.009208
-0.0101437
-0.0110786
-0.0120127
-0.0129461
-0.0138789
-0.0148112
-0.0157429
-0.0166747
-0.0176064
-0.0185381
-0.0194698
-0.0204017
0.0023871
0.00149745
0.000609356
-0.000277268
-0.0011625
-0.00204642
-0.0029291
-0.00381063
-0.00469108
-0.00557054
-0.0064491
-0.00732684
-0.00820384
-0.0090802
-0.009956
-0.0108313
-0.0117063
-0.0125809
-0.0134553
-0.01433
-0.0152045
-0.016079
-0.0169537
-0.0178288
0.00355444
0.00272246
0.00189173
0.00106218
0.000233744
-0.00059365
-0.00142007
-0.00224558
-0.00307025
-0.00389416
-0.00471738
-0.00553997
-0.00636202
-0.00718359
-0.00800477
-0.00882561
-0.00964621
-0.0104666
-0.0112869
-0.012108
-0.0129289
-0.0137498
-0.014571
-0.0153925
0.00467576
0.00389739
0.00312002
0.00234358
0.00156802
0.000793276
1.92905e-05
-0.000753997
-0.00152665
-0.00229873
-0.00307031
-0.00384144
-0.00461221
-0.00538267
-0.00615291
-0.00692299
-0.007693
-0.00846301
-0.00923313
-0.0100024
-0.0107723
-0.0115428
-0.0123137
-0.0130849
0.0057536
0.00502512
0.00429743
0.00357047
0.0028442
0.00211856
0.00139351
0.000668999
-5.50362e-05
-0.000778644
-0.00150188
-0.0022248
-0.00294746
-0.00366991
-0.00439223
-0.00511445
-0.00583666
-0.00655889
-0.00728123
-0.00800362
-0.00872638
-0.0094495
-0.010173
-0.0108969
0.00679015
0.00610813
0.00542672
0.00474588
0.00406557
0.00338575
0.00270637
0.00202739
0.00134877
0.000670462
-7.58671e-06
-0.000685421
-0.00136309
-0.00204064
-0.00271813
-0.00339561
-0.00407313
-0.00475074
-0.0054285
-0.00610643
-0.00678469
-0.00746328
-0.00814223
-0.00882164
0.00778736
0.00714863
0.00651036
0.00587254
0.00523512
0.00459806
0.00396134
0.00332491
0.00268874
0.00205279
0.00141701
0.000781369
0.000145823
-0.000489671
-0.00112516
-0.00176068
-0.00239629
-0.00303203
-0.00366795
-0.00430407
-0.00494065
-0.00557748
-0.00621462
-0.0068522
0.00874688
0.0081485
0.00755048
0.00695279
0.0063554
0.00575828
0.0051614
0.00456474
0.00396825
0.00337191
0.00277569
0.00217954
0.00158343
0.000987336
0.000391206
-0.000204993
-0.000801299
-0.00139775
-0.00199439
-0.00259125
-0.00318843
-0.00378595
-0.00438385
-0.00498216
0.00967019
0.00910946
0.008549
0.00798878
0.00742877
0.00686897
0.00630933
0.00574984
0.00519047
0.00463119
0.00407198
0.00351279
0.00295361
0.0023944
0.00183512
0.00127576
0.000716259
0.000156595
-0.000403271
-0.000963379
-0.00152357
-0.00208417
-0.00264519
-0.0032066
0.0105586
0.010033
0.00950759
0.00898237
0.00845729
0.00793236
0.00740754
0.00688282
0.00635817
0.00583358
0.00530901
0.00478445
0.00425986
0.00373523
0.00321052
0.00268571
0.00216078
0.00163568
0.00111039
0.000584888
5.91641e-05
-0.000466876
-0.000993252
-0.00151998
0.0114132
0.0109204
0.0104278
0.00993527
0.00944285
0.00895052
0.00845827
0.00796607
0.00747392
0.00698179
0.00648967
0.00599753
0.00550535
0.00501311
0.0045208
0.00402837
0.00353583
0.00304313
0.00255025
0.00205717
0.00156387
0.00107029
0.000576427
8.22454e-05
0.0122351
0.011773
0.0113109
0.010849
0.0103871
0.00992522
0.00946343
0.00900166
0.00853992
0.00807819
0.00761644
0.00715466
0.00669284
0.00623095
0.00576899
0.00530693
0.00484475
0.00438243
0.00391995
0.00345729
0.00299443
0.00253132
0.00206796
0.00160434
0.0130252
0.0125917
0.0121582
0.0117248
0.0112915
0.0108582
0.0104249
0.00999159
0.00955832
0.00912504
0.00869174
0.00825841
0.00782503
0.00739159
0.00695807
0.00652447
0.00609076
0.00565693
0.00522295
0.00478882
0.00435451
0.00391995
0.00348521
0.00305025
0.0137842
0.0133774
0.0129707
0.0125641
0.0121574
0.0117508
0.0113442
0.0109376
0.0105309
0.0101243
0.00971766
0.00931097
0.00890425
0.00849746
0.00809062
0.00768369
0.00727668
0.00686957
0.00646233
0.00605497
0.00564746
0.00523979
0.00483192
0.00442385
0.0145129
0.0141312
0.0137495
0.0133679
0.0129862
0.0126046
0.0122229
0.0118413
0.0114596
0.0110779
0.0106962
0.0103145
0.00993272
0.00955092
0.00916905
0.00878713
0.00840513
0.00802304
0.00764086
0.00725857
0.00687616
0.00649367
0.00611101
0.00572817
0.0152121
0.0148538
0.0144955
0.0141372
0.013779
0.0134207
0.0130624
0.0127041
0.0123458
0.0119875
0.0116292
0.0112709
0.0109125
0.0105541
0.0101957
0.00983718
0.00947864
0.00912004
0.00876137
0.00840261
0.00804377
0.00768484
0.00732579
0.00696662
0.0158823
0.015546
0.0152096
0.0148732
0.0145368
0.0142004
0.013864
0.0135276
0.0131912
0.0128548
0.0125184
0.012182
0.0118455
0.011509
0.0111726
0.010836
0.0104995
0.0101629
0.00982626
0.00948956
0.00915281
0.00881599
0.00847909
0.0081421
0.0165243
0.0162084
0.0158925
0.0155766
0.0152607
0.0149448
0.0146289
0.014313
0.0139971
0.0136812
0.0133653
0.0130494
0.0127335
0.0124176
0.0121017
0.0117857
0.0114698
0.0111538
0.0108378
0.0105218
0.0102058
0.00988968
0.00957354
0.00925735
0.0171385
0.0168418
0.016545
0.0162483
0.0159516
0.0156549
0.0153582
0.0150615
0.0147648
0.0144681
0.0141715
0.0138748
0.0135781
0.0132815
0.0129849
0.0126882
0.0123916
0.012095
0.0117983
0.0115017
0.011205
0.0109084
0.0106117
0.010315
0.0177255
0.0174467
0.017168
0.0168892
0.0166105
0.0163317
0.016053
0.0157743
0.0154956
0.0152169
0.0149383
0.0146596
0.014381
0.0141024
0.0138238
0.0135453
0.0132668
0.0129883
0.0127098
0.0124313
0.0121528
0.0118744
0.011596
0.0113175
0.0182859
0.018024
0.017762
0.0175001
0.0172382
0.0169763
0.0167144
0.0164525
0.0161907
0.0159289
0.0156671
0.0154053
0.0151436
0.0148819
0.0146203
0.0143587
0.0140971
0.0138356
0.0135741
0.0133127
0.0130512
0.0127899
0.0125285
0.0122672
0.0188203
0.0185741
0.0183279
0.0180817
0.0178356
0.0175894
0.0173433
0.0170972
0.0168512
0.0166052
0.0163592
0.0161133
0.0158674
0.0156216
0.0153758
0.0151301
0.0148844
0.0146388
0.0143932
0.0141477
0.0139023
0.0136569
0.0134115
0.0131663
0.0193292
0.0190977
0.0188663
0.0186348
0.0184034
0.0181721
0.0179407
0.0177094
0.0174782
0.017247
0.0170158
0.0167847
0.0165537
0.0163227
0.0160918
0.0158609
0.0156301
0.0153994
0.0151688
0.0149382
0.0147077
0.0144773
0.014247
0.0140167
0.0198131
0.0195954
0.0193778
0.0191602
0.0189426
0.0187251
0.0185076
0.0182902
0.0180728
0.0178554
0.0176382
0.0174209
0.0172038
0.0169867
0.0167697
0.0165528
0.016336
0.0161192
0.0159026
0.015686
0.0154695
0.0152531
0.0150368
0.0148207
0.0202726
0.0200679
0.0198632
0.0196586
0.019454
0.0192494
0.0190449
0.0188404
0.018636
0.0184316
0.0182274
0.0180232
0.017819
0.017615
0.017411
0.0172072
0.0170034
0.0167997
0.0165961
0.0163927
0.0161893
0.0159861
0.0157829
0.0155799
0.0207083
0.0205157
0.0203232
0.0201307
0.0199382
0.0197457
0.0195534
0.019361
0.0191688
0.0189766
0.0187845
0.0185925
0.0184006
0.0182087
0.018017
0.0178253
0.0176338
0.0174424
0.0172511
0.0170599
0.0168688
0.0166778
0.016487
0.0162963
0.0211208
0.0209396
0.0207584
0.0205772
0.0203961
0.020215
0.020034
0.0198531
0.0196722
0.0194914
0.0193107
0.0191301
0.0189496
0.0187692
0.0185889
0.0184087
0.0182286
0.0180486
0.0178688
0.0176891
0.0175095
0.01733
0.0171507
0.0169715
0.0215106
0.02134
0.0211694
0.0209989
0.0208284
0.020658
0.0204876
0.0203174
0.0201472
0.0199771
0.019807
0.0196371
0.0194673
0.0192976
0.019128
0.0189585
0.0187891
0.0186199
0.0184508
0.0182818
0.018113
0.0179443
0.0177757
0.0176073
0.0218784
0.0217177
0.0215571
0.0213965
0.021236
0.0210755
0.0209152
0.0207549
0.0205946
0.0204345
0.0202745
0.0201146
0.0199547
0.019795
0.0196354
0.019476
0.0193166
0.0191574
0.0189984
0.0188394
0.0186806
0.018522
0.0183636
0.0182052
0.0222247
0.0220733
0.021922
0.0217707
0.0216195
0.0214684
0.0213174
0.0211664
0.0210155
0.0208647
0.0207141
0.0205635
0.020413
0.0202627
0.0201124
0.0199623
0.0198124
0.0196626
0.0195129
0.0193634
0.019214
0.0190648
0.0189157
0.0187668
0.0225501
0.0224075
0.0222649
0.0221223
0.0219798
0.0218374
0.0216951
0.0215529
0.0214107
0.0212687
0.0211267
0.0209849
0.0208432
0.0207016
0.0205601
0.0204188
0.0202776
0.0201366
0.0199956
0.0198549
0.0197143
0.0195739
0.0194336
0.0192935
0.0228553
0.0227208
0.0225864
0.022452
0.0223176
0.0221834
0.0220492
0.0219151
0.0217812
0.0216473
0.0215135
0.0213799
0.0212463
0.0211129
0.0209796
0.0208465
0.0207134
0.0205806
0.0204479
0.0203153
0.0201829
0.0200507
0.0199186
0.0197867
0.0231409
0.023014
0.0228872
0.0227604
0.0226337
0.0225071
0.0223805
0.0222541
0.0221277
0.0220014
0.0218753
0.0217493
0.0216234
0.0214976
0.0213719
0.0212464
0.021121
0.0209958
0.0208707
0.0207458
0.0206211
0.0204965
0.0203721
0.0202479
0.0234076
0.0232877
0.023168
0.0230483
0.0229287
0.0228092
0.0226898
0.0225704
0.0224512
0.022332
0.022213
0.0220941
0.0219753
0.0218566
0.0217381
0.0216197
0.0215015
0.0213834
0.0212654
0.0211476
0.02103
0.0209126
0.0207953
0.0206782
0.0237691
0.0236558
0.0235426
0.0234295
0.0233165
0.0232035
0.0230906
0.0229778
0.0228651
0.0227525
0.0226399
0.0225275
0.0224153
0.0223031
0.0221911
0.0220792
0.0219674
0.0218558
0.0217443
0.021633
0.0215219
0.0214109
0.0213001
0.0211894
0.021079
0.0239934
0.0238863
0.0237793
0.0236724
0.0235655
0.0234587
0.023352
0.0232453
0.0231388
0.0230323
0.022926
0.0228198
0.0227137
0.0226077
0.0225018
0.0223961
0.0222905
0.022185
0.0220798
0.0219746
0.0218696
0.0217648
0.0216602
0.0215557
0.0214514
0.0242011
0.0240998
0.0239985
0.0238973
0.0237961
0.023695
0.0235941
0.0234932
0.0233923
0.0232916
0.023191
0.0230905
0.0229901
0.0228899
0.0227898
0.0226898
0.0225899
0.0224902
0.0223906
0.0222912
0.0221919
0.0220929
0.0219939
0.0218952
0.0217966
0.0243927
0.0242967
0.0242007
0.0241048
0.024009
0.0239132
0.0238176
0.023722
0.0236265
0.0235311
0.0234358
0.0233406
0.0232456
0.0231506
0.0230558
0.0229611
0.0228665
0.0227721
0.0226779
0.0225838
0.0224898
0.022396
0.0223024
0.022209
0.0221157
0.0245688
0.0244777
0.0243867
0.0242957
0.0242048
0.024114
0.0240232
0.0239325
0.023842
0.0237515
0.0236611
0.0235708
0.0234807
0.0233907
0.0233007
0.023211
0.0231213
0.0230318
0.0229424
0.0228532
0.0227642
0.0226753
0.0225866
0.022498
0.0224096
0.02473
0.0246434
0.0245569
0.0244705
0.0243841
0.0242978
0.0242116
0.0241255
0.0240394
0.0239535
0.0238676
0.0237819
0.0236963
0.0236108
0.0235254
0.0234401
0.023355
0.02327
0.0231852
0.0231005
0.0230159
0.0229316
0.0228473
0.0227633
0.0226794
0.0248768
0.0247944
0.0247121
0.0246298
0.0245476
0.0244655
0.0243834
0.0243014
0.0242196
0.0241378
0.0240561
0.0239745
0.0238931
0.0238117
0.0237305
0.0236494
0.0235684
0.0234876
0.0234069
0.0233263
0.0232459
0.0231657
0.0230856
0.0230057
0.0229259
0.0250097
0.0249311
0.0248526
0.0247741
0.0246957
0.0246174
0.0245392
0.024461
0.024383
0.024305
0.0242271
0.0241493
0.0240717
0.0239941
0.0239167
0.0238394
0.0237622
0.0236852
0.0236083
0.0235315
0.0234549
0.0233784
0.0233021
0.023226
0.02315
0.0251292
0.0250541
0.024979
0.0249041
0.0248291
0.0247543
0.0246795
0.0246048
0.0245302
0.0244557
0.0243813
0.024307
0.0242328
0.0241587
0.0240847
0.0240108
0.0239371
0.0238635
0.02379
0.0237167
0.0236435
0.0235705
0.0234976
0.0234249
0.0233524
0.0252357
0.0251638
0.0250918
0.02502
0.0249482
0.0248764
0.0248048
0.0247332
0.0246618
0.0245904
0.0245191
0.0244479
0.0243768
0.0243058
0.0242349
0.0241642
0.0240936
0.0240231
0.0239527
0.0238825
0.0238124
0.0237425
0.0236727
0.0236031
0.0235336
0.0253298
0.0252606
0.0251914
0.0251224
0.0250534
0.0249844
0.0249156
0.0248468
0.0247781
0.0247095
0.024641
0.0245726
0.0245043
0.0244361
0.0243681
0.0243001
0.0242322
0.0241645
0.024097
0.0240295
0.0239622
0.023895
0.023828
0.0237612
0.0236945
0.0254115
0.0253447
0.0252781
0.0252115
0.0251449
0.0250785
0.0250121
0.0249458
0.0248795
0.0248134
0.0247474
0.0246814
0.0246156
0.0245499
0.0244842
0.0244187
0.0243533
0.0242881
0.024223
0.024158
0.0240931
0.0240284
0.0239638
0.0238994
0.0238351
0.0254813
0.0254167
0.0253522
0.0252877
0.0252233
0.025159
0.0250948
0.0250306
0.0249665
0.0249025
0.0248386
0.0247748
0.0247111
0.0246475
0.024584
0.0245207
0.0244574
0.0243943
0.0243313
0.0242684
0.0242057
0.0241431
0.0240807
0.0240184
0.0239562
0.0255391
0.0254763
0.0254136
0.0253509
0.0252883
0.0252258
0.0251634
0.025101
0.0250388
0.0249766
0.0249145
0.0248525
0.0247907
0.0247289
0.0246672
0.0246057
0.0245443
0.0244829
0.0244218
0.0243607
0.0242998
0.024239
0.0241784
0.0241179
0.0240576
0.0255856
0.0255243
0.025463
0.0254018
0.0253407
0.0252797
0.0252187
0.0251579
0.0250971
0.0250364
0.0249758
0.0249153
0.0248549
0.0247947
0.0247345
0.0246744
0.0246145
0.0245547
0.024495
0.0244354
0.024376
0.0243167
0.0242575
0.0241985
0.0241397
0.0256195
0.0255593
0.0254992
0.0254392
0.0253792
0.0253193
0.0252595
0.0251998
0.0251402
0.0250807
0.0250213
0.024962
0.0249027
0.0248436
0.0247846
0.0247258
0.024667
0.0246084
0.0245499
0.0244915
0.0244332
0.0243751
0.0243171
0.0242593
0.0242016
0.0256427
0.0255833
0.025524
0.0254647
0.0254056
0.0253465
0.0252875
0.0252286
0.0251698
0.0251111
0.0250525
0.0249939
0.0249355
0.0248772
0.0248191
0.024761
0.024703
0.0246452
0.0245875
0.0245299
0.0244725
0.0244152
0.024358
0.024301
0.0242441
0.0256513
0.0255923
0.0255334
0.0254746
0.0254159
0.0253573
0.0252988
0.0252404
0.0251821
0.0251239
0.0250658
0.0250078
0.0249499
0.0248922
0.0248345
0.024777
0.0247196
0.0246623
0.0246052
0.0245482
0.0244913
0.0244346
0.024378
0.0243215
0.0242652
0.0070205
0.00698487
0.00694942
0.00691414
0.00687904
0.00684412
0.00680937
0.00677481
0.00674043
0.00670625
0.00667225
0.00663844
0.00660483
0.00657142
0.0065382
0.00650518
0.00647237
0.00643976
0.00640736
0.00637516
0.00634318
0.00631141
0.00627986
0.00624852
0.0062174
0.0061865
0.00699712
0.00696117
0.00692539
0.00688977
0.00685432
0.00681904
0.00678394
0.00674902
0.00671428
0.00667973
0.00664535
0.00661117
0.00657718
0.00654338
0.00650978
0.00647637
0.00644317
0.00641017
0.00637738
0.00634479
0.00631242
0.00628025
0.00624831
0.00621657
0.00618506
0.00615378
0.00694729
0.00691074
0.00687435
0.00683812
0.00680207
0.00676619
0.00673048
0.00669495
0.0066596
0.00662444
0.00658946
0.00655467
0.00652007
0.00648566
0.00645146
0.00641745
0.00638364
0.00635004
0.00631665
0.00628346
0.00625049
0.00621773
0.00618519
0.00615287
0.00612077
0.00608889
0.00687417
0.00683674
0.00679947
0.00676237
0.00672544
0.00668868
0.00665209
0.00661568
0.00657944
0.0065434
0.00650753
0.00647186
0.00643638
0.00640109
0.006366
0.00633111
0.00629642
0.00626194
0.00622767
0.0061936
0.00615975
0.00612612
0.00609271
0.00605951
0.00602654
0.0059938
0.0067769
0.00673833
0.00669992
0.00666168
0.00662361
0.0065857
0.00654798
0.00651043
0.00647306
0.00643588
0.00639888
0.00636208
0.00632547
0.00628905
0.00625283
0.00621682
0.00618101
0.00614541
0.00611002
0.00607484
0.00603988
0.00600513
0.00597061
0.00593631
0.00590224
0.0058684
0.00665658
0.00661661
0.0065768
0.00653716
0.00649769
0.0064584
0.00641928
0.00638033
0.00634158
0.006303
0.00626462
0.00622643
0.00618844
0.00615064
0.00611304
0.00607565
0.00603847
0.00600149
0.00596473
0.00592819
0.00589186
0.00585576
0.00581988
0.00578423
0.00574881
0.00571362
0.00651273
0.0064711
0.00642964
0.00638835
0.00634723
0.00630628
0.00626551
0.00622492
0.00618452
0.00614431
0.00610429
0.00606447
0.00602484
0.00598541
0.00594619
0.00590718
0.00586838
0.00582979
0.00579141
0.00575326
0.00571533
0.00567762
0.00564015
0.0056029
0.00556589
0.00552911
0.00634553
0.00630199
0.00625862
0.00621541
0.00617238
0.00612953
0.00608686
0.00604438
0.00600209
0.00595998
0.00591807
0.00587636
0.00583485
0.00579355
0.00575246
0.00571157
0.0056709
0.00563045
0.00559022
0.00555021
0.00551042
0.00547087
0.00543155
0.00539246
0.00535362
0.00531501
0.00615445
0.00610873
0.00606319
0.00601782
0.00597262
0.00592761
0.00588279
0.00583815
0.0057937
0.00574945
0.0057054
0.00566156
0.00561791
0.00557448
0.00553126
0.00548825
0.00544546
0.0054029
0.00536056
0.00531845
0.00527656
0.00523492
0.0051935
0.00515233
0.0051114
0.00507072
0.00593912
0.00589097
0.00584299
0.0057952
0.00574758
0.00570015
0.0056529
0.00560586
0.005559
0.00551235
0.0054659
0.00541966
0.00537362
0.00532781
0.0052822
0.00523682
0.00519166
0.00514673
0.00510203
0.00505756
0.00501332
0.00496933
0.00492557
0.00488206
0.0048388
0.00479579
0.00569885
0.00564799
0.00559732
0.00554682
0.00549652
0.0054464
0.00539648
0.00534675
0.00529722
0.0052479
0.00519879
0.00514989
0.00510121
0.00505274
0.00500449
0.00495647
0.00490868
0.00486112
0.0048138
0.00476671
0.00471987
0.00467327
0.00462691
0.00458081
0.00453496
0.00448936
0.00543293
0.00537909
0.00532544
0.00527198
0.00521871
0.00516563
0.00511276
0.00506008
0.00500761
0.00495536
0.00490331
0.00485148
0.00479988
0.00474849
0.00469734
0.00464641
0.00459572
0.00454527
0.00449506
0.00444509
0.00439536
0.00434589
0.00429667
0.00424771
0.004199
0.00415056
0.00514045
0.00508335
0.00502645
0.00496974
0.00491322
0.0048569
0.00480079
0.00474489
0.0046892
0.00463372
0.00457847
0.00452343
0.00446862
0.00441405
0.0043597
0.00430559
0.00425172
0.0041981
0.00414472
0.00409159
0.00403872
0.0039861
0.00393373
0.00388164
0.0038298
0.00377823
0.0047598
0.00469935
0.0046391
0.00457904
0.0045192
0.00445956
0.00440014
0.00434093
0.00428195
0.00422319
0.00416466
0.00410636
0.0040483
0.00399047
0.0039329
0.00387556
0.00381848
0.00376165
0.00370507
0.00364876
0.0035927
0.00353691
0.00348139
0.00342615
0.00337117
0.00440735
0.00434304
0.00427894
0.00421504
0.00415136
0.00408789
0.00402464
0.00396162
0.00389882
0.00383626
0.00377393
0.00371184
0.00364999
0.00358839
0.00352704
0.00346594
0.0034051
0.00334451
0.00328419
0.00322414
0.00316435
0.00310484
0.0030456
0.00298663
0.00292795
0.0040248
0.00395632
0.00388805
0.00381999
0.00375215
0.00368454
0.00361715
0.00354999
0.00348306
0.00341638
0.00334993
0.00328373
0.00321778
0.00315209
0.00308665
0.00302147
0.00295655
0.0028919
0.00282752
0.00276341
0.00269957
0.00263602
0.00257275
0.00250976
0.00244706
0.00361088
0.00353789
0.00346511
0.00339256
0.00332023
0.00324813
0.00317627
0.00310464
0.00303325
0.00296211
0.00289121
0.00282057
0.00275019
0.00268006
0.0026102
0.00254061
0.00247128
0.00240223
0.00233346
0.00226497
0.00219676
0.00212883
0.0020612
0.00199386
0.00192681
0.00316423
0.00308637
0.00300874
0.00293134
0.00285417
0.00277723
0.00270053
0.00262408
0.00254788
0.00247193
0.00239623
0.00232079
0.00224562
0.00217072
0.00209609
0.00202173
0.00194765
0.00187385
0.00180034
0.00172711
0.00165417
0.00158153
0.00150919
0.00143714
0.0013654
0.00268341
0.00260032
0.00251745
0.00243482
0.00235243
0.00227028
0.00218838
0.00210673
0.00202533
0.0019442
0.00186333
0.00178273
0.0017024
0.00162234
0.00154257
0.00146307
0.00138386
0.00130495
0.00122632
0.00114799
0.00106996
0.000992229
0.000914803
0.000837685
0.000760876
0.00216692
0.00207818
0.00198968
0.00190143
0.00181342
0.00172565
0.00163815
0.0015509
0.00146392
0.00137721
0.00129076
0.0012046
0.00111871
0.00103311
0.000947795
0.000862771
0.000778042
0.000693609
0.000609478
0.000525651
0.00044213
0.00035892
0.000276021
0.000193438
0.000111173
0.00161316
0.00151836
0.0014238
0.00132949
0.00123543
0.00114163
0.0010481
0.000954833
0.000861838
0.00076912
0.000676683
0.00058453
0.000492666
0.000401095
0.000309819
0.000218844
0.000128171
3.78048e-05
-5.22518e-05
-0.000141996
-0.000231424
-0.000320535
-0.000409324
-0.000497789
-0.000585929
0.0010205
0.000919171
0.000818093
0.000717272
0.000616714
0.000516423
0.000416403
0.000316661
0.0002172
0.000118025
1.91391e-05
-7.94526e-05
-0.000177746
-0.000275738
-0.000373425
-0.000470803
-0.000567868
-0.000664618
-0.000761048
-0.000857158
-0.000952942
-0.0010484
-0.00114353
-0.00123832
-0.00133278
0.000387219
0.000278871
0.000170784
6.29631e-05
-4.45864e-05
-0.000151859
-0.000258851
-0.000365556
-0.000471971
-0.00057809
-0.00068391
-0.000789425
-0.000894633
-0.00099953
-0.00110411
-0.00120837
-0.00131231
-0.00141593
-0.00151921
-0.00162217
-0.00172479
-0.00182707
-0.00192902
-0.00203062
-0.00213188
-0.000288453
-0.000404348
-0.000519971
-0.00063532
-0.000750387
-0.000865167
-0.000979657
-0.00109385
-0.00120774
-0.00132133
-0.0014346
-0.00154756
-0.00166021
-0.00177253
-0.00188452
-0.00199619
-0.00210752
-0.00221852
-0.00232917
-0.00243949
-0.00254946
-0.00265909
-0.00276836
-0.00287729
-0.00298586
-0.00100834
-0.00113235
-0.00125608
-0.00137952
-0.00150268
-0.00162553
-0.00174808
-0.00187033
-0.00199226
-0.00211388
-0.00223517
-0.00235614
-0.00247678
-0.00259708
-0.00271705
-0.00283668
-0.00295596
-0.0030749
-0.00319348
-0.00331171
-0.00342959
-0.00354711
-0.00366427
-0.00378107
-0.0038975
-0.00177431
-0.00190705
-0.00203951
-0.00217166
-0.00230351
-0.00243506
-0.00256629
-0.00269719
-0.00282778
-0.00295803
-0.00308795
-0.00321753
-0.00334677
-0.00347566
-0.00360421
-0.0037324
-0.00386023
-0.0039877
-0.00411482
-0.00424156
-0.00436794
-0.00449395
-0.00461959
-0.00474486
-0.00486975
-0.00258828
-0.00273043
-0.00287228
-0.00301381
-0.00315502
-0.00329592
-0.00343648
-0.00357671
-0.00371661
-0.00385616
-0.00399536
-0.00413421
-0.0042727
-0.00441084
-0.00454861
-0.00468601
-0.00482304
-0.0049597
-0.00509599
-0.0052319
-0.00536742
-0.00550257
-0.00563733
-0.00577171
-0.0059057
-0.00345223
-0.00360451
-0.00375646
-0.0039081
-0.0040594
-0.00421036
-0.00436098
-0.00451125
-0.00466117
-0.00481073
-0.00495992
-0.00510875
-0.0052572
-0.00540529
-0.00555299
-0.00570031
-0.00584724
-0.00599379
-0.00613995
-0.00628572
-0.00643109
-0.00657607
-0.00672065
-0.00686483
-0.00700861
-0.00436814
-0.00453134
-0.0046942
-0.00485671
-0.00501888
-0.0051807
-0.00534215
-0.00550324
-0.00566395
-0.00582429
-0.00598425
-0.00614383
-0.00630302
-0.00646181
-0.00662021
-0.00677821
-0.00693581
-0.00709301
-0.0072498
-0.00740618
-0.00756216
-0.00771772
-0.00787287
-0.00802761
-0.00818193
-0.00533806
-0.00551303
-0.00568764
-0.0058619
-0.00603579
-0.0062093
-0.00638243
-0.00655518
-0.00672754
-0.0068995
-0.00707106
-0.00724222
-0.00741297
-0.00758331
-0.00775324
-0.00792274
-0.00809183
-0.0082605
-0.00842874
-0.00859656
-0.00876395
-0.00893092
-0.00909746
-0.00926356
-0.00942925
-0.00636403
-0.00655172
-0.00673903
-0.00692595
-0.00711249
-0.00729863
-0.00748436
-0.00766969
-0.00785461
-0.0080391
-0.00822318
-0.00840683
-0.00859005
-0.00877284
-0.00895519
-0.0091371
-0.00931858
-0.00949961
-0.0096802
-0.00986034
-0.01004
-0.0102193
-0.0103981
-0.0105764
-0.0107544
-0.00744815
-0.00764957
-0.00785059
-0.0080512
-0.00825139
-0.00845116
-0.0086505
-0.00884941
-0.00904788
-0.00924591
-0.00944349
-0.00964062
-0.0098373
-0.0100335
-0.0102293
-0.0104246
-0.0106194
-0.0108138
-0.0110077
-0.0112011
-0.0113941
-0.0115866
-0.0117787
-0.0119703
-0.0121614
-0.00859252
-0.00880879
-0.00902463
-0.00924003
-0.00945498
-0.00966948
-0.00988352
-0.0100971
-0.0103102
-0.0105229
-0.010735
-0.0109467
-0.0111579
-0.0113686
-0.0115789
-0.0117886
-0.0119979
-0.0122066
-0.0124149
-0.0126227
-0.01283
-0.0130368
-0.0132431
-0.0134489
-0.0136543
-0.00979925
-0.0100316
-0.0102635
-0.0104948
-0.0107258
-0.0109562
-0.0111861
-0.0114156
-0.0116445
-0.0118729
-0.0121009
-0.0123283
-0.0125552
-0.0127816
-0.0130074
-0.0132328
-0.0134576
-0.0136819
-0.0139057
-0.014129
-0.0143517
-0.014574
-0.0147957
-0.0150169
-0.0152376
-0.0110704
-0.0113202
-0.0115694
-0.0118181
-0.0120663
-0.012314
-0.0125611
-0.0128077
-0.0130538
-0.0132993
-0.0135443
-0.0137887
-0.0140326
-0.0142759
-0.0145186
-0.0147609
-0.0150025
-0.0152436
-0.0154842
-0.0157242
-0.0159637
-0.0162026
-0.0164409
-0.0166788
-0.0169161
-0.0124082
-0.0126768
-0.0129449
-0.0132123
-0.0134792
-0.0137456
-0.0140113
-0.0142765
-0.0145411
-0.0148051
-0.0150685
-0.0153313
-0.0155936
-0.0158552
-0.0161163
-0.0163767
-0.0166366
-0.0168958
-0.0171545
-0.0174126
-0.0176701
-0.0179271
-0.0181834
-0.0184392
-0.0186945
-0.0138147
-0.0141038
-0.0143922
-0.01468
-0.0149672
-0.0152538
-0.0155397
-0.015825
-0.0161096
-0.0163937
-0.0166771
-0.0169598
-0.0172419
-0.0175234
-0.0178042
-0.0180844
-0.0183639
-0.0186429
-0.0189211
-0.0191988
-0.0194759
-0.0197523
-0.0200281
-0.0203033
-0.0205779
-0.015292
-0.0156032
-0.0159138
-0.0162237
-0.0165328
-0.0168413
-0.0171492
-0.0174563
-0.0177627
-0.0180684
-0.0183734
-0.0186778
-0.0189814
-0.0192843
-0.0195866
-0.0198881
-0.020189
-0.0204892
-0.0207887
-0.0210875
-0.0213857
-0.0216832
-0.0219801
-0.0222763
-0.0225719
-0.0171775
-0.0175121
-0.0178459
-0.0181789
-0.0185112
-0.0188428
-0.0191735
-0.0195035
-0.0198328
-0.0201613
-0.020489
-0.0208159
-0.0211422
-0.0214676
-0.0217923
-0.0221163
-0.0224395
-0.022762
-0.0230837
-0.0234048
-0.0237251
-0.0240448
-0.0243637
-0.024682
-0.0188287
-0.0191894
-0.0195492
-0.0199082
-0.0202663
-0.0206236
-0.0209801
-0.0213357
-0.0216904
-0.0220444
-0.0223974
-0.0227497
-0.0231011
-0.0234517
-0.0238015
-0.0241505
-0.0244987
-0.0248461
-0.0251927
-0.0255385
-0.0258836
-0.0262279
-0.0265715
-0.0269143
-0.0205592
-0.0209482
-0.0213363
-0.0217234
-0.0221096
-0.0224949
-0.0228792
-0.0232626
-0.0236451
-0.0240266
-0.0244072
-0.0247869
-0.0251657
-0.0255436
-0.0259206
-0.0262967
-0.0266719
-0.0270463
-0.0274198
-0.0277925
-0.0281644
-0.0285354
-0.0289057
-0.0292751
-0.022371
-0.0227909
-0.0232097
-0.0236274
-0.0240441
-0.0244598
-0.0248744
-0.0252879
-0.0257005
-0.026112
-0.0265225
-0.0269319
-0.0273404
-0.0277479
-0.0281544
-0.0285599
-0.0289645
-0.0293681
-0.0297708
-0.0301726
-0.0305735
-0.0309734
-0.0313726
-0.0317709
-0.0242664
-0.0247198
-0.025172
-0.0256231
-0.026073
-0.0265216
-0.0269692
-0.0274155
-0.0278607
-0.0283048
-0.0287477
-0.0291895
-0.0296302
-0.0300699
-0.0305084
-0.0309458
-0.0313822
-0.0318176
-0.0322519
-0.0326853
-0.0331176
-0.0335488
-0.0339792
-0.0344088
-0.0262475
-0.0267374
-0.027226
-0.0277132
-0.0281992
-0.0286838
-0.029167
-0.029649
-0.0301297
-0.0306092
-0.0310874
-0.0315643
-0.03204
-0.0325145
-0.0329878
-0.0334599
-0.0339308
-0.0344007
-0.0348694
-0.035337
-0.0358036
-0.0362692
-0.0367337
-0.0371971
-0.0283163
-0.028846
-0.0293742
-0.0299008
-0.030426
-0.0309497
-0.0314719
-0.0319926
-0.0325119
-0.0330298
-0.0335463
-0.0340613
-0.034575
-0.0350874
-0.0355984
-0.0361082
-0.0366166
-0.0371238
-0.0376297
-0.0381345
-0.038638
-0.0391404
-0.0396417
-0.0401419
-0.030475
-0.031048
-0.0316193
-0.0321888
-0.0327567
-0.0333229
-0.0338874
-0.0344503
-0.0350115
-0.0355712
-0.0361292
-0.0366858
-0.0372407
-0.0377942
-0.0383462
-0.0388968
-0.0394459
-0.0399936
-0.04054
-0.041085
-0.0416288
-0.0421712
-0.0427125
-0.0432525
-0.0327257
-0.0333459
-0.0339641
-0.0345803
-0.0351946
-0.0358071
-0.0364176
-0.0370263
-0.0376332
-0.0382383
-0.0388416
-0.0394431
-0.040043
-0.0406412
-0.0412377
-0.0418326
-0.0424259
-0.0430176
-0.0436079
-0.0441967
-0.044784
-0.0453699
-0.0459545
-0.0465377
-0.0350703
-0.0357419
-0.0364112
-0.0370783
-0.0377433
-0.038406
-0.0390667
-0.0397253
-0.0403818
-0.0410362
-0.0416887
-0.0423392
-0.0429878
-0.0436345
-0.0442794
-0.0449225
-0.0455637
-0.0462033
-0.0468412
-0.0474774
-0.048112
-0.0487451
-0.0493766
-0.0500068
-0.037511
-0.0382386
-0.0389636
-0.0396861
-0.0404061
-0.0411237
-0.0418389
-0.0425517
-0.0432622
-0.0439704
-0.0446763
-0.0453801
-0.0460817
-0.0467811
-0.0474785
-0.0481739
-0.0488673
-0.0495587
-0.0502483
-0.050936
-0.0516219
-0.0523061
-0.0529887
-0.0536696
-0.0400497
-0.0408384
-0.0416241
-0.042407
-0.043187
-0.0439643
-0.0447388
-0.0455106
-0.0462799
-0.0470465
-0.0478106
-0.0485722
-0.0493313
-0.0500881
-0.0508426
-0.0515947
-0.0523447
-0.0530925
-0.0538381
-0.0545816
-0.055323
-0.0560626
-0.0568005
-0.0575366
-0.0426886
-0.0435438
-0.0443957
-0.0452443
-0.0460897
-0.046932
-0.0477711
-0.0486072
-0.0494403
-0.0502705
-0.0510978
-0.0519224
-0.0527442
-0.0535633
-0.0543799
-0.055194
-0.0560057
-0.0568151
-0.0576223
-0.0584276
-0.0592275
-0.0600266
-0.0608243
-0.0616201
-0.0454298
-0.0463577
-0.0472817
-0.0482019
-0.0491185
-0.0500315
-0.0509409
-0.0518469
-0.0527494
-0.0536486
-0.0545445
-0.0554372
-0.0563268
-0.0572133
-0.0580967
-0.0589773
-0.0598549
-0.0607296
-0.0616015
-0.0624706
-0.0633402
-0.0642062
-0.0650692
-0.0659298
-0.0482758
-0.0492828
-0.0502854
-0.0512838
-0.0522779
-0.053268
-0.054254
-0.0552361
-0.0562142
-0.0571886
-0.0581593
-0.0591263
-0.0600898
-0.0610499
-0.0620066
-0.06296
-0.0639103
-0.0648575
-0.0658017
-0.066743
-0.0676817
-0.0686177
-0.069551
-0.0704817
-0.0512287
-0.0523221
-0.0534106
-0.0544941
-0.0555728
-0.0566468
-0.0577162
-0.0587811
-0.0598416
-0.0608977
-0.0619497
-0.0629975
-0.0640413
-0.0650812
-0.0661173
-0.0671497
-0.0681784
-0.0692037
-0.0702256
-0.0712442
-0.0722597
-0.0732722
-0.0742818
-0.0752886
-0.0542914
-0.0554791
-0.056661
-0.0578374
-0.0590083
-0.0601737
-0.0613339
-0.062489
-0.063639
-0.0647841
-0.0659243
-0.0670599
-0.0681908
-0.0693174
-0.0704395
-0.0715575
-0.0726714
-0.0737812
-0.0748873
-0.0759893
-0.0770882
-0.0781839
-0.0792762
-0.0803653
-0.0574665
-0.0587572
-0.0600412
-0.0613189
-0.0625902
-0.0638554
-0.0651145
-0.0663678
-0.0676152
-0.0688571
-0.0700935
-0.0713245
-0.0725504
-0.0737711
-0.074987
-0.0761981
-0.0774046
-0.0786066
-0.0798043
-0.0809951
-0.0821835
-0.0833691
-0.084551
-0.0857291
-0.0607574
-0.0621604
-0.0635559
-0.064944
-0.0663249
-0.0676986
-0.0690655
-0.0704256
-0.071779
-0.0731261
-0.0744668
-0.0758013
-0.0771299
-0.0784527
-0.0797698
-0.0810814
-0.0823876
-0.0836887
-0.0849846
-0.086278
-0.0875656
-0.0888478
-0.0901256
-0.0913994
-0.0641676
-0.0656935
-0.0672107
-0.0687194
-0.0702198
-0.071712
-0.0731963
-0.0746729
-0.0761418
-0.0776034
-0.0790577
-0.080505
-0.0819455
-0.0833793
-0.0848066
-0.0862276
-0.0876426
-0.0890515
-0.0904545
-0.0918529
-0.0932457
-0.094633
-0.0960154
-0.0973933
-0.0677014
-0.0693615
-0.0710117
-0.072652
-0.0742828
-0.0759043
-0.0775165
-0.0791199
-0.0807144
-0.0823005
-0.0838783
-0.0854479
-0.0870096
-0.0885637
-0.0901103
-0.0916495
-0.0931817
-0.094707
-0.0962251
-0.0977381
-0.0992456
-0.100747
-0.102243
-0.103733
-0.0713635
-0.0731705
-0.0749661
-0.0767503
-0.0785236
-0.080286
-0.0820379
-0.0837796
-0.0855111
-0.0872329
-0.0889452
-0.0906481
-0.0923421
-0.0940273
-0.095704
-0.0973725
-0.0990332
-0.100686
-0.102325
-0.10396
-0.105591
-0.107215
-0.108833
-0.110444
-0.0751594
-0.0771273
-0.0790819
-0.0810235
-0.0829523
-0.0848687
-0.0867728
-0.0886651
-0.0905456
-0.0924148
-0.0942729
-0.0961201
-0.0979568
-0.0997831
-0.101599
-0.103406
-0.105203
-0.10699
-0.108775
-0.110549
-0.112312
-0.114066
-0.115814
-0.117555
-0.0790958
-0.0812401
-0.083369
-0.0854828
-0.0875819
-0.0896666
-0.0917371
-0.0937939
-0.0958371
-0.0978672
-0.0998845
-0.101889
-0.103882
-0.105862
-0.107831
-0.109789
-0.111735
-0.11367
-0.115597
-0.117515
-0.119422
-0.12132
-0.123209
-0.12509
-0.0831801
-0.0855179
-0.087838
-0.0901406
-0.0924261
-0.0946949
-0.0969473
-0.0991837
-0.101404
-0.10361
-0.105801
-0.107977
-0.110139
-0.112287
-0.114422
-0.116544
-0.118653
-0.120743
-0.122825
-0.124899
-0.126962
-0.129014
-0.131055
-0.133086
-0.0874211
-0.0899717
-0.0925017
-0.0950114
-0.0975013
-0.0999717
-0.102423
-0.104856
-0.10727
-0.109666
-0.112045
-0.114407
-0.116752
-0.119081
-0.121394
-0.123691
-0.125971
-0.128245
-0.130502
-0.132744
-0.134972
-0.137187
-0.139391
-0.141583
-0.091829
-0.094614
-0.097375
-0.100112
-0.102827
-0.105519
-0.108188
-0.110836
-0.113462
-0.116068
-0.118653
-0.121218
-0.123763
-0.126289
-0.128796
-0.131284
-0.133751
-0.136208
-0.13865
-0.141074
-0.143482
-0.145875
-0.148253
-0.150618
-0.0964159
-0.0994593
-0.102475
-0.105463
-0.108425
-0.11136
-0.114269
-0.117152
-0.120011
-0.122845
-0.125656
-0.128443
-0.131208
-0.133951
-0.136673
-0.139374
-0.142036
-0.144689
-0.147329
-0.149949
-0.152549
-0.155132
-0.157697
-0.160247
-0.101194
-0.104524
-0.107821
-0.111086
-0.114319
-0.117522
-0.120694
-0.123836
-0.126949
-0.130033
-0.133088
-0.136114
-0.139112
-0.14208
-0.145019
-0.147927
-0.15084
-0.153725
-0.15658
-0.15941
-0.162218
-0.165004
-0.167771
-0.170517
-0.106182
-0.109829
-0.113438
-0.117009
-0.120544
-0.124042
-0.127505
-0.130933
-0.134328
-0.137689
-0.141019
-0.144318
-0.147589
-0.150833
-0.154053
-0.157159
-0.160281
-0.163396
-0.166482
-0.169537
-0.172565
-0.175569
-0.178547
-0.181502
-0.111393
-0.115392
-0.119347
-0.123257
-0.127125
-0.13095
-0.134732
-0.138472
-0.142171
-0.145828
-0.149444
-0.153017
-0.156547
-0.160033
-0.163468
-0.166965
-0.170392
-0.173756
-0.177083
-0.180381
-0.183648
-0.186884
-0.19009
-0.193267
-0.116858
-0.12125
-0.125591
-0.129881
-0.13412
-0.138309
-0.142448
-0.146539
-0.150581
-0.154575
-0.158523
-0.162425
-0.166283
-0.170096
-0.173837
-0.177563
-0.18125
-0.18489
-0.188487
-0.192046
-0.195567
-0.19905
-0.202496
-0.205907
-0.122575
-0.127409
-0.132183
-0.136896
-0.141551
-0.146146
-0.150682
-0.155159
-0.159579
-0.163941
-0.168246
-0.172493
-0.176682
-0.180788
-0.184903
-0.188959
-0.19295
-0.196886
-0.200774
-0.204614
-0.208408
-0.212155
-0.215857
-0.219516
-0.128618
-0.133946
-0.139204
-0.144392
-0.14951
-0.154558
-0.159537
-0.164446
-0.169286
-0.174056
-0.178757
-0.183387
-0.187935
-0.192453
-0.196917
-0.201306
-0.205626
-0.209884
-0.214083
-0.218223
-0.222306
-0.226333
-0.230304
-0.234223
-0.134915
-0.140807
-0.146618
-0.152347
-0.157993
-0.163558
-0.16904
-0.174439
-0.179755
-0.184987
-0.190134
-0.195188
-0.200146
-0.205081
-0.209938
-0.214704
-0.219389
-0.224
-0.228538
-0.233003
-0.237397
-0.241722
-0.245979
-0.25017
-0.141666
-0.148185
-0.15461
-0.16094
-0.167176
-0.173317
-0.179363
-0.185314
-0.19117
-0.196928
-0.202578
-0.20802
-0.213501
-0.218898
-0.224176
-0.22935
-0.234432
-0.239425
-0.244329
-0.249143
-0.25387
-0.258512
-0.26307
-0.267546
-0.148614
-0.155874
-0.163023
-0.170059
-0.176981
-0.183789
-0.190482
-0.19706
-0.203523
-0.209864
-0.215996
-0.222202
-0.228242
-0.234106
-0.239842
-0.245468
-0.250985
-0.25639
-0.261682
-0.266864
-0.271938
-0.276906
-0.281769
-0.28653
0.00615583
0.00612538
0.00609515
0.00606516
0.00603539
0.00600586
0.00597655
0.00594749
0.00612271
0.00609187
0.00606126
0.00603088
0.00600073
0.00597082
0.00594114
0.00591171
0.00605724
0.00602582
0.00599463
0.00596367
0.00593295
0.00590246
0.00587222
0.00584221
0.00596128
0.005929
0.00589695
0.00586513
0.00583355
0.00580222
0.00577112
0.00574027
0.00583479
0.00580141
0.00576827
0.00573537
0.00570271
0.0056703
0.00563813
0.00560621
0.00567866
0.00564394
0.00560947
0.00557523
0.00554124
0.0055075
0.00547401
0.00544077
0.00549257
0.00545628
0.00542023
0.00538442
0.00534887
0.00531356
0.00527851
0.00524372
0.00527665
0.00523853
0.00520066
0.00516304
0.00512568
0.00508857
0.00505172
0.00501513
0.00503028
0.0049901
0.00495017
0.00491049
0.00487108
0.00483192
0.00479303
0.0047544
0.00475304
0.00471053
0.00466829
0.00462631
0.00458459
0.00454314
0.00450195
0.00446104
0.00444402
0.00439895
0.00435414
0.00430959
0.00426532
0.00422131
0.00417758
0.00413413
0.00410238
0.00405446
0.00400682
0.00395945
0.00391236
0.00386554
0.003819
0.00377274
0.00372694
0.00367591
0.00362517
0.0035747
0.00352451
0.0034746
0.00342498
0.00337565
0.00331647
0.00326205
0.00320792
0.00315406
0.0031005
0.00304722
0.00299424
0.00294155
0.00286956
0.00281144
0.00275362
0.00269609
0.00263885
0.00258191
0.00252526
0.00246892
0.00238465
0.00232253
0.00226071
0.00219919
0.00213796
0.00207704
0.00201642
0.00195611
0.00186006
0.00179361
0.00172746
0.00166161
0.00159608
0.00153085
0.00146593
0.00140133
0.00129396
0.00122282
0.001152
0.00108149
0.00101129
0.000941412
0.00087185
0.000802608
0.000684379
0.000608197
0.000532333
0.000456787
0.000381563
0.000306662
0.000232086
0.000157837
2.92277e-05
-5.2395e-05
-0.000133693
-0.000214664
-0.000295306
-0.000375618
-0.000455597
-0.000535243
-0.00067374
-0.000761221
-0.000848369
-0.000935182
-0.00102166
-0.0011078
-0.0011936
-0.00127905
-0.0014269
-0.00152069
-0.00161413
-0.00170723
-0.00179999
-0.0018924
-0.00198446
-0.00207618
-0.00223279
-0.00233336
-0.00243357
-0.00253344
-0.00263295
-0.0027321
-0.00283091
-0.00292935
-0.00309407
-0.00320193
-0.00330943
-0.00341657
-0.00352335
-0.00362976
-0.00373582
-0.0038415
-0.00401357
-0.00412927
-0.0042446
-0.00435957
-0.00447416
-0.00458839
-0.00470224
-0.00481572
-0.00499426
-0.0051184
-0.00524216
-0.00536554
-0.00548855
-0.00561117
-0.00573341
-0.00585527
-0.0060393
-0.00617252
-0.00630535
-0.00643778
-0.00656983
-0.00670149
-0.00683276
-0.00696364
-0.007152
-0.00729498
-0.00743756
-0.00757975
-0.00772153
-0.00786291
-0.0080039
-0.00814448
-0.00833585
-0.00848934
-0.00864243
-0.00879511
-0.00894737
-0.00909922
-0.00925066
-0.0094017
-0.0095945
-0.00975933
-0.00992373
-0.0100877
-0.0102512
-0.0104144
-0.0105771
-0.0107394
-0.0109318
-0.0111089
-0.0112855
-0.0114616
-0.0116373
-0.0118126
-0.0119875
-0.0121619
-0.012352
-0.0125422
-0.0127319
-0.0129212
-0.01311
-0.0132984
-0.0134863
-0.0136738
-0.0138591
-0.0140635
-0.0142674
-0.0144709
-0.0146738
-0.0148763
-0.0150784
-0.0152799
-0.0154578
-0.0156775
-0.0158967
-0.0161155
-0.0163337
-0.0165514
-0.0167687
-0.0169855
-0.0171528
-0.0173891
-0.0176248
-0.01786
-0.0180947
-0.0183289
-0.0185626
-0.0187958
-0.0189491
-0.0192032
-0.0194568
-0.0197098
-0.0199623
-0.0202143
-0.0204658
-0.0207168
-0.0208519
-0.0211254
-0.0213982
-0.0216705
-0.0219423
-0.0222135
-0.0224841
-0.0227543
-0.0228668
-0.0231612
-0.0234549
-0.023748
-0.0240406
-0.0243325
-0.024624
-0.0249148
-0.0249996
-0.0253166
-0.0256329
-0.0259485
-0.0262636
-0.026578
-0.0268919
-0.0272052
-0.0272564
-0.0275979
-0.0279386
-0.0282787
-0.0286181
-0.0289569
-0.029295
-0.0296438
-0.0300118
-0.030379
-0.0307454
-0.0311112
-0.0314763
-0.0318408
-0.0321684
-0.0325651
-0.0329609
-0.033356
-0.0337504
-0.0341441
-0.034537
-0.0348376
-0.0352654
-0.0356924
-0.0361185
-0.0365438
-0.0369684
-0.0373922
-0.0376595
-0.0381209
-0.0385815
-0.0390412
-0.0395
-0.039958
-0.0404152
-0.040641
-0.0411391
-0.0416362
-0.0421323
-0.0426275
-0.0431218
-0.0436152
-0.0437914
-0.0443291
-0.0448658
-0.0454014
-0.045936
-0.0464696
-0.0470024
-0.0471197
-0.0477005
-0.04828
-0.0488584
-0.0494357
-0.050012
-0.0505873
-0.0506355
-0.0512628
-0.0518889
-0.0525137
-0.0531373
-0.0537598
-0.0543812
-0.054349
-0.0550269
-0.0557034
-0.0563785
-0.0570523
-0.0577248
-0.0583961
-0.058271
-0.0590037
-0.0597348
-0.0604644
-0.0611926
-0.0619194
-0.0626449
-0.0624139
-0.0632059
-0.0639961
-0.0647847
-0.0655717
-0.0663572
-0.0671413
-0.0667883
-0.0676448
-0.0684993
-0.069352
-0.0702028
-0.071052
-0.0718996
-0.0714101
-0.0723362
-0.0732601
-0.0741819
-0.0751018
-0.0760198
-0.076936
-0.0762927
-0.0772942
-0.0782932
-0.0792899
-0.0802844
-0.0812768
-0.0822673
-0.0814513
-0.0825344
-0.0836147
-0.0846924
-0.0857676
-0.0868405
-0.0879112
-0.0869037
-0.088075
-0.0892432
-0.0904084
-0.0915708
-0.0927305
-0.0938878
-0.0926694
-0.0939358
-0.0951985
-0.096458
-0.0977142
-0.0989675
-0.100218
-0.0987666
-0.100136
-0.101501
-0.102862
-0.10422
-0.105574
-0.106925
-0.105218
-0.106698
-0.108173
-0.109644
-0.111111
-0.112573
-0.114033
-0.112049
-0.113648
-0.115242
-0.116831
-0.118415
-0.119994
-0.121569
-0.119288
-0.121016
-0.122737
-0.124452
-0.126161
-0.127865
-0.129565
-0.126963
-0.128828
-0.130685
-0.132536
-0.13438
-0.136218
-0.138051
-0.135108
-0.13712
-0.139124
-0.14112
-0.143108
-0.145089
-0.147063
-0.143764
-0.145934
-0.148095
-0.150245
-0.152386
-0.154519
-0.156643
-0.15297
-0.155309
-0.157636
-0.159951
-0.162255
-0.164549
-0.166833
-0.16278
-0.165298
-0.167801
-0.170291
-0.172767
-0.175231
-0.177684
-0.173244
-0.175953
-0.178644
-0.181318
-0.183976
-0.186619
-0.189248
-0.184434
-0.187343
-0.190232
-0.193099
-0.195948
-0.198778
-0.201591
-0.196416
-0.199538
-0.202634
-0.205705
-0.208752
-0.211776
-0.214779
-0.209284
-0.212628
-0.21594
-0.219222
-0.222474
-0.225698
-0.228896
-0.223133
-0.226709
-0.230246
-0.233745
-0.237208
-0.240637
-0.244032
-0.23809
-0.241906
-0.245674
-0.249395
-0.253072
-0.256706
-0.260298
-0.254297
-0.258361
-0.262365
-0.266311
-0.270202
-0.274038
-0.277823
-0.271943
-0.276262
-0.280505
-0.284676
-0.288777
-0.29281
-0.296777
-0.291191
-0.295754
-0.300224
-0.304602
-0.308891
-0.313095
-0.317218
)
;

boundaryField
{
    inlet
    {
        type            zeroGradient;
    }
    outlet
    {
        type            fixedValue;
        value           nonuniform 0();
    }
    cylinder
    {
        type            zeroGradient;
    }
    top
    {
        type            symmetryPlane;
    }
    bottom
    {
        type            symmetryPlane;
    }
    frontAndBack
    {
        type            empty;
    }
    procBoundary2to1
    {
        type            processor;
        value           nonuniform List<scalar> 
257
(
-0.05661
-0.0689866
-0.05661
-0.0592424
-0.0689866
-0.0717132
-0.0717132
-0.0747566
-0.0747566
-0.0780863
-0.0950785
-0.0780863
-0.0817361
-0.0950785
-0.0999964
-0.0999964
-0.105396
-0.105396
-0.111322
-0.111322
-0.117816
-0.117816
-0.124906
-0.124906
-0.132594
-0.132594
-0.119799
-0.12735
-0.12735
-0.135298
-0.135298
-0.143387
-0.143387
-0.151176
-0.151176
-0.157991
-0.157991
-0.141392
-0.145632
-0.145632
-0.14685
-0.14685
-0.128677
-0.125054
-0.125054
-0.116131
-0.116131
-0.0966193
-0.0814068
-0.0814068
-0.0612198
-0.039752
-0.13697
-0.161135
-0.183899
-0.183899
-0.200875
-0.222991
-0.222991
-0.232785
-0.232785
-0.236534
-0.257276
-0.257276
-0.255583
-0.255583
-0.250518
-0.250518
-0.243395
-0.261675
-0.261675
-0.252721
-0.252721
-0.24346
-0.24346
-0.234365
-0.234365
-0.225705
-0.225705
-0.217605
-0.23173
-0.23173
-0.223526
-0.223526
-0.215944
-0.215944
-0.20895
-0.20895
-0.202496
-0.202496
-0.185558
-0.180561
-0.180561
-0.175925
-0.175925
-0.171599
-0.171599
-0.167549
-0.167549
-0.163813
-0.163813
-0.151666
-0.14795
-0.14795
-0.051513
-0.0472478
-0.0430637
-0.0392882
-0.0357149
-0.0324201
-0.0293404
-0.0264757
-0.0237995
-0.0212975
-0.0189539
-0.0167539
-0.0146847
-0.0127344
-0.0108923
-0.00914872
-0.0074949
-0.00592303
-0.00442629
-0.00299838
-0.0016339
-0.000327985
0.000923596
0.00212462
0.00327838
0.00438773
0.00545517
0.00648291
0.00747283
0.0084266
0.00934564
0.0102312
0.0110844
0.0119062
0.0126973
0.0134587
0.0141909
0.0148946
0.0155704
0.0162187
0.0168402
0.0174352
0.0180042
0.0185479
0.0190665
0.0195606
0.0200307
0.0204773
0.020901
0.0213021
0.0216813
0.0220391
0.0223761
0.0226928
0.0229899
0.0232679
0.0235274
0.0235274
0.0238823
0.0241005
0.0243025
0.0244888
0.02466
0.0248166
0.0249592
0.0250883
0.0252044
0.0253078
0.025399
0.0254782
0.025546
0.0256019
0.0256469
0.0256797
0.0257022
0.0257103
0.00705629
0.00703324
0.00698401
0.00691176
0.00681563
0.00669671
0.00655452
0.00638924
0.00620033
0.00598745
0.00574988
0.00548694
0.00519772
0.00482045
0.00482045
0.00447185
0.00409348
0.00368408
0.0032423
0.00276673
0.00225589
0.00170821
0.00112208
0.000495822
-0.000172295
-0.000884053
-0.00164128
-0.00244584
-0.00329964
-0.00420462
-0.00516274
-0.00617598
-0.00724634
-0.00837583
-0.00956645
-0.0108202
-0.0121391
-0.0135251
-0.0149801
-0.0168422
-0.0168422
-0.0184672
-0.0201692
-0.0219501
-0.0238118
-0.0257562
-0.0277851
-0.0299003
-0.0321036
-0.0343965
-0.0367808
-0.0392581
-0.04183
-0.0444982
-0.0472643
-0.0501302
-0.0530978
-0.0561692
-0.0593466
-0.0626329
-0.066031
-0.0695447
-0.0731779
-0.0769358
-0.0808241
-0.0848494
-0.0890197
-0.0933441
-0.0978322
-0.102498
-0.10735
-0.112414
-0.117681
-0.12322
-0.128941
-0.135055
-0.141244
)
;
    }
    procBoundary2to3
    {
        type            processor;
        value           nonuniform List<scalar> 
217
(
-0.434872
-0.428877
-0.428862
-0.428862
-0.42384
-0.422949
-0.422949
-0.41726
-0.411199
-0.408257
-0.408257
-0.400701
-0.392362
-0.385334
-0.385334
-0.374765
-0.363417
-0.351783
-0.351783
-0.338829
-0.325639
-0.312396
-0.297832
-0.297832
-0.284648
-0.27182
-0.259403
-0.245078
-0.245078
-0.233431
-0.22225
-0.211666
-0.405187
-0.389007
-0.373396
-0.358341
-0.34399
-0.321263
-0.478348
-0.460231
-0.442562
-0.405187
-0.425407
-0.535188
-0.517132
-0.478348
-0.498959
-0.598922
-0.584826
-0.569507
-0.535188
-0.553189
-0.62914
-0.619712
-0.598922
-0.609006
-0.640291
-0.62914
-0.633204
-0.653342
-0.647805
-0.640291
-0.641983
-0.653342
-0.655268
-0.197986
-0.18302
-0.169229
-0.156574
-0.144929
-0.134189
-0.124262
-0.11507
-0.106544
-0.0986211
-0.0912487
-0.084377
-0.0779633
-0.071968
-0.0663564
-0.0610964
-0.0561603
-0.0515226
-0.0471598
-0.0430518
-0.0391799
-0.0355266
-0.0320774
-0.0288179
-0.025736
-0.0228197
-0.0200592
-0.0174447
-0.0149675
-0.0126198
-0.010394
-0.00828378
-0.00628265
-0.00438493
-0.00258531
-0.000878846
0.000739168
0.0022729
0.00372648
0.00510367
0.006408
0.00764286
0.00881137
0.00991653
0.0109612
0.011948
0.0128795
0.0137581
0.0145862
0.0153658
0.0160992
0.0167883
0.017435
0.0180412
0.0186085
0.0191387
0.0196334
0.0200939
0.0205218
0.0209185
0.0212851
0.021623
0.0219331
0.0222167
0.0222167
0.0224005
0.0226369
0.0228488
0.0230371
0.0232019
0.023344
0.0234632
0.0235599
0.0236335
0.0236838
0.0237105
0.00591866
0.00588251
0.00581245
0.00570967
0.00557454
0.00540778
0.00520919
0.0049788
0.00471604
0.0044204
0.00409096
0.00372677
0.00332661
0.00288916
0.00241288
0.00189611
0.00133704
0.000733688
8.39176e-05
-0.000614552
-0.00136417
-0.00216754
-0.00302744
-0.00394683
-0.00492883
-0.00597676
-0.00709413
-0.00828467
-0.00955233
-0.0109012
-0.0123359
-0.0138608
-0.0154811
-0.0172018
-0.0190286
-0.0209672
-0.0230239
-0.0252051
-0.0275179
-0.0296326
-0.0296326
-0.0322046
-0.0349293
-0.0378153
-0.0408716
-0.0441079
-0.0475342
-0.0511616
-0.0550015
-0.0590664
-0.0633691
-0.0679241
-0.0727457
-0.0778507
-0.083256
-0.0889798
-0.0950428
-0.101466
-0.108273
-0.115488
-0.123141
-0.13126
-0.139878
-0.149031
-0.15876
-0.169108
-0.180125
-0.191863
-0.204387
-0.217762
-0.232069
-0.247397
-0.263851
-0.281559
-0.300683
-0.321263
)
;
    }
}


// ************************************************************************* //
