/*--------------------------------*- C++ -*----------------------------------*\
  =========                 |
  \\      /  F ield         | OpenFOAM: The Open Source CFD Toolbox
   \\    /   O peration     | Website:  https://openfoam.org
    \\  /    A nd           | Version:  7
     \\/     M anipulation  |
\*---------------------------------------------------------------------------*/
FoamFile
{
    version     2.0;
    format      ascii;
    class       volScalarField;
    location    "80";
    object      p;
}
// * * * * * * * * * * * * * * * * * * * * * * * * * * * * * * * * * * * * * //

dimensions      [0 2 -2 0 0 0 0];

internalField   nonuniform List<scalar> 
7156
(
-0.367732
-0.367976
-0.368207
-0.368452
-0.368736
-0.369081
-0.369506
-0.370026
-0.370653
-0.371398
-0.372271
-0.373284
-0.374451
-0.375787
-0.377314
-0.379054
-0.381037
-0.383297
-0.385882
-0.38879
-0.392049
-0.368598
-0.368806
-0.369009
-0.369233
-0.369502
-0.36984
-0.370265
-0.370794
-0.37144
-0.372215
-0.37313
-0.374199
-0.375437
-0.376861
-0.378494
-0.380362
-0.382497
-0.384936
-0.387731
-0.390883
-0.394416
-0.36946
-0.369633
-0.369806
-0.370007
-0.37026
-0.370588
-0.371012
-0.371547
-0.372209
-0.373011
-0.373965
-0.375085
-0.376389
-0.377895
-0.379628
-0.381616
-0.383894
-0.386501
-0.389494
-0.392877
-0.396665
-0.370315
-0.37045
-0.370593
-0.370769
-0.371004
-0.371321
-0.371741
-0.372281
-0.372956
-0.37378
-0.374768
-0.375935
-0.377299
-0.378881
-0.380706
-0.382806
-0.385217
-0.387981
-0.39116
-0.394757
-0.39878
-0.371156
-0.371254
-0.371365
-0.371516
-0.371731
-0.372035
-0.372448
-0.372988
-0.373673
-0.374516
-0.375534
-0.376742
-0.37816
-0.379811
-0.381721
-0.383924
-0.386457
-0.389366
-0.392715
-0.396511
-0.400747
-0.371981
-0.37204
-0.372119
-0.372242
-0.372436
-0.372724
-0.373127
-0.373666
-0.374356
-0.375214
-0.376256
-0.3775
-0.378966
-0.380678
-0.382664
-0.38496
-0.387604
-0.390645
-0.394151
-0.39813
-0.402554
-0.372784
-0.372804
-0.372849
-0.372945
-0.373115
-0.373384
-0.373775
-0.374308
-0.375
-0.375868
-0.376929
-0.378203
-0.37971
-0.381475
-0.383529
-0.385907
-0.388651
-0.39181
-0.395458
-0.399601
-0.404191
-0.373563
-0.373543
-0.373554
-0.373619
-0.373764
-0.374012
-0.374387
-0.37491
-0.375599
-0.376472
-0.377548
-0.378844
-0.380385
-0.382196
-0.384307
-0.386757
-0.389589
-0.392853
-0.396626
-0.400919
-0.405643
-0.374315
-0.374254
-0.374229
-0.374262
-0.374379
-0.374604
-0.37496
-0.375469
-0.376151
-0.377024
-0.378107
-0.37942
-0.380987
-0.382834
-0.384994
-0.387506
-0.390413
-0.393767
-0.39765
-0.402076
-0.406909
-0.375036
-0.374935
-0.374873
-0.374872
-0.374959
-0.375157
-0.37549
-0.375982
-0.376651
-0.377518
-0.378602
-0.379925
-0.38151
-0.383386
-0.385584
-0.388146
-0.391115
-0.394546
-0.398522
-0.403054
-0.408006
-0.375724
-0.375582
-0.375482
-0.375446
-0.3755
-0.375668
-0.375975
-0.376444
-0.377096
-0.377952
-0.379031
-0.380356
-0.381952
-0.383846
-0.386073
-0.388673
-0.391693
-0.395186
-0.399238
-0.403861
-0.408899
-0.376378
-0.376194
-0.376055
-0.375982
-0.376001
-0.376136
-0.376413
-0.376855
-0.377484
-0.378322
-0.37939
-0.38071
-0.382307
-0.384211
-0.386457
-0.389084
-0.392141
-0.395682
-0.399795
-0.404491
-0.409588
-0.376995
-0.376769
-0.37659
-0.376479
-0.37646
-0.376559
-0.376801
-0.377212
-0.377813
-0.378627
-0.379676
-0.380983
-0.382575
-0.384479
-0.386733
-0.389376
-0.392458
-0.396032
-0.40019
-0.404944
-0.410077
-0.377308
-0.377087
-0.376935
-0.376876
-0.376935
-0.37714
-0.377514
-0.378081
-0.378866
-0.379889
-0.381176
-0.382752
-0.384648
-0.386899
-0.389547
-0.392641
-0.396235
-0.400423
-0.405217
-0.410367
-0.377808
-0.377546
-0.377351
-0.377249
-0.377266
-0.377427
-0.37776
-0.378289
-0.379036
-0.380027
-0.381286
-0.382839
-0.384717
-0.386956
-0.389597
-0.39269
-0.396291
-0.400493
-0.405313
-0.410461
-0.37827
-0.377965
-0.377727
-0.377579
-0.377549
-0.377664
-0.377951
-0.378434
-0.37914
-0.380091
-0.381314
-0.382835
-0.384686
-0.386902
-0.389526
-0.392607
-0.396201
-0.400404
-0.405233
-0.410364
-0.378694
-0.378346
-0.378062
-0.377866
-0.377787
-0.377851
-0.378086
-0.37852
-0.379176
-0.380081
-0.38126
-0.382741
-0.384555
-0.386739
-0.389335
-0.392393
-0.395968
-0.400157
-0.404983
-0.410081
-0.379082
-0.378689
-0.378358
-0.378112
-0.377979
-0.377989
-0.378168
-0.378545
-0.379146
-0.379997
-0.381125
-0.382558
-0.384327
-0.38647
-0.389027
-0.392051
-0.395594
-0.399758
-0.404568
-0.409619
-0.379433
-0.378996
-0.378616
-0.378317
-0.378128
-0.378079
-0.378197
-0.378513
-0.379053
-0.379844
-0.380913
-0.38229
-0.384005
-0.386096
-0.388606
-0.391584
-0.395086
-0.399211
-0.403993
-0.408987
-0.37975
-0.379268
-0.378837
-0.378484
-0.378236
-0.378123
-0.378176
-0.378425
-0.378898
-0.379622
-0.380626
-0.381938
-0.383592
-0.385624
-0.388076
-0.390998
-0.394447
-0.398524
-0.403267
-0.408192
-0.379506
-0.379024
-0.378614
-0.378303
-0.378124
-0.378108
-0.378285
-0.378685
-0.379336
-0.380267
-0.381509
-0.383093
-0.385056
-0.387442
-0.3903
-0.393686
-0.397703
-0.402397
-0.407245
-0.379714
-0.37918
-0.37871
-0.378335
-0.378086
-0.377996
-0.378096
-0.378417
-0.378989
-0.379842
-0.381006
-0.382513
-0.3844
-0.386711
-0.389495
-0.392809
-0.396757
-0.401393
-0.406155
-0.379894
-0.379306
-0.378775
-0.378332
-0.37801
-0.377842
-0.377862
-0.3781
-0.378588
-0.379356
-0.380435
-0.381858
-0.383662
-0.38589
-0.388592
-0.391825
-0.395695
-0.400264
-0.404932
-0.380049
-0.379407
-0.378813
-0.3783
-0.377902
-0.377653
-0.377587
-0.377737
-0.378135
-0.378813
-0.379802
-0.381135
-0.382849
-0.384987
-0.3876
-0.390744
-0.394526
-0.39902
-0.403587
-0.379484
-0.378827
-0.378242
-0.377765
-0.377431
-0.377276
-0.377334
-0.377639
-0.378222
-0.379115
-0.380352
-0.38197
-0.384012
-0.386528
-0.389574
-0.393261
-0.397673
-0.402127
-0.379543
-0.37882
-0.378162
-0.377603
-0.377182
-0.376935
-0.376898
-0.377104
-0.377588
-0.378381
-0.379518
-0.381035
-0.382974
-0.385386
-0.388328
-0.391911
-0.396232
-0.400562
-0.379587
-0.378798
-0.378064
-0.377422
-0.376911
-0.376569
-0.376433
-0.376539
-0.37692
-0.377609
-0.378641
-0.380052
-0.381884
-0.384187
-0.387017
-0.390487
-0.394709
-0.3989
-0.37962
-0.378763
-0.377952
-0.377226
-0.376623
-0.376184
-0.375948
-0.375949
-0.376225
-0.376808
-0.377732
-0.379033
-0.380753
-0.382941
-0.385652
-0.389001
-0.393116
-0.397148
-0.378721
-0.377833
-0.37702
-0.376325
-0.375787
-0.375448
-0.375344
-0.375512
-0.375985
-0.376799
-0.377988
-0.379593
-0.381661
-0.384247
-0.387465
-0.391463
-0.395311
-0.378677
-0.37771
-0.376811
-0.376021
-0.375384
-0.37494
-0.37473
-0.374789
-0.375152
-0.375854
-0.376929
-0.378416
-0.38036
-0.382815
-0.385892
-0.389763
-0.393394
-0.378635
-0.37759
-0.376603
-0.375719
-0.374981
-0.374433
-0.374115
-0.374065
-0.374318
-0.374907
-0.375867
-0.377234
-0.379052
-0.38137
-0.384296
-0.388029
-0.391401
-0.378601
-0.377477
-0.376403
-0.375424
-0.374587
-0.373934
-0.373509
-0.37335
-0.373492
-0.37397
-0.374815
-0.376061
-0.37775
-0.379926
-0.38269
-0.386272
-0.389336
-0.377377
-0.376216
-0.375144
-0.374206
-0.373451
-0.37292
-0.372653
-0.372686
-0.373052
-0.373783
-0.37491
-0.376468
-0.378496
-0.381088
-0.384506
-0.387201
-0.377297
-0.376049
-0.374884
-0.373848
-0.372991
-0.372355
-0.371982
-0.371908
-0.372166
-0.372785
-0.373792
-0.375219
-0.377096
-0.379502
-0.382745
-0.384999
-0.37724
-0.375908
-0.374651
-0.373519
-0.372562
-0.371824
-0.371348
-0.37117
-0.371322
-0.371831
-0.37272
-0.374016
-0.375738
-0.377946
-0.381002
-0.382735
-0.3758
-0.374453
-0.373227
-0.372172
-0.371336
-0.370759
-0.37048
-0.370529
-0.370932
-0.371706
-0.37287
-0.374436
-0.376433
-0.37929
-0.380414
-0.37573
-0.374296
-0.372979
-0.37183
-0.370897
-0.370225
-0.369849
-0.369799
-0.370098
-0.37076
-0.371795
-0.3732
-0.374973
-0.377623
-0.378042
-0.375705
-0.374187
-0.372781
-0.371542
-0.370518
-0.369753
-0.369284
-0.36914
-0.36934
-0.369892
-0.370798
-0.372041
-0.373578
-0.37601
-0.375628
-0.374132
-0.372642
-0.371317
-0.370205
-0.369352
-0.368795
-0.368561
-0.368665
-0.369111
-0.369888
-0.370968
-0.372254
-0.374463
-0.373184
-0.374139
-0.372569
-0.37116
-0.369966
-0.36903
-0.368389
-0.368069
-0.368082
-0.368424
-0.369074
-0.369987
-0.371009
-0.372987
-0.370723
-0.372567
-0.371081
-0.369808
-0.368794
-0.368074
-0.367672
-0.367597
-0.367838
-0.36836
-0.369104
-0.369851
-0.371588
-0.368261
-0.372643
-0.371084
-0.369738
-0.36865
-0.367855
-0.367375
-0.367216
-0.367357
-0.367752
-0.368324
-0.368784
-0.370267
-0.36582
-0.371175
-0.36976
-0.368603
-0.367738
-0.367184
-0.366943
-0.366986
-0.367255
-0.367651
-0.367819
-0.369025
-0.363424
-0.37136
-0.369881
-0.368659
-0.367727
-0.367103
-0.366782
-0.366728
-0.366872
-0.367092
-0.366969
-0.367866
-0.361111
-0.371643
-0.370104
-0.368821
-0.367825
-0.367133
-0.366735
-0.366587
-0.366609
-0.366652
-0.366254
-0.366801
-0.358949
-0.370432
-0.369091
-0.368035
-0.367277
-0.366803
-0.366565
-0.366471
-0.366341
-0.365702
-0.365854
-0.357051
-0.370867
-0.369471
-0.368356
-0.367534
-0.366988
-0.366664
-0.366465
-0.366172
-0.365346
-0.365016
-0.355438
-0.369961
-0.368789
-0.367903
-0.367286
-0.366883
-0.366598
-0.366174
-0.365262
-0.364232
-0.353789
-0.37056
-0.36933
-0.368381
-0.367695
-0.36722
-0.366876
-0.366394
-0.365622
-0.363742
-0.352375
-0.369977
-0.368962
-0.368206
-0.367665
-0.367286
-0.36684
-0.36653
-0.364522
-0.356332
-0.369639
-0.368808
-0.368198
-0.36779
-0.367415
-0.367644
-0.366811
-0.374752
-0.370401
-0.369487
-0.368795
-0.36834
-0.368001
-0.36861
-0.368297
-0.379043
-0.370226
-0.369433
-0.368892
-0.368511
-0.369212
-0.368855
-0.379189
-0.371011
-0.370088
-0.369414
-0.368903
-0.369462
-0.368826
-0.378016
-0.370741
-0.369882
-0.36916
-0.369406
-0.368347
-0.375986
-0.370281
-0.369274
-0.369084
-0.367511
-0.373445
-0.370599
-0.369247
-0.368538
-0.366405
-0.370649
-0.369082
-0.367804
-0.365098
-0.367752
-0.366918
-0.363644
-0.364842
-0.36208
-0.36197
-0.360436
-0.359161
-0.356427
-0.325154
-0.333044
-0.327764
-0.343644
-0.334749
-0.330429
-0.344972
-0.336359
-0.333125
-0.352629
-0.346155
-0.337838
-0.335814
-0.359673
-0.353329
-0.347155
-0.339134
-0.338428
-0.360069
-0.353862
-0.347929
-0.340183
-0.340855
-0.365926
-0.360343
-0.354213
-0.348428
-0.340901
-0.342914
-0.370968
-0.366036
-0.360493
-0.354369
-0.348605
-0.341184
-0.344313
-0.370951
-0.366072
-0.360527
-0.354331
-0.348417
-0.340931
-0.344662
-0.374994
-0.370885
-0.36604
-0.360456
-0.354109
-0.347825
-0.340011
-0.34341
-0.374814
-0.370772
-0.365949
-0.360304
-0.353738
-0.346834
-0.338104
-0.337544
-0.377846
-0.37459
-0.370613
-0.365812
-0.360104
-0.353303
-0.345681
-0.335322
-0.317521
-0.380038
-0.377492
-0.37432
-0.370409
-0.365641
-0.359896
-0.352926
-0.344746
-0.334424
-0.313548
-0.379544
-0.377088
-0.374
-0.37016
-0.36544
-0.359701
-0.352686
-0.3443
-0.334753
-0.314943
-0.380843
-0.378999
-0.376629
-0.373625
-0.369862
-0.365205
-0.359512
-0.352545
-0.344166
-0.335152
-0.316153
-0.38016
-0.378398
-0.376112
-0.37319
-0.369508
-0.364927
-0.359306
-0.352429
-0.344147
-0.33542
-0.317017
-0.380684
-0.379424
-0.37774
-0.375533
-0.372692
-0.369092
-0.364596
-0.359063
-0.352295
-0.344165
-0.335648
-0.317952
-0.379825
-0.378635
-0.377023
-0.374891
-0.372128
-0.368611
-0.364202
-0.358767
-0.352122
-0.34418
-0.335848
-0.318971
-0.379712
-0.37892
-0.377793
-0.376247
-0.374185
-0.371497
-0.368061
-0.363743
-0.358412
-0.351897
-0.344164
-0.335997
-0.319985
-0.378708
-0.37797
-0.3769
-0.375415
-0.373418
-0.370801
-0.367443
-0.363216
-0.357993
-0.351615
-0.344099
-0.336088
-0.320952
-0.37767
-0.376981
-0.375962
-0.37453
-0.372593
-0.370043
-0.366762
-0.362626
-0.357512
-0.351276
-0.343985
-0.336132
-0.321865
-0.376992
-0.376603
-0.375956
-0.374982
-0.3736
-0.371718
-0.369231
-0.366024
-0.361978
-0.356977
-0.35089
-0.343827
-0.336147
-0.322727
-0.375867
-0.375513
-0.374903
-0.373969
-0.372631
-0.3708
-0.368373
-0.365239
-0.361284
-0.356399
-0.350467
-0.343638
-0.336151
-0.323545
-0.374856
-0.374731
-0.374408
-0.373829
-0.37293
-0.371633
-0.369849
-0.36748
-0.364419
-0.360557
-0.355793
-0.350025
-0.343434
-0.336162
-0.324327
-0.373691
-0.373592
-0.373294
-0.372743
-0.371875
-0.370615
-0.368876
-0.366564
-0.363576
-0.35981
-0.355173
-0.349579
-0.343232
-0.336199
-0.32508
-0.372534
-0.372456
-0.37218
-0.371653
-0.370814
-0.369588
-0.367894
-0.365639
-0.362726
-0.359061
-0.354558
-0.349146
-0.343047
-0.336277
-0.32581
-0.3713
-0.371393
-0.371332
-0.371075
-0.37057
-0.369757
-0.368565
-0.366915
-0.364719
-0.361884
-0.358325
-0.353964
-0.348744
-0.342894
-0.336418
-0.326521
-0.370166
-0.370274
-0.370228
-0.369987
-0.369502
-0.368715
-0.367557
-0.365951
-0.363816
-0.361064
-0.357617
-0.353406
-0.348385
-0.342789
-0.336661
-0.327186
-0.369065
-0.369185
-0.369151
-0.368926
-0.368461
-0.367698
-0.366574
-0.365016
-0.362945
-0.360281
-0.356951
-0.352898
-0.348084
-0.342755
-0.337016
-0.327706
-0.367751
-0.368003
-0.368133
-0.368111
-0.3679
-0.367454
-0.366717
-0.365629
-0.364121
-0.362118
-0.359546
-0.356341
-0.352452
-0.347854
-0.342785
-0.337213
-0.328272
-0.366726
-0.366987
-0.367126
-0.367115
-0.366918
-0.36649
-0.365781
-0.364731
-0.363275
-0.361345
-0.358871
-0.355797
-0.352079
-0.347703
-0.342895
-0.337539
-0.329719
-0.365755
-0.366023
-0.36617
-0.366169
-0.365986
-0.365579
-0.364899
-0.36389
-0.36249
-0.360637
-0.358267
-0.355329
-0.351785
-0.347634
-0.343086
-0.337954
-0.330887
-0.364842
-0.365116
-0.365271
-0.36528
-0.365112
-0.364727
-0.364078
-0.363113
-0.361773
-0.360001
-0.357739
-0.354942
-0.351577
-0.347649
-0.343352
-0.338442
-0.331901
-0.36361
-0.363993
-0.364273
-0.364435
-0.364455
-0.364303
-0.363941
-0.363326
-0.362407
-0.361132
-0.359446
-0.357296
-0.354643
-0.351458
-0.34775
-0.343696
-0.339016
-0.332924
-0.362825
-0.363212
-0.363497
-0.363666
-0.363698
-0.363563
-0.363227
-0.362648
-0.361779
-0.360572
-0.358975
-0.356942
-0.354436
-0.351433
-0.347942
-0.344122
-0.339678
-0.333991
-0.362113
-0.362503
-0.362793
-0.36297
-0.363014
-0.362898
-0.362589
-0.362048
-0.361233
-0.360097
-0.358594
-0.35668
-0.354324
-0.351502
-0.348225
-0.344634
-0.340426
-0.335108
-0.360988
-0.361477
-0.36187
-0.362165
-0.362349
-0.362406
-0.36231
-0.362031
-0.361532
-0.360773
-0.359711
-0.358304
-0.356514
-0.354309
-0.351669
-0.348603
-0.345235
-0.341263
-0.336286
-0.36043
-0.36092
-0.361315
-0.361614
-0.361807
-0.361878
-0.361804
-0.361556
-0.361101
-0.360401
-0.359417
-0.35811
-0.356444
-0.354391
-0.351933
-0.349076
-0.345927
-0.34219
-0.337536
-0.359954
-0.360444
-0.360841
-0.361144
-0.361346
-0.361432
-0.361381
-0.361167
-0.360758
-0.36012
-0.359216
-0.35801
-0.356471
-0.354572
-0.352295
-0.349644
-0.346713
-0.343212
-0.338868
-0.359561
-0.36005
-0.360447
-0.360755
-0.360966
-0.361069
-0.361043
-0.360864
-0.360503
-0.359929
-0.359108
-0.358007
-0.356596
-0.354852
-0.352756
-0.35031
-0.347595
-0.344331
-0.34029
-0.359252
-0.359739
-0.360137
-0.360449
-0.36067
-0.36079
-0.36079
-0.360648
-0.360338
-0.359829
-0.359093
-0.358098
-0.356818
-0.355229
-0.353314
-0.351074
-0.348574
-0.345551
-0.34181
-0.358445
-0.359027
-0.359511
-0.359909
-0.360225
-0.360457
-0.360595
-0.360622
-0.360519
-0.360261
-0.359821
-0.359171
-0.358284
-0.357135
-0.355703
-0.353969
-0.351934
-0.349652
-0.346875
-0.343433
-0.358309
-0.358885
-0.359365
-0.359763
-0.360084
-0.360327
-0.360483
-0.360539
-0.360476
-0.360271
-0.359901
-0.35934
-0.358563
-0.357546
-0.356271
-0.354721
-0.352891
-0.35083
-0.348302
-0.345164
-0.358259
-0.358827
-0.359302
-0.359698
-0.360024
-0.360278
-0.360454
-0.360539
-0.360517
-0.360368
-0.360069
-0.359598
-0.358932
-0.358049
-0.356933
-0.355566
-0.353944
-0.352107
-0.349835
-0.347005
-0.35829
-0.358849
-0.359319
-0.359714
-0.360044
-0.36031
-0.360506
-0.360621
-0.360641
-0.360548
-0.360323
-0.359943
-0.359389
-0.358642
-0.357685
-0.356503
-0.355091
-0.353482
-0.351472
-0.348957
-0.358403
-0.358951
-0.359414
-0.359808
-0.360142
-0.360419
-0.360636
-0.360782
-0.360846
-0.36081
-0.360658
-0.360371
-0.359931
-0.35932
-0.358524
-0.357529
-0.356329
-0.354953
-0.353212
-0.351018
-0.358593
-0.35913
-0.359585
-0.359976
-0.360315
-0.360604
-0.360841
-0.36102
-0.361127
-0.36115
-0.361073
-0.36088
-0.360554
-0.360081
-0.359447
-0.35864
-0.357655
-0.356516
-0.355052
-0.353186
-0.358858
-0.359382
-0.359829
-0.360218
-0.36056
-0.360861
-0.36112
-0.36133
-0.361482
-0.361565
-0.361564
-0.361465
-0.361254
-0.36092
-0.36045
-0.359833
-0.359065
-0.358168
-0.356987
-0.355457
-0.358586
-0.359194
-0.359704
-0.360142
-0.360528
-0.360874
-0.361187
-0.361467
-0.36171
-0.361908
-0.36205
-0.362125
-0.362122
-0.362027
-0.361832
-0.361526
-0.361101
-0.360554
-0.359902
-0.359011
-0.357823
-0.35901
-0.359598
-0.360093
-0.360521
-0.360903
-0.361253
-0.361578
-0.36188
-0.362155
-0.362398
-0.362601
-0.362753
-0.362845
-0.362868
-0.362812
-0.362672
-0.36244
-0.362115
-0.361714
-0.361117
-0.360279
-0.359499
-0.360066
-0.360545
-0.360962
-0.36134
-0.361693
-0.36203
-0.362353
-0.362661
-0.36295
-0.363213
-0.363443
-0.363631
-0.36377
-0.363855
-0.363881
-0.363843
-0.363742
-0.363595
-0.363297
-0.362813
-0.36005
-0.360593
-0.361054
-0.36146
-0.361833
-0.362189
-0.362537
-0.362882
-0.363223
-0.363558
-0.363881
-0.364188
-0.364472
-0.364729
-0.364954
-0.365146
-0.365303
-0.365427
-0.365537
-0.365541
-0.365415
-0.360656
-0.361175
-0.361617
-0.36201
-0.362378
-0.362736
-0.363096
-0.363462
-0.363836
-0.364216
-0.3646
-0.364983
-0.365363
-0.365736
-0.366102
-0.36646
-0.366811
-0.367162
-0.367531
-0.36784
-0.368074
-0.361312
-0.361805
-0.362227
-0.362608
-0.36297
-0.36333
-0.3637
-0.364087
-0.364493
-0.364919
-0.365363
-0.365823
-0.366298
-0.366787
-0.367292
-0.367815
-0.368361
-0.368937
-0.369565
-0.37018
-0.370775
-0.362014
-0.362479
-0.362881
-0.363248
-0.363603
-0.363965
-0.364345
-0.364752
-0.36519
-0.365661
-0.366164
-0.3667
-0.367269
-0.367873
-0.368516
-0.369203
-0.369942
-0.370743
-0.37163
-0.37255
-0.373505
-0.362755
-0.363192
-0.363573
-0.363925
-0.364273
-0.364635
-0.365025
-0.365452
-0.365921
-0.366435
-0.366997
-0.367607
-0.368269
-0.368986
-0.369766
-0.370615
-0.371544
-0.372569
-0.373714
-0.374937
-0.376247
-0.363531
-0.363939
-0.364297
-0.364634
-0.364973
-0.365335
-0.365734
-0.366179
-0.366679
-0.367236
-0.367854
-0.368538
-0.369291
-0.37012
-0.371033
-0.372042
-0.373159
-0.374403
-0.375803
-0.377326
-0.378987
-0.364336
-0.364713
-0.365047
-0.365368
-0.365698
-0.366059
-0.366466
-0.366929
-0.367457
-0.368056
-0.36873
-0.369485
-0.370327
-0.371264
-0.372309
-0.373473
-0.374775
-0.376235
-0.377886
-0.379702
-0.381706
-0.365164
-0.365509
-0.365819
-0.366122
-0.366443
-0.366802
-0.367215
-0.367695
-0.368251
-0.368889
-0.369617
-0.370441
-0.371369
-0.372412
-0.373584
-0.374901
-0.376382
-0.378053
-0.379948
-0.382052
-0.384389
-0.36601
-0.366322
-0.366607
-0.366892
-0.367201
-0.367557
-0.367976
-0.36847
-0.369052
-0.369728
-0.370507
-0.371397
-0.372409
-0.373554
-0.374849
-0.376313
-0.377969
-0.379843
-0.381978
-0.38436
-0.387019
-0.366868
-0.367146
-0.367404
-0.36767
-0.367967
-0.368319
-0.368741
-0.36925
-0.369855
-0.370567
-0.371394
-0.372348
-0.373439
-0.374682
-0.376096
-0.377701
-0.379524
-0.381596
-0.38396
-0.386611
-0.389577
-0.401345
-0.413973
-0.434543
-0.453951
-0.476492
-0.492981
-0.502673
-0.498054
-0.478405
-0.442735
-0.39727
-0.348831
-0.404487
-0.418053
-0.439918
-0.460737
-0.484651
-0.502393
-0.512929
-0.508636
-0.488563
-0.451672
-0.404405
-0.3539
-0.407506
-0.42194
-0.445058
-0.467211
-0.492437
-0.511382
-0.522742
-0.51879
-0.498335
-0.460243
-0.41121
-0.358664
-0.410383
-0.425615
-0.449937
-0.473344
-0.499821
-0.519918
-0.532086
-0.528493
-0.507663
-0.468474
-0.417684
-0.36313
-0.413098
-0.429059
-0.454532
-0.479113
-0.506774
-0.527973
-0.540936
-0.537719
-0.516565
-0.476326
-0.423829
-0.367305
-0.415633
-0.432255
-0.458822
-0.484493
-0.513276
-0.535523
-0.549265
-0.546446
-0.52503
-0.483793
-0.429645
-0.371197
-0.417976
-0.435188
-0.462792
-0.489466
-0.519305
-0.54254
-0.557056
-0.554668
-0.533041
-0.490869
-0.435134
-0.374816
-0.420114
-0.437844
-0.466426
-0.494015
-0.52484
-0.54902
-0.564296
-0.562363
-0.540585
-0.497551
-0.440298
-0.37817
-0.422018
-0.44023
-0.4697
-0.49814
-0.529879
-0.554942
-0.570969
-0.569519
-0.547654
-0.503833
-0.445141
-0.381269
-0.423684
-0.442331
-0.472622
-0.501818
-0.534409
-0.560299
-0.577066
-0.576127
-0.55424
-0.509712
-0.449666
-0.384125
-0.425121
-0.44413
-0.475185
-0.505045
-0.538422
-0.565087
-0.582579
-0.582179
-0.560336
-0.515186
-0.453876
-0.386746
-0.426322
-0.445625
-0.477383
-0.507824
-0.541918
-0.569307
-0.587507
-0.587672
-0.565936
-0.520253
-0.457774
-0.389144
-0.427284
-0.446821
-0.479216
-0.510158
-0.544899
-0.57296
-0.59185
-0.592604
-0.57104
-0.524912
-0.461366
-0.391329
-0.428004
-0.44772
-0.480688
-0.512051
-0.547371
-0.576052
-0.595612
-0.596974
-0.575644
-0.529163
-0.464654
-0.393311
-0.428488
-0.448326
-0.481806
-0.513511
-0.549344
-0.578592
-0.5988
-0.600787
-0.579749
-0.533007
-0.467645
-0.395098
-0.42874
-0.448645
-0.482578
-0.514551
-0.55083
-0.580592
-0.601422
-0.604049
-0.583358
-0.536446
-0.470342
-0.396702
-0.428769
-0.448685
-0.483016
-0.515183
-0.551845
-0.582067
-0.603492
-0.606766
-0.586474
-0.539482
-0.47275
-0.39813
-0.428585
-0.448457
-0.483132
-0.515424
-0.552406
-0.583036
-0.605025
-0.608949
-0.589103
-0.542118
-0.474876
-0.399393
-0.428201
-0.44797
-0.482942
-0.515291
-0.552532
-0.583518
-0.606037
-0.610611
-0.591252
-0.544361
-0.476723
-0.400497
-0.427632
-0.447239
-0.482461
-0.514804
-0.552244
-0.583534
-0.606547
-0.611764
-0.592928
-0.546214
-0.478298
-0.401451
-0.426894
-0.446276
-0.481709
-0.513983
-0.551565
-0.583109
-0.606575
-0.612424
-0.594141
-0.547683
-0.479607
-0.402262
-0.426006
-0.445095
-0.480702
-0.512851
-0.550518
-0.582266
-0.606144
-0.612606
-0.594903
-0.548776
-0.480655
-0.402938
-0.424986
-0.443714
-0.479459
-0.511429
-0.549126
-0.581031
-0.605276
-0.61233
-0.595223
-0.549501
-0.481449
-0.403485
-0.327526
-0.423856
-0.442146
-0.478
-0.509741
-0.547414
-0.57943
-0.603994
-0.611612
-0.595116
-0.549864
-0.481995
-0.40391
-0.32754
-0.422637
-0.440409
-0.476344
-0.507808
-0.545405
-0.577489
-0.602323
-0.610472
-0.594593
-0.549876
-0.4823
-0.404219
-0.327548
-0.421352
-0.438521
-0.474508
-0.505653
-0.543122
-0.575235
-0.600288
-0.608928
-0.593668
-0.549545
-0.48237
-0.404417
-0.327554
-0.420022
-0.436497
-0.472511
-0.503297
-0.540585
-0.572714
-0.597917
-0.607
-0.592355
-0.54888
-0.482213
-0.40451
-0.327563
-0.41867
-0.434357
-0.47037
-0.500761
-0.537815
-0.570021
-0.595236
-0.604706
-0.590668
-0.547894
-0.481836
-0.404502
-0.32758
-0.417316
-0.432119
-0.4681
-0.498065
-0.534833
-0.567274
-0.592265
-0.602064
-0.588622
-0.546595
-0.481246
-0.404398
-0.327607
-0.41598
-0.429799
-0.465717
-0.495227
-0.531657
-0.564202
-0.589003
-0.599091
-0.58623
-0.544995
-0.480451
-0.404203
-0.327645
-0.41468
-0.427418
-0.463234
-0.492266
-0.528303
-0.559741
-0.585444
-0.5958
-0.583507
-0.543106
-0.479459
-0.403921
-0.327698
-0.413428
-0.424994
-0.460664
-0.489198
-0.524814
-0.555942
-0.581614
-0.592209
-0.580468
-0.540938
-0.478277
-0.403556
-0.327766
-0.412238
-0.422544
-0.458016
-0.48604
-0.521196
-0.552004
-0.577533
-0.588334
-0.577126
-0.538506
-0.476914
-0.403111
-0.327848
-0.411113
-0.420089
-0.4553
-0.482803
-0.51745
-0.547886
-0.573231
-0.584189
-0.573497
-0.53582
-0.475378
-0.402591
-0.327947
-0.410057
-0.417645
-0.452525
-0.479498
-0.513589
-0.543629
-0.568722
-0.57979
-0.569595
-0.532894
-0.473679
-0.401998
-0.32806
-0.409062
-0.41523
-0.449695
-0.476134
-0.509623
-0.539237
-0.564018
-0.575148
-0.565436
-0.529741
-0.471824
-0.401337
-0.328187
-0.408118
-0.41286
-0.446818
-0.472717
-0.505557
-0.534716
-0.559131
-0.570278
-0.561033
-0.526376
-0.469822
-0.40061
-0.328328
-0.407204
-0.41055
-0.443898
-0.469253
-0.501391
-0.530072
-0.554072
-0.565192
-0.556402
-0.522812
-0.467684
-0.39982
-0.32848
-0.406293
-0.408312
-0.44094
-0.465742
-0.497138
-0.525315
-0.54885
-0.559904
-0.551559
-0.519063
-0.465419
-0.398972
-0.328642
-0.260957
-0.405345
-0.406155
-0.437946
-0.462181
-0.49289
-0.520461
-0.543475
-0.554426
-0.546521
-0.515146
-0.463035
-0.398067
-0.328812
-0.261704
-0.404315
-0.404085
-0.434919
-0.458573
-0.488737
-0.515513
-0.537957
-0.548771
-0.541303
-0.511075
-0.460543
-0.397109
-0.328988
-0.262513
-0.403144
-0.402102
-0.431864
-0.454915
-0.484119
-0.510459
-0.532302
-0.542954
-0.535923
-0.506865
-0.457951
-0.396098
-0.329165
-0.263378
-0.401768
-0.4002
-0.42878
-0.451227
-0.479397
-0.505275
-0.526514
-0.536988
-0.530398
-0.502534
-0.455272
-0.395045
-0.329351
-0.264304
-0.400108
-0.398364
-0.425672
-0.447514
-0.474747
-0.499949
-0.520598
-0.530884
-0.524747
-0.498101
-0.452524
-0.393963
-0.329558
-0.2653
-0.398082
-0.396567
-0.422539
-0.443749
-0.469978
-0.494508
-0.514569
-0.524662
-0.518987
-0.493574
-0.449699
-0.392829
-0.329747
-0.266321
-0.395608
-0.394786
-0.419397
-0.43993
-0.46515
-0.488997
-0.508467
-0.518363
-0.513144
-0.488944
-0.446741
-0.391543
-0.329791
-0.267231
-0.392616
-0.392988
-0.416257
-0.436093
-0.460305
-0.483424
-0.502303
-0.512011
-0.507253
-0.484258
-0.443716
-0.390191
-0.329794
-0.268139
-0.389019
-0.391043
-0.412978
-0.432297
-0.455245
-0.477552
-0.495856
-0.505466
-0.501331
-0.479753
-0.441103
-0.389461
-0.330573
-0.269902
-0.384487
-0.388712
-0.409367
-0.428368
-0.449726
-0.471187
-0.488948
-0.498566
-0.495259
-0.475383
-0.438934
-0.389447
-0.332254
-0.272655
-0.378574
-0.386495
-0.406568
-0.423915
-0.445378
-0.466065
-0.483096
-0.492187
-0.48883
-0.469562
-0.43424
-0.386089
-0.330152
-0.271554
-0.214444
-0.364529
-0.383387
-0.404864
-0.42255
-0.441936
-0.461157
-0.476403
-0.483373
-0.47784
-0.456932
-0.420882
-0.372964
-0.317997
-0.260775
-0.205097
-0.358114
-0.377567
-0.397272
-0.411761
-0.427414
-0.442741
-0.453819
-0.456886
-0.448657
-0.427074
-0.392502
-0.347734
-0.296826
-0.243829
-0.192003
-0.353382
-0.369441
-0.386175
-0.398271
-0.410724
-0.422406
-0.42983
-0.429795
-0.419764
-0.398252
-0.365623
-0.324158
-0.27721
-0.2282
-0.179952
-0.347041
-0.358962
-0.371721
-0.382389
-0.392328
-0.400903
-0.405311
-0.402895
-0.391673
-0.370568
-0.339941
-0.301662
-0.258499
-0.213317
-0.168541
-0.338067
-0.346798
-0.356121
-0.36491
-0.3728
-0.378805
-0.380759
-0.376555
-0.364645
-0.344246
-0.315693
-0.2805
-0.240925
-0.199354
-0.157866
-0.326822
-0.333398
-0.339725
-0.346675
-0.352863
-0.356811
-0.356829
-0.351329
-0.339121
-0.319619
-0.293109
-0.260808
-0.22455
-0.186324
-0.147918
-0.313943
-0.319135
-0.323102
-0.328351
-0.333093
-0.33543
-0.333968
-0.327566
-0.315328
-0.296807
-0.272237
-0.242592
-0.209365
-0.174216
-0.138676
-0.300036
-0.304367
-0.306599
-0.31036
-0.313861
-0.314946
-0.31239
-0.305391
-0.293305
-0.275787
-0.253025
-0.225799
-0.195326
-0.162992
-0.13011
-0.28561
-0.289401
-0.290415
-0.292933
-0.295374
-0.295493
-0.292153
-0.284797
-0.272986
-0.256463
-0.235372
-0.210341
-0.182366
-0.152602
-0.122178
-0.271036
-0.274471
-0.27466
-0.276181
-0.277734
-0.27711
-0.273232
-0.265708
-0.25426
-0.238704
-0.219155
-0.196116
-0.170404
-0.142988
-0.114835
-0.256568
-0.259747
-0.259398
-0.260146
-0.260969
-0.259782
-0.255558
-0.248012
-0.236989
-0.222369
-0.204241
-0.183013
-0.159358
-0.134088
-0.108036
-0.242375
-0.245354
-0.244664
-0.24483
-0.245072
-0.243467
-0.239045
-0.231593
-0.22104
-0.207318
-0.190505
-0.170929
-0.149147
-0.125845
-0.101737
-0.228566
-0.231375
-0.23048
-0.230222
-0.230015
-0.228112
-0.223608
-0.216334
-0.206281
-0.193424
-0.177829
-0.159765
-0.139696
-0.1182
-0.0958936
-0.215209
-0.217868
-0.21686
-0.216301
-0.21576
-0.213659
-0.209162
-0.202131
-0.192598
-0.180569
-0.166107
-0.149434
-0.130934
-0.111101
-0.0904659
-0.202345
-0.204868
-0.203811
-0.203049
-0.20227
-0.200053
-0.195632
-0.188889
-0.179885
-0.168651
-0.155246
-0.139854
-0.122799
-0.104499
-0.0854155
-0.19
-0.192398
-0.191335
-0.190445
-0.189506
-0.187241
-0.182946
-0.176524
-0.168053
-0.15758
-0.145162
-0.130954
-0.11523
-0.0983481
-0.0807068
-0.178186
-0.180469
-0.179432
-0.17847
-0.177434
-0.175174
-0.171045
-0.164965
-0.157022
-0.147275
-0.135781
-0.122671
-0.108177
-0.0926066
-0.0763068
-0.166908
-0.169084
-0.168094
-0.167103
-0.16602
-0.163805
-0.15987
-0.154145
-0.146722
-0.137668
-0.127039
-0.114947
-0.101592
-0.0872367
-0.0721851
-0.156165
-0.158241
-0.157312
-0.156325
-0.155232
-0.153094
-0.149373
-0.144006
-0.13709
-0.128696
-0.118877
-0.107732
-0.0954312
-0.0822037
-0.0683138
-0.14595
-0.147932
-0.147074
-0.146114
-0.145039
-0.143002
-0.139506
-0.134497
-0.128072
-0.120304
-0.111244
-0.10098
-0.0896575
-0.0774761
-0.0646676
-0.136255
-0.138148
-0.137363
-0.136449
-0.135413
-0.133491
-0.130227
-0.125572
-0.119619
-0.112444
-0.104095
-0.0946503
-0.0842358
-0.0730255
-0.0612233
-0.127065
-0.128875
-0.128178
-0.127308
-0.126325
-0.124529
-0.121499
-0.117188
-0.111688
-0.105072
-0.0973893
-0.0887066
-0.0791349
-0.0688263
-0.0579603
-0.118363
-0.120093
-0.119473
-0.118667
-0.117747
-0.116083
-0.113285
-0.109308
-0.104239
-0.0981505
-0.0910898
-0.0831163
-0.074327
-0.0648554
-0.0548601
-0.110134
-0.111786
-0.111243
-0.110505
-0.109655
-0.108125
-0.105553
-0.101896
-0.097236
-0.091644
-0.0851643
-0.0778502
-0.0697871
-0.0610923
-0.051906
-0.102359
-0.103936
-0.103468
-0.1028
-0.102024
-0.100627
-0.098273
-0.0949212
-0.090648
-0.0855213
-0.0795835
-0.0728823
-0.0654929
-0.0575185
-0.0490838
-0.0950192
-0.0965244
-0.0961287
-0.0955299
-0.0948297
-0.0935616
-0.091417
-0.0883547
-0.0844457
-0.0797544
-0.0743213
-0.0681892
-0.0614243
-0.054118
-0.0463806
-0.0880949
-0.0895314
-0.0892035
-0.0886729
-0.0880477
-0.0869044
-0.0849589
-0.0821701
-0.0786026
-0.0743179
-0.0693541
-0.06375
-0.0575637
-0.0508761
-0.0437854
-0.0815671
-0.0829377
-0.0826735
-0.0822073
-0.0816557
-0.0806319
-0.0788747
-0.0763428
-0.0730949
-0.0691889
-0.064661
-0.059546
-0.0538953
-0.0477804
-0.0412887
-0.0754161
-0.076724
-0.0765205
-0.0761219
-0.0756334
-0.0747224
-0.0731424
-0.0708506
-0.0679005
-0.0643465
-0.0602227
-0.0555604
-0.050405
-0.0448198
-0.0388824
-0.0696229
-0.0708704
-0.0707209
-0.0703802
-0.0699598
-0.069156
-0.0677408
-0.0656724
-0.0629993
-0.059772
-0.0560222
-0.0517782
-0.0470803
-0.0419845
-0.0365596
-0.0641689
-0.0653582
-0.0652579
-0.0649733
-0.0646163
-0.0639121
-0.0626498
-0.0607891
-0.0583729
-0.0554479
-0.0520438
-0.0481861
-0.0439103
-0.039266
-0.0343145
-0.0590361
-0.0601698
-0.0601148
-0.0598831
-0.0595829
-0.0589717
-0.0578514
-0.0561832
-0.0540046
-0.0513588
-0.0482735
-0.0447719
-0.0408851
-0.0366572
-0.0321423
-0.0542074
-0.0552879
-0.0552743
-0.0550925
-0.0548509
-0.0543194
-0.0533294
-0.0518383
-0.0498786
-0.0474901
-0.0446986
-0.0415247
-0.0379961
-0.0341514
-0.0300391
-0.0496659
-0.0506956
-0.0507189
-0.0505817
-0.0503889
-0.0499369
-0.0490671
-0.0477386
-0.0459804
-0.0438288
-0.0413074
-0.0384348
-0.0352354
-0.0317434
-0.0280014
-0.0453958
-0.0463768
-0.046433
-0.0463368
-0.04619
-0.0458087
-0.0450492
-0.04387
-0.042297
-0.0403628
-0.0380892
-0.0354933
-0.0325963
-0.0294282
-0.0260269
-0.0413819
-0.0423163
-0.0424019
-0.0423434
-0.042239
-0.0419255
-0.041263
-0.0402199
-0.0388159
-0.0370808
-0.0350346
-0.0326922
-0.0300725
-0.0272016
-0.0241132
-0.0376097
-0.0384997
-0.0386111
-0.0385865
-0.03852
-0.0382647
-0.0376938
-0.0367748
-0.0355254
-0.0339726
-0.0321345
-0.0300243
-0.0276584
-0.0250601
-0.0222588
-0.0340654
-0.0349129
-0.035047
-0.035053
-0.0350207
-0.0348189
-0.0343301
-0.033523
-0.0324149
-0.0310288
-0.0293807
-0.0274828
-0.0253493
-0.0230004
-0.0204622
-0.0307362
-0.0315431
-0.0316969
-0.0317303
-0.0317286
-0.0315744
-0.0311605
-0.0304552
-0.0294748
-0.0282402
-0.0267659
-0.0250618
-0.0231405
-0.0210198
-0.0187225
-0.0276097
-0.0283778
-0.0285486
-0.0286062
-0.0286318
-0.0285203
-0.0281742
-0.0275617
-0.0266957
-0.0255994
-0.0242831
-0.0227557
-0.0210281
-0.0191157
-0.0170387
-0.0246742
-0.0254053
-0.0255906
-0.0256698
-0.0257195
-0.0256461
-0.0253603
-0.0248318
-0.0240683
-0.023099
-0.0219261
-0.0205594
-0.0190082
-0.0172859
-0.0154101
-0.0219188
-0.0226145
-0.022812
-0.0229101
-0.022981
-0.0229414
-0.02271
-0.022259
-0.0215978
-0.0207339
-0.0196893
-0.0184682
-0.0170775
-0.0155284
-0.0138363
-0.0193332
-0.019995
-0.0202027
-0.0203172
-0.0204066
-0.0203967
-0.0202133
-0.01983
-0.0192526
-0.0184932
-0.017566
-0.0164775
-0.0152327
-0.0138413
-0.0123165
-0.0169076
-0.0175371
-0.0177529
-0.0178817
-0.017987
-0.0180029
-0.0178621
-0.0175392
-0.017039
-0.0163734
-0.0155511
-0.0145831
-0.0134707
-0.0122227
-0.0108504
-0.0146328
-0.0152314
-0.0154536
-0.0155945
-0.0157134
-0.0157519
-0.0156486
-0.0153799
-0.0149494
-0.0143681
-0.0136449
-0.0127822
-0.0117889
-0.0106709
-0.00943747
-0.0125001
-0.0130693
-0.0132963
-0.0134474
-0.0135777
-0.0136356
-0.0135655
-0.0133449
-0.0129767
-0.0124705
-0.0118336
-0.0110695
-0.0101843
-0.00918451
-0.00807729
-0.0105016
-0.0110425
-0.0112729
-0.0114325
-0.0115724
-0.0116469
-0.0116057
-0.0114279
-0.0111153
-0.0106764
-0.0101178
-0.00944281
-0.0086546
-0.00776232
-0.00676948
-0.00862947
-0.00914344
-0.00937592
-0.00954236
-0.00969005
-0.0097787
-0.00976276
-0.00962276
-0.00935977
-0.00898129
-0.00849316
-0.00789884
-0.00720184
-0.00640355
-0.00551367
-0.00687665
-0.00736487
-0.00759828
-0.00777016
-0.00792405
-0.00802452
-0.00803047
-0.00792379
-0.00770494
-0.00738042
-0.00695544
-0.00643288
-0.00581513
-0.00510501
-0.00430895
-0.00523638
-0.00570001
-0.00593334
-0.00610934
-0.00626802
-0.00637826
-0.00640306
-0.00632562
-0.00614591
-0.00586952
-0.00550102
-0.00504287
-0.004497
-0.0038662
-0.00315492
-0.00370237
-0.00414252
-0.00437485
-0.00455381
-0.00471601
-0.00483417
-0.00487508
-0.00482322
-0.0046781
-0.00444454
-0.00412652
-0.00372615
-0.003245
-0.00268542
-0.00205099
-0.0022687
-0.00268643
-0.00291697
-0.00309785
-0.00326243
-0.00338688
-0.00344145
-0.00341183
-0.00329721
-0.00310168
-0.0028287
-0.00248007
-0.00205703
-0.00156149
-0.000996463
-0.000929811
-0.00132618
-0.00155422
-0.00173608
-0.00190205
-0.00203134
-0.00209736
-0.00208701
-0.00199919
-0.00183734
-0.00160447
-0.00130207
-0.000931121
-0.000493139
9.39453e-06
0.000319474
-5.65226e-05
-0.00028148
-0.000463507
-0.000629975
-0.000762814
-0.000838353
-0.000844586
-0.000780223
-0.000648131
-0.00045088
-0.000189727
0.000134584
0.000520863
0.000967052
0.00148402
0.00112741
0.00090605
0.000724579
0.000558376
0.000423107
0.000339791
0.000319365
0.000363274
0.000469156
0.000634829
0.000859262
0.00114192
0.00148189
0.00187755
0.00256836
0.0022302
0.00201285
0.00183256
0.00166728
0.00153056
0.001441
0.00140851
0.00143466
0.00151753
0.00165528
0.00184709
0.00209259
0.00239114
0.00274145
0.00357673
0.00325608
0.00304309
0.00286451
0.00270073
0.0025634
0.00246893
0.00242629
0.00243708
0.0024998
0.00261293
0.00277582
0.00298825
0.00324979
0.00355943
0.00451306
0.00420903
0.00400067
0.00382425
0.00366242
0.00352521
0.00342701
0.00337588
0.00337348
0.00341863
0.0035101
0.00364741
0.00383046
0.00405898
0.00433221
0.00538104
0.00509273
0.00488919
0.0047153
0.00455582
0.00441933
0.0043184
0.00426027
0.00424659
0.00427647
0.00434895
0.00446369
0.00462069
0.00481984
0.00506059
0.00618403
0.00591057
0.00571198
0.00554091
0.00538409
0.00524882
0.00514605
0.00508221
0.00505893
0.0050756
0.00513149
0.00522637
0.00536035
0.00553341
0.00574521
0.00692518
0.00666569
0.00647213
0.00630411
0.00615018
0.00601653
0.00591265
0.00584423
0.00581285
0.00581815
0.00585957
0.00593703
0.0060507
0.00620067
0.00638672
0.00760733
0.00736096
0.00717244
0.00700762
0.00685675
0.00672504
0.00662067
0.00654864
0.00651049
0.00650603
0.00653491
0.00659713
0.00669293
0.00682249
0.00698571
0.00823311
0.00799901
0.00781547
0.00765396
0.00750623
0.00737671
0.00727234
0.00719754
0.00715376
0.00714099
0.00715902
0.00720797
0.00728811
0.00739969
0.00754272
0.00880487
0.00858218
0.00840354
0.00824535
0.00810082
0.00797363
0.00786968
0.00779282
0.00774441
0.00772459
0.00773329
0.00777071
0.00783717
0.00793297
0.00805821
0.00932471
0.00911258
0.00893867
0.0087838
0.00864244
0.00851767
0.00841446
0.00833612
0.00828394
0.00825818
0.00825891
0.00828637
0.00834093
0.00842294
0.00853256
0.00979446
0.00959203
0.00942265
0.00927103
0.00913276
0.00901044
0.00890819
0.00882886
0.00877366
0.00874293
0.00873687
0.00875577
0.00880004
0.00887005
0.00896603
0.0102157
0.0100221
0.009857
0.00970849
0.0095732
0.00945328
0.00935215
0.00927222
0.00921462
0.00917978
0.00916797
0.00917957
0.00921499
0.00927464
0.00935878
0.0105897
0.0104041
0.0102429
0.0100974
0.00996488
0.00984728
0.00974734
0.00966711
0.00960763
0.00956941
0.0095528
0.00955821
0.00958609
0.00963686
0.00971081
0.0109174
0.0107389
0.0105814
0.0104385
0.0103086
0.0101932
0.0100945
0.0100142
0.00995326
0.00991229
0.0098917
0.00989193
0.00991345
0.00995668
0.010022
0.0111995
0.0110272
0.0108729
0.0107325
0.010605
0.0104915
0.0103939
0.0103137
0.0102517
0.0102086
0.0101847
0.0101807
0.0101969
0.0102339
0.0102919
0.0114364
0.0112693
0.0111179
0.0109796
0.0108541
0.0107423
0.0106458
0.0105658
0.010503
0.0104581
0.0104317
0.0104242
0.0104361
0.0104679
0.01052
0.0116279
0.011465
0.011316
0.0111795
0.0110557
0.0109454
0.0108498
0.01077
0.0107067
0.0106605
0.010632
0.0106218
0.0106304
0.0106581
0.0107055
0.0117736
0.011614
0.0114668
0.0113317
0.0112092
0.0111
0.0110052
0.0109256
0.0108619
0.0108148
0.0107848
0.0107726
0.0107786
0.0108034
0.0108472
0.0118724
0.0117151
0.0115691
0.011435
0.0113134
0.011205
0.0111107
0.0110313
0.0109673
0.0109196
0.0108887
0.0108751
0.0108795
0.0109022
0.0109437
0.011923
0.0117668
0.0116215
0.0114879
0.0113667
0.0112587
0.0111647
0.0110853
0.0110213
0.0109733
0.0109418
0.0109276
0.0109311
0.0109528
0.0109931
-0.340108
-0.342536
-0.34505
-0.347684
-0.350486
-0.353519
-0.356866
-0.360641
-0.365005
-0.370185
-0.376505
-0.384663
-0.395869
-0.331237
-0.334494
-0.337879
-0.341414
-0.345121
-0.349025
-0.353149
-0.35752
-0.362162
-0.367097
-0.372348
-0.377857
-0.385338
-0.317958
-0.321209
-0.324533
-0.32794
-0.33144
-0.335048
-0.33878
-0.342659
-0.346719
-0.351001
-0.355599
-0.360403
-0.367078
-0.307259
-0.310605
-0.314032
-0.317551
-0.321176
-0.324922
-0.328804
-0.332841
-0.337043
-0.341454
-0.345884
-0.351491
-0.293406
-0.296745
-0.300148
-0.30362
-0.307169
-0.310801
-0.314522
-0.318341
-0.322264
-0.326327
-0.330399
-0.335205
-0.279314
-0.282578
-0.285894
-0.289268
-0.292702
-0.296205
-0.299781
-0.303438
-0.30718
-0.31103
-0.314907
-0.319164
-0.265383
-0.268565
-0.271792
-0.275069
-0.278399
-0.281786
-0.285234
-0.288746
-0.292326
-0.295984
-0.299681
-0.303527
-0.25172
-0.2548
-0.257922
-0.261086
-0.264297
-0.267557
-0.270868
-0.274234
-0.277658
-0.281145
-0.284681
-0.288233
-0.238384
-0.241351
-0.244356
-0.2474
-0.250486
-0.253615
-0.25679
-0.260014
-0.263289
-0.266617
-0.269997
-0.27332
-0.225437
-0.228283
-0.231164
-0.234081
-0.237036
-0.24003
-0.243066
-0.246146
-0.249272
-0.252444
-0.255667
-0.258801
-0.212911
-0.215631
-0.218381
-0.221166
-0.223985
-0.22684
-0.229734
-0.232668
-0.235644
-0.238662
-0.241728
-0.244693
-0.200832
-0.203419
-0.206036
-0.208684
-0.211364
-0.214078
-0.216827
-0.219613
-0.222438
-0.225301
-0.228211
-0.231017
-0.189214
-0.191667
-0.194148
-0.196657
-0.199196
-0.201766
-0.20437
-0.207007
-0.20968
-0.212388
-0.215139
-0.217792
-0.178067
-0.180385
-0.182729
-0.185099
-0.187497
-0.189923
-0.19238
-0.194869
-0.19739
-0.199944
-0.202537
-0.205038
-0.167395
-0.169579
-0.171787
-0.174019
-0.176277
-0.178561
-0.180872
-0.183213
-0.185584
-0.187985
-0.190422
-0.192774
-0.157198
-0.15925
-0.161324
-0.16342
-0.16554
-0.167684
-0.169853
-0.172049
-0.174272
-0.176524
-0.178807
-0.181012
-0.14747
-0.149394
-0.151338
-0.153302
-0.155288
-0.157295
-0.159326
-0.161381
-0.16346
-0.165565
-0.167699
-0.169762
-0.138205
-0.140005
-0.141823
-0.143659
-0.145515
-0.147391
-0.149287
-0.151206
-0.153147
-0.155111
-0.157101
-0.159026
-0.129391
-0.131072
-0.132769
-0.134482
-0.136214
-0.137963
-0.139731
-0.141519
-0.143327
-0.145157
-0.147009
-0.148801
-0.121016
-0.122583
-0.124165
-0.125761
-0.127374
-0.129003
-0.130648
-0.132312
-0.133993
-0.135694
-0.137415
-0.139081
-0.113066
-0.114525
-0.115997
-0.117483
-0.118982
-0.120496
-0.122026
-0.123571
-0.125133
-0.126712
-0.128309
-0.129855
-0.105527
-0.106883
-0.108251
-0.109631
-0.111024
-0.11243
-0.11385
-0.115284
-0.116732
-0.118196
-0.119676
-0.12111
-0.0983812
-0.099641
-0.100911
-0.102192
-0.103485
-0.104789
-0.106105
-0.107434
-0.108776
-0.110131
-0.111501
-0.112828
-0.0916139
-0.0927828
-0.093961
-0.0951489
-0.0963469
-0.0975552
-0.0987743
-0.100004
-0.101246
-0.1025
-0.103767
-0.104995
-0.0852085
-0.0862922
-0.0873841
-0.0884846
-0.089594
-0.0907126
-0.0918408
-0.0929787
-0.0941269
-0.0952859
-0.0964564
-0.0975914
-0.0791488
-0.0801527
-0.081164
-0.0821828
-0.0832094
-0.0842442
-0.0852874
-0.0863392
-0.0874001
-0.0884705
-0.089551
-0.0905993
-0.0734189
-0.0743484
-0.0752843
-0.0762268
-0.0771763
-0.0781329
-0.0790969
-0.0800685
-0.081048
-0.082036
-0.0830327
-0.0840003
-0.0680031
-0.0688632
-0.0697288
-0.0706003
-0.0714779
-0.0723617
-0.073252
-0.074149
-0.075053
-0.0759643
-0.0768834
-0.077776
-0.0628862
-0.0636815
-0.0644819
-0.0652873
-0.066098
-0.0669142
-0.067736
-0.0685637
-0.0693975
-0.0702378
-0.0710847
-0.0719077
-0.0580532
-0.0587884
-0.059528
-0.0602721
-0.0610207
-0.0617741
-0.0625324
-0.0632959
-0.0640646
-0.064839
-0.0656191
-0.0663777
-0.0534898
-0.0541693
-0.0548525
-0.0555396
-0.0562306
-0.0569258
-0.0576253
-0.0583292
-0.0590376
-0.0597511
-0.0604694
-0.0611683
-0.0491824
-0.0498101
-0.0504411
-0.0510753
-0.051713
-0.0523543
-0.0529993
-0.0536481
-0.0543008
-0.0549578
-0.0556191
-0.0562627
-0.0451178
-0.0456975
-0.04628
-0.0468654
-0.0474537
-0.0480451
-0.0486396
-0.0492374
-0.0498386
-0.0504436
-0.0510521
-0.0516448
-0.0412832
-0.0418185
-0.0423562
-0.0428963
-0.0434389
-0.0439841
-0.0445321
-0.0450828
-0.0456365
-0.0461933
-0.0467532
-0.0472988
-0.0376667
-0.0381609
-0.038657
-0.0391553
-0.0396557
-0.0401583
-0.0406632
-0.0411705
-0.0416802
-0.0421927
-0.0427077
-0.0432099
-0.0342567
-0.0347129
-0.0351707
-0.0356302
-0.0360916
-0.0365548
-0.03702
-0.0374872
-0.0379564
-0.038428
-0.0389017
-0.0393638
-0.0310424
-0.0314633
-0.0318857
-0.0323095
-0.0327348
-0.0331617
-0.0335902
-0.0340204
-0.0344523
-0.0348862
-0.0353218
-0.035747
-0.0280132
-0.0284017
-0.0287913
-0.0291821
-0.0295742
-0.0299675
-0.0303622
-0.0307583
-0.0311558
-0.031555
-0.0319555
-0.0323467
-0.0251594
-0.0255179
-0.0258772
-0.0262376
-0.0265989
-0.0269614
-0.0273249
-0.0276895
-0.0280553
-0.0284225
-0.0287907
-0.0291506
-0.0224716
-0.0228023
-0.0231337
-0.023466
-0.023799
-0.0241329
-0.0244677
-0.0248033
-0.02514
-0.0254777
-0.0258163
-0.0261473
-0.0199408
-0.0202459
-0.0205516
-0.0208579
-0.0211649
-0.0214724
-0.0217807
-0.0220897
-0.0223994
-0.0227101
-0.0230213
-0.0233258
-0.0175588
-0.0178403
-0.0181222
-0.0184045
-0.0186874
-0.0189707
-0.0192546
-0.019539
-0.019824
-0.0201097
-0.0203958
-0.0206759
-0.0153174
-0.0155771
-0.0158371
-0.0160974
-0.0163581
-0.0166191
-0.0168805
-0.0171422
-0.0174045
-0.0176672
-0.0179302
-0.0181878
-0.0132093
-0.0134489
-0.0136886
-0.0139286
-0.0141688
-0.0144092
-0.0146499
-0.0148908
-0.0151321
-0.0153737
-0.0156155
-0.0158524
-0.0112273
-0.0114483
-0.0116693
-0.0118906
-0.0121119
-0.0123333
-0.012555
-0.0127767
-0.0129987
-0.0132209
-0.0134431
-0.0136611
-0.00956844
-0.00977232
-0.00997623
-0.0101802
-0.0103842
-0.0105882
-0.0107923
-0.0109966
-0.0112009
-0.0114052
-0.0116056
-0.00780295
-0.00799096
-0.00817893
-0.00836686
-0.00855476
-0.00874264
-0.00893052
-0.00911839
-0.00930635
-0.00949408
-0.00967846
-0.00614568
-0.00631906
-0.00649234
-0.00666551
-0.00683859
-0.00701159
-0.0071845
-0.00735735
-0.0075302
-0.00770275
-0.00787234
-0.00459089
-0.00475078
-0.00491051
-0.00507009
-0.00522952
-0.00538881
-0.00554796
-0.00570699
-0.00586594
-0.00602454
-0.00618053
-0.00313313
-0.00328058
-0.00342783
-0.00357489
-0.00372175
-0.00386842
-0.00401491
-0.00416122
-0.0043074
-0.00445319
-0.00459667
-0.00176728
-0.00190327
-0.00203903
-0.00217455
-0.00230984
-0.0024449
-0.00257974
-0.00271435
-0.00284879
-0.0029828
-0.00311477
-0.000488522
-0.000613958
-0.000739125
-0.000864026
-0.000988662
-0.00111304
-0.00123715
-0.00136102
-0.00148466
-0.00160785
-0.00172925
0.000707685
0.000591977
0.000476563
0.000361439
0.000246606
0.000132061
1.78022e-05
-9.61768e-05
-0.000209897
-0.00032315
-0.00043483
0.00182562
0.00171887
0.00161243
0.00150631
0.00140049
0.00129499
0.00118979
0.00108489
0.000980287
0.000876158
0.000773411
0.00286929
0.00277079
0.00267261
0.00257476
0.00247724
0.00238005
0.00228318
0.00218663
0.00209039
0.00199463
0.00190009
0.00384247
0.00375156
0.00366098
0.00357074
0.00348084
0.00339128
0.00330206
0.00321317
0.00312461
0.00303654
0.00294953
0.0047487
0.00466475
0.00458116
0.00449791
0.00441501
0.00433246
0.00425026
0.0041684
0.00408688
0.00400585
0.00392576
0.00559126
0.00551372
0.00543653
0.0053597
0.00528323
0.00520711
0.00513134
0.00505593
0.00498087
0.00490629
0.00483254
0.00637324
0.00630158
0.00623027
0.00615933
0.00608874
0.00601851
0.00594864
0.00587913
0.00580998
0.0057413
0.00567335
0.0070975
0.00703122
0.0069653
0.00689974
0.00683454
0.00676971
0.00670523
0.00664112
0.00657737
0.00651408
0.00645144
0.00776668
0.00770533
0.00764433
0.0075837
0.00752342
0.00746351
0.00740396
0.00734478
0.00728595
0.00722758
0.0071698
0.00838322
0.00832636
0.00826986
0.00821371
0.00815793
0.00810251
0.00804745
0.00799275
0.00793841
0.00788451
0.00783115
0.00894934
0.00889657
0.00884415
0.00879209
0.00874039
0.00868905
0.00863806
0.00858744
0.00853718
0.00848734
0.00843799
0.00946706
0.00941799
0.00936928
0.00932092
0.00927291
0.00922527
0.00917797
0.00913104
0.00908446
0.0090383
0.00899259
0.00993815
0.00989243
0.00984706
0.00980204
0.00975737
0.00971305
0.00966909
0.00962548
0.00958222
0.00953937
0.00949693
0.0103642
0.0103215
0.0102791
0.0102371
0.0101954
0.0101541
0.0101131
0.0100725
0.0100322
0.00999228
0.00995279
0.0107465
0.0107065
0.0106668
0.0106274
0.0105884
0.0105497
0.0105114
0.0104734
0.0104358
0.0103985
0.0103616
0.0110863
0.0110486
0.0110113
0.0109742
0.0109376
0.0109012
0.0108652
0.0108296
0.0107943
0.0107593
0.0107247
0.0113842
0.0113486
0.0113133
0.0112783
0.0112437
0.0112094
0.0111754
0.0111418
0.0111085
0.0110755
0.0110429
0.011641
0.0116071
0.0115735
0.0115403
0.0115074
0.0114748
0.0114426
0.0114107
0.0113791
0.0113479
0.011317
0.0118243
0.0117922
0.0117604
0.011729
0.0116978
0.011667
0.0116365
0.0116064
0.0115765
0.011547
0.0120001
0.0119692
0.0119386
0.0119083
0.0118783
0.0118486
0.0118192
0.0117902
0.0117615
0.0117331
0.0121343
0.0121042
0.0120744
0.0120449
0.0120158
0.011987
0.0119584
0.0119302
0.0119023
0.0118747
0.0122253
0.0121958
0.0121666
0.0121377
0.0121091
0.0120808
0.0120528
0.0120251
0.0119978
0.0119707
0.0122731
0.0122438
0.0122148
0.0121861
0.0121577
0.0121296
0.0121018
0.0120743
0.0120471
0.0120202
0.0168635
0.0168192
0.0167752
0.0167315
0.016688
0.0166448
0.0166019
0.0165592
0.0165168
0.0164747
0.0164328
0.0168211
0.0167766
0.0167324
0.0166885
0.0166448
0.0166014
0.0165583
0.0165155
0.0164729
0.0164307
0.0163887
0.016742
0.0166969
0.016652
0.0166075
0.0165632
0.0165192
0.0164755
0.0164321
0.0163889
0.0163461
0.0163035
0.0166255
0.0165795
0.0165337
0.0164882
0.0164429
0.016398
0.0163534
0.0163091
0.016265
0.0162213
0.0161778
0.016521
0.0164734
0.016426
0.0163789
0.0163321
0.0162856
0.0162394
0.0161935
0.0161479
0.0161026
0.0160576
0.0160129
0.016335
0.0162857
0.0162366
0.0161879
0.0161395
0.0160914
0.0160436
0.0159961
0.0159489
0.015902
0.0158554
0.0158091
0.0161139
0.0160627
0.0160117
0.015961
0.0159106
0.0158605
0.0158108
0.0157613
0.0157122
0.0156634
0.0156149
0.0155667
0.0158579
0.0158043
0.015751
0.015698
0.0156454
0.015593
0.015541
0.0154893
0.0154379
0.0153868
0.0153361
0.0152856
0.0155664
0.0155102
0.0154542
0.0153986
0.0153433
0.0152884
0.0152337
0.0151794
0.0151254
0.0150717
0.0150184
0.0149654
0.015239
0.0151798
0.0151209
0.0150623
0.015004
0.0149461
0.0148885
0.0148312
0.0147742
0.0147176
0.0146614
0.0146054
0.0148748
0.0148123
0.01475
0.0146881
0.0146265
0.0145653
0.0145044
0.0144438
0.0143835
0.0143236
0.014264
0.0142048
0.014473
0.0144067
0.0143408
0.0142752
0.01421
0.014145
0.0140804
0.0140161
0.0139522
0.0138886
0.0138254
0.0137625
0.0140324
0.0139621
0.0138921
0.0138224
0.0137531
0.0136841
0.0136154
0.0135471
0.0134791
0.0134114
0.0133442
0.0132773
0.0135517
0.0134769
0.0134025
0.0133284
0.0132546
0.0131811
0.013108
0.0130352
0.0129627
0.0128906
0.0128189
0.0127476
0.0130295
0.0129499
0.0128706
0.0127916
0.0127129
0.0126346
0.0125566
0.0124789
0.0124016
0.0123246
0.0122481
0.0121719
0.0124642
0.0123793
0.0122947
0.0122104
0.0121265
0.0120428
0.0119595
0.0118765
0.0117939
0.0117116
0.0116298
0.0115484
0.0118541
0.0117635
0.0116731
0.0115831
0.0114934
0.011404
0.0113149
0.0112262
0.0111378
0.0110497
0.0109621
0.0108751
0.0111973
0.0111005
0.0110039
0.0109076
0.0108117
0.0107161
0.0106208
0.0105258
0.0104311
0.0103367
0.0102429
0.0101497
0.0104918
0.0103882
0.0102849
0.0101819
0.0100793
0.00997689
0.00987483
0.00977307
0.00967161
0.00957047
0.00946988
0.00937008
0.00973529
0.00962448
0.00951396
0.00940373
0.00929379
0.00918414
0.00907479
0.00896573
0.00885697
0.00874849
0.00864059
0.00853364
0.00892554
0.00880695
0.00868863
0.00857059
0.00845283
0.00833534
0.00821813
0.0081012
0.00798455
0.00786816
0.00775236
0.00763773
0.00806003
0.00793308
0.00780638
0.00767993
0.00755375
0.00742782
0.00730216
0.00717675
0.0070516
0.00692669
0.00680238
0.00667949
0.00713611
0.00700017
0.00686447
0.006729
0.00659377
0.00645877
0.00632401
0.00618949
0.00605519
0.00592111
0.00578764
0.00565588
0.00615095
0.00600537
0.00586
0.00571485
0.0055699
0.00542516
0.00528063
0.00513632
0.0049922
0.00484826
0.00470493
0.00456367
0.00510155
0.00494564
0.00478991
0.00463436
0.00447899
0.00432381
0.00416879
0.00401396
0.00385929
0.00370476
0.00355083
0.00339941
0.00398471
0.00381773
0.00365091
0.00348423
0.00331769
0.0031513
0.00298505
0.00281894
0.00265295
0.00248705
0.00232174
0.00215944
0.00279704
0.00261823
0.00243952
0.00226093
0.00208243
0.00190404
0.00172574
0.00154754
0.00136942
0.00119133
0.00101382
0.000839886
0.00153495
0.00134348
0.00115207
0.000960717
0.000769425
0.000578185
0.000386996
0.000195853
4.73859e-06
-0.000186413
-0.000377009
-0.000563368
0.000194616
-1.03908e-05
-0.000215381
-0.000420361
-0.000625339
-0.000830317
-0.0010353
-0.0012403
-0.00144532
-0.00165045
-0.00185507
-0.00205469
-0.00122803
-0.00144748
-0.00166698
-0.00188652
-0.00210613
-0.00232579
-0.00254552
-0.00276532
-0.00298522
-0.00320532
-0.00342494
-0.0036387
-0.00273729
-0.00297217
-0.00320715
-0.00344224
-0.00367746
-0.0039128
-0.00414829
-0.00438392
-0.00461972
-0.0048558
-0.00509147
-0.00532031
-0.00433776
-0.00458908
-0.00484058
-0.00509226
-0.00534414
-0.00559623
-0.00584853
-0.00610105
-0.00635383
-0.006607
-0.00685982
-0.00710472
-0.00603429
-0.00630315
-0.00657226
-0.00684162
-0.00711127
-0.00738121
-0.00765145
-0.007922
-0.0081929
-0.00846429
-0.00873543
-0.00899744
-0.00783209
-0.00811962
-0.00840748
-0.00869569
-0.00898428
-0.00927324
-0.0095626
-0.00985237
-0.0101426
-0.0104334
-0.0107241
-0.0110043
-0.00973665
-0.0100441
-0.0103519
-0.0106602
-0.0109689
-0.0112781
-0.0115878
-0.0118981
-0.0122089
-0.0125204
-0.0128319
-0.0131315
-0.0117538
-0.0120824
-0.0124115
-0.0127411
-0.0130713
-0.013402
-0.0137334
-0.0140655
-0.0143981
-0.0147317
-0.0150654
-0.0153855
-0.0138899
-0.0142409
-0.0145926
-0.0149449
-0.0152979
-0.0156516
-0.016006
-0.0163612
-0.0167172
-0.0170742
-0.0174315
-0.0177734
-0.0161515
-0.0165264
-0.016902
-0.0172784
-0.0176556
-0.0180337
-0.0184126
-0.0187924
-0.0191731
-0.019555
-0.0199374
-0.0203024
-0.0185458
-0.018946
-0.0193471
-0.019749
-0.0201519
-0.0205558
-0.0209607
-0.0213666
-0.0217735
-0.0221819
-0.0225909
-0.0229804
-0.0210803
-0.0215073
-0.0219354
-0.0223644
-0.0227946
-0.0232258
-0.0236582
-0.0240918
-0.0245266
-0.0249629
-0.0254002
-0.0258156
-0.023763
-0.0242185
-0.0246751
-0.0251329
-0.0255919
-0.0260521
-0.0265137
-0.0269765
-0.0274408
-0.0279068
-0.0283739
-0.0288168
-0.0266027
-0.0270883
-0.0275751
-0.0280633
-0.0285528
-0.0290437
-0.029536
-0.0300299
-0.0305253
-0.0310226
-0.0315212
-0.0319932
-0.0296085
-0.0301259
-0.0306447
-0.0311649
-0.0316867
-0.03221
-0.0327349
-0.0332614
-0.0337897
-0.0343201
-0.034852
-0.0353546
-0.0327902
-0.0333412
-0.0338937
-0.0344479
-0.0350036
-0.0355611
-0.0361203
-0.0366813
-0.0372442
-0.0378095
-0.0383765
-0.0389113
-0.0361584
-0.0367448
-0.0373329
-0.0379227
-0.0385143
-0.0391078
-0.0397032
-0.0403005
-0.0408998
-0.0415017
-0.0421057
-0.0426745
-0.0397242
-0.040348
-0.0409735
-0.0416009
-0.0422302
-0.0428615
-0.0434949
-0.0441304
-0.044768
-0.0454084
-0.0460511
-0.0466556
-0.0434997
-0.0441627
-0.0448276
-0.0454945
-0.0461635
-0.0468345
-0.0475078
-0.0481832
-0.0488611
-0.0495417
-0.0502251
-0.0508669
-0.0474975
-0.0482018
-0.0489081
-0.0496164
-0.0503269
-0.0510396
-0.0517546
-0.052472
-0.0531919
-0.0539147
-0.0546404
-0.0553215
-0.0517315
-0.052479
-0.0532286
-0.0539804
-0.0547343
-0.0554906
-0.0562493
-0.0570104
-0.0577742
-0.0585409
-0.0593109
-0.0600329
-0.056216
-0.0570088
-0.0578037
-0.0586009
-0.0594003
-0.060202
-0.0610063
-0.0618131
-0.0626225
-0.063435
-0.0642509
-0.0650157
-0.0609666
-0.0618067
-0.062649
-0.0634935
-0.0643402
-0.0651894
-0.0660411
-0.0668953
-0.0677522
-0.0686122
-0.0694757
-0.070285
-0.0659997
-0.0668893
-0.0677809
-0.0686746
-0.0695706
-0.070469
-0.0713699
-0.0722733
-0.0731794
-0.0740886
-0.0750013
-0.0758568
-0.071333
-0.0722739
-0.0732167
-0.0741617
-0.0751088
-0.0760582
-0.07701
-0.0779643
-0.0789212
-0.0798811
-0.0808446
-0.0817478
-0.0769849
-0.0779791
-0.0789751
-0.0799731
-0.0809731
-0.0819752
-0.0829796
-0.0839863
-0.0849955
-0.0860075
-0.087023
-0.0879756
-0.082975
-0.0840245
-0.0850755
-0.0861282
-0.0871827
-0.0882392
-0.0892976
-0.0903582
-0.091421
-0.0924863
-0.0935551
-0.0945584
-0.0893242
-0.0904306
-0.0915383
-0.0926474
-0.0937579
-0.0948701
-0.095984
-0.0970997
-0.0982173
-0.0993371
-0.10046
-0.101515
-0.0960541
-0.0972191
-0.098385
-0.0995519
-0.10072
-0.101889
-0.103059
-0.104231
-0.105405
-0.10658
-0.107757
-0.108866
-0.103188
-0.104413
-0.105638
-0.106864
-0.108091
-0.109318
-0.110546
-0.111774
-0.113004
-0.114235
-0.115468
-0.116631
-0.109462
-0.110749
-0.112035
-0.113321
-0.114607
-0.115893
-0.117179
-0.118465
-0.119751
-0.121038
-0.122325
-0.123613
-0.12483
-0.117412
-0.118761
-0.12011
-0.121458
-0.122805
-0.12415
-0.125495
-0.12684
-0.128184
-0.129527
-0.13087
-0.132214
-0.133485
-0.125838
-0.127252
-0.128664
-0.130073
-0.131481
-0.132888
-0.134292
-0.135695
-0.137096
-0.138496
-0.139895
-0.141293
-0.14262
-0.134768
-0.136247
-0.137722
-0.139194
-0.140663
-0.14213
-0.143593
-0.145055
-0.146514
-0.14797
-0.149424
-0.150876
-0.152258
-0.144229
-0.145772
-0.147311
-0.148846
-0.150376
-0.151903
-0.153426
-0.154946
-0.156462
-0.157974
-0.159483
-0.160989
-0.162429
-0.154249
-0.155857
-0.157459
-0.159057
-0.160649
-0.162237
-0.163819
-0.165398
-0.166972
-0.168541
-0.170106
-0.171667
-0.17317
-0.164857
-0.166529
-0.168196
-0.169856
-0.171511
-0.17316
-0.174804
-0.176443
-0.178077
-0.179707
-0.181332
-0.182951
-0.18453
-0.17608
-0.177819
-0.179551
-0.181276
-0.182995
-0.184709
-0.186417
-0.188121
-0.18982
-0.191516
-0.19321
-0.194896
-0.196574
-0.187949
-0.189754
-0.191553
-0.193346
-0.195134
-0.196917
-0.198696
-0.200473
-0.202248
-0.204023
-0.205799
-0.207566
-0.209386
-0.20049
-0.202366
-0.204236
-0.206102
-0.207966
-0.209827
-0.211689
-0.213552
-0.215419
-0.217291
-0.219174
-0.221046
-0.223075
-0.213717
-0.215666
-0.217614
-0.219562
-0.221512
-0.223468
-0.22543
-0.227404
-0.229391
-0.231394
-0.233424
-0.23544
-0.237779
-0.227652
-0.229679
-0.231709
-0.233746
-0.235794
-0.237858
-0.239942
-0.242052
-0.244194
-0.246375
-0.248612
-0.25084
-0.25364
-0.242291
-0.244412
-0.246548
-0.248704
-0.250887
-0.253101
-0.255355
-0.257655
-0.26001
-0.262431
-0.264942
-0.267462
-0.270894
-0.257365
-0.259551
-0.26177
-0.264033
-0.266351
-0.268737
-0.271206
-0.273772
-0.276452
-0.279261
-0.282225
-0.285258
-0.28957
-0.273377
-0.275645
-0.277954
-0.280315
-0.282738
-0.28524
-0.28784
-0.290563
-0.293443
-0.296525
-0.299871
-0.303529
-0.308979
-0.289625
-0.292093
-0.294662
-0.297353
-0.300184
-0.303176
-0.306351
-0.30973
-0.313341
-0.31721
-0.321356
-0.325946
-0.332264
-0.301608
-0.303414
-0.305293
-0.307282
-0.309427
-0.311788
-0.314445
-0.317506
-0.32112
-0.325488
-0.330912
-0.338254
-0.348299
0.0162808
0.016028
0.0157834
0.0155481
0.0153227
0.0151081
0.0149054
0.0147152
0.0145384
0.0143759
0.0142285
0.014097
0.0139821
0.0138847
0.0162353
0.0159809
0.0157353
0.0154988
0.0152724
0.0150569
0.0148532
0.0146622
0.0144849
0.014322
0.0141744
0.0140428
0.0139281
0.0138309
0.0161468
0.0158892
0.0156412
0.0154028
0.0151743
0.0149567
0.0147513
0.0145588
0.0143804
0.0142167
0.0140687
0.0139371
0.0138226
0.013726
0.0136481
0.0160163
0.015754
0.0155028
0.0152613
0.0150298
0.0148093
0.0146012
0.0144067
0.0142266
0.0140618
0.0139132
0.0137814
0.0136673
0.0135717
0.0134952
0.0158449
0.0155765
0.0153209
0.0150755
0.0148401
0.0146158
0.0144043
0.014207
0.0140248
0.0138586
0.0137092
0.0135774
0.0134639
0.0133695
0.0132949
0.0156331
0.0153572
0.0150964
0.0148462
0.0146059
0.0143769
0.0141613
0.0139606
0.0137759
0.013608
0.0134578
0.0133259
0.0132132
0.0131205
0.0130485
0.0153812
0.0150964
0.0148293
0.0145736
0.0143276
0.0140931
0.0138726
0.0136679
0.0134803
0.0133105
0.0131593
0.0130275
0.0129158
0.0128251
0.0127562
0.0150889
0.0147938
0.0145197
0.0142576
0.0140051
0.0137642
0.0135381
0.013329
0.0131381
0.0129662
0.0128141
0.0126824
0.012572
0.0124838
0.0124186
0.0147558
0.0144491
0.0141672
0.0138978
0.013638
0.0133901
0.0131578
0.0129437
0.0127492
0.0125751
0.0124219
0.0122906
0.0121819
0.0120967
0.0120359
0.0143812
0.0140617
0.013771
0.0134938
0.0132259
0.0129701
0.0127309
0.0125114
0.012313
0.0121366
0.0119825
0.0118518
0.0117451
0.0116636
0.011608
0.0139644
0.0136306
0.0133304
0.0130446
0.0127678
0.0125035
0.0122568
0.0120314
0.011829
0.0116501
0.0114953
0.0113654
0.0112613
0.011184
0.0111344
0.013504
0.0131547
0.0128443
0.0125492
0.0122628
0.0119891
0.0117344
0.0115028
0.0112961
0.0111149
0.0109595
0.0108308
0.0107297
0.0106574
0.0106147
0.0129988
0.0126326
0.0123112
0.0120062
0.0117094
0.0114257
0.0111624
0.0109243
0.0107133
0.0105297
0.010374
0.010247
0.0101497
0.010083
0.010048
0.0124473
0.0120628
0.0117298
0.0114141
0.0111063
0.010812
0.0105396
0.0102947
0.0100791
0.00989341
0.00973775
0.00961291
0.00951999
0.00946008
0.00943402
0.0118477
0.0114436
0.0110982
0.0107714
0.0104518
0.0101461
0.00986421
0.00961222
0.00939225
0.00920454
0.00904928
0.00892722
0.00883951
0.00878729
0.00877145
0.0111981
0.010773
0.0104147
0.010076
0.00974404
0.00942642
0.00913453
0.0088753
0.00865094
0.00846152
0.00830714
0.00818855
0.00810696
0.00806355
0.00805922
0.0104965
0.0100491
0.00967711
0.00932605
0.00898102
0.00865088
0.00834863
0.00808204
0.00785342
0.00766267
0.00750973
0.00739533
0.00732086
0.00728757
0.00729615
0.00974061
0.00926942
0.00888325
0.00851929
0.00816057
0.00781735
0.00750441
0.00723042
0.00699777
0.00680615
0.00665532
0.006546
0.00647963
0.00645775
0.00648081
0.00892802
0.00843164
0.00803071
0.00765334
0.00728035
0.00692353
0.00659964
0.00631829
0.00608193
0.00589002
0.00574214
0.0056389
0.00558119
0.00557266
0.00561205
0.00805612
0.00753314
0.00711692
0.00672568
0.00633785
0.00596698
0.00563193
0.00534333
0.00510369
0.00491221
0.00476835
0.00467288
0.00462747
0.00463177
0.00468872
0.00712215
0.00657112
0.00613914
0.0057336
0.00533043
0.00494508
0.00459874
0.0043031
0.00406067
0.00387034
0.00373137
0.00364442
0.00361097
0.00363193
0.00370883
0.00612313
0.00554263
0.00509446
0.00467425
0.00425526
0.00385508
0.00349742
0.00319503
0.00295043
0.00276215
0.00262917
0.00255219
0.0025327
0.00257183
0.0026708
0.00505591
0.00444451
0.00397979
0.0035446
0.00310938
0.00269411
0.00232517
0.00201648
0.00177048
0.00158526
0.0014596
0.00139418
0.00139047
0.00144972
0.00157307
0.00391716
0.00327342
0.00279186
0.00234145
0.00188967
0.00145914
0.00107911
0.000764688
0.000518182
0.000337234
0.000220359
0.00016822
0.000182282
0.000263814
0.000413978
0.00270331
0.00202586
0.00152725
0.00106147
0.000592887
0.000147018
-0.000243777
-0.0005632
-0.000809119
-0.000984437
-0.00109094
-0.00112793
-0.00109394
-0.000987738
-0.000808185
0.00141062
0.000698076
0.000182324
-0.00029888
-0.000784395
-0.00124553
-0.00164661
-0.00197012
-0.00221418
-0.00238231
-0.00247662
-0.00249651
-0.00244036
-0.00230693
-0.00209516
3.50836e-05
-0.000713849
-0.00124673
-0.00174327
-0.00224573
-0.0027219
-0.0031326
-0.00345908
-0.00369979
-0.00385894
-0.00393908
-0.00393996
-0.003859
-0.00369552
-0.0034486
-0.0014275
-0.00221406
-0.0027639
-0.00327557
-0.0037948
-0.0042856
-0.00470505
-0.00503315
-0.00526879
-0.00541692
-0.00548066
-0.00546045
-0.00535151
-0.00515516
-0.00487018
-0.00298161
-0.00380694
-0.00437339
-0.00489977
-0.00543545
-0.00594026
-0.00636733
-0.00669545
-0.00692403
-0.00705881
-0.00710312
-0.00705647
-0.0069192
-0.00668762
-0.00636164
-0.00463196
-0.00549707
-0.00607958
-0.00662007
-0.00717164
-0.00768958
-0.00812289
-0.00844915
-0.00866847
-0.00878753
-0.00881019
-0.00873642
-0.00856552
-0.00829511
-0.00792476
-0.00638353
-0.00728929
-0.00788706
-0.00844078
-0.00900742
-0.00953734
-0.00997518
-0.0102974
-0.0105049
-0.0106056
-0.0106037
-0.0104995
-0.010292
-0.00997935
-0.00956123
-0.00824162
-0.00918869
-0.00980061
-0.0103664
-0.010947
-0.0114874
-0.0119277
-0.0122433
-0.0124362
-0.0125153
-0.0124856
-0.0123476
-0.0121002
-0.011742
-0.0112726
-0.0102118
-0.0112006
-0.0118252
-0.0124015
-0.0129945
-0.0135435
-0.0139837
-0.0142898
-0.0144647
-0.0145189
-0.0144579
-0.0142826
-0.0139919
-0.0135845
-0.0130605
-0.0123
-0.0133306
-0.013966
-0.014551
-0.0151544
-0.0157096
-0.0161468
-0.0164398
-0.0165931
-0.0166185
-0.0165225
-0.0163061
-0.0159684
-0.0155083
-0.0149261
-0.0145124
-0.0155846
-0.0162285
-0.0168195
-0.0174311
-0.0179895
-0.0184201
-0.0186961
-0.0188236
-0.018816
-0.0186808
-0.0184194
-0.0180308
-0.0175145
-0.0168708
-0.0168556
-0.0179687
-0.0186181
-0.0192122
-0.0198287
-0.0203869
-0.0208068
-0.0210611
-0.0211581
-0.021113
-0.0209341
-0.0206234
-0.0201802
-0.019604
-0.0188957
-0.0193366
-0.0204894
-0.0211406
-0.0217341
-0.0223519
-0.0229055
-0.0233097
-0.0235372
-0.0235984
-0.0235106
-0.0232833
-0.0229189
-0.022417
-0.0217776
-0.0210016
-0.0219627
-0.0231534
-0.0238019
-0.0243903
-0.0250047
-0.0255487
-0.0259316
-0.0261262
-0.0261457
-0.0260095
-0.0257287
-0.025306
-0.0247416
-0.0240357
-0.0231892
-0.0247418
-0.0259677
-0.0266082
-0.0271859
-0.0277916
-0.0283199
-0.0286748
-0.0288297
-0.0288007
-0.0286101
-0.0282701
-0.0277845
-0.0271536
-0.0263781
-0.025459
-0.0276821
-0.0289397
-0.0295657
-0.0301261
-0.0307164
-0.0312219
-0.0315412
-0.0316485
-0.0315636
-0.0313118
-0.0309069
-0.0303534
-0.0296523
-0.0288045
-0.027811
-0.0307922
-0.0320771
-0.0326807
-0.0332161
-0.0337832
-0.0342575
-0.0345321
-0.034583
-0.034434
-0.0341135
-0.0336374
-0.033011
-0.032236
-0.0313138
-0.030245
-0.0340814
-0.0353878
-0.0359597
-0.0364608
-0.0369955
-0.0374289
-0.0376486
-0.0376329
-0.0374104
-0.0370132
-0.0364592
-0.0357549
-0.0349029
-0.0339046
-0.0327604
-0.0375594
-0.0388801
-0.0394094
-0.0398652
-0.0403567
-0.0407376
-0.0408906
-0.0407969
-0.0404905
-0.0400077
-0.0393688
-0.0385818
-0.0376498
-0.0365746
-0.0353561
-0.0412364
-0.0425627
-0.0430363
-0.0434341
-0.0438696
-0.0441848
-0.0442576
-0.0440729
-0.0436709
-0.0430928
-0.0423617
-0.0414871
-0.0404729
-0.039321
-0.0380306
-0.0451233
-0.0464445
-0.0468473
-0.0471719
-0.0475367
-0.0477709
-0.047748
-0.0474575
-0.0469472
-0.0462633
-0.0454321
-0.044465
-0.0433669
-0.0421399
-0.0407817
-0.0492315
-0.0505348
-0.050849
-0.051083
-0.0513599
-0.0514954
-0.051359
-0.0509463
-0.0503131
-0.0495119
-0.0485724
-0.0475084
-0.046326
-0.0450268
-0.0436068
-0.0535732
-0.0548432
-0.0550481
-0.0551713
-0.0553403
-0.0553569
-0.0550869
-0.0545333
-0.0537612
-0.05283
-0.0517738
-0.0506088
-0.0493423
-0.0479757
-0.0465026
-0.058161
-0.0593797
-0.0594513
-0.0594403
-0.0594786
-0.0593531
-0.0589265
-0.0582108
-0.0572819
-0.0562071
-0.0550253
-0.0537556
-0.052407
-0.05098
-0.0494651
-0.0630083
-0.0641544
-0.0640651
-0.0638931
-0.0637745
-0.0634802
-0.0628711
-0.0619695
-0.0608639
-0.0596305
-0.0583138
-0.0569366
-0.0555094
-0.0540315
-0.0524894
-0.0681294
-0.0691779
-0.0688959
-0.0685322
-0.0682268
-0.0677336
-0.0669124
-0.0657982
-0.0644937
-0.0630852
-0.0616241
-0.0601374
-0.0586369
-0.0571206
-0.0555701
-0.073539
-0.0744611
-0.07395
-0.0733597
-0.0728334
-0.0721069
-0.0710403
-0.0696834
-0.0681551
-0.0665538
-0.0649384
-0.0633408
-0.0617747
-0.0602364
-0.0587007
-0.0792529
-0.0800151
-0.0792336
-0.078377
-0.0775912
-0.0765926
-0.0752428
-0.0736093
-0.0718297
-0.0700158
-0.0682358
-0.0665273
-0.0649063
-0.0633663
-0.061874
-0.0852873
-0.0858514
-0.0847526
-0.0835849
-0.082496
-0.0811814
-0.079506
-0.0775577
-0.0754958
-0.0734479
-0.0714924
-0.0696744
-0.0680122
-0.0664958
-0.0650818
-0.0916595
-0.0919818
-0.0905127
-0.0889837
-0.0875427
-0.0858626
-0.0838136
-0.0815077
-0.0791289
-0.0768231
-0.0746815
-0.0727565
-0.0710703
-0.0696086
-0.0683152
-0.0983875
-0.0984184
-0.0965196
-0.0945729
-0.0927249
-0.090624
-0.0881473
-0.0854354
-0.0827011
-0.0801113
-0.0777719
-0.075745
-0.074056
-0.0726862
-0.0715641
-0.10549
-0.105174
-0.102779
-0.100352
-0.0980358
-0.0954517
-0.0924865
-0.0893143
-0.0861809
-0.0832779
-0.0807288
-0.0786072
-0.0769422
-0.0757082
-0.0748178
-0.112987
-0.112261
-0.109296
-0.106319
-0.103468
-0.100331
-0.0968083
-0.0931144
-0.0895333
-0.0862848
-0.083513
-0.0813057
-0.0796966
-0.0786528
-0.0780654
-0.1209
-0.119693
-0.116076
-0.112475
-0.109012
-0.105244
-0.101087
-0.0968029
-0.0927193
-0.0890893
-0.0860811
-0.0837997
-0.0822852
-0.0814952
-0.0812949
-0.12925
-0.127484
-0.123126
-0.118817
-0.114661
-0.110175
-0.105297
-0.100344
-0.0956962
-0.0916441
-0.0883846
-0.0860438
-0.0846696
-0.0842088
-0.0844942
-0.13806
-0.135649
-0.130451
-0.125347
-0.120408
-0.115105
-0.109407
-0.103698
-0.0984171
-0.0938972
-0.0903698
-0.0879875
-0.0868073
-0.0867631
-0.0876502
-0.147354
-0.144201
-0.138061
-0.132068
-0.126246
-0.120014
-0.113385
-0.106823
-0.100831
-0.0957913
-0.0919776
-0.0895745
-0.0886512
-0.0891256
-0.0907494
-0.157154
-0.153156
-0.145966
-0.138987
-0.132171
-0.124885
-0.1172
-0.109674
-0.102883
-0.0972635
-0.0931421
-0.0907425
-0.0901481
-0.0912593
-0.093776
-0.167481
-0.162524
-0.154179
-0.146113
-0.13818
-0.129696
-0.120816
-0.112203
-0.104512
-0.0982454
-0.0937911
-0.0914216
-0.0912379
-0.09312
-0.0967086
-0.178347
-0.172316
-0.162721
-0.153466
-0.144273
-0.134427
-0.124197
-0.114362
-0.105657
-0.0986627
-0.093845
-0.0915337
-0.0918503
-0.0946528
-0.0995145
-0.18975
-0.182535
-0.171618
-0.16107
-0.150451
-0.139061
-0.127312
-0.1161
-0.106251
-0.0984381
-0.093219
-0.0909918
-0.091903
-0.0957869
-0.102141
-0.201664
-0.193175
-0.180907
-0.168957
-0.156719
-0.143582
-0.13013
-0.117375
-0.106235
-0.0974962
-0.0918271
-0.0897031
-0.0912998
-0.09643
-0.104506
-0.214026
-0.204223
-0.190637
-0.177163
-0.163084
-0.147984
-0.132638
-0.118155
-0.10556
-0.0957747
-0.0895926
-0.0875758
-0.0899345
-0.0964641
-0.106488
-0.226718
-0.21565
-0.200865
-0.185729
-0.169559
-0.152279
-0.134842
-0.118437
-0.104212
-0.0932454
-0.0864682
-0.0845372
-0.087703
-0.095751
-0.107921
-0.239556
-0.227416
-0.21165
-0.194689
-0.176172
-0.15651
-0.136791
-0.11827
-0.102239
-0.0899473
-0.0824707
-0.0805665
-0.0845323
-0.0941569
-0.108608
-0.252289
-0.23947
-0.223031
-0.20406
-0.182972
-0.160772
-0.138603
-0.117783
-0.0997821
-0.0860258
-0.0777263
-0.0757464
-0.0804374
-0.0916098
-0.108381
-0.264657
-0.251765
-0.23499
-0.213824
-0.190026
-0.165198
-0.140474
-0.117225
-0.0971175
-0.0817729
-0.0725185
-0.0703217
-0.0755931
-0.088186
-0.107191
-0.276484
-0.264289
-0.247419
-0.223929
-0.197452
-0.170014
-0.142692
-0.116949
-0.094688
-0.0776653
-0.06732
-0.0647312
-0.0703696
-0.0841597
-0.105195
-0.287898
-0.277045
-0.260105
-0.234349
-0.205429
-0.175487
-0.145622
-0.117483
-0.093084
-0.0743518
-0.0627153
-0.0594893
-0.0652053
-0.0799
-0.102715
-0.300113
-0.289975
-0.272789
-0.245121
-0.214187
-0.181886
-0.149562
-0.119086
-0.0926602
-0.0722409
-0.0590755
-0.0549276
-0.0604247
-0.0757544
-0.100154
-0.315907
-0.302486
-0.28465
-0.255699
-0.223456
-0.189144
-0.154677
-0.121959
-0.0934011
-0.0708803
-0.0568268
-0.0519535
-0.0571925
-0.0728956
-0.0983922
-0.333036
-0.308337
-0.28984
-0.260369
-0.228573
-0.19406
-0.159508
-0.126697
-0.0982455
-0.0755758
-0.0607
-0.0551103
-0.0595465
-0.0743054
-0.0987882
-0.339377
-0.309537
-0.290959
-0.260718
-0.228741
-0.193808
-0.159051
-0.126139
-0.0977175
-0.0750284
-0.0606485
-0.0553242
-0.0600885
-0.0752701
-0.34281
-0.308898
-0.290517
-0.259373
-0.227072
-0.191718
-0.156871
-0.124087
-0.0960572
-0.0738849
-0.0601777
-0.0556072
-0.0612028
-0.077251
-0.345312
-0.308213
-0.290262
-0.25838
-0.225885
-0.190225
-0.155375
-0.122763
-0.0951453
-0.0734408
-0.0602779
-0.056347
-0.0626406
-0.0793974
-0.347272
-0.307589
-0.290192
-0.257655
-0.225078
-0.189198
-0.154412
-0.121999
-0.0947708
-0.0734728
-0.0608237
-0.0574307
-0.0643001
-0.081641
-0.348639
-0.306881
-0.290094
-0.256949
-0.224367
-0.188339
-0.15369
-0.121533
-0.0947224
-0.0738348
-0.0616894
-0.0587968
-0.0661886
-0.0840526
-0.349471
-0.306121
-0.28996
-0.256268
-0.223761
-0.187665
-0.153229
-0.121392
-0.0950366
-0.0745434
-0.06288
-0.0604493
-0.0683119
-0.0866385
-0.349866
-0.305369
-0.289825
-0.255663
-0.223318
-0.187237
-0.153089
-0.121638
-0.0958197
-0.0756194
-0.0644123
-0.0623959
-0.0706681
-0.0893889
-0.349906
-0.304662
-0.289703
-0.255158
-0.223063
-0.187083
-0.153292
-0.12229
-0.0972901
-0.0770751
-0.0662902
-0.0646387
-0.0732559
-0.0922996
-0.349664
-0.30402
-0.289606
-0.254771
-0.223014
-0.187217
-0.15385
-0.123325
-0.0993243
-0.0789375
-0.0685167
-0.0671801
-0.0760762
-0.0953697
-0.349204
-0.303463
-0.289547
-0.254523
-0.223188
-0.18766
-0.154778
-0.124731
-0.0992321
-0.0811938
-0.0711003
-0.0700245
-0.0791311
-0.0985981
-0.348582
-0.303005
-0.289544
-0.254438
-0.223608
-0.18843
-0.156089
-0.126556
-0.10163
-0.0838777
-0.0740471
-0.0731775
-0.082423
-0.101984
-0.347846
-0.302659
-0.289615
-0.254539
-0.224292
-0.189543
-0.1578
-0.128806
-0.104471
-0.0869874
-0.0773654
-0.0766447
-0.0859546
-0.347039
-0.302437
-0.289777
-0.254844
-0.225257
-0.191016
-0.159929
-0.13151
-0.107648
-0.0905152
-0.0810625
-0.0804324
-0.0897286
-0.346192
-0.302351
-0.290056
-0.25537
-0.226519
-0.192861
-0.162475
-0.134702
-0.111271
-0.094473
-0.0851459
-0.0845465
-0.0937473
-0.345338
-0.302386
-0.290494
-0.256163
-0.228128
-0.195102
-0.165368
-0.138406
-0.115357
-0.0988719
-0.0896232
-0.0889926
-0.0980127
-0.344552
-0.302516
-0.291107
-0.257243
-0.230042
-0.197751
-0.168903
-0.142373
-0.119927
-0.103722
-0.0945011
-0.0937757
-0.102526
-0.343916
-0.3029
-0.291753
-0.258597
-0.232298
-0.200804
-0.17287
-0.146865
-0.12498
-0.109035
-0.0997849
-0.0988995
-0.107287
-0.34316
-0.303661
-0.29263
-0.260247
-0.234911
-0.204272
-0.17728
-0.151989
-0.130476
-0.114837
-0.105478
-0.104367
-0.112294
-0.342265
-0.304496
-0.293738
-0.262211
-0.237886
-0.208167
-0.182164
-0.157757
-0.136469
-0.121144
-0.111581
-0.110177
-0.117545
-0.3416
-0.305477
-0.295064
-0.264498
-0.241229
-0.212494
-0.187522
-0.164203
-0.143104
-0.127826
-0.11809
-0.116331
-0.123036
-0.341114
-0.306666
-0.296623
-0.267115
-0.244947
-0.217257
-0.193338
-0.170375
-0.150233
-0.134998
-0.125008
-0.122822
-0.12876
-0.340775
-0.308068
-0.29843
-0.270067
-0.249044
-0.222459
-0.199608
-0.177109
-0.157829
-0.142655
-0.132357
-0.129644
-0.134707
-0.340599
-0.309679
-0.300494
-0.273359
-0.253524
-0.228103
-0.20634
-0.184542
-0.165909
-0.150812
-0.140103
-0.136792
-0.140868
-0.340605
-0.311505
-0.302821
-0.276993
-0.258387
-0.234192
-0.213549
-0.192494
-0.174474
-0.159388
-0.148277
-0.144255
-0.147228
-0.340802
-0.313549
-0.305416
-0.280968
-0.263635
-0.240726
-0.22124
-0.200976
-0.183524
-0.16839
-0.156823
-0.152015
-0.15377
-0.341199
-0.315812
-0.308283
-0.285285
-0.269266
-0.247703
-0.229409
-0.209982
-0.193051
-0.177807
-0.165712
-0.160055
-0.160477
-0.341803
-0.318294
-0.311423
-0.28994
-0.275279
-0.255119
-0.238052
-0.219491
-0.203039
-0.187636
-0.174872
-0.168391
-0.167327
-0.342619
-0.320993
-0.314835
-0.294928
-0.28167
-0.262969
-0.247162
-0.229482
-0.213468
-0.197854
-0.184259
-0.177011
-0.343649
-0.323906
-0.318517
-0.300243
-0.288431
-0.271243
-0.256724
-0.239934
-0.224312
-0.208433
-0.194282
-0.18544
-0.344894
-0.327028
-0.322465
-0.305878
-0.295555
-0.27993
-0.266721
-0.25082
-0.235542
-0.219335
-0.204472
-0.194059
-0.346353
-0.330354
-0.326674
-0.311821
-0.303031
-0.289014
-0.277134
-0.262111
-0.247124
-0.230521
-0.214805
-0.202826
-0.348023
-0.333875
-0.331135
-0.318062
-0.310845
-0.298475
-0.287936
-0.273774
-0.25902
-0.241949
-0.225266
-0.211686
-0.349898
-0.337583
-0.33584
-0.324585
-0.318979
-0.308292
-0.2991
-0.285771
-0.271188
-0.253574
-0.235823
-0.220597
-0.351972
-0.341468
-0.340777
-0.331375
-0.327414
-0.318436
-0.310592
-0.298063
-0.283586
-0.265354
-0.246438
-0.22952
-0.354237
-0.345517
-0.345934
-0.338412
-0.336128
-0.328879
-0.322376
-0.310607
-0.29617
-0.277241
-0.257073
-0.238416
-0.356684
-0.349717
-0.351293
-0.345674
-0.345093
-0.339585
-0.334412
-0.323357
-0.308892
-0.289193
-0.267689
-0.247249
-0.359301
-0.354054
-0.356839
-0.353138
-0.35428
-0.350518
-0.346658
-0.336268
-0.321709
-0.301165
-0.278248
-0.255984
-0.362075
-0.358512
-0.362552
-0.360777
-0.363656
-0.361636
-0.359069
-0.349292
-0.334573
-0.313115
-0.288713
-0.264586
-0.364993
-0.363074
-0.368409
-0.368562
-0.373187
-0.372896
-0.371609
-0.362381
-0.347442
-0.325003
-0.299049
-0.273024
-0.368039
-0.36772
-0.374387
-0.376462
-0.382833
-0.384251
-0.384218
-0.375486
-0.36027
-0.336791
-0.309225
-0.281269
-0.371197
-0.372431
-0.380461
-0.384444
-0.392557
-0.395654
-0.396374
-0.388558
-0.373019
-0.348444
-0.319211
-0.289294
-0.374448
-0.377186
-0.386603
-0.392474
-0.402315
-0.407064
-0.408956
-0.401561
-0.385647
-0.359928
-0.32898
-0.297077
-0.377773
-0.381962
-0.392784
-0.400515
-0.412067
-0.418434
-0.421441
-0.414449
-0.398119
-0.371214
-0.338509
-0.304599
-0.381152
-0.386736
-0.398975
-0.408529
-0.421768
-0.429716
-0.433781
-0.427178
-0.410401
-0.382275
-0.347778
-0.311842
-0.384565
-0.391483
-0.405143
-0.41648
-0.431375
-0.440862
-0.445947
-0.439706
-0.422458
-0.393087
-0.356766
-0.318798
-0.387989
-0.396181
-0.411257
-0.424328
-0.440843
-0.451827
-0.457894
-0.451995
-0.434261
-0.403627
-0.365454
-0.325461
-0.391401
-0.400803
-0.417286
-0.432036
-0.450131
-0.462563
-0.46958
-0.464008
-0.445782
-0.413878
-0.373891
-0.331766
-0.39478
-0.405325
-0.423197
-0.439566
-0.459194
-0.473029
-0.480964
-0.475711
-0.456996
-0.423822
-0.38201
-0.337765
-0.398102
-0.409723
-0.428959
-0.446883
-0.467994
-0.483181
-0.492007
-0.48707
-0.467877
-0.433445
-0.389805
-0.343454
)
;

boundaryField
{
    inlet
    {
        type            zeroGradient;
    }
    outlet
    {
        type            fixedValue;
        value           nonuniform 0();
    }
    cylinder
    {
        type            zeroGradient;
    }
    top
    {
        type            symmetryPlane;
    }
    bottom
    {
        type            symmetryPlane;
    }
    frontAndBack
    {
        type            empty;
    }
    procBoundary4to3
    {
        type            processor;
        value           nonuniform List<scalar> 
323
(
-0.367447
-0.368357
-0.369264
-0.370164
-0.37105
-0.371921
-0.37277
-0.373595
-0.374393
-0.37516
-0.375893
-0.376592
-0.377253
-0.377574
-0.377574
-0.378116
-0.37862
-0.379086
-0.379515
-0.379907
-0.380265
-0.380034
-0.380034
-0.380288
-0.380514
-0.380715
-0.380182
-0.380182
-0.380297
-0.380397
-0.380487
-0.379645
-0.379645
-0.379669
-0.379696
-0.37973
-0.378579
-0.378579
-0.378576
-0.378597
-0.377215
-0.377215
-0.377226
-0.37728
-0.375731
-0.375731
-0.375816
-0.374213
-0.374213
-0.374362
-0.372803
-0.372803
-0.373052
-0.373395
-0.372028
-0.372028
-0.372516
-0.371411
-0.371411
-0.372062
-0.371265
-0.371265
-0.370723
-0.370723
-0.371561
-0.371238
-0.371238
-0.372138
-0.371825
-0.371825
-0.371375
-0.371375
-0.371976
-0.370829
-0.370829
-0.368791
-0.368791
-0.365905
-0.365905
-0.364789
-0.358732
-0.358732
-0.353771
-0.353771
-0.322609
-0.322609
-0.331272
-0.331272
-0.342201
-0.342201
-0.350802
-0.35178
-0.35178
-0.359159
-0.359159
-0.365466
-0.365736
-0.365736
-0.370932
-0.370932
-0.375234
-0.375133
-0.375133
-0.378426
-0.378156
-0.378156
-0.380486
-0.380486
-0.382063
-0.381477
-0.381477
-0.382262
-0.381496
-0.381496
-0.381607
-0.38068
-0.38068
-0.380244
-0.379186
-0.3781
-0.3781
-0.377182
-0.376022
-0.376022
-0.374829
-0.373638
-0.37246
-0.37246
-0.371088
-0.369938
-0.368824
-0.368824
-0.367398
-0.366363
-0.365384
-0.364464
-0.364464
-0.363131
-0.362341
-0.361626
-0.361626
-0.360396
-0.359837
-0.359362
-0.358971
-0.358665
-0.358665
-0.357742
-0.357615
-0.357574
-0.357618
-0.357744
-0.357949
-0.358231
-0.358231
-0.357841
-0.358291
-0.358808
-0.359387
-0.360025
-0.360714
-0.36145
-0.362228
-0.363042
-0.363885
-0.364753
-0.36564
-0.36654
-0.337739
-0.328091
-0.314772
-0.303983
-0.303983
-0.290125
-0.276098
-0.262245
-0.248678
-0.235451
-0.222623
-0.210222
-0.198273
-0.186787
-0.175773
-0.165233
-0.155166
-0.145565
-0.136422
-0.127726
-0.119463
-0.11162
-0.104182
-0.0971316
-0.090454
-0.0841327
-0.0781519
-0.0724957
-0.0671486
-0.0620955
-0.057322
-0.0528139
-0.0485578
-0.0445407
-0.0407502
-0.0371745
-0.0338022
-0.0306228
-0.0276259
-0.0248019
-0.0221416
-0.0196363
-0.0172777
-0.015058
-0.0129699
-0.0110064
-0.00936457
-0.00936457
-0.00761488
-0.00597219
-0.00443083
-0.00298546
-0.00163104
-0.000362816
0.000823687
0.00193268
0.00296812
0.00393373
0.00483299
0.00566915
0.00644526
0.00716414
0.00782839
0.00844044
0.00900247
0.00951647
0.00998422
0.0104073
0.0107869
0.0111243
0.0114202
0.0116752
0.0118567
0.0118567
0.0120314
0.0121647
0.0122552
0.0123027
0.016908
0.0168658
0.0167874
0.0166719
0.0166719
0.016569
0.0163846
0.0161655
0.0159118
0.0156229
0.0152985
0.0149377
0.0145395
0.014103
0.0136268
0.0131095
0.0125495
0.0119451
0.0112945
0.0105957
0.00984639
0.00904441
0.00818725
0.00727229
0.00629675
0.00525764
0.00415183
0.00297597
0.0017265
0.000399643
-0.00100861
-0.00250251
-0.0040866
-0.00576568
-0.00754488
-0.00942966
-0.0114258
-0.0135395
-0.0157774
-0.0181464
-0.0206542
-0.0233086
-0.0261183
-0.0290924
-0.0322407
-0.0355735
-0.0391022
-0.0428385
-0.0467952
-0.0509859
-0.0554252
-0.0601284
-0.0651122
-0.070394
-0.0759924
-0.0819271
-0.088219
-0.0948899
-0.101963
-0.101963
-0.108174
-0.11606
-0.124422
-0.133287
-0.142682
-0.152636
-0.163178
-0.174335
-0.186136
-0.198608
-0.211764
-0.225627
-0.240182
-0.255203
-0.271141
-0.287244
-0.299848
)
;
    }
    procBoundary4to5
    {
        type            processor;
        value           nonuniform List<scalar> 
257
(
-0.304346
-0.307408
-0.310185
-0.312689
-0.31493
-0.316924
-0.318684
-0.320226
-0.321566
-0.322719
-0.323702
-0.324532
-0.325222
-0.32579
-0.326249
-0.326613
-0.326896
-0.327111
-0.327268
-0.327379
-0.327453
-0.327499
-0.327499
-0.260388
-0.259764
-0.259217
-0.258753
-0.258376
-0.258089
-0.257896
-0.257797
-0.257792
-0.257882
-0.258064
-0.258337
-0.258699
-0.259145
-0.259673
-0.260278
-0.260278
-0.199775
-0.20066
-0.201657
-0.20276
-0.203971
-0.205298
-0.206692
-0.208024
-0.209398
-0.211639
-0.214868
-0.214868
-0.161581
-0.153463
-0.143561
-0.134455
-0.125936
-0.118037
-0.110732
-0.103994
-0.0977862
-0.0920718
-0.0868109
-0.0819649
-0.0774963
-0.0733694
-0.0695505
-0.066008
-0.0627122
-0.0596358
-0.0567535
-0.054042
-0.0514803
-0.0490495
-0.0467327
-0.044515
-0.0423834
-0.0403267
-0.0383353
-0.0364014
-0.0345181
-0.0326804
-0.0308839
-0.0291255
-0.0274028
-0.0257142
-0.0240588
-0.0224361
-0.020846
-0.0192888
-0.0177651
-0.0162754
-0.0148207
-0.0134017
-0.0120193
-0.0106745
-0.00936799
-0.00810053
-0.00687282
-0.00568545
-0.00453889
-0.00343343
-0.00236937
-0.00134689
-0.00036609
0.000573183
0.0014702
0.00232651
0.00314157
0.00391562
0.00464889
0.00534194
0.00599498
0.0066083
0.0071822
0.00771695
0.00821275
0.00866975
0.00908802
0.00946752
0.00980813
0.0101095
0.0103713
0.0105926
0.0107727
0.0109104
0.0110042
0.0110523
0.0138052
0.013752
0.013752
0.0135893
0.0134385
0.013241
0.0129978
0.0127096
0.012377
0.0120001
0.0115789
0.011113
0.0106021
0.0100454
0.00944264
0.00879274
0.00809466
0.00734735
0.00654965
0.0057005
0.00479855
0.0038423
0.00283032
0.00176117
0.000633306
-0.000554841
-0.00180482
-0.00311822
-0.00449664
-0.00594171
-0.00745505
-0.0090383
-0.010693
-0.0124208
-0.0142229
-0.016101
-0.0180563
-0.0200899
-0.0222031
-0.0243968
-0.0266719
-0.0290289
-0.0314684
-0.0339907
-0.0365959
-0.039284
-0.0420545
-0.0449069
-0.0478406
-0.0508547
-0.0539482
-0.0571199
-0.0603688
-0.0636939
-0.0670944
-0.07057
-0.0741213
-0.0777494
-0.0814575
-0.0852498
-0.0891331
-0.0931155
-0.0972057
-0.101409
-0.105722
-0.11012
-0.114528
-0.118824
-0.12283
-0.126299
-0.12897
-0.130653
-0.131362
-0.131383
-0.131216
-0.131263
-0.130783
-0.10024
-0.10024
-0.103065
-0.105885
-0.108685
-0.111591
-0.114612
-0.11773
-0.120939
-0.124237
-0.127619
-0.131082
-0.105526
-0.105526
-0.109223
-0.113074
-0.117076
-0.121228
-0.125526
-0.129968
-0.134547
-0.139258
-0.144095
-0.14905
-0.154112
-0.159271
-0.164515
-0.169828
-0.175196
-0.174298
-0.174298
-0.181365
-0.188504
-0.195686
-0.202881
-0.21006
-0.217191
-0.224243
-0.231187
-0.237991
-0.244628
-0.251072
-0.257298
-0.263286
-0.269018
-0.274476
-0.27965
-0.284527
-0.289103
-0.293372
-0.297334
-0.30099
)
;
    }
}


// ************************************************************************* //
