/*--------------------------------*- C++ -*----------------------------------*\
  =========                 |
  \\      /  F ield         | OpenFOAM: The Open Source CFD Toolbox
   \\    /   O peration     | Website:  https://openfoam.org
    \\  /    A nd           | Version:  7
     \\/     M anipulation  |
\*---------------------------------------------------------------------------*/
FoamFile
{
    version     2.0;
    format      ascii;
    class       volScalarField;
    location    "160";
    object      p;
}
// * * * * * * * * * * * * * * * * * * * * * * * * * * * * * * * * * * * * * //

dimensions      [0 2 -2 0 0 0 0];

internalField   nonuniform List<scalar> 
4575
(
-0.254375
-0.229098
-0.224898
-0.24023
-0.265323
-0.282242
-0.276034
-0.246227
-0.204472
-0.163914
-0.1322
-0.111421
-0.101081
-0.0993989
-0.105075
-0.11955
-0.142916
-0.167545
-0.180761
-0.174685
-0.153392
-0.126868
-0.103241
-0.25321
-0.230333
-0.22869
-0.246483
-0.273337
-0.29059
-0.28346
-0.252085
-0.208653
-0.166643
-0.133782
-0.112066
-0.100876
-0.0984002
-0.103281
-0.116812
-0.139192
-0.163083
-0.176186
-0.170703
-0.150357
-0.124759
-0.101917
-0.2516
-0.231168
-0.232118
-0.252381
-0.280954
-0.298519
-0.290511
-0.257641
-0.212608
-0.169207
-0.135235
-0.11261
-0.100588
-0.0973295
-0.101421
-0.114012
-0.135402
-0.158553
-0.171548
-0.166665
-0.147269
-0.122596
-0.100539
-0.249522
-0.231575
-0.235151
-0.257885
-0.288133
-0.305997
-0.297164
-0.262883
-0.216334
-0.171606
-0.136566
-0.113058
-0.100223
-0.0961945
-0.0995069
-0.111161
-0.131557
-0.15397
-0.166857
-0.162578
-0.14413
-0.12038
-0.099107
-0.246957
-0.231534
-0.23776
-0.262958
-0.294834
-0.312994
-0.303404
-0.267803
-0.21983
-0.173844
-0.137778
-0.113416
-0.0997895
-0.0950031
-0.0975456
-0.108268
-0.127671
-0.149345
-0.162123
-0.158447
-0.140944
-0.118111
-0.0976207
-0.243891
-0.231028
-0.239922
-0.267568
-0.301021
-0.319486
-0.309212
-0.272395
-0.223095
-0.175923
-0.138877
-0.11369
-0.0992939
-0.0937629
-0.0955464
-0.105346
-0.123755
-0.144691
-0.157356
-0.15428
-0.137714
-0.115792
-0.09608
-0.240315
-0.230043
-0.241617
-0.271686
-0.306665
-0.325449
-0.314578
-0.276653
-0.226127
-0.177846
-0.139869
-0.113887
-0.098743
-0.0924817
-0.0935177
-0.102405
-0.119821
-0.14002
-0.152566
-0.150083
-0.134445
-0.113425
-0.0944853
-0.236228
-0.228575
-0.24283
-0.275285
-0.311737
-0.330867
-0.31949
-0.280573
-0.228928
-0.179618
-0.140759
-0.114012
-0.0981439
-0.0911668
-0.0914677
-0.0994542
-0.115881
-0.135343
-0.147762
-0.145861
-0.131139
-0.11101
-0.0928369
-0.231634
-0.226621
-0.243551
-0.278346
-0.316219
-0.335726
-0.323941
-0.284154
-0.2315
-0.181242
-0.141552
-0.114074
-0.0975032
-0.0898258
-0.0894044
-0.0965039
-0.111945
-0.130671
-0.142953
-0.14162
-0.1278
-0.10855
-0.0911356
-0.226544
-0.224187
-0.243775
-0.280852
-0.320093
-0.340015
-0.327926
-0.287393
-0.233845
-0.182723
-0.142255
-0.114077
-0.0968278
-0.0884658
-0.0873355
-0.0935633
-0.108024
-0.126015
-0.138147
-0.137367
-0.124432
-0.106047
-0.0893822
-0.220976
-0.221284
-0.243503
-0.282792
-0.323349
-0.343729
-0.331441
-0.290293
-0.235965
-0.184066
-0.142873
-0.114028
-0.0961242
-0.0870937
-0.0852683
-0.0906411
-0.104128
-0.121383
-0.133355
-0.133108
-0.121039
-0.103504
-0.0875779
-0.0779553
-0.214954
-0.217928
-0.242738
-0.284159
-0.325981
-0.346868
-0.334486
-0.292855
-0.237865
-0.185275
-0.143413
-0.113933
-0.0953986
-0.0857164
-0.0832099
-0.0877455
-0.100267
-0.116786
-0.128582
-0.128848
-0.117624
-0.100924
-0.0857241
-0.0767572
-0.20851
-0.214141
-0.24149
-0.284954
-0.327987
-0.349426
-0.337063
-0.295082
-0.239548
-0.186355
-0.14388
-0.113799
-0.0946571
-0.0843402
-0.0811669
-0.0848843
-0.0964484
-0.112231
-0.123838
-0.124592
-0.114192
-0.098308
-0.0838223
-0.0755006
-0.201682
-0.209952
-0.239774
-0.285179
-0.329373
-0.351273
-0.339176
-0.296978
-0.241021
-0.187313
-0.144281
-0.113632
-0.0939057
-0.0829714
-0.0791458
-0.0820646
-0.0926817
-0.107728
-0.119129
-0.120346
-0.110745
-0.0956603
-0.0818745
-0.074186
-0.194512
-0.20539
-0.237606
-0.284846
-0.330149
-0.352683
-0.34083
-0.298549
-0.242287
-0.188153
-0.14462
-0.113436
-0.0931499
-0.0816159
-0.0771524
-0.0792931
-0.0889748
-0.103284
-0.114463
-0.116116
-0.107289
-0.0929836
-0.0798827
-0.0728143
-0.187049
-0.200494
-0.235008
-0.283968
-0.330327
-0.353538
-0.342036
-0.2998
-0.243353
-0.188881
-0.144903
-0.113219
-0.0923951
-0.0802792
-0.0751924
-0.0765759
-0.085335
-0.0989053
-0.109847
-0.111907
-0.103826
-0.0902811
-0.0778492
-0.0713865
-0.179346
-0.1953
-0.232005
-0.282563
-0.329925
-0.353848
-0.342801
-0.300739
-0.244224
-0.189502
-0.145137
-0.112984
-0.0916464
-0.0789666
-0.0732711
-0.0739185
-0.0817692
-0.0945991
-0.105287
-0.107789
-0.10036
-0.0875562
-0.0757764
-0.0699041
-0.171458
-0.18985
-0.228626
-0.280652
-0.328961
-0.353631
-0.343138
-0.301374
-0.244906
-0.190021
-0.145325
-0.112737
-0.0909085
-0.0776829
-0.0713933
-0.0713259
-0.0782837
-0.0903714
-0.100789
-0.103607
-0.0968939
-0.0848121
-0.0736672
-0.0683687
-0.163444
-0.184187
-0.224898
-0.278263
-0.32746
-0.352906
-0.343058
-0.301712
-0.245407
-0.190444
-0.145473
-0.112484
-0.0901859
-0.0764325
-0.0695638
-0.0688028
-0.0748845
-0.0862279
-0.0963581
-0.0994336
-0.0934333
-0.0820524
-0.0715245
-0.0667821
-0.155361
-0.178354
-0.220856
-0.275422
-0.325448
-0.351693
-0.342575
-0.301763
-0.245732
-0.190776
-0.145585
-0.112228
-0.0894827
-0.0752198
-0.0677865
-0.0663531
-0.0715768
-0.0821741
-0.0920007
-0.0953054
-0.0899829
-0.0792807
-0.0693513
-0.0651465
-0.147268
-0.172394
-0.216531
-0.27216
-0.322953
-0.350014
-0.341703
-0.301536
-0.245888
-0.191022
-0.145667
-0.111974
-0.0888028
-0.0740484
-0.0660655
-0.0639805
-0.0683652
-0.0782148
-0.0877224
-0.0912354
-0.0865467
-0.0765006
-0.067151
-0.0634642
-0.139221
-0.166348
-0.211957
-0.26851
-0.320004
-0.347893
-0.340457
-0.30104
-0.245881
-0.191188
-0.145722
-0.111725
-0.0881497
-0.0729217
-0.0644041
-0.0616881
-0.0652539
-0.0743549
-0.0835284
-0.087226
-0.0831282
-0.0737159
-0.0649271
-0.061738
-0.131273
-0.160256
-0.207169
-0.264504
-0.316634
-0.345354
-0.338853
-0.300285
-0.245719
-0.191277
-0.145754
-0.111486
-0.0875268
-0.0718428
-0.0628056
-0.0594787
-0.0622465
-0.0705986
-0.0794234
-0.0832778
-0.0797309
-0.0709305
-0.062683
-0.0599705
-0.123472
-0.154156
-0.202199
-0.260178
-0.312874
-0.342421
-0.336908
-0.299282
-0.245408
-0.191295
-0.145766
-0.111259
-0.086937
-0.0708143
-0.0612726
-0.0573546
-0.0593461
-0.0669499
-0.0754115
-0.0793923
-0.0763588
-0.0681483
-0.0604227
-0.058165
-0.115863
-0.148082
-0.197081
-0.255565
-0.308756
-0.33912
-0.334636
-0.29804
-0.244953
-0.191245
-0.145763
-0.111049
-0.0863829
-0.0698386
-0.0598078
-0.0553178
-0.0565552
-0.0634125
-0.0714963
-0.0755731
-0.0730161
-0.0653733
-0.0581498
-0.0563246
-0.142065
-0.191845
-0.2507
-0.304313
-0.335477
-0.332056
-0.29657
-0.244363
-0.191133
-0.145746
-0.110857
-0.085867
-0.0689176
-0.0584132
-0.0533699
-0.0538758
-0.0599894
-0.0676811
-0.0718244
-0.0697073
-0.0626095
-0.0558683
-0.0544528
-0.136133
-0.186521
-0.245616
-0.299577
-0.331516
-0.329183
-0.294881
-0.243642
-0.190961
-0.14572
-0.110686
-0.0853915
-0.0680531
-0.0570905
-0.0515124
-0.0513095
-0.0566834
-0.0639693
-0.0681507
-0.0664369
-0.0598609
-0.0535822
-0.0525533
-0.13031
-0.181138
-0.240346
-0.294578
-0.327261
-0.326033
-0.292985
-0.242796
-0.190735
-0.145685
-0.110538
-0.0849582
-0.0672463
-0.0558413
-0.0497462
-0.0488575
-0.0534967
-0.0603636
-0.0645564
-0.0632099
-0.0571316
-0.0512954
-0.0506299
-0.124615
-0.175721
-0.23492
-0.289346
-0.322736
-0.322622
-0.29089
-0.241833
-0.190456
-0.145645
-0.110415
-0.0845689
-0.0664983
-0.0546665
-0.0480721
-0.0465205
-0.0504312
-0.0568667
-0.0610461
-0.0600313
-0.0544258
-0.0490122
-0.0486864
-0.119065
-0.170294
-0.229368
-0.28391
-0.317962
-0.318966
-0.288606
-0.240756
-0.190129
-0.145601
-0.110319
-0.0842247
-0.0658099
-0.0535668
-0.0464905
-0.044299
-0.0474882
-0.0534809
-0.0576239
-0.0569062
-0.0517479
-0.0467366
-0.0467271
-0.113674
-0.164877
-0.223717
-0.278296
-0.312962
-0.315078
-0.286144
-0.239571
-0.189755
-0.145555
-0.110249
-0.0839262
-0.0651811
-0.0525423
-0.0450015
-0.0421929
-0.0446685
-0.0502079
-0.0542939
-0.0538405
-0.0491022
-0.0444727
-0.044756
-0.108451
-0.159491
-0.217992
-0.272528
-0.307755
-0.310975
-0.283511
-0.238284
-0.189338
-0.145506
-0.110208
-0.0836748
-0.0646127
-0.0515934
-0.0436052
-0.0402023
-0.041973
-0.0470494
-0.0510597
-0.0508407
-0.0464936
-0.0422247
-0.0427773
-0.103404
-0.15415
-0.212215
-0.266627
-0.302355
-0.306667
-0.280717
-0.2369
-0.188883
-0.145463
-0.110201
-0.0834752
-0.0641078
-0.0507221
-0.0423032
-0.0383281
-0.0394026
-0.0440074
-0.0479259
-0.0479014
-0.0439271
-0.0399969
-0.0407955
-0.0985365
-0.148868
-0.206404
-0.260611
-0.296775
-0.302163
-0.277771
-0.235429
-0.1884
-0.145431
-0.110232
-0.0833308
-0.0636683
-0.0499287
-0.0410954
-0.0365694
-0.0369566
-0.0410813
-0.0448958
-0.0450321
-0.0414085
-0.037794
-0.0388151
-0.0938521
-0.143655
-0.200573
-0.254491
-0.291029
-0.297481
-0.274682
-0.233864
-0.187869
-0.145388
-0.110279
-0.0832225
-0.0632783
-0.0492003
-0.0399712
-0.0349174
-0.0346275
-0.038264
-0.0419655
-0.0427422
-0.0389426
-0.0356206
-0.0368407
-0.0893636
-0.138535
-0.194753
-0.248303
-0.285169
-0.29266
-0.271452
-0.23217
-0.187232
-0.145272
-0.11029
-0.0831106
-0.062909
-0.0485152
-0.0389154
-0.0333622
-0.032411
-0.0355497
-0.039121
-0.039939
-0.0365253
-0.0334777
-0.0348755
-0.0850728
-0.133521
-0.188971
-0.242085
-0.279197
-0.287703
-0.268095
-0.23038
-0.18655
-0.145157
-0.110337
-0.0830595
-0.0626155
-0.0479194
-0.0379677
-0.0319412
-0.0303455
-0.0329786
-0.0364007
-0.0372138
-0.0341688
-0.031369
-0.0329219
-0.128435
-0.182998
-0.235578
-0.272781
-0.282401
-0.264653
-0.228777
-0.186233
-0.145466
-0.110791
-0.0833678
-0.0626261
-0.0475854
-0.037261
-0.0307509
-0.0285008
-0.0306289
-0.0339289
-0.0347465
-0.0319672
-0.0293448
-0.0310043
-0.123077
-0.176509
-0.228355
-0.265642
-0.276623
-0.261131
-0.227428
-0.18634
-0.146224
-0.111643
-0.0839977
-0.0628784
-0.0474337
-0.036702
-0.0296694
-0.0267142
-0.0283187
-0.0315823
-0.0325785
-0.0300014
-0.0274891
-0.0291865
-0.119569
-0.171974
-0.223097
-0.260222
-0.271687
-0.257178
-0.224642
-0.184528
-0.14505
-0.110792
-0.0832247
-0.062001
-0.0463685
-0.0353911
-0.0279663
-0.024364
-0.0253127
-0.0283374
-0.0296449
-0.0274912
-0.0254155
-0.0273185
-0.119752
-0.172703
-0.224356
-0.259537
-0.2676
-0.250461
-0.216699
-0.176771
-0.138273
-0.105091
-0.078364
-0.0576546
-0.0421673
-0.0310807
-0.0233965
-0.0188807
-0.0179009
-0.0187253
-0.0188251
-0.0175649
-0.0176618
-0.0209834
-0.0290668
-0.118175
-0.164902
-0.208402
-0.237778
-0.244444
-0.228297
-0.19774
-0.161876
-0.127144
-0.0968991
-0.0721327
-0.0525145
-0.0375458
-0.0265288
-0.0184572
-0.0131721
-0.0114023
-0.0121276
-0.0127841
-0.012136
-0.011811
-0.015519
-0.0240569
-0.116697
-0.157756
-0.195236
-0.218954
-0.222967
-0.207692
-0.180183
-0.148084
-0.116762
-0.0891076
-0.0660803
-0.0474861
-0.032991
-0.0220633
-0.0137865
-0.00794214
-0.00526788
-0.00531785
-0.00578786
-0.00565152
-0.00623401
-0.0106127
-0.0197399
-0.114562
-0.15005
-0.180472
-0.199418
-0.201345
-0.187182
-0.162797
-0.134455
-0.106524
-0.0814527
-0.0601831
-0.0426528
-0.0286738
-0.0178961
-0.00951476
-0.00325358
0.000200831
0.000871344
0.000560297
0.000390938
-0.000843525
-0.0057181
-0.0151753
-0.110922
-0.140924
-0.165006
-0.179655
-0.180156
-0.167498
-0.146307
-0.121552
-0.0967808
-0.0741083
-0.0544979
-0.0380168
-0.0245782
-0.0139994
-0.00561519
0.000907736
0.00496619
0.00623151
0.00603439
0.00566998
0.00402934
-0.00105712
-0.0105192
-0.105734
-0.12867
-0.149273
-0.160545
-0.160224
-0.149197
-0.130975
-0.109457
-0.0875524
-0.0670961
-0.0490541
-0.0336065
-0.0207365
-0.0103983
-0.00209033
0.00455848
0.00905155
0.0108275
0.0107785
0.0102443
0.00830663
0.00321496
-0.00603263
-0.0999453
-0.11842
-0.134295
-0.142826
-0.142039
-0.132542
-0.116938
-0.0982664
-0.0789148
-0.0604749
-0.0438921
-0.0294443
-0.017164
-0.00710205
0.00107023
0.0077334
0.0125119
0.014721
0.0148313
0.0141874
0.0120336
0.00708581
-0.00180612
-0.0940232
-0.108507
-0.120578
-0.126912
-0.125814
-0.117627
-0.104242
-0.0880091
-0.0708926
-0.0542683
-0.039034
-0.025544
-0.0138686
-0.00411568
0.00388049
0.0104717
0.0154061
0.0179643
0.0182437
0.0171677
0.0152834
0.0106037
0.00217619
-0.088294
-0.0993524
-0.108382
-0.112917
-0.111546
-0.104405
-0.0928457
-0.0786702
-0.0634906
-0.0484901
-0.0344961
-0.0219145
-0.0108508
-0.0014375
0.00635613
0.0128139
0.0177979
0.0206229
0.0211212
0.0201076
0.0181723
0.0138357
0.00596437
-0.0829413
-0.09114
-0.0977014
-0.100738
-0.099088
-0.0927475
-0.0826641
-0.0702093
-0.0566981
-0.0431421
-0.0302855
-0.0185597
-0.0081055
0.000940572
0.00851338
0.0148004
0.0197531
0.0227673
0.0235148
0.0226317
0.0207633
0.0168423
0.00960253
-0.0779982
-0.0838406
-0.0883875
-0.0901704
-0.088237
-0.0824931
-0.0735928
-0.0625716
-0.0504931
-0.038218
-0.0264024
-0.0154792
-0.00562342
0.00303278
0.0103694
0.0164695
0.0213349
0.0244697
0.0254729
0.0247955
0.0231053
0.0196645
0.0131141
-0.0734224
-0.0773434
-0.0802507
-0.0809891
-0.0787783
-0.0734751
-0.0655221
-0.0556953
-0.0448468
-0.033705
-0.0228406
-0.0126685
-0.00339264
0.00485826
0.0119432
0.0178545
0.0226011
0.0258011
0.0270461
0.0266391
0.0252286
0.0223217
0.0165094
-0.0691541
-0.0715237
-0.0731036
-0.0729789
-0.0705114
-0.065536
-0.0583453
-0.0495163
-0.0397259
-0.0295859
-0.0195894
-0.0101195
-0.00139975
0.00643914
0.0132572
0.0189837
0.0236013
0.0268274
0.0282898
0.0281933
0.0271478
0.0248226
0.0198048
-0.0651329
-0.0662645
-0.0667795
-0.0659514
-0.0632591
-0.0585338
-0.0519625
-0.0439716
-0.0350941
-0.0258404
-0.0166341
-0.00782053
0.000369559
0.0077985
0.0143367
0.0198812
0.0243753
0.0276053
0.0292607
0.02949
0.0288708
0.0271785
0.023036
-0.0613084
-0.0614661
-0.0611379
-0.0597469
-0.0568691
-0.0523427
-0.046282
-0.0390001
-0.0309138
-0.0224453
-0.0139577
-0.00575684
0.00193042
0.00895872
0.0152092
0.0205705
0.0249531
0.0281801
0.0300101
0.0305661
0.0304065
0.0294015
0.0262522
-0.0576434
-0.0570482
-0.0560636
-0.0542326
-0.0512118
-0.0468528
-0.0412206
-0.0345439
-0.0271469
-0.0193761
-0.0115418
-0.00391181
0.00329894
0.00994061
0.0159018
0.0210759
0.0253573
0.0285849
0.0305782
0.031456
0.0317635
0.0314909
0.0294832
-0.0541116
-0.0529469
-0.0514627
-0.0492984
-0.0461776
-0.0419683
-0.0367034
-0.0305488
-0.0237559
-0.0166073
-0.00936669
-0.00226767
0.00449212
0.0107634
0.0164393
0.0214226
0.025607
0.0288419
0.0309927
0.0321853
0.0329471
0.0334131
0.0326699
-0.0506947
-0.0491118
-0.047259
-0.0448534
-0.0416738
-0.0376063
-0.032663
-0.0269643
-0.0207045
-0.0141129
-0.00741254
-0.000806327
0.00552744
0.011445
0.0168434
0.0216347
0.0257207
0.0289658
0.031269
0.0327662
0.0339573
0.0351082
0.0356212
-0.0473807
-0.0455035
-0.0433908
-0.0408223
-0.0376223
-0.0336947
-0.0290395
-0.0237437
-0.0179578
-0.0118671
-0.0056593
0.000490089
0.00642225
0.0120028
0.0171332
0.0217334
0.025717
0.0289685
0.0314143
0.0331973
0.0347797
0.0365176
0.0381006
-0.0441619
-0.0420911
-0.0398082
-0.0371429
-0.0339571
-0.0301714
-0.0257795
-0.0208446
-0.0154832
-0.00984503
-0.00408721
0.00163891
0.00719326
0.0124529
0.0173253
0.021737
0.0256137
0.0288619
0.0314331
0.0334705
0.0353892
0.0375786
0.0399191
-0.0410339
-0.0388507
-0.0364707
-0.0337637
-0.0306225
-0.0269828
-0.022836
-0.0182282
-0.0132502
-0.00802271
-0.0026771
0.00265674
0.00785618
0.0128107
0.0174347
0.0216608
0.0254262
0.0286577
0.0313296
0.0335785
0.0357637
0.0382546
0.0410097
-0.0379946
-0.0357635
-0.0333455
-0.0306423
-0.0275717
-0.024083
-0.0201675
-0.0158596
-0.0112305
-0.00637765
-0.0014107
0.00355929
0.00842559
0.0130901
0.0174747
0.0215184
0.0251676
0.0283677
0.0311099
0.0335182
0.0358922
0.0385436
0.0414341
-0.0350434
-0.032815
-0.030406
-0.0277433
-0.0247651
-0.0214324
-0.0177377
-0.0137076
-0.00939824
-0.00488889
-0.000270812
0.00436129
0.0089149
0.0133038
0.0174577
0.0213214
0.0248495
0.0280022
0.0307813
0.0332936
0.0357786
0.0384725
0.0413113
-0.0321803
-0.0299939
-0.0276309
-0.025038
-0.0221697
-0.0189972
-0.0155151
-0.0117443
-0.00773015
-0.00353717
0.000758515
0.00507631
0.00933634
0.0134633
0.0173944
0.0210802
0.024482
0.0275709
0.0303534
0.0329165
0.0354415
0.0380898
0.0407706
-0.0294063
-0.0272913
-0.0250026
-0.0225022
-0.0197577
-0.0167486
-0.013472
-0.00994525
-0.00620519
-0.00230491
0.00169191
0.0057168
0.00970095
0.0135789
0.0172948
0.0208044
0.0240745
0.0270831
0.0298384
0.0324045
0.0349113
0.0374555
0.0399296
-0.0267224
-0.0247004
-0.022507
-0.0201163
-0.017506
-0.0146623
-0.011585
-0.00828884
-0.00480462
-0.00117631
0.00254266
0.00629403
0.0100186
0.0136595
0.0171675
0.0205027
0.023636
0.0265497
0.0292497
0.0317791
0.0342241
0.0366312
0.0388857
-0.0241295
-0.0222157
-0.0201329
-0.0178641
-0.015395
-0.0127176
-0.00983353
-0.00675631
-0.00351192
-0.000137244
0.00332264
0.0068181
0.0102982
0.0137134
0.0170203
0.0201829
0.0231753
0.0259812
0.0286024
0.0310642
0.0334178
0.0356727
0.0377152
-0.0216287
-0.0198329
-0.0178709
-0.0157322
-0.0134088
-0.010897
-0.00820035
-0.00533141
-0.00231262
0.000824761
0.00404243
0.00729796
0.0105473
0.0137476
0.0168602
0.0198525
0.0227005
0.0253882
0.0279128
0.0302846
0.032528
0.0346277
0.0364759
-0.0192208
-0.0175486
-0.0157133
-0.0137096
-0.0115339
-0.0091859
-0.00667069
-0.00400019
-0.00119416
0.00172061
0.00471131
0.00774149
0.010773
0.0137684
0.0166932
0.0195179
0.0222195
0.0247814
0.0271965
0.0294632
0.0315863
0.033535
0.035211
-0.016906
-0.0153597
-0.013654
-0.0117873
-0.00975925
-0.00757208
-0.00523212
-0.00275079
-0.000145739
0.00255976
0.00533735
0.00815555
0.0109812
0.0137812
0.0165249
0.0191851
0.0217397
0.024171
0.0264681
0.0286203
0.0306194
0.0324258
0.0339517
-0.0146846
-0.0132638
-0.011688
-0.00995787
-0.00807569
-0.00604542
-0.00387423
-0.00157316
0.000841821
0.00335027
0.00592747
0.008546
0.0111768
0.0137907
0.01636
0.0188594
0.0212677
0.0235661
0.0257404
0.0277739
0.0296496
0.0313242
0.0327206
-0.0125565
-0.0112587
-0.00981078
-0.0082152
-0.00647568
-0.0045975
-0.00258835
-0.000458906
0.00177626
0.00409898
0.00648753
0.00891784
0.0113643
0.0138008
0.0162025
0.0185456
0.0208095
0.0229747
0.0250246
0.0269386
0.0286943
0.0302482
0.0315336
-0.0105213
-0.00934239
-0.00801893
-0.00655424
-0.00495306
-0.00322143
-0.00136734
0.000598941
0.00266402
0.0048116
0.00702242
0.0092752
0.0115471
0.0138149
0.0160558
0.0182476
0.0203701
0.0224036
0.0243299
0.026126
0.0277672
0.0292112
0.0304011
-0.00857808
-0.00751307
-0.00630936
-0.00497082
-0.00350275
-0.00191157
-0.000205349
0.00160609
0.00351038
0.0054928
0.00753616
0.00962145
0.0117283
0.0138357
0.0159227
0.0179685
0.0199537
0.0218584
0.0236636
0.0253452
0.0268782
0.0282224
0.0293297
-0.006726
-0.00576897
-0.00467943
-0.00346148
-0.0021206
-0.000663343
0.000902366
0.00256717
0.00431962
0.00614637
0.00803194
0.00995928
0.0119101
0.0138652
0.0158054
0.0177111
0.0195638
0.0213434
0.0230312
0.0246032
0.0260345
0.0272881
0.0283234
-0.00496383
-0.00410836
-0.00312683
-0.00202331
-0.000803233
0.000526963
0.00195961
0.00348586
0.00509515
0.00677528
0.00851226
0.0102907
0.0120941
0.0139049
0.0157054
0.0174773
0.0192026
0.020862
0.022437
0.0239053
0.0252408
0.0264117
0.0273835
-0.00329015
-0.00252954
-0.00164948
-0.00065386
0.000452136
0.00166232
0.00296941
0.00436509
0.0058396
0.00738181
0.00897901
0.0106173
0.0122815
0.0139558
0.0156237
0.0172681
0.0188719
0.0204164
0.0218838
0.0232524
0.024499
0.025595
0.0265104
-0.00170335
-0.0010308
-0.000245496
0.000648981
0.00164779
0.00274512
0.00393413
0.00520708
0.00655498
0.00796763
0.0094335
0.0109399
0.0124731
0.0140184
0.0155608
0.0170841
0.0185724
0.0200078
0.0213729
0.0226475
0.0238111
0.0248383
0.0257027
-0.000201666
0.000389571
0.00108688
0.00188704
0.00278562
0.00377726
0.00485561
0.00601352
0.00724273
0.00853392
0.00987657
0.0112591
0.012669
0.0140929
0.0155167
0.0169255
0.0183043
0.0196363
0.0209049
0.0220912
0.0231772
0.0241408
0.0249585
0.00121682
0.0017333
0.00234928
0.00306191
0.00386719
0.00476024
0.00573525
0.00678564
0.00790386
0.00908139
0.0103087
0.0115751
0.0128693
0.0141789
0.0154911
0.0167918
0.0180672
0.0193016
0.0204796
0.0215836
0.0225981
0.0235009
0.0242753
0.00255403
0.00300212
0.00354328
0.00417503
0.00489382
0.00569526
0.00657408
0.00752428
0.00853897
0.0096104
0.0107298
0.0118877
0.0130735
0.0142759
0.0154831
0.0166823
0.0178603
0.0190029
0.0200957
0.0211227
0.0220686
0.0229158
0.0236499
0.00381188
0.00419769
0.00467035
0.0052277
0.00586665
0.0065833
0.00737289
0.00823001
0.0091484
0.010121
0.0111399
0.0121964
0.0132809
0.014383
0.0154919
0.0165957
0.0176824
0.0187388
0.0197517
0.0207065
0.0215892
0.0223851
0.0230797
0.00499234
0.00532171
0.00573189
0.00622109
0.00678664
0.00742508
0.0081322
0.00890312
0.0097322
0.010613
0.0115385
0.0125006
0.0134906
0.0144991
0.0155161
0.0165308
0.017532
0.0185076
0.0194457
0.020333
0.021157
0.0219042
0.0225621
0.00609742
0.00637584
0.0067293
0.00715633
0.00765464
0.00822123
0.00885239
0.00954375
0.0102902
0.0110861
0.0119249
0.0127993
0.0137015
0.0146229
0.0155542
0.0164857
0.0174071
0.0183074
0.0191756
0.0199999
0.0207689
0.0214707
0.0220947
0.0071291
0.00736173
0.00766391
0.00803444
0.00847141
0.00897225
0.00953368
0.0101519
0.0108222
0.0115397
0.0122983
0.0130916
0.0139124
0.0147528
0.0156046
0.0164588
0.0173059
0.018136
0.0189391
0.0197045
0.020422
0.0210811
0.0216722
0.00808935
0.00828099
0.00853698
0.00885638
0.00923762
0.0096785
0.0101762
0.0107273
0.0113278
0.0119731
0.0126579
0.0133763
0.0141218
0.0148875
0.0156656
0.016448
0.0172262
0.0179912
0.0187337
0.0194443
0.0201137
0.0207325
0.0212923
0.0089801
0.00913521
0.00934975
0.00962307
0.00995387
0.0103403
0.01078
0.0112698
0.0118064
0.0123856
0.0130026
0.0136522
0.0143285
0.0150251
0.0157353
0.0164514
0.0171659
0.0178705
0.0185569
0.0192165
0.019841
0.020422
0.020952
0.00980321
0.00992588
0.0101034
0.0103353
0.0106207
0.0109579
0.0113449
0.0117792
0.0122575
0.0127763
0.0133314
0.0139179
0.0145308
0.0151641
0.0158117
0.0164669
0.0171227
0.0177715
0.0184061
0.0190185
0.0196012
0.0201468
0.0206485
0.0105604
0.0106543
0.0107989
0.0109939
0.0112385
0.0115315
0.011871
0.0122549
0.0126805
0.0131445
0.0136431
0.0141723
0.0147272
0.0153026
0.0158931
0.0164924
0.0170943
0.017692
0.0182787
0.0188476
0.0193916
0.0199041
0.020379
0.0112531
0.0113218
0.0114373
0.0115995
0.0118078
0.0120611
0.012358
0.0126966
0.0130746
0.013489
0.0139367
0.0144138
0.0149161
0.015439
0.0159774
0.0165258
0.0170785
0.0176294
0.0181724
0.0187012
0.0192095
0.0196913
0.020141
0.0118828
0.0119295
0.0120194
0.0121526
0.0123286
0.0125467
0.0128056
0.0131037
0.013439
0.0138091
0.0142109
0.0146411
0.015096
0.0155714
0.0160627
0.016565
0.0170731
0.0175816
0.0180848
0.018577
0.0190525
0.0195059
0.019932
0.0124504
0.0124781
0.0125457
0.0126534
0.0128011
0.0129881
0.0132134
0.0134756
0.0137731
0.0141035
0.0144644
0.0148528
0.0152652
0.0156981
0.0161471
0.016608
0.0170761
0.0175462
0.0180134
0.0184725
0.0189182
0.0193456
0.0197499
0.0129571
0.0129683
0.0130166
0.0131024
0.0132253
0.0133851
0.013581
0.0138116
0.0140757
0.0143712
0.014696
0.0150473
0.0154222
0.0158173
0.0162289
0.016653
0.0170852
0.0175212
0.0179562
0.0183856
0.0188045
0.0192083
0.0195926
0.0134033
0.0134006
0.0134325
0.0134993
0.013601
0.0137373
0.0139076
0.0141109
0.014346
0.0146111
0.0149044
0.0152233
0.0155654
0.0159274
0.0163061
0.0166978
0.0170987
0.0175046
0.0179112
0.0183142
0.0187092
0.019092
0.0194584
0.0137894
0.0137751
0.0137931
0.0138439
0.0139276
0.0140439
0.0141925
0.0143725
0.0145827
0.0148218
0.0150881
0.0153793
0.0156931
0.0160267
0.016377
0.0167409
0.0171146
0.0174944
0.0178764
0.0182565
0.0186307
0.0189951
0.0193455
0.0141153
0.0140914
0.014098
0.0141355
0.0142043
0.0143041
0.0144346
0.0145951
0.0147846
0.015002
0.0152456
0.0155136
0.0158037
0.0161134
0.01644
0.0167803
0.0171312
0.017489
0.0178502
0.0182109
0.0185674
0.018916
0.0192528
0.0143802
0.0143486
0.0143461
0.0143732
0.01443
0.0145165
0.0146325
0.0147774
0.0149503
0.0151501
0.0153755
0.0156247
0.0158956
0.016186
0.0164933
0.0168146
0.0171469
0.0174868
0.017831
0.018176
0.018518
0.0188536
0.0191792
0.0145827
0.0145455
0.0145362
0.0145553
0.0146031
0.0146796
0.0147846
0.0149176
0.0150779
0.0152644
0.0154759
0.0157108
0.0159672
0.0162429
0.0165354
0.0168422
0.0171603
0.0174865
0.0178178
0.0181506
0.0184815
0.0188071
0.019124
0.0147209
0.0146799
0.014666
0.0146798
0.0147215
0.0147912
0.0148888
0.0150137
0.0151655
0.015343
0.015545
0.0157702
0.0160166
0.0162823
0.0165648
0.0168617
0.0171701
0.0174871
0.0178094
0.0181339
0.0184572
0.018776
0.0190869
0.014792
0.014749
0.0147328
0.0147439
0.0147825
0.0148487
0.0149424
0.0150633
0.0152106
0.0153835
0.0155808
0.0158009
0.0160423
0.0163028
0.0165802
0.016872
0.0171754
0.0174876
0.0178053
0.0181256
0.0184449
0.0187602
0.019068
0.0116132
0.0117016
0.011816
0.0119562
0.0121219
0.0123125
0.0125273
0.0127654
0.0130257
0.0133069
0.0136075
0.0139258
0.0142602
0.0146088
0.0149695
0.0153403
0.0157192
0.016104
0.0164925
0.0168827
0.0172723
0.0176593
0.0115488
0.0116405
0.0117584
0.0119024
0.0120721
0.012267
0.0124862
0.0127288
0.0129936
0.0132794
0.0135845
0.0139072
0.0142459
0.0145985
0.0149631
0.0153376
0.0157199
0.0161079
0.0164993
0.0168922
0.0172842
0.0176734
0.0114238
0.0115218
0.0116466
0.0117981
0.0119758
0.0121789
0.0124067
0.0126581
0.0129318
0.0132264
0.0135403
0.0138716
0.0142186
0.0145791
0.0149512
0.0153328
0.0157217
0.0161158
0.0165128
0.0169108
0.0173076
0.017701
0.011241
0.0113483
0.0114835
0.0116461
0.0118355
0.0120509
0.0122915
0.0125558
0.0128427
0.0131503
0.013477
0.0138209
0.0141799
0.014552
0.014935
0.0153269
0.0157253
0.0161281
0.0165333
0.0169386
0.017342
0.0177415
0.0110024
0.0111223
0.0112713
0.0114486
0.0116537
0.0118855
0.0121428
0.0124244
0.0127284
0.0130532
0.0133967
0.0137569
0.0141317
0.0145188
0.014916
0.015321
0.0157317
0.0161457
0.0165611
0.0169758
0.0173877
0.0177948
0.0107096
0.0108455
0.0110118
0.0112078
0.0114325
0.0116848
0.0119632
0.0122661
0.0125915
0.0129375
0.0133017
0.0136821
0.0140761
0.0144815
0.0148958
0.0153167
0.015742
0.0161695
0.0165971
0.0170228
0.0174446
0.0178608
0.0103637
0.0105191
0.0107067
0.0109254
0.011174
0.011451
0.0117548
0.0120833
0.0124344
0.0128056
0.0131945
0.0135986
0.0140153
0.014442
0.0148763
0.0153156
0.0157578
0.0162006
0.016642
0.0170801
0.0175131
0.0179394
0.00996557
0.0101445
0.0103573
0.0106029
0.0108799
0.0111862
0.0115199
0.0118786
0.0122596
0.0126603
0.0130777
0.0135092
0.0139518
0.0144028
0.0148596
0.0153196
0.0157805
0.0162402
0.0166967
0.0171484
0.0175935
0.0180306
0.00951529
0.00972189
0.0099646
0.0102419
0.010552
0.0108926
0.011261
0.0116545
0.0120699
0.0125042
0.0129541
0.0134165
0.0138882
0.0143664
0.014848
0.0153306
0.0158119
0.0162897
0.0167624
0.0172283
0.0176861
0.0181345
0.00901313
0.00925218
0.00952974
0.00984393
0.0101924
0.0105723
0.0109805
0.0114137
0.0118682
0.0123404
0.0128268
0.0133236
0.0138275
0.0143353
0.0148439
0.0153508
0.0158537
0.0163506
0.01684
0.0173206
0.0177913
0.0182512
0.00845907
0.00873582
0.00905371
0.00941034
0.0098028
0.0102276
0.0106811
0.0111591
0.0116576
0.0121723
0.012699
0.0132337
0.0137727
0.0143125
0.0148499
0.0153824
0.0159078
0.0164243
0.0169306
0.0174259
0.0179093
0.0183805
0.00785291
0.00817325
0.00853752
0.00894274
0.00938535
0.00986119
0.0103657
0.0108941
0.0114416
0.0120033
0.0125744
0.0131504
0.0137272
0.0143011
0.0148688
0.0154278
0.0159761
0.0165122
0.0170352
0.0175447
0.0180402
0.0185222
0.00719422
0.00756494
0.00798226
0.00844282
0.00894231
0.00947568
0.0100375
0.0106222
0.011224
0.0118373
0.0124568
0.0130774
0.0136945
0.0143043
0.0149034
0.0154895
0.0160606
0.0166159
0.0171547
0.0176774
0.0181842
0.0186759
0.0064852
0.00691178
0.00738916
0.00791244
0.00847614
0.00907416
0.00970003
0.0103471
0.0110088
0.0116787
0.0123506
0.0130189
0.0136786
0.0143257
0.0149568
0.0155698
0.0161632
0.0167366
0.01729
0.0178245
0.018341
0.0188412
0.00572088
0.0062131
0.0067592
0.0073536
0.00798964
0.00866005
0.00935722
0.0100734
0.0108008
0.0115321
0.0122603
0.0129792
0.0136835
0.0143689
0.0150321
0.0156715
0.0162858
0.0168756
0.0174416
0.0179859
0.0185102
0.0190171
0.00490387
0.00547025
0.00609414
0.00676873
0.00748597
0.00823721
0.00901348
0.00980569
0.0106049
0.0114026
0.0121911
0.0129633
0.0137137
0.0144378
0.0151326
0.0157968
0.0164301
0.0170339
0.01761
0.0181615
0.0186911
0.0192026
0.00403343
0.004684
0.00539586
0.00616064
0.00696875
0.00780997
0.00867373
0.00954943
0.0104267
0.011296
0.0121483
0.0129763
0.0137737
0.0145364
0.0152614
0.0159484
0.0165979
0.0172124
0.0177951
0.0183506
0.0188826
0.0193961
0.00310964
0.00385545
0.00466648
0.00553249
0.00644209
0.00738322
0.00834349
0.00931056
0.0102725
0.0112183
0.0121382
0.0130238
0.0138687
0.0146689
0.015422
0.0161286
0.0167904
0.0174116
0.0179968
0.0185522
0.0190832
0.0195958
0.00213257
0.00298604
0.00390858
0.00488794
0.00591064
0.00696245
0.00802891
0.00909566
0.010149
0.0111765
0.012167
0.0131117
0.0140038
0.0148396
0.0156176
0.0163396
0.0170089
0.0176316
0.0182143
0.0187651
0.0192909
0.0197994
0.00110241
0.00207732
0.00312511
0.00423118
0.00537965
0.00655383
0.00773684
0.00891204
0.0100638
0.0111778
0.0122419
0.0132464
0.0141846
0.0150531
0.0158515
0.0165834
0.017254
0.0178721
0.0184461
0.0189869
0.0195031
0.020004
1.97148e-05
0.0011313
0.00231947
0.00356694
0.00485503
0.00616423
0.00747487
0.00876777
0.010025
0.0112304
0.0123705
0.0134349
0.0144168
0.0153138
0.0161268
0.0168616
0.0175261
0.0181319
0.0186905
0.0192151
0.0197166
0.0202062
-0.00111479
0.000150321
0.00149558
0.00290057
0.00434339
0.00580129
0.00725144
0.00867171
0.0100416
0.011343
0.0125609
0.0136843
0.0147065
0.0156262
0.0164465
0.0171756
0.0178249
0.0184096
0.0189444
0.0194461
0.0199275
0.0204018
-0.00230013
-0.000862867
0.000657889
0.00223809
0.00385211
0.00547347
0.00707579
0.00863361
0.0101236
0.0115252
0.012822
0.0140023
0.01506
0.0159951
0.0168131
0.017526
0.0181492
0.0187024
0.0192043
0.0196753
0.0201309
0.0205859
-0.00353509
-0.00190508
-0.000188593
0.00158619
0.00338933
0.0051901
0.00695808
0.00866406
0.0102814
0.0117872
0.0131632
0.0143972
0.0154837
0.0164247
0.0172289
0.017913
0.0184971
0.0190066
0.0194651
0.0198971
0.0203208
0.020753
-0.00481823
-0.00297273
-0.00103824
0.000952291
0.00296402
0.00496138
0.0069094
0.0087746
0.0105267
0.01214
0.0135944
0.0148775
0.0159842
0.0169194
0.0176958
0.0183356
0.0188656
0.0193174
0.0197207
0.0201047
0.0204905
0.0208963
-0.00614775
-0.00406176
-0.00188488
0.0003445
0.00258593
0.00479837
0.00694173
0.00897774
0.0108719
0.0125954
0.0141262
0.0154519
0.0165683
0.0174832
0.0182147
0.0187921
0.0192501
0.0196283
0.0199632
0.0202896
0.0206315
0.0210083
-0.00752169
-0.00516773
-0.00272174
-0.000228331
0.00226566
0.00471298
0.00706771
0.0092868
0.0113299
0.0131657
0.0147707
0.0161308
0.0172429
0.0181198
0.018786
0.0192793
0.0196445
0.0199309
0.0201831
0.0204419
0.0207343
0.0210802
-0.00893788
-0.00628579
-0.00354154
-0.000756731
0.00201465
0.00471817
0.00730071
0.0097151
0.0119163
0.0138681
0.0155421
0.0169236
0.0180151
0.0188323
0.0194086
0.0197925
0.0200408
0.0202148
0.0203686
0.0205496
0.0207876
0.0211021
-0.010394
-0.00741076
-0.00433647
-0.00123062
0.00184481
0.00482727
0.00765799
0.0102808
0.0126478
0.0147142
0.0164505
0.0178418
0.0188917
0.0196233
0.0200803
0.0203248
0.0204285
0.0204669
0.0205055
0.0205986
0.0207784
0.0210627
-0.0118876
-0.00853727
-0.00509833
-0.00163923
0.00176858
0.0050545
0.0081551
0.0109999
0.0135369
0.0157167
0.0175071
0.018892
0.0198774
0.0204934
0.0207972
0.0208671
0.0207942
0.0206712
0.0205766
0.0205722
0.0206916
0.0209493
-0.0134164
-0.00965981
-0.00581872
-0.00197185
0.00179932
0.00541523
0.00880148
0.0118845
0.0145988
0.0168913
0.0187258
0.020085
0.0209778
0.0214447
0.0215528
0.0214071
0.0211209
0.0208079
0.0205616
0.020451
0.0205102
0.0207478
-0.0149782
-0.0107729
-0.00648921
-0.00221725
0.00195059
0.00592429
0.00961848
0.0129521
0.0158503
0.0182533
0.0201198
0.0214307
0.022198
0.0224713
0.0223376
0.0219287
0.0213875
0.0208532
0.0204361
0.0202124
0.0202146
0.0204423
-0.0165714
-0.0118713
-0.00710148
-0.00236451
0.00223528
0.00659598
0.010621
0.0142194
0.0173076
0.0198176
0.021702
0.0229389
0.0235424
0.0235725
0.0231397
0.0224106
0.0215673
0.0207779
0.0201715
0.0198304
0.0197829
0.0200155
-0.0181946
-0.0129502
-0.00764761
-0.00240323
0.0026658
0.00744466
0.0118237
0.0157019
0.0189858
0.0215985
0.0234847
0.024618
0.0250134
0.0247435
0.0239531
0.0228253
0.0216275
0.0205475
0.0197342
0.0192752
0.0191904
0.0194482
-0.0198474
-0.0140055
-0.00812043
-0.00232369
0.00325365
0.00848386
0.0132402
0.0174131
0.0208985
0.0236088
0.0254789
0.0264751
0.0266112
0.0259715
0.0247305
0.0231355
0.0215283
0.0201203
0.0190846
0.0185125
0.0184097
0.0187195
-0.0215305
-0.0150339
-0.00851381
-0.00211774
0.00400889
0.00972601
0.014882
0.0193648
0.0230573
0.0258592
0.0276932
0.0285153
0.028334
0.0272439
0.0254599
0.0232971
0.0212221
0.0194465
0.0181767
0.0175035
0.0174104
0.0178072
-0.0232456
-0.0160337
-0.00882295
-0.00177883
0.00493854
0.0111821
0.0167569
0.0215652
0.0254704
0.0283574
0.030134
0.0307408
0.0301755
0.0285429
0.026107
0.0232502
0.0206519
0.0184668
0.0169569
0.0162048
0.0161596
0.0166874
-0.0249963
-0.0170046
-0.00904481
-0.00130219
0.00604522
0.0128293
0.0188661
0.0240186
0.0281418
0.0311066
0.0328031
0.0331496
0.0321245
0.0298421
0.0266333
0.0229176
0.0197519
0.0171097
0.0153632
0.0145674
0.0146214
0.0153351
-0.026788
-0.0179482
-0.00917843
-0.000685076
0.00733408
0.0146865
0.0212131
0.0267249
0.03107
0.0341043
0.0356966
0.0357345
0.034163
0.0311015
0.0269993
0.0227201
0.0184505
0.0152878
0.0133238
0.0125374
0.0127579
0.0137244
-0.0286283
-0.0188686
-0.0092257
7.16738e-05
0.00880689
0.0167729
0.0237976
0.0296783
0.0342461
0.0373398
0.0388031
0.0384802
0.036262
0.0322587
0.0270325
0.0215624
0.0165515
0.0128908
0.0107566
0.0100559
0.0105291
0.0118288
-0.0305278
-0.0197729
-0.00919206
0.000962793
0.0104564
0.0190683
0.026607
0.0328635
0.0376515
0.0407926
0.0421013
0.0413617
0.0383809
0.0332409
0.0266481
0.0198506
0.0139466
0.00979999
0.00757035
0.00705962
0.00789392
0.0096221
-0.0324997
-0.0206713
-0.00908657
0.00197819
0.0122689
0.0215478
0.0296202
0.0362555
0.0412562
0.0444291
0.0455564
0.0443398
0.0404615
0.0339514
0.025712
0.0173877
0.0104744
0.00587671
0.00366346
0.00348144
0.00481101
0.00707858
-0.0345608
-0.0215779
-0.00892283
0.0031026
0.0142263
0.0242012
0.0328084
0.0398181
0.0450166
0.0482002
0.0491173
0.0473573
0.0424218
0.0342586
0.0240351
0.0139419
0.00593116
0.000959664
-0.00107586
-0.000748293
0.00123955
0.00417429
-0.0367314
-0.0225106
-0.00871929
0.00431468
0.0163021
0.0269863
0.0361308
0.043502
0.0488735
0.0520384
0.0527139
0.050335
0.0441495
0.0339862
0.0213701
0.00923487
7.27927e-05
-0.00513597
-0.00676891
-0.00570034
-0.00285931
0.000888011
-0.0390358
-0.0234917
-0.00849953
0.00558694
0.0184625
0.0298618
0.0395357
0.0472441
0.0527503
0.0558573
0.0562561
0.0531726
0.0455022
0.0329171
0.0174205
0.00293177
-0.00739134
-0.0126183
-0.0135435
-0.0114441
-0.00752079
-0.00279726
-0.0415023
-0.0245482
-0.00829264
0.00688564
0.0206666
0.032777
0.0429595
0.0509667
0.056554
0.0595519
0.0596377
0.0557582
0.0463254
0.0308214
0.0118741
-0.00532617
-0.0167772
-0.0217071
-0.0215279
-0.0180439
-0.0127743
-0.00689275
-0.0441636
-0.0257118
-0.00813346
0.0081701
0.0228648
0.0356713
0.0463279
0.0545781
0.0601748
0.0630015
0.0627406
0.0579866
0.0465039
0.0275377
0.00449644
-0.0158302
-0.0283662
-0.0326056
-0.0308382
-0.0255536
-0.0186402
-0.0114022
-0.0470563
-0.0270192
-0.00806246
0.00939258
0.0249991
0.0384754
0.0495559
0.0579732
0.0634855
0.0660622
0.0654146
0.0597408
0.0460033
0.0230985
-0.00469455
-0.0286625
-0.042312
-0.0454536
-0.0415572
-0.0340071
-0.0251261
-0.0163204
-0.0502217
-0.0285121
-0.00812631
0.010498
0.0270044
0.0411113
0.0525494
0.0610327
0.0663345
0.0685404
0.0674104
0.060777
0.0447681
0.0177218
-0.0153249
-0.0435416
-0.0585214
-0.0602651
-0.0537048
-0.043407
-0.0322217
-0.0216315
-0.0537049
-0.0302366
-0.00837712
0.0114237
0.0288054
0.0434955
0.0552072
0.0636201
0.068532
0.0701572
0.068308
0.0605849
0.0424983
0.0116019
-0.0267933
-0.0598284
-0.0765933
-0.0768627
-0.0672053
-0.0537105
-0.0398931
-0.0273074
-0.0575552
-0.0322435
-0.00887309
0.0120985
0.0303206
0.045538
0.0574136
0.0655695
0.0698331
0.0705347
0.0675394
0.0584446
0.038595
0.00464962
-0.0386046
-0.0767252
-0.0958799
-0.0948664
-0.0818675
-0.0648184
-0.0480787
-0.0333074
-0.0207407
-0.0618254
-0.0345873
-0.00967925
0.0124432
0.0314645
0.0471368
0.059026
0.0666711
0.0699342
0.0692571
0.0645921
0.0537933
0.0324918
-0.00346807
-0.0505947
-0.0935832
-0.115628
-0.113744
-0.0973903
-0.0765712
-0.0566866
-0.0395769
-0.0253823
-0.0665711
-0.0373266
-0.0108689
0.012371
0.0321457
0.0481689
0.0598609
0.0666704
0.0685284
0.0660408
0.0593151
0.0466457
0.0241489
-0.0129538
-0.0628221
-0.110003
-0.135145
-0.132891
-0.113391
-0.088756
-0.065597
-0.046049
-0.0301878
-0.0718494
-0.0405246
-0.0125237
0.0117899
0.0322592
0.0484824
0.0596885
0.0653048
0.0654299
0.0609027
0.0519995
0.0375438
0.0141257
-0.0235557
-0.0752672
-0.12577
-0.154282
-0.151698
-0.129444
-0.101121
-0.0746672
-0.0526456
-0.0351138
-0.0777179
-0.0442495
-0.0147312
0.0106027
0.0316722
0.0478873
0.0583304
0.062394
0.0606704
0.0541384
0.0432039
0.0271887
0.00313341
-0.0346543
-0.0875467
-0.140622
-0.17159
-0.169556
-0.145117
-0.113395
-0.0837401
-0.05928
-0.04011
-0.0842373
-0.0485764
-0.0175822
0.00870003
0.0302142
0.0461432
0.0554247
0.0579025
0.054458
0.0462266
0.0335698
0.0162021
-0.0083484
-0.0458095
-0.0990376
-0.15411
-0.187279
-0.186038
-0.16001
-0.125302
-0.0926552
-0.065863
-0.0451224
-0.0914491
-0.0535742
-0.0211633
0.00594861
0.0276651
0.0429842
0.0508901
0.0519321
0.047101
0.0376921
0.0237453
0.00527058
-0.0197688
-0.0569204
-0.109721
-0.165738
-0.200965
-0.200772
-0.173788
-0.136587
-0.101246
-0.0722955
-0.0500904
-0.0994353
-0.0593081
-0.0255466
0.0021954
0.0237713
0.0380946
0.0444747
0.0444851
0.038926
0.0291107
0.0144699
-0.00469437
-0.0301028
-0.0674285
-0.120292
-0.176248
-0.212355
-0.213282
-0.186122
-0.147053
-0.109411
-0.0785146
-0.0549637
-0.108213
-0.0658856
-0.0308696
-0.0027284
0.0183943
0.0314865
0.0364311
0.0329687
0.0305092
0.0210326
0.00617013
-0.0133025
-0.0388102
-0.0764558
-0.130495
-0.187393
-0.223522
-0.223884
-0.196761
-0.156295
-0.11686
-0.0843679
-0.0596762
-0.117858
-0.0729645
-0.0366125
-0.00839583
0.0119866
0.0242337
0.0292086
0.0304407
0.0230173
0.0127538
-0.00264212
-0.0226519
-0.0481762
-0.0851382
-0.138671
-0.196903
-0.234887
-0.237985
-0.207427
-0.165329
-0.12415
-0.0901015
-0.0642659
-0.126793
-0.0808574
-0.0441428
-0.0163376
0.002732
0.0128629
0.015832
0.0143738
0.0101971
0.00161813
-0.0134056
-0.0340312
-0.0591233
-0.0928385
-0.140078
-0.191682
-0.226563
-0.230471
-0.206019
-0.167157
-0.127294
-0.0934835
-0.126785
-0.0809943
-0.0447629
-0.0179153
-0.000153716
0.00892483
0.0116766
0.0105963
0.00665777
-0.00173025
-0.0168915
-0.0377531
-0.0629902
-0.0967863
-0.143685
-0.194399
-0.22827
-0.231497
-0.206443
-0.167361
-0.127525
-0.0938585
-0.178606
-0.123551
-0.0785101
-0.0433081
-0.0177913
-0.00155141
0.00637763
0.00863793
0.00744936
0.00339062
-0.00511334
-0.0204534
-0.04145
-0.0668591
-0.100889
-0.147686
-0.198065
-0.231496
-0.233771
-0.207129
-0.166965
-0.126796
-0.0932766
-0.176207
-0.1214
-0.0769605
-0.0426671
-0.0183363
-0.00343693
0.00348637
0.00521333
0.00382975
-0.000194688
-0.00870085
-0.0241135
-0.0451662
-0.0706703
-0.104825
-0.1514
-0.201254
-0.23409
-0.235453
-0.207737
-0.166788
-0.126358
-0.0929437
-0.174808
-0.120165
-0.0762406
-0.0427943
-0.0196052
-0.00597234
5.7485e-05
0.0013585
-9.42191e-05
-0.00396736
-0.0123765
-0.0277887
-0.0488398
-0.0743838
-0.108608
-0.154928
-0.204188
-0.23628
-0.23671
-0.208152
-0.166681
-0.126125
-0.0928334
-0.173487
-0.119079
-0.0757434
-0.0432206
-0.021239
-0.00888136
-0.00369329
-0.00275622
-0.00417979
-0.00784452
-0.016104
-0.0314598
-0.0524545
-0.0779921
-0.112244
-0.1583
-0.206969
-0.238298
-0.237793
-0.208417
-0.166494
-0.125873
-0.0927399
-0.172153
-0.118064
-0.0754078
-0.0438953
-0.0231858
-0.0121027
-0.00771493
-0.00714116
-0.0084189
-0.0118187
-0.0198784
-0.03512
-0.0560028
-0.0814883
-0.115727
-0.161505
-0.209585
-0.240146
-0.238721
-0.208561
-0.166226
-0.125576
-0.0926249
-0.170966
-0.117254
-0.0753421
-0.0449007
-0.0255051
-0.0156726
-0.0120326
-0.0118298
-0.0128187
-0.0158854
-0.0236912
-0.0387594
-0.0594758
-0.084864
-0.11905
-0.164537
-0.212022
-0.241799
-0.239469
-0.208586
-0.165903
-0.125262
-0.0925137
-0.169979
-0.116698
-0.0755896
-0.0462713
-0.0282243
-0.0196084
-0.0166571
-0.0167252
-0.0173689
-0.0200344
-0.0275314
-0.0423674
-0.0628643
-0.0881115
-0.122207
-0.167387
-0.214273
-0.243253
-0.240034
-0.208492
-0.16553
-0.124944
-0.0924175
-0.169184
-0.116395
-0.076153
-0.0480114
-0.0313467
-0.023909
-0.0215869
-0.0214647
-0.0220504
-0.0242543
-0.0313879
-0.0459335
-0.0661596
-0.0912234
-0.12519
-0.170049
-0.21633
-0.244503
-0.24042
-0.208281
-0.165107
-0.124618
-0.0923338
-0.16858
-0.11635
-0.0770379
-0.0501275
-0.0348756
-0.0285723
-0.026824
-0.0267106
-0.0268522
-0.0285339
-0.0352496
-0.0494475
-0.0693534
-0.0941927
-0.127996
-0.172515
-0.218186
-0.245549
-0.240631
-0.207957
-0.164634
-0.124281
-0.0922594
-0.168178
-0.116574
-0.0782558
-0.0526304
-0.038816
-0.0335981
-0.0323672
-0.0321485
-0.0317614
-0.0328617
-0.0391052
-0.0528998
-0.072438
-0.097013
-0.130616
-0.174778
-0.219831
-0.246384
-0.240666
-0.207521
-0.16411
-0.123934
-0.0921932
-0.167989
-0.11708
-0.0798179
-0.0555306
-0.0431719
-0.0389858
-0.038212
-0.0377672
-0.0367653
-0.0372259
-0.0429436
-0.0562806
-0.0754058
-0.0996782
-0.133047
-0.176832
-0.22126
-0.247006
-0.240527
-0.206976
-0.163539
-0.123575
-0.0921344
-0.168022
-0.117879
-0.0817326
-0.0588369
-0.0479444
-0.0447337
-0.0443508
-0.0435583
-0.0418505
-0.0416141
-0.0467535
-0.0595808
-0.0782501
-0.102183
-0.135283
-0.178669
-0.222464
-0.247411
-0.240215
-0.206324
-0.162918
-0.123203
-0.092082
-0.168284
-0.118978
-0.0840069
-0.0625561
-0.0531324
-0.0508391
-0.0507742
-0.0495017
-0.0470033
-0.0460141
-0.050524
-0.0627918
-0.0809644
-0.104521
-0.137319
-0.180283
-0.223437
-0.247597
-0.23973
-0.205566
-0.162251
-0.122819
-0.0920349
-0.233309
-0.168781
-0.120384
-0.0866463
-0.0666937
-0.058733
-0.0572983
-0.0574721
-0.0555785
-0.0522096
-0.0504133
-0.0542442
-0.0659053
-0.0835428
-0.10669
-0.13915
-0.18167
-0.224174
-0.247562
-0.239074
-0.204703
-0.161535
-0.122419
-0.0919916
-0.233472
-0.169517
-0.122101
-0.0896547
-0.0712529
-0.0647408
-0.0641068
-0.0644401
-0.06177
-0.0574552
-0.0547993
-0.0579037
-0.0689135
-0.0859801
-0.108683
-0.140772
-0.182823
-0.224669
-0.247303
-0.238248
-0.203738
-0.160772
-0.122005
-0.0919509
-0.233788
-0.170497
-0.124133
-0.0930346
-0.0762342
-0.0711491
-0.0712574
-0.0716847
-0.068059
-0.062726
-0.0591597
-0.0614927
-0.0718094
-0.0882716
-0.110499
-0.142183
-0.183739
-0.224918
-0.24682
-0.237253
-0.202671
-0.15996
-0.121573
-0.0919112
-0.234257
-0.17172
-0.126479
-0.0967865
-0.0816357
-0.0779491
-0.0787385
-0.079237
-0.0744296
-0.0680077
-0.0634825
-0.0650015
-0.0745865
-0.0904132
-0.112134
-0.143378
-0.184413
-0.224918
-0.246112
-0.236091
-0.201504
-0.159101
-0.121124
-0.0918709
-0.234876
-0.173187
-0.129137
-0.100909
-0.0874518
-0.0851308
-0.086529
-0.0870467
-0.0808687
-0.0732868
-0.067756
-0.0684213
-0.0772389
-0.0924015
-0.113586
-0.144357
-0.184843
-0.224667
-0.245179
-0.234763
-0.200239
-0.158193
-0.120654
-0.0918285
-0.235641
-0.174894
-0.132102
-0.105398
-0.0936743
-0.0926834
-0.0946062
-0.0928744
-0.0873503
-0.0785509
-0.071969
-0.0717438
-0.0797614
-0.0942335
-0.114853
-0.145118
-0.185028
-0.224162
-0.244021
-0.233272
-0.198875
-0.157236
-0.120164
-0.0917822
-0.236547
-0.176835
-0.135367
-0.110248
-0.100291
-0.100595
-0.102982
-0.100874
-0.093878
-0.0837868
-0.0761108
-0.0749613
-0.0821495
-0.0959071
-0.115934
-0.145659
-0.184965
-0.223405
-0.24264
-0.23162
-0.197416
-0.15623
-0.11965
-0.0917301
-0.237584
-0.179
-0.13892
-0.115449
-0.107287
-0.108851
-0.111627
-0.108932
-0.100431
-0.0889818
-0.0801713
-0.078067
-0.0843995
-0.0974208
-0.11683
-0.145982
-0.184656
-0.222395
-0.241039
-0.22981
-0.195861
-0.155173
-0.119112
-0.0916704
-0.238742
-0.181379
-0.14275
-0.120991
-0.114644
-0.117436
-0.120517
-0.117034
-0.106993
-0.0941232
-0.084141
-0.0810546
-0.0865082
-0.0987738
-0.11754
-0.146086
-0.184102
-0.221135
-0.23922
-0.227844
-0.194212
-0.154066
-0.118548
-0.0916011
-0.240008
-0.183955
-0.146839
-0.126857
-0.122341
-0.12633
-0.129621
-0.125201
-0.113545
-0.0991987
-0.0880111
-0.0839186
-0.0884733
-0.0999659
-0.118067
-0.145975
-0.183304
-0.219626
-0.237187
-0.225726
-0.192471
-0.152907
-0.117955
-0.09152
-0.241367
-0.186711
-0.15117
-0.13303
-0.130354
-0.135511
-0.138906
-0.133411
-0.120071
-0.104197
-0.0917734
-0.0866543
-0.0902931
-0.100997
-0.118411
-0.145651
-0.182265
-0.217872
-0.234945
-0.223458
-0.190639
-0.151696
-0.117333
-0.091425
-0.242798
-0.189626
-0.155721
-0.139487
-0.138657
-0.144952
-0.148338
-0.141642
-0.126554
-0.109106
-0.0954207
-0.0892579
-0.0919668
-0.10187
-0.118575
-0.145117
-0.18099
-0.215879
-0.232497
-0.221045
-0.188717
-0.150432
-0.116679
-0.091314
-0.244281
-0.192674
-0.160469
-0.146203
-0.147221
-0.154624
-0.157885
-0.149871
-0.132978
-0.113915
-0.0989463
-0.0917261
-0.0934941
-0.102585
-0.118564
-0.144378
-0.179485
-0.213652
-0.229848
-0.218491
-0.186707
-0.149114
-0.115992
-0.0911847
-0.245791
-0.195828
-0.165386
-0.153148
-0.156017
-0.164493
-0.167511
-0.158075
-0.139326
-0.118615
-0.102345
-0.0940568
-0.0948754
-0.103144
-0.118381
-0.143439
-0.177755
-0.211198
-0.227006
-0.215799
-0.18461
-0.147742
-0.115269
-0.0910347
-0.247303
-0.199057
-0.170443
-0.16029
-0.165011
-0.174522
-0.177183
-0.166231
-0.145581
-0.123197
-0.105611
-0.0962481
-0.096112
-0.103552
-0.118031
-0.142307
-0.175808
-0.208524
-0.223977
-0.212975
-0.182429
-0.146315
-0.114509
-0.0908617
-0.248786
-0.202329
-0.17561
-0.167592
-0.174169
-0.18467
-0.186872
-0.174317
-0.15173
-0.127651
-0.10874
-0.0982995
-0.0972056
-0.103811
-0.117519
-0.140988
-0.173652
-0.205639
-0.220768
-0.210023
-0.180164
-0.144832
-0.113711
-0.250209
-0.205609
-0.18085
-0.175016
-0.183452
-0.194891
-0.196554
-0.182309
-0.157757
-0.13197
-0.11173
-0.100211
-0.0981586
-0.103926
-0.116852
-0.139491
-0.171296
-0.202552
-0.217387
-0.206948
-0.177817
-0.143293
-0.112872
-0.251538
-0.20886
-0.186129
-0.182523
-0.192821
-0.205139
-0.206183
-0.190185
-0.163647
-0.136148
-0.114578
-0.101982
-0.0989742
-0.103902
-0.116035
-0.137823
-0.168749
-0.199273
-0.213844
-0.203756
-0.175391
-0.141697
-0.111991
-0.252737
-0.212042
-0.191409
-0.190067
-0.202233
-0.215364
-0.215664
-0.197918
-0.169388
-0.140178
-0.117282
-0.103616
-0.0996559
-0.103744
-0.115077
-0.135994
-0.166023
-0.195813
-0.210146
-0.200451
-0.172888
-0.140044
-0.111065
-0.253771
-0.215118
-0.196648
-0.197608
-0.211644
-0.225516
-0.225007
-0.205483
-0.174968
-0.144054
-0.119841
-0.105113
-0.100208
-0.103456
-0.113984
-0.134015
-0.163129
-0.192184
-0.206303
-0.197041
-0.170309
-0.138334
-0.110095
-0.2546
-0.218046
-0.201806
-0.205098
-0.221005
-0.235547
-0.234147
-0.212857
-0.180374
-0.147773
-0.122255
-0.106477
-0.100635
-0.103047
-0.112765
-0.131893
-0.160079
-0.188398
-0.202326
-0.19353
-0.167658
-0.136566
-0.109077
-0.255188
-0.220787
-0.20684
-0.212494
-0.230268
-0.245408
-0.243063
-0.220022
-0.185596
-0.151332
-0.124525
-0.107711
-0.100941
-0.102521
-0.111428
-0.129642
-0.156884
-0.184466
-0.198222
-0.189924
-0.164935
-0.13474
-0.108011
-0.255495
-0.2233
-0.211709
-0.21975
-0.239382
-0.255052
-0.25174
-0.226958
-0.190625
-0.154726
-0.126653
-0.108817
-0.101133
-0.101887
-0.109982
-0.12727
-0.153557
-0.180402
-0.194004
-0.186231
-0.162145
-0.132858
-0.106896
-0.255486
-0.225548
-0.216369
-0.22682
-0.248297
-0.264434
-0.260147
-0.233649
-0.195452
-0.157956
-0.128639
-0.109801
-0.101217
-0.10115
-0.108435
-0.12479
-0.150112
-0.176218
-0.189681
-0.182456
-0.159289
-0.130918
-0.105729
-0.255124
-0.227492
-0.220779
-0.233662
-0.256961
-0.273511
-0.268254
-0.240077
-0.20007
-0.161018
-0.130488
-0.110668
-0.101197
-0.100318
-0.106796
-0.122213
-0.14656
-0.171928
-0.185263
-0.178605
-0.156371
-0.128921
-0.104511
)
;

boundaryField
{
    inlet
    {
        type            zeroGradient;
    }
    outlet
    {
        type            fixedValue;
        value           nonuniform 0();
    }
    cylinder
    {
        type            zeroGradient;
    }
    top
    {
        type            symmetryPlane;
    }
    bottom
    {
        type            symmetryPlane;
    }
    frontAndBack
    {
        type            empty;
    }
    procBoundary5to4
    {
        type            processor;
        value           nonuniform List<scalar> 
204
(
-0.298537
-0.294707
-0.290405
-0.285611
-0.280311
-0.274498
-0.268164
-0.261313
-0.253952
-0.246095
-0.237764
-0.22899
-0.219808
-0.210262
-0.200405
-0.190294
-0.17999
-0.169562
-0.159078
-0.148608
-0.138224
-0.127996
-0.117991
-0.108272
-0.098896
-0.108482
-0.108482
-0.101363
-0.0945308
-0.088005
-0.0817999
-0.0759247
-0.0703842
-0.0651795
-0.0603093
-0.0557722
-0.0515733
-0.0477061
-0.0808384
-0.0808384
-0.076584
-0.074042
-0.0734157
-0.0754758
-0.0785037
-0.0810663
-0.0824784
-0.0824773
-0.0813458
-0.0795187
-0.0773035
-0.0748764
-0.0723251
-0.0696861
-0.0669645
-0.0641609
-0.061282
-0.0583368
-0.0553393
-0.0523058
-0.0492524
-0.0461961
-0.043153
-0.0401379
-0.0371639
-0.0342428
-0.0313847
-0.0285984
-0.025891
-0.0232684
-0.0207353
-0.0182952
-0.0159505
-0.0137029
-0.0115531
-0.00950148
-0.00754747
-0.00569023
-0.00392848
-0.0022606
-0.000684638
0.000801721
0.00220063
0.00351421
0.00474481
0.00589477
0.00696647
0.00796227
0.00888443
0.00973516
0.0105168
0.0112308
0.0118788
0.0124622
0.0129824
0.01344
0.0138356
0.0141692
0.0144401
0.0146472
0.0147884
0.014861
0.0115506
0.0114834
0.0113528
0.0111615
0.0109116
0.0106045
0.0102409
0.00982145
0.00934594
0.00881414
0.00822551
0.00757932
0.00687473
0.00611133
0.00528679
0.00440051
0.00345109
0.00243754
0.00135853
0.000213047
-0.00100016
-0.00228175
-0.00363258
-0.0050535
-0.00654521
-0.00810827
-0.00974327
-0.0114508
-0.0132314
-0.0150859
-0.0170154
-0.0190212
-0.0211054
-0.0232706
-0.0255207
-0.0278604
-0.0302961
-0.032836
-0.0354902
-0.0382713
-0.0411946
-0.0442788
-0.0475455
-0.0510205
-0.0547333
-0.0587179
-0.0630123
-0.0676594
-0.072706
-0.0782037
-0.0842081
-0.0907787
-0.0979786
-0.105873
-0.114528
-0.124011
-0.134351
-0.145668
-0.157811
-0.17138
-0.182034
-0.182237
-0.182237
-0.243399
-0.241336
-0.240302
-0.239267
-0.238136
-0.237086
-0.23617
-0.235373
-0.234692
-0.234136
-0.233715
-0.233433
-0.233297
-0.233297
-0.314544
-0.314727
-0.314939
-0.315175
-0.315431
-0.3157
-0.315973
-0.316239
-0.316488
-0.316706
-0.316877
-0.316984
-0.317008
-0.316928
-0.316722
-0.316365
-0.315834
-0.315101
-0.314138
-0.312916
-0.311407
-0.309582
-0.30741
-0.304864
-0.301915
)
;
    }
    procBoundary5to6
    {
        type            processor;
        value           nonuniform List<scalar> 
205
(
-0.0867573
-0.0861252
-0.0854412
-0.084704
-0.0839119
-0.0830639
-0.0821588
-0.0811959
-0.0801746
-0.0790944
-0.0790944
-0.0751261
-0.0745293
-0.073867
-0.0731385
-0.0723436
-0.0714822
-0.0705546
-0.0695612
-0.0685029
-0.0673805
-0.0661954
-0.064949
-0.0636432
-0.0622799
-0.0608613
-0.0593901
-0.057869
-0.0563008
-0.0546887
-0.0530361
-0.0513465
-0.0496236
-0.0478713
-0.0460937
-0.0442951
-0.0424788
-0.0406478
-0.0388196
-0.0370414
-0.0351983
-0.0351983
-0.0415384
-0.0370827
-0.033413
-0.0291607
-0.0244679
-0.0197254
-0.0151015
-0.0105856
-0.00612104
-0.0016878
0.00270607
0.00707087
0.0114527
0.0159263
0.0205819
0.025471
0.0304726
0.0351911
0.039111
0.0418708
0.0434177
0.0439466
0.0437203
0.0429748
0.0418951
0.0406173
0.0392371
0.0378194
0.0364076
0.0350301
0.0337048
0.032443
0.031251
0.0301317
0.0290858
0.0281125
0.0272102
0.0263761
0.0256075
0.024901
0.0242533
0.0236608
0.0231208
0.0226307
0.0221867
0.0217855
0.0214243
0.0211002
0.0208107
0.0205535
0.0203262
0.0201268
0.0199535
0.0198045
0.0196786
0.0195746
0.0194915
0.019429
0.0193868
0.0193652
0.0180413
0.0180575
0.0180889
0.018135
0.0181953
0.0182694
0.0183571
0.0184582
0.0185724
0.0186995
0.018839
0.0189904
0.0191531
0.0193261
0.0195084
0.0196984
0.0198946
0.0200947
0.0202961
0.0204961
0.0206909
0.0208767
0.0210489
0.021202
0.0213303
0.021427
0.0214847
0.021495
0.0214487
0.0213356
0.0211448
0.020864
0.0204802
0.0199793
0.0193461
0.0185648
0.0176186
0.0164904
0.0151626
0.0136176
0.0118387
0.0098102
0.00751863
0.00495337
0.00210724
-0.00102308
-0.00443678
-0.00812856
-0.0120881
-0.0162996
-0.0162996
-0.010428
-0.0140047
-0.0177384
-0.021602
-0.025564
-0.0295898
-0.0336422
-0.0376831
-0.0416926
-0.0455964
-0.067531
-0.067531
-0.0680725
-0.0677997
-0.067709
-0.0678137
-0.0679516
-0.0680867
-0.0682374
-0.0684133
-0.0686131
-0.0688343
-0.069076
-0.0693377
-0.0696184
-0.0699171
-0.0702326
-0.0705637
-0.070909
-0.0712668
-0.0716354
-0.0720132
-0.072398
-0.0727879
-0.0731807
-0.073574
-0.0739654
-0.0743524
-0.0747325
-0.0751028
-0.0754608
-0.0906632
-0.0906632
-0.090437
-0.0901805
-0.0898913
-0.0895671
-0.0892055
-0.0888041
-0.0883607
-0.0878731
-0.0873393
)
;
    }
}


// ************************************************************************* //
