/*--------------------------------*- C++ -*----------------------------------*\
  =========                 |
  \\      /  F ield         | OpenFOAM: The Open Source CFD Toolbox
   \\    /   O peration     | Website:  https://openfoam.org
    \\  /    A nd           | Version:  7
     \\/     M anipulation  |
\*---------------------------------------------------------------------------*/
FoamFile
{
    version     2.0;
    format      ascii;
    class       volScalarField;
    location    "300";
    object      p;
}
// * * * * * * * * * * * * * * * * * * * * * * * * * * * * * * * * * * * * * //

dimensions      [0 2 -2 0 0 0 0];

internalField   nonuniform List<scalar> 
4575
(
-0.278973
-0.233421
-0.207143
-0.198825
-0.209253
-0.232437
-0.25393
-0.257021
-0.236414
-0.200654
-0.162668
-0.131302
-0.109748
-0.0982698
-0.0954564
-0.0997861
-0.1123
-0.134089
-0.159456
-0.176385
-0.174975
-0.15651
-0.130398
-0.281711
-0.233873
-0.205598
-0.195266
-0.203525
-0.224872
-0.24556
-0.249257
-0.230121
-0.196068
-0.159595
-0.129408
-0.108782
-0.0981285
-0.0960779
-0.101143
-0.114504
-0.13722
-0.163378
-0.180616
-0.178841
-0.15956
-0.132552
-0.284113
-0.234041
-0.203803
-0.191497
-0.197607
-0.217114
-0.236951
-0.241252
-0.223594
-0.191289
-0.156366
-0.127385
-0.107705
-0.0978903
-0.0966108
-0.102416
-0.11662
-0.140256
-0.167205
-0.184762
-0.18264
-0.162554
-0.134654
-0.2862
-0.233956
-0.20179
-0.187554
-0.191537
-0.209205
-0.228143
-0.232996
-0.216848
-0.186327
-0.152986
-0.125231
-0.106512
-0.0975499
-0.097049
-0.103596
-0.11864
-0.143186
-0.170924
-0.188812
-0.186364
-0.16549
-0.136703
-0.287996
-0.233647
-0.199595
-0.183473
-0.185355
-0.201186
-0.21918
-0.224536
-0.209904
-0.181189
-0.149456
-0.122946
-0.105202
-0.0971026
-0.0973865
-0.104677
-0.120553
-0.145998
-0.174523
-0.192756
-0.190008
-0.168364
-0.1387
-0.289522
-0.233147
-0.19725
-0.17929
-0.179102
-0.193097
-0.210103
-0.215905
-0.202779
-0.175887
-0.145779
-0.120528
-0.10377
-0.0965437
-0.0976174
-0.105652
-0.12235
-0.148681
-0.177991
-0.196585
-0.193566
-0.171172
-0.140643
-0.290803
-0.232484
-0.194791
-0.17504
-0.172815
-0.18498
-0.200955
-0.207137
-0.195495
-0.170431
-0.141961
-0.117978
-0.102215
-0.0958692
-0.0977363
-0.106513
-0.124022
-0.151225
-0.181316
-0.200289
-0.19703
-0.173913
-0.142531
-0.291861
-0.23169
-0.19225
-0.170756
-0.166534
-0.17687
-0.191778
-0.198265
-0.188073
-0.164833
-0.138007
-0.115296
-0.100535
-0.0950752
-0.0977382
-0.107253
-0.125561
-0.153619
-0.184487
-0.203858
-0.200395
-0.176583
-0.144366
-0.292718
-0.230791
-0.189661
-0.166471
-0.160295
-0.168806
-0.182613
-0.189322
-0.180535
-0.159106
-0.133921
-0.112485
-0.0987279
-0.0941585
-0.0976182
-0.107868
-0.126958
-0.155854
-0.187494
-0.207283
-0.203654
-0.17918
-0.146145
-0.293397
-0.229815
-0.187053
-0.162216
-0.154132
-0.160823
-0.1735
-0.180344
-0.172902
-0.153262
-0.129711
-0.109546
-0.0967938
-0.0931163
-0.0973721
-0.108349
-0.128205
-0.157919
-0.190326
-0.210555
-0.206802
-0.181701
-0.14787
-0.293919
-0.228788
-0.184456
-0.158019
-0.148079
-0.152955
-0.164476
-0.171365
-0.165198
-0.147317
-0.125383
-0.106481
-0.0947326
-0.0919464
-0.0969959
-0.108693
-0.129296
-0.159806
-0.192973
-0.213665
-0.209833
-0.184144
-0.14954
-0.11725
-0.294304
-0.227734
-0.181898
-0.15391
-0.142166
-0.145232
-0.155576
-0.162417
-0.157445
-0.141284
-0.120946
-0.103296
-0.0925448
-0.0906468
-0.0964863
-0.108894
-0.130223
-0.161507
-0.195427
-0.216607
-0.212742
-0.186505
-0.151155
-0.118172
-0.294572
-0.226674
-0.179404
-0.149912
-0.136419
-0.137687
-0.146831
-0.153535
-0.149666
-0.135178
-0.116407
-0.0999936
-0.0902317
-0.0892166
-0.0958405
-0.108948
-0.13098
-0.163014
-0.197679
-0.219371
-0.215523
-0.188784
-0.152714
-0.119057
-0.29474
-0.22563
-0.176998
-0.14605
-0.130864
-0.130346
-0.138271
-0.144751
-0.141883
-0.129014
-0.111777
-0.0965792
-0.0877953
-0.0876552
-0.0950559
-0.10885
-0.131562
-0.164321
-0.199723
-0.221951
-0.218172
-0.190976
-0.154219
-0.119906
-0.294827
-0.22462
-0.174699
-0.142344
-0.125523
-0.123236
-0.12992
-0.136096
-0.134119
-0.122807
-0.107064
-0.0930584
-0.0852382
-0.0859625
-0.094131
-0.108598
-0.131964
-0.165421
-0.201551
-0.22434
-0.220684
-0.193081
-0.155669
-0.12072
-0.294848
-0.22366
-0.172526
-0.138814
-0.120415
-0.11638
-0.121803
-0.127599
-0.126383
-0.116573
-0.102279
-0.0894376
-0.0825639
-0.0841393
-0.0930643
-0.108188
-0.132183
-0.166311
-0.203157
-0.226533
-0.223055
-0.195096
-0.157064
-0.121501
-0.294818
-0.222764
-0.170496
-0.135478
-0.115555
-0.1098
-0.113939
-0.119289
-0.118698
-0.110325
-0.0974318
-0.0857238
-0.0797763
-0.082187
-0.0918552
-0.107619
-0.132214
-0.166985
-0.204537
-0.228525
-0.225281
-0.197019
-0.158405
-0.122251
-0.29475
-0.221946
-0.168622
-0.132349
-0.110957
-0.103516
-0.106347
-0.111192
-0.111844
-0.10408
-0.0925338
-0.0819247
-0.0768803
-0.0801075
-0.0905037
-0.106889
-0.132055
-0.167441
-0.205688
-0.230312
-0.227359
-0.198847
-0.159691
-0.12297
-0.294656
-0.221216
-0.166914
-0.129441
-0.106633
-0.0975424
-0.099042
-0.103317
-0.104265
-0.0978445
-0.087596
-0.0780483
-0.0738811
-0.0779035
-0.0890104
-0.105997
-0.131705
-0.167676
-0.206605
-0.231888
-0.229286
-0.200579
-0.160923
-0.12366
-0.294547
-0.220584
-0.165382
-0.126763
-0.102591
-0.0918932
-0.092039
-0.0956873
-0.0968177
-0.0916387
-0.0826299
-0.0741035
-0.070785
-0.0755783
-0.0873763
-0.104942
-0.131162
-0.167689
-0.207287
-0.233252
-0.231058
-0.202212
-0.1621
-0.124322
-0.294431
-0.220056
-0.164033
-0.124324
-0.0988375
-0.0865787
-0.0853507
-0.0883214
-0.0895674
-0.0854779
-0.0776472
-0.0700995
-0.0675985
-0.0731358
-0.0856033
-0.103725
-0.130427
-0.16748
-0.207734
-0.234401
-0.232675
-0.203746
-0.163222
-0.124959
-0.294317
-0.219638
-0.162872
-0.12213
-0.0953784
-0.0816065
-0.0789886
-0.0812346
-0.0825236
-0.0793756
-0.0726603
-0.0660459
-0.0643292
-0.0705807
-0.0836936
-0.102348
-0.129499
-0.167047
-0.207944
-0.235332
-0.234133
-0.205176
-0.16429
-0.12557
-0.294212
-0.219335
-0.1619
-0.120185
-0.0922163
-0.0769815
-0.0729627
-0.0744376
-0.0756865
-0.0733457
-0.067682
-0.061953
-0.0609847
-0.0679181
-0.0816502
-0.100811
-0.128379
-0.166394
-0.207919
-0.236046
-0.235433
-0.206502
-0.165302
-0.126158
-0.29412
-0.21915
-0.16112
-0.11849
-0.0893528
-0.072706
-0.0672814
-0.0679386
-0.0690622
-0.0674035
-0.0627254
-0.057831
-0.0575737
-0.0651539
-0.0794767
-0.0991164
-0.12707
-0.165521
-0.207661
-0.236542
-0.236573
-0.20772
-0.16626
-0.126723
-0.294047
-0.219083
-0.160532
-0.117045
-0.0867882
-0.0687801
-0.0619513
-0.061744
-0.0626618
-0.0615644
-0.0578037
-0.0536906
-0.054105
-0.0622946
-0.0771771
-0.0972676
-0.125573
-0.164432
-0.207171
-0.23682
-0.237553
-0.20883
-0.167161
-0.127266
-0.219135
-0.160133
-0.11585
-0.084521
-0.0652021
-0.0569773
-0.0558589
-0.0564976
-0.0558449
-0.0529301
-0.0495426
-0.050588
-0.059347
-0.0747561
-0.0952677
-0.123891
-0.163129
-0.206454
-0.236881
-0.238373
-0.209828
-0.168007
-0.127789
-0.219306
-0.159921
-0.1149
-0.0825487
-0.0619684
-0.0523624
-0.0502874
-0.0505808
-0.0502624
-0.0481184
-0.0453979
-0.0470323
-0.0563188
-0.0722189
-0.0931204
-0.122029
-0.161616
-0.205514
-0.236727
-0.239035
-0.210712
-0.168795
-0.128292
-0.219593
-0.159893
-0.114191
-0.0808677
-0.0590742
-0.0481077
-0.0450328
-0.0449207
-0.0448198
-0.0433823
-0.0412673
-0.0434481
-0.0532179
-0.0695712
-0.0908301
-0.119989
-0.159899
-0.204355
-0.236358
-0.23954
-0.211478
-0.169525
-0.128776
-0.219994
-0.160045
-0.113716
-0.0794729
-0.0565137
-0.0442127
-0.0400975
-0.0395242
-0.0395285
-0.0387353
-0.0371617
-0.0398455
-0.0500527
-0.0668192
-0.0884016
-0.117776
-0.157981
-0.202984
-0.235778
-0.23989
-0.212124
-0.170197
-0.129242
-0.220505
-0.160369
-0.11347
-0.0783581
-0.0542799
-0.0406746
-0.0354827
-0.0343962
-0.0348885
-0.0341917
-0.0330915
-0.0362349
-0.0468321
-0.0639697
-0.0858403
-0.115394
-0.155868
-0.201405
-0.234989
-0.240088
-0.212647
-0.170808
-0.12969
-0.221121
-0.160861
-0.113442
-0.0775148
-0.0523646
-0.0374888
-0.0311887
-0.0295324
-0.0298431
-0.0297626
-0.0290673
-0.0326268
-0.0435651
-0.0610298
-0.0831518
-0.11285
-0.153565
-0.199627
-0.233993
-0.240138
-0.213042
-0.171358
-0.13012
-0.221834
-0.16151
-0.113624
-0.0769345
-0.0507594
-0.0346498
-0.0272154
-0.0249362
-0.0249929
-0.0254687
-0.025099
-0.0290313
-0.0402612
-0.0580071
-0.0803425
-0.110148
-0.151078
-0.197654
-0.232793
-0.240043
-0.213306
-0.171845
-0.130533
-0.222652
-0.162323
-0.114016
-0.0766144
-0.0494606
-0.0321545
-0.0235646
-0.0206129
-0.020419
-0.0213244
-0.0211967
-0.0254589
-0.0369299
-0.0549094
-0.0774189
-0.107293
-0.148413
-0.195496
-0.231391
-0.239809
-0.213432
-0.172266
-0.130931
-0.223588
-0.163308
-0.11462
-0.0765531
-0.0484654
-0.0299995
-0.0202365
-0.0165645
-0.0161047
-0.0173413
-0.0173715
-0.02192
-0.0335813
-0.0517452
-0.0743881
-0.104293
-0.145577
-0.193157
-0.229788
-0.239437
-0.213415
-0.172623
-0.131315
-0.22459
-0.164415
-0.115392
-0.0767115
-0.0477427
-0.0281591
-0.0172142
-0.0127757
-0.0120122
-0.0135326
-0.0136337
-0.0184249
-0.0302253
-0.0485233
-0.0712575
-0.101153
-0.142574
-0.190647
-0.227985
-0.238934
-0.213253
-0.172912
-0.131678
-0.225496
-0.165501
-0.116214
-0.0769949
-0.0472208
-0.0265807
-0.0144647
-0.00921979
-0.00811108
-0.00989944
-0.0099861
-0.0149807
-0.0268715
-0.045252
-0.0680348
-0.0978796
-0.139411
-0.187973
-0.225998
-0.23833
-0.212948
-0.173112
-0.131989
-0.226412
-0.166666
-0.117171
-0.0774716
-0.0469552
-0.0253174
-0.0120478
-0.00594943
-0.00442879
-0.0064403
-0.00643581
-0.0115918
-0.0235254
-0.0419382
-0.0647266
-0.0944799
-0.136097
-0.185148
-0.223824
-0.23769
-0.212468
-0.173214
-0.132271
-0.168761
-0.118965
-0.0786923
-0.0473715
-0.0246951
-0.0102141
-0.0031665
-0.00114131
-0.00329323
-0.00307879
-0.00830047
-0.0202059
-0.038598
-0.0613441
-0.0909524
-0.132613
-0.182107
-0.221276
-0.236951
-0.211696
-0.173315
-0.13272
-0.171955
-0.121706
-0.080714
-0.0484814
-0.0246441
-0.00879867
-0.000673029
0.00184058
-0.000840003
-5.3322e-05
-0.00522684
-0.0170001
-0.0352934
-0.0579344
-0.0873047
-0.128896
-0.178675
-0.218131
-0.235276
-0.210671
-0.17357
-0.133444
-0.171618
-0.121496
-0.0803337
-0.0476821
-0.0230261
-0.00601165
0.00313528
0.00601081
0.00163817
0.00336511
-0.00214343
-0.0138946
-0.0319897
-0.0544818
-0.0837294
-0.125427
-0.175897
-0.216273
-0.229678
-0.21016
-0.17348
-0.133341
-0.161703
-0.113121
-0.0728495
-0.0404954
-0.0154865
0.00267872
0.01388
0.0191587
0.0225884
0.0162557
0.00849548
-0.00417653
-0.0218108
-0.0440725
-0.0754026
-0.122218
-0.179298
-0.223827
-0.243061
-0.212974
-0.172718
-0.130792
-0.0949816
-0.149191
-0.104036
-0.0659411
-0.0347135
-0.00971538
0.00920193
0.0212633
0.0265274
0.0269873
0.0234764
0.0162192
0.00374417
-0.0135462
-0.035726
-0.0674415
-0.114894
-0.171042
-0.212758
-0.212412
-0.202005
-0.164086
-0.12368
-0.0893069
-0.137843
-0.0956364
-0.05941
-0.0292098
-0.00450429
0.0148443
0.0280041
0.0344755
0.0361591
0.0314385
0.0235715
0.0110339
-0.00607231
-0.0281684
-0.0595853
-0.105912
-0.160659
-0.202054
-0.209434
-0.192217
-0.155237
-0.116363
-0.0834777
-0.127195
-0.0879183
-0.0536107
-0.024512
-0.000288723
0.0192198
0.0332534
0.0409435
0.0426933
0.0389069
0.0311596
0.0190092
0.00251623
-0.0190955
-0.0500579
-0.095942
-0.150699
-0.192019
-0.199882
-0.180736
-0.145043
-0.108201
-0.077192
-0.11738
-0.080857
-0.0484418
-0.020502
0.0030692
0.02244
0.0369966
0.0457475
0.0484198
0.0456471
0.0386279
0.0274346
0.0120181
-0.00880046
-0.0394915
-0.0856242
-0.140112
-0.180101
-0.187398
-0.167707
-0.133851
-0.0994862
-0.0706167
-0.108308
-0.0744009
-0.0438697
-0.0171471
0.00566948
0.0246906
0.0394905
0.049162
0.0530307
0.0515227
0.0457107
0.0359
0.0218377
0.00190533
-0.0285868
-0.0746189
-0.127862
-0.166127
-0.172762
-0.153363
-0.121852
-0.0903199
-0.0638149
-0.0999684
-0.068528
-0.0398477
-0.0143891
0.0076071
0.0261424
0.040958
0.0513438
0.0563903
0.0563781
0.0521437
0.0440548
0.0315597
0.0126132
-0.0174557
-0.0627386
-0.114224
-0.150517
-0.156362
-0.137953
-0.109279
-0.0808703
-0.0568916
-0.0923133
-0.0631955
-0.0363203
-0.0121608
0.00896279
0.02693
0.0415766
0.0524757
0.0585101
0.0600244
0.057576
0.0514788
0.0408077
0.0230716
-0.00632281
-0.0504898
-0.099779
-0.133588
-0.138613
-0.121827
-0.0964049
-0.071309
-0.0499453
-0.0852939
-0.0583617
-0.0332352
-0.010393
0.00981112
0.0271596
0.0414943
0.0523314
0.0594588
0.0623652
0.0616773
0.0576648
0.0490385
0.0327468
0.00418624
-0.0384846
-0.0848735
-0.115659
-0.120019
-0.105402
-0.0835201
-0.0618117
-0.0430743
-0.0788586
-0.0539822
-0.0305418
-0.00901765
0.0102276
0.0269214
0.0408868
0.0518072
0.0594427
0.0634376
0.0642721
0.0621742
0.0555844
0.0408611
0.0134194
-0.027076
-0.0697229
-0.0971474
-0.101156
-0.0891215
-0.0709111
-0.0525463
-0.0363706
-0.0729561
-0.0500116
-0.0281919
-0.00797183
0.010287
0.0262916
0.0398402
0.0506968
0.0586382
0.0634052
0.0653837
0.0647922
0.0599474
0.0468011
0.0210282
-0.0163696
-0.0545184
-0.0785387
-0.0826194
-0.0734236
-0.0588411
-0.0436623
-0.0299159
-0.0675366
-0.0464053
-0.0261391
-0.00719857
0.0100593
0.0253413
0.0384288
0.0491169
0.0572036
0.062479
0.0652272
0.0656377
0.0620679
0.0504703
0.0270724
-0.00631866
-0.0395416
-0.0602903
-0.0650004
-0.0587018
-0.0475302
-0.0352828
-0.0237791
-0.0625523
-0.0431205
-0.0243389
-0.00664624
0.00960852
0.0241392
0.0367223
0.0471618
0.0552674
0.0608516
0.0640855
0.0650857
0.062366
0.0523087
0.0318671
0.00304758
-0.0253027
-0.0434392
-0.0488742
-0.0452671
-0.0371368
-0.0274974
-0.0180141
-0.0579581
-0.0401169
-0.0227495
-0.00626783
0.00899141
0.0227514
0.0347897
0.0449128
0.0529358
0.0586796
0.0622109
0.0635503
0.0614296
0.0529107
0.0356501
0.0114379
-0.0124677
-0.028491
-0.0346394
-0.0333094
-0.0277521
-0.0203614
-0.0126589
-0.053712
-0.0373572
-0.0213326
-0.00602037
0.00825833
0.0212374
0.0326982
0.0424477
0.0503047
0.0560939
0.0597992
0.0613524
0.0597209
0.0526725
0.0384357
0.0184446
-0.00159398
-0.0158276
-0.0224607
-0.0228881
-0.0194044
-0.0138992
-0.00773731
-0.0497753
-0.0348073
-0.0200535
-0.00586535
0.00745423
0.0196502
0.0305099
0.0398407
0.0474646
0.0532095
0.0570006
0.0587041
0.0575047
0.0517665
0.0401704
0.0238266
0.00709716
-0.00551102
-0.012294
-0.0139577
-0.0120733
-0.00811038
-0.00325947
-0.0461126
-0.0324364
-0.0188815
-0.00576884
0.00661851
0.0180376
0.0282814
0.0371602
0.0444994
0.0501301
0.0539383
0.0557507
0.0549328
0.0503067
0.0409201
0.0276365
0.0137308
0.00266351
-0.00396092
-0.0064071
-0.00570607
-0.00297609
0.000775416
-0.042692
-0.0302171
-0.0177897
-0.00570154
0.00578512
0.0164401
0.0260625
0.0344676
0.0414849
0.0469487
0.0507211
0.0526115
0.0521288
0.0484344
0.0408717
0.0301222
0.0186185
0.0090162
0.00277542
-9.41262e-05
-0.000231413
0.0015348
0.00437735
-0.0394851
-0.0281255
-0.0167554
-0.00563883
0.00498249
0.0148922
0.0238963
0.0318166
0.0384872
0.0437465
0.0474451
0.0493914
0.0492057
0.0462985
0.0402403
0.0315768
0.0221111
0.0138769
0.00815943
0.005131
0.00443039
0.00546134
0.00756343
-0.036467
-0.0261408
-0.0157593
-0.00556041
0.00423397
0.0134219
0.0218184
0.0292517
0.0355615
0.040592
0.0441916
0.0461785
0.0462589
0.0440246
0.0392123
0.0322649
0.0245213
0.0175388
0.0124147
0.00941263
0.00836155
0.00884722
0.010356
-0.0336159
-0.0242454
-0.0147856
-0.00545014
0.00355827
0.0120521
0.0198567
0.0268079
0.032752
0.0375402
0.0410253
0.0430415
0.0433614
0.041707
0.0379316
0.0323972
0.0261042
0.0202443
0.0157363
0.0128839
0.011643
0.0117385
0.0127808
-0.030913
-0.0224247
-0.0138219
-0.00529575
0.00296935
0.0108
0.0180327
0.0245122
0.0300928
0.0346333
0.0379953
0.0400312
0.0405656
0.0394122
0.0365021
0.0321343
0.0270596
0.0221931
0.0182904
0.0156648
0.0143523
0.0141819
0.0148659
-0.0283423
-0.0206668
-0.0128585
-0.00508822
0.00247688
0.00967758
0.0163622
0.0223849
0.0276088
0.0319017
0.0351361
0.0371829
0.0379067
0.0371852
0.0349988
0.0315949
0.0275429
0.023545
0.0202171
0.0178613
0.0165619
0.0162236
0.0166401
-0.0258905
-0.0189621
-0.0118885
-0.00482181
0.00208704
0.00869249
0.0148552
0.0204392
0.025317
0.0293662
0.0324708
0.0345194
0.0354075
0.0350557
0.0334741
0.0308686
0.0276736
0.024429
0.0216333
0.0195668
0.0183388
0.0179082
0.0181323
-0.0235462
-0.0173035
-0.0109076
-0.0044936
0.00180269
0.00784872
0.0135167
0.0186818
0.0232269
0.0270387
0.0300129
0.0320539
0.0330805
0.0330424
0.0319657
0.0300214
0.0275446
0.024948
0.0226365
0.0208619
0.0197438
0.0192782
0.019371
-0.0213005
-0.0156855
-0.00991312
-0.0041029
0.00162354
0.00714593
0.0123477
0.0171156
0.0213426
0.0249245
0.0277681
0.0297919
0.0309319
0.0311569
0.0304998
0.029102
0.0272274
0.0251853
0.0233077
0.0218166
0.0208318
0.0203732
0.0203838
-0.0191458
-0.0141046
-0.00890443
-0.00365109
0.00154698
0.00658112
0.0113459
0.0157388
0.0196631
0.0230232
0.0257366
0.0277333
0.0289626
0.0294052
0.0290947
0.0281476
0.0267705
0.0252053
0.0237137
0.022491
0.0216514
0.0212299
0.0211966
-0.0170764
-0.0125584
-0.00788222
-0.00314111
0.00156852
0.00614926
0.0105059
0.0145462
0.0181834
0.0213302
0.0239138
0.025874
0.0271698
0.0277889
0.027763
0.0271882
0.0262202
0.0250606
0.0239098
0.0229364
0.0222457
0.0218818
0.021834
-0.0150875
-0.0110457
-0.00684836
-0.00257719
0.00168231
0.00584308
0.00981999
0.0135304
0.0168957
0.0198375
0.0222919
0.0242069
0.0255481
0.0263073
0.026513
0.026244
0.0256158
0.024796
0.0239427
0.0231966
0.0226526
0.0223591
0.0223188
-0.0131756
-0.0095665
-0.0058056
-0.00196456
0.00188125
0.00565436
0.00927904
0.0126856
0.0157894
0.0185347
0.020861
0.0227228
0.0240903
0.0249575
0.0253489
0.0253297
0.0249821
0.0244474
0.0238507
0.0233087
0.0229049
0.0226888
0.0226718
-0.011338
-0.00812115
-0.00475734
-0.00130913
0.00215727
0.0055734
0.00887106
0.0119856
0.0148506
0.0174096
0.0196097
0.0214109
0.022788
0.0237351
0.0242719
0.0244439
0.0243368
0.0240418
0.023665
0.0233039
0.0230313
0.022895
0.022912
-0.00957257
-0.00671073
-0.00370742
-0.000617195
0.00250193
0.00558978
0.00858542
0.0114298
0.0140686
0.0164498
0.0185254
0.0202602
0.0216319
0.022635
0.0232852
0.0236172
0.0236974
0.0236009
0.023411
0.0232087
0.0230563
0.0229989
0.0230566
-0.00787771
-0.00533657
-0.00265999
0.000104722
0.00290672
0.00569316
0.00841057
0.011006
0.0134329
0.015642
0.0175951
0.0192586
0.0206125
0.0216505
0.0223833
0.0228429
0.0230751
0.023142
0.0231096
0.0230448
0.0230009
0.0230191
0.0231208
-0.00625225
-0.00400026
-0.00161919
0.000849989
0.00336298
0.00587354
0.00833498
0.0107008
0.0129267
0.0149731
0.0168055
0.0183939
0.0197193
0.0207756
0.0215696
0.0221252
0.0224784
0.0226782
0.0227773
0.0228306
0.0228831
0.0229719
0.0231184
-0.00469522
-0.0027035
-0.000589241
0.00161217
0.0038623
0.00612088
0.00834697
0.0105
0.0125409
0.0144339
0.0161466
0.0176557
0.0189439
0.0200036
0.0208384
0.0214659
0.0219135
0.0222201
0.0224277
0.022581
0.0227178
0.0228712
0.0230615
-0.00320583
-0.00144795
0.000425826
0.00238507
0.00439654
0.00642521
0.00843543
0.0103916
0.0122594
0.0140069
0.0156066
0.0170359
0.0182786
0.0193285
0.0201865
0.0208649
0.0213844
0.0217756
0.0220713
0.0223083
0.022518
0.0227291
0.0229608
-0.00178339
-0.000235244
0.00142219
0.00316279
0.0049579
0.00677722
0.00858968
0.0103642
0.0120707
0.0136811
0.0151709
0.0165197
0.0177127
0.0187428
0.0196095
0.0203215
0.0208939
0.0213504
0.0217168
0.0220227
0.0222941
0.0225559
0.0228255
-0.000427223
0.000933132
0.00239625
0.00393979
0.00553912
0.00716809
0.00879973
0.010407
0.0119635
0.0134447
0.0148286
0.016097
0.0172362
0.0182388
0.0191029
0.0198342
0.0204435
0.020949
0.0213706
0.0217321
0.022055
0.0223603
0.0226638
0.000863304
0.00205583
0.00334473
0.00471097
0.00613344
0.00758963
0.00905622
0.0105097
0.011927
0.0132867
0.0145692
0.0157581
0.0168408
0.0178098
0.018662
0.0194008
0.0200336
0.0205741
0.0210376
0.0214431
0.0218079
0.0221499
0.0224827
0.0020889
0.00313169
0.00426467
0.00547166
0.00673463
0.00803427
0.00935045
0.0106628
0.0119513
0.0131971
0.0143828
0.0154938
0.0165184
0.017449
0.0182819
0.0190186
0.0196639
0.0202277
0.0207216
0.0211607
0.0215588
0.0219307
0.0222882
0.00325031
0.00415978
0.00515343
0.00621764
0.00733703
0.00849506
0.00967443
0.0108576
0.012027
0.0131663
0.0142601
0.0152953
0.0162611
0.0171501
0.017958
0.0186848
0.0193333
0.0199105
0.0204252
0.0208887
0.0213122
0.0217078
0.0220856
0.00434831
0.0051393
0.00600872
0.00694514
0.0079355
0.00896567
0.0100208
0.0110858
0.0121456
0.0131857
0.0141926
0.0151545
0.0160616
0.0169068
0.0176853
0.0183961
0.0190404
0.0196229
0.0201499
0.0206301
0.0210721
0.0214856
0.0218792
0.00538379
0.00606968
0.00682853
0.0076508
0.00852542
0.00944037
0.010383
0.0113403
0.0122992
0.0132471
0.0141722
0.0150638
0.0159131
0.0167131
0.0174592
0.0181492
0.0187833
0.0193645
0.0198968
0.0203868
0.0208411
0.0212675
0.0216726
0.00635762
0.00695052
0.00761117
0.00833166
0.00910268
0.00991402
0.0107549
0.0116142
0.0124806
0.0133432
0.0141915
0.0150162
0.015809
0.0165636
0.017275
0.0179408
0.01856
0.0191343
0.0196662
0.0201604
0.0206217
0.021056
0.0214689
0.00727074
0.00778153
0.00835517
0.00898512
0.00966361
0.010382
0.0111311
0.0119014
0.0126832
0.013467
0.0142438
0.015005
0.0157433
0.0164527
0.0171283
0.0177673
0.0183681
0.0189312
0.0194579
0.0199515
0.0204152
0.0208535
0.0212707
0.00812388
0.00856255
0.00905934
0.00960896
0.010205
0.0108402
0.0115067
0.0121964
0.0129012
0.0136126
0.0143228
0.0150242
0.0157103
0.0163754
0.0170147
0.0176254
0.0182051
0.0187537
0.0192715
0.0197605
0.0202228
0.0206616
0.0210799
0.00891848
0.00929368
0.00972269
0.0102012
0.010724
0.0112848
0.0118773
0.0124944
0.013129
0.0137741
0.0144228
0.0150683
0.0157047
0.0163268
0.0169302
0.0175115
0.0180685
0.0186002
0.0191062
0.0195874
0.020045
0.0204813
0.0208982
0.00965493
0.00997483
0.0103444
0.0107602
0.011218
0.0117128
0.0122389
0.0127907
0.0133619
0.0139466
0.0145385
0.015132
0.0157217
0.0163026
0.0168706
0.0174225
0.0179557
0.0184688
0.0189607
0.0194318
0.0198823
0.0203136
0.0207269
0.010335
0.0106065
0.0109239
0.0112845
0.0116849
0.012121
0.0125881
0.0130813
0.0135954
0.0141252
0.0146653
0.0152107
0.0157565
0.0162984
0.0168323
0.0173552
0.0178642
0.0183576
0.018834
0.0192931
0.0197346
0.0201591
0.0205669
0.0109595
0.0111886
0.0114605
0.0117728
0.0121227
0.012507
0.0129217
0.0133627
0.0138255
0.0143057
0.0147987
0.0153
0.0158052
0.0163103
0.0168117
0.0173063
0.0177913
0.0182646
0.0187247
0.0191707
0.0196018
0.0200179
0.0204189
0.0115283
0.0117211
0.0119535
0.0122237
0.0125296
0.0128683
0.0132368
0.0136314
0.0140486
0.0144843
0.0149347
0.0153958
0.0158636
0.0163347
0.0168055
0.017273
0.0177346
0.018188
0.0186314
0.0190636
0.0194833
0.0198901
0.0202834
0.0120429
0.0122043
0.0124025
0.0126363
0.0129038
0.0132028
0.0135307
0.0138846
0.0142612
0.0146574
0.0150696
0.0154944
0.0159283
0.0163681
0.0168104
0.0172525
0.0176917
0.0181258
0.0185526
0.0189708
0.0193788
0.0197758
0.0201607
0.0125034
0.012638
0.012807
0.0130094
0.0132438
0.0135084
0.013801
0.0141193
0.0144605
0.0148218
0.0152002
0.0155926
0.015996
0.0164073
0.0168236
0.0172422
0.0176604
0.018076
0.0184869
0.0188914
0.0192877
0.0196747
0.020051
0.01291
0.0130219
0.0131662
0.0133419
0.0135481
0.0137832
0.0140455
0.014333
0.0146435
0.0149744
0.0153232
0.0156871
0.0160635
0.0164494
0.0168423
0.0172395
0.0176385
0.018037
0.0184329
0.0188243
0.0192093
0.0195865
0.0199544
0.0132626
0.0133557
0.0134792
0.0136326
0.013815
0.0140253
0.0142619
0.0145234
0.0148076
0.0151125
0.0154359
0.0157752
0.016128
0.0164918
0.016864
0.0172423
0.017624
0.0180071
0.0183893
0.0187686
0.0191431
0.0195111
0.0198709
0.0135605
0.0136382
0.0137449
0.01388
0.0140429
0.0142326
0.0144481
0.0146879
0.0149503
0.0152335
0.0155355
0.0158541
0.016187
0.0165319
0.0168865
0.0172484
0.0176152
0.0179848
0.0183549
0.0187234
0.0190885
0.0194482
0.0198007
0.0138031
0.0138687
0.0139619
0.0140825
0.0142299
0.0144033
0.0146018
0.0148243
0.0150692
0.0153349
0.0156196
0.0159213
0.016238
0.0165675
0.0169076
0.0172559
0.0176104
0.0179686
0.0183285
0.018688
0.019045
0.0193976
0.0197438
0.0139888
0.0140454
0.0141286
0.0142383
0.014374
0.0145352
0.0147209
0.0149302
0.0151618
0.0154143
0.0156858
0.0159747
0.016279
0.0165966
0.0169255
0.0172634
0.0176081
0.0179575
0.0183094
0.0186618
0.0190123
0.0193592
0.0197004
0.0141157
0.0141662
0.0142427
0.0143451
0.0144729
0.0146258
0.0148029
0.0150034
0.015226
0.0154694
0.015732
0.0160121
0.0163079
0.0166174
0.0169385
0.0172692
0.0176073
0.0179506
0.0182969
0.0186442
0.0189903
0.0193333
0.0196709
0.014181
0.0142284
0.0143015
0.0144001
0.014524
0.0146726
0.0148454
0.0150413
0.0152593
0.015498
0.015756
0.0160317
0.0163231
0.0166284
0.0169456
0.0172725
0.0176071
0.0179473
0.0182907
0.0186354
0.0189791
0.01932
0.0196557
0.0127125
0.0127174
0.0127494
0.0128089
0.0128961
0.0130112
0.0131538
0.0133237
0.0135201
0.0137421
0.0139885
0.0142578
0.0145484
0.0148582
0.0151851
0.0155264
0.0158795
0.0162414
0.0166092
0.0169794
0.0173488
0.0177141
0.0126426
0.0126495
0.012684
0.0127463
0.0128367
0.0129553
0.0131018
0.0132758
0.0134765
0.0137031
0.0139543
0.0142285
0.0145241
0.014839
0.0151709
0.0155172
0.0158753
0.016242
0.0166143
0.0169889
0.0173624
0.0177313
0.0125066
0.0125176
0.0125569
0.0126247
0.0127214
0.0128469
0.0130008
0.0131828
0.0133921
0.0136276
0.013888
0.0141719
0.0144772
0.014802
0.0151437
0.0154999
0.0158675
0.0162436
0.0166248
0.0170078
0.017389
0.017765
0.0123073
0.0123245
0.012371
0.012447
0.0125529
0.0126885
0.0128535
0.0130473
0.0132691
0.0135177
0.0137918
0.0140897
0.0144094
0.0147486
0.0151048
0.0154753
0.015857
0.0162467
0.016641
0.0170363
0.0174289
0.0178153
0.0120471
0.0120724
0.0121284
0.0122153
0.0123334
0.0124824
0.0126619
0.0128713
0.0131095
0.0133754
0.0136674
0.0139837
0.0143221
0.0146803
0.0150555
0.0154447
0.0158448
0.0162523
0.0166636
0.017075
0.0174825
0.0178823
0.0117272
0.0117628
0.0118307
0.0119313
0.0120645
0.0122302
0.0124278
0.0126565
0.0129151
0.0132024
0.0135165
0.0138556
0.0142171
0.0145987
0.0149972
0.0154095
0.0158322
0.0162616
0.0166938
0.0171248
0.0175505
0.0179668
0.0113484
0.0113965
0.011479
0.0115961
0.0117476
0.0119334
0.0121526
0.0124043
0.0126874
0.0130001
0.0133407
0.0137068
0.0140959
0.0145051
0.0149313
0.0153711
0.0158205
0.0162758
0.0167327
0.0171869
0.017634
0.0180696
0.0109112
0.0109743
0.011074
0.0112105
0.0113836
0.0115929
0.0118375
0.0121162
0.0124277
0.0127701
0.0131413
0.0135388
0.0139598
0.0144012
0.0148595
0.0153308
0.0158112
0.0162964
0.0167817
0.0172626
0.0177343
0.0181921
0.0104158
0.0104963
0.0106161
0.0107752
0.0109733
0.0112097
0.0114834
0.0117931
0.0121372
0.0125135
0.0129197
0.0133531
0.0138105
0.0142884
0.0147831
0.0152904
0.0158059
0.0163249
0.0168424
0.0173535
0.0178529
0.0183356
0.00986172
0.00996247
0.0101054
0.0102904
0.010517
0.0107844
0.0110912
0.0114361
0.011817
0.0122316
0.0126773
0.013151
0.0136492
0.0141682
0.0147037
0.0152513
0.0158061
0.0163629
0.0169165
0.0174612
0.0179915
0.0185017
0.00924837
0.00937238
0.00954176
0.00975626
0.0100152
0.0103175
0.0106616
0.0110459
0.011468
0.0119255
0.0124152
0.0129338
0.0134775
0.0140421
0.014623
0.0152152
0.0158135
0.0164123
0.0170056
0.0175875
0.0181518
0.0186923
0.00857499
0.0087256
0.00892501
0.00917279
0.00946804
0.00980942
0.0101952
0.0106234
0.0110913
0.0115962
0.0121347
0.0127029
0.0132967
0.0139116
0.0145424
0.0151837
0.0158299
0.0164746
0.0171116
0.0177342
0.0183357
0.0189092
0.00784068
0.00802147
0.00825475
0.00853988
0.00887568
0.00926058
0.00969255
0.0101692
0.0106877
0.0112448
0.0118368
0.0124594
0.0131082
0.0137781
0.0144635
0.0151585
0.0158568
0.0165518
0.0172364
0.0179034
0.0185452
0.0191545
0.00704441
0.00725927
0.00753055
0.00785734
0.00823818
0.0086712
0.00915407
0.00968405
0.010258
0.0108722
0.0115226
0.0122047
0.0129133
0.013643
0.0143878
0.0151411
0.0158962
0.0166456
0.0173818
0.0180968
0.0187824
0.0194303
0.00618506
0.00643825
0.00675195
0.00712498
0.00755557
0.00804154
0.00858021
0.0091685
0.00980286
0.0104793
0.0111932
0.0119397
0.0127132
0.0135077
0.0143167
0.0151331
0.0159495
0.0167578
0.0175498
0.0183166
0.0190494
0.0197388
0.00526156
0.00555763
0.00591846
0.00634257
0.00682787
0.00737181
0.00797138
0.00862311
0.00932308
0.0100669
0.0108495
0.0116656
0.0125092
0.0133735
0.0142517
0.015136
0.0160183
0.01689
0.017742
0.0185647
0.0193482
0.0200822
0.00427285
0.00461666
0.00502962
0.00550989
0.00605505
0.00666218
0.00732789
0.00804833
0.0088192
0.00963566
0.0104924
0.0113833
0.0123021
0.0132415
0.014194
0.0151511
0.0161042
0.0170439
0.0179603
0.0188429
0.0196809
0.0204628
0.00321794
0.00361465
0.00408499
0.00462675
0.00523712
0.0059128
0.00665003
0.00744457
0.00829173
0.00918628
0.0101224
0.0110937
0.012093
0.0131128
0.0141447
0.0151797
0.0162085
0.0172209
0.0182062
0.019153
0.0200494
0.0208825
0.00209582
0.00255093
0.00308418
0.00369296
0.00437404
0.00512378
0.00593799
0.0068121
0.00774104
0.00871917
0.00974024
0.0107973
0.0118827
0.0129881
0.0141048
0.0152228
0.0163324
0.0174222
0.0184812
0.0194965
0.0204554
0.0213435
0.000905598
0.00142494
0.00202687
0.00270835
0.00346578
0.00429512
0.00519184
0.00615104
0.00716729
0.00823457
0.00934616
0.0104946
0.0116716
0.0128682
0.014075
0.0152814
0.0164767
0.017649
0.0187862
0.0198748
0.0209005
0.0218483
-0.000353431
0.000236271
0.000912841
0.00167283
0.00251227
0.00342677
0.00441152
0.00546132
0.00657045
0.00773249
0.00894027
0.0101857
0.0114601
0.0127535
0.0140559
0.0153559
0.0166422
0.0179018
0.0191223
0.0202886
0.021386
0.0223983
-0.00168173
-0.00101532
-0.000258028
0.000586308
0.00151338
0.00251855
0.00359676
0.00474264
0.00595017
0.00721262
0.00852233
0.00987064
0.0112481
0.0126441
0.0140477
0.0154467
0.0168291
0.0181812
0.0194897
0.0207386
0.0219127
0.0229931
-0.00307944
-0.00232982
-0.00148572
-0.000551291
0.000468905
0.00157006
0.00274703
0.00399433
0.00530577
0.00667429
0.00809175
0.00954884
0.0110353
0.0125397
0.0140502
0.0155537
0.0170374
0.0184869
0.0198883
0.021225
0.022481
0.0236347
-0.0045464
-0.00370702
-0.0027701
-0.00174003
-0.000621496
0.000580696
0.00186146
0.00321535
0.0046361
0.00611635
0.00764746
0.00921939
0.010821
0.0124399
0.0140631
0.0156766
0.0172668
0.0188184
0.0203174
0.0217468
0.0230899
0.0243225
-0.00608199
-0.00514637
-0.00411087
-0.00297999
-0.00175834
-0.000450494
0.000938738
0.00240415
0.00393947
0.00553712
0.00718789
0.00888091
0.010604
0.0123435
0.0140853
0.0158143
0.0175161
0.0191747
0.0207759
0.0223023
0.0237373
0.0250546
-0.00768514
-0.00664703
-0.00550762
-0.00427133
-0.0029424
-0.00152487
-2.29756e-05
0.00155853
0.00321355
0.00493426
0.00671084
0.00853142
0.0103825
0.0122491
0.0141157
0.0159657
0.017784
0.0195539
0.0212613
0.0228887
0.0244192
0.0258283
-0.0093542
-0.00820778
-0.00695983
-0.00561433
-0.00417481
-0.00264433
-0.0010262
0.000675582
0.0024552
0.00430468
0.00621341
0.00816833
0.0101544
0.0121548
0.0141523
0.016129
0.0180685
0.0199536
0.0217705
0.0235024
0.0251334
0.0266394
-0.0110869
-0.00982701
-0.00846683
-0.00700944
-0.00545712
-0.00381144
-0.00207427
-0.000248551
0.0016604
0.00364438
0.00569187
0.0077883
0.00991667
0.012058
0.014193
0.0163018
0.0183669
0.0203705
0.0222995
0.0241379
0.0258727
0.0274816
-0.0128801
-0.0115027
-0.0100279
-0.0084574
-0.0067915
-0.00502959
-0.00317153
-0.00121878
0.000824005
0.00294836
0.0051416
0.00738721
0.00966576
0.0119556
0.0142348
0.0164813
0.018676
0.0208008
0.0228429
0.0247889
0.026629
0.0283459
-0.01473
-0.0132323
-0.0116423
-0.00995931
-0.00818084
-0.0063032
-0.00432352
-0.0022413
-6.03621e-05
0.00221046
0.00455691
0.00696003
0.00939732
0.0118438
0.0142743
0.016664
0.0189921
0.0212396
0.0233947
0.0254471
0.0273923
0.0292204
-0.0166316
-0.0150129
-0.0133092
-0.0115168
-0.00962899
-0.00763796
-0.00553722
-0.0033238
-0.00100052
0.00142317
0.00393098
0.00650077
0.00910618
0.0117181
0.0143074
0.016846
0.0193107
0.0216817
0.0239479
0.0261029
0.0281496
0.0300897
-0.0185791
-0.0168409
-0.0150281
-0.0131322
-0.0111409
-0.00904104
-0.00682131
-0.0044757
-0.00200595
0.000577529
0.0032557
0.00600234
0.00878629
0.0115734
0.0143296
0.0170228
0.0196272
0.0221214
0.0244947
0.026745
0.0288853
0.0309347
-0.0205651
-0.0187123
-0.0167986
-0.0148087
-0.0127232
-0.0105215
-0.00818647
-0.00570843
-0.00308799
-0.000337077
0.00252157
0.00545653
0.00843066
0.0114036
0.0143355
0.0171894
0.019936
0.0225522
0.0250265
0.0273608
0.0295816
0.0317318
-0.0225814
-0.0206228
-0.0186205
-0.0165507
-0.014384
-0.0120905
-0.00964575
-0.00703573
-0.00426008
-0.00133308
0.0017176
0.00485388
0.00803131
0.011202
0.0143191
0.0173401
0.0202316
0.0229672
0.0255338
0.0279371
0.0302193
0.0324542
-0.0246178
-0.0225672
-0.0204946
-0.0183641
-0.0161337
-0.0137619
-0.011215
-0.00847399
-0.00553804
-0.00242489
0.000831166
0.00418364
0.00757918
0.0109609
0.0142738
0.0174688
0.0205075
0.0233595
0.0260076
0.0284605
0.0307776
0.0330709
-0.0266631
-0.0245404
-0.0224221
-0.0202567
-0.0179857
-0.0155527
-0.0129132
-0.0100426
-0.00694025
-0.00362907
-0.000152065
0.00343372
0.00706415
0.0106718
0.014192
0.0175684
0.0207571
0.0237219
0.0264392
0.0289177
0.0312352
0.0335491
-0.0287039
-0.0265369
-0.0244057
-0.0222386
-0.0199561
-0.0174835
-0.0147631
-0.0117644
-0.00848802
-0.00496447
-0.0012482
0.00259061
0.00647494
0.0103249
0.0140653
0.0176314
0.0209731
0.0240474
0.0268205
0.0292973
0.031573
0.0338564
-0.0307256
-0.0285512
-0.0264496
-0.024323
-0.0220656
-0.0195796
-0.0167918
-0.0136659
-0.0102058
-0.00645237
-0.00247518
0.0016394
0.00579917
0.00990989
0.0138843
0.0176492
0.0211478
0.0243282
0.0271436
0.0295898
0.0317763
0.0339655
-0.0327117
-0.0305779
-0.0285601
-0.026527
-0.0243393
-0.0218712
-0.0190314
-0.0157782
-0.0121213
-0.0081166
-0.0038528
0.000563849
0.00502329
0.00941496
0.0136387
0.0176123
0.0212725
0.0245568
0.0274013
0.0297876
0.031835
0.0338586
-0.0346439
-0.0326124
-0.0307465
-0.0288722
-0.0268084
-0.0243949
-0.0215197
-0.0181369
-0.0142662
-0.0099836
-0.00540269
-0.000653623
0.00413268
0.00882745
0.013317
0.0175104
0.0213377
0.0247243
0.0275867
0.0298857
0.0317453
0.0335313
-0.0365021
-0.0346512
-0.0330218
-0.0313861
-0.029511
-0.0271945
-0.0243012
-0.0207832
-0.0166758
-0.0120825
-0.00714817
-0.00203177
0.00311178
0.0081336
0.0129065
0.0173318
0.0213322
0.0248205
0.0276914
0.0298808
0.0315116
0.0329949
-0.0382645
-0.0366926
-0.0354038
-0.0341034
-0.0324938
-0.0303224
-0.0274279
-0.023764
-0.0193897
-0.0144449
-0.00911419
-0.00359034
0.00194414
0.00731864
0.0123936
0.0170636
0.0212436
0.0248329
0.0277051
0.0297706
0.0311437
0.0322741
-0.0399098
-0.0387379
-0.0379167
-0.037068
-0.0358141
-0.0338414
-0.0309605
-0.0271329
-0.0224517
-0.0171052
-0.0113271
-0.00534979
0.000612629
0.0063669
0.0117635
0.0166916
0.0210573
0.0247471
0.0276185
0.0295529
0.0306522
0.0313994
-0.0414158
-0.0407921
-0.0405926
-0.0403345
-0.0395415
-0.0378262
-0.0349698
-0.0309505
-0.0259099
-0.0201
-0.0138141
-0.00733101
-0.000900385
0.00526199
0.0110008
0.0162001
0.0207555
0.0245466
0.0274213
0.0292241
0.0300439
0.030393
-0.0427595
-0.0428657
-0.0434738
-0.0439714
-0.0437607
-0.0423656
-0.0395378
-0.0352852
-0.0298172
-0.023468
-0.0166032
-0.00955489
-0.00261278
0.00398726
0.0100893
0.015571
0.0203178
0.0242142
0.0271018
0.0287751
0.0293163
0.0292632
-0.0439221
-0.0449778
-0.0466156
-0.0480644
-0.0485751
-0.0475654
-0.0447594
-0.0402136
-0.0342305
-0.0272496
-0.0197224
-0.012042
-0.00454232
0.00252633
0.0090124
0.0147838
0.0197215
0.0237327
0.0266447
0.0281878
0.028456
0.0280079
-0.0448866
-0.0471575
-0.0500895
-0.0527194
-0.0541099
-0.053551
-0.0507445
-0.0458214
-0.0392112
-0.0314864
-0.0231989
-0.014812
-0.00670601
0.00086371
0.00775249
0.0138151
0.0189435
0.023084
0.0260267
0.0274315
0.0274287
0.0266128
-0.0456471
-0.0494454
-0.0539864
-0.0580678
-0.0605169
-0.0604709
-0.0576192
-0.0522035
-0.0448247
-0.0362203
-0.0270588
-0.0178834
-0.00911927
-0.00101482
0.00629074
0.0126402
0.0179617
0.0222462
0.0252137
0.026464
0.0261992
0.0250578
-0.0461917
-0.0518896
-0.0584222
-0.0642694
-0.0679777
-0.0684996
-0.0655274
-0.0594645
-0.0511394
-0.0414925
-0.0313257
-0.0212726
-0.011795
-0.00312218
0.00460726
0.0112345
0.016755
0.0211901
0.0241605
0.0252337
0.02473
0.023324
-0.046519
-0.054574
-0.0635312
-0.0715114
-0.076704
-0.0778381
-0.074631
-0.0677174
-0.058226
-0.0473421
-0.0360207
-0.0249927
-0.0147427
-0.00547008
0.00268203
0.00957564
0.0153013
0.0198776
0.0228118
0.0236847
0.0229881
0.0213904
-0.0466272
-0.0575558
-0.0694433
-0.0799939
-0.0869301
-0.0887093
-0.0851068
-0.0770819
-0.0661549
-0.0538048
-0.0411604
-0.0290528
-0.017968
-0.00806883
0.000496471
0.00764475
0.0135755
0.0182624
0.0211049
0.0217615
0.0209406
0.0192305
0.0157029
-0.0464819
-0.0608508
-0.0762624
-0.0899019
-0.0988864
-0.101341
-0.0971356
-0.0876776
-0.0749926
-0.0609101
-0.0467561
-0.0334565
-0.0214722
-0.0109268
-0.00196472
0.00542616
0.011548
0.0162923
0.0189735
0.0194114
0.0185471
0.0168031
0.0129553
-0.0459878
-0.0643858
-0.0839881
-0.10133
-0.112746
-0.115928
-0.11088
-0.0996116
-0.0847946
-0.0686784
-0.0528115
-0.0382004
-0.0252521
-0.0140493
-0.00471186
0.00290658
0.00918598
0.0139109
0.0163511
0.0165828
0.0157517
0.0140487
0.00994828
-0.0449603
-0.0679402
-0.0923968
-0.114145
-0.128514
-0.132563
-0.126445
-0.112957
-0.095595
-0.0771159
-0.0593205
-0.0432731
-0.0292999
-0.0174373
-0.0077492
7.41773e-05
0.00645561
0.0110605
0.0131745
0.0132187
0.0124853
0.0108964
0.00662491
-0.0431055
-0.0711054
-0.101014
-0.127946
-0.145916
-0.151138
-0.143814
-0.127723
-0.107393
-0.0862085
-0.066263
-0.0486537
-0.0336021
-0.0210861
-0.0110746
-0.00308155
0.00332387
0.00768633
0.00938646
0.00925443
0.00867756
0.00727458
0.00292866
-0.0401527
-0.0733341
-0.10919
-0.142054
-0.164351
-0.171285
-0.162791
-0.143806
-0.120128
-0.0959156
-0.0736062
-0.0543138
-0.0381403
-0.024984
-0.0146794
-0.0065688
-0.000240382
0.00373776
0.00493901
0.00463523
0.00425571
0.00311493
-0.00118043
-0.0362101
-0.0742908
-0.116208
-0.155659
-0.182969
-0.192376
-0.182991
-0.160994
-0.133666
-0.106142
-0.0812799
-0.0602055
-0.0428867
-0.0291117
-0.0185501
-0.0103921
-0.00426325
-0.00083067
-0.000223576
-0.000685651
-0.000872682
-0.0016273
-0.00568977
-0.0318308
-0.0743289
-0.121956
-0.167812
-0.200637
-0.213531
-0.203735
-0.178918
-0.147864
-0.116838
-0.0892512
-0.0662945
-0.04781
-0.0334359
-0.0226595
-0.0145441
-0.00875481
-0.006035
-0.00614655
-0.00682026
-0.00677834
-0.00688698
-0.0104506
-0.0278882
-0.0743981
-0.127701
-0.18002
-0.215878
-0.234227
-0.22433
-0.196835
-0.162112
-0.127611
-0.0973154
-0.0725035
-0.052895
-0.0379634
-0.0270278
-0.0190473
-0.0137269
-0.0118505
-0.0126638
-0.0134942
-0.0131992
-0.0123371
-0.0152292
-0.0264783
-0.0755304
-0.134049
-0.19417
-0.242839
-0.257634
-0.246413
-0.216031
-0.177381
-0.139093
-0.105775
-0.0788837
-0.058079
-0.0425491
-0.0314624
-0.0237772
-0.0191387
-0.0180561
-0.0190827
-0.0194518
-0.0180436
-0.0179499
-0.0205145
-0.0297816
-0.0767875
-0.133964
-0.192962
-0.24079
-0.260067
-0.251864
-0.223216
-0.184802
-0.145765
-0.111442
-0.0837025
-0.0623363
-0.0465996
-0.035567
-0.028066
-0.0241747
-0.0248676
-0.0280653
-0.0297248
-0.0279126
-0.0256201
-0.0330565
-0.0806617
-0.138715
-0.198358
-0.246552
-0.264998
-0.255904
-0.226115
-0.186725
-0.147033
-0.112357
-0.0845062
-0.0632096
-0.0476323
-0.0368114
-0.029647
-0.0263378
-0.0276887
-0.0311888
-0.0326294
-0.0303977
-0.0276618
-0.00269221
-0.0379929
-0.0863943
-0.145425
-0.205778
-0.253432
-0.271173
-0.259926
-0.227911
-0.186938
-0.146483
-0.111637
-0.0839508
-0.0629891
-0.0477845
-0.0373346
-0.0306365
-0.0279822
-0.0298817
-0.0334706
-0.0347222
-0.0323101
-0.0294497
-0.00747028
-0.0430624
-0.0919603
-0.151674
-0.212448
-0.259579
-0.276722
-0.263723
-0.229856
-0.187512
-0.146345
-0.111289
-0.0836985
-0.0629959
-0.0481052
-0.0379924
-0.0317252
-0.0296794
-0.0321031
-0.0358514
-0.0370399
-0.0344571
-0.0314071
-0.0126389
-0.0482875
-0.0975047
-0.157744
-0.218778
-0.26549
-0.281835
-0.267324
-0.23189
-0.188385
-0.14659
-0.111321
-0.0837852
-0.0632896
-0.0486705
-0.038873
-0.0330259
-0.0315797
-0.0345284
-0.0384672
-0.0395786
-0.036762
-0.0334558
-0.0182386
-0.0537752
-0.103178
-0.163835
-0.225044
-0.271265
-0.286779
-0.270776
-0.233811
-0.189198
-0.146825
-0.11138
-0.0839249
-0.0636513
-0.0493158
-0.0398504
-0.0344466
-0.0336191
-0.0370897
-0.0412093
-0.0422224
-0.0391268
-0.0355414
-0.024264
-0.0595197
-0.108965
-0.169924
-0.23122
-0.27688
-0.291555
-0.274075
-0.235597
-0.189903
-0.146986
-0.111399
-0.0840557
-0.0640276
-0.0499966
-0.0408863
-0.0359523
-0.0357619
-0.0397492
-0.04404
-0.0449771
-0.0415435
-0.0376595
-0.0306988
-0.0655033
-0.114842
-0.175979
-0.237271
-0.282331
-0.296122
-0.277206
-0.237271
-0.190548
-0.147125
-0.111426
-0.0842149
-0.0644458
-0.0507331
-0.0419949
-0.037552
-0.0380121
-0.0425108
-0.0469647
-0.0478498
-0.044018
-0.0398096
-0.037527
-0.071713
-0.120793
-0.181982
-0.243183
-0.287622
-0.300468
-0.280161
-0.238837
-0.19115
-0.147265
-0.111482
-0.0844208
-0.0649205
-0.0515373
-0.0431861
-0.039254
-0.0403761
-0.0453816
-0.0499872
-0.0507662
-0.046545
-0.0419877
-0.0447298
-0.0781334
-0.1268
-0.187915
-0.24894
-0.292736
-0.304588
-0.282931
-0.240288
-0.191701
-0.1474
-0.111563
-0.08467
-0.06545
-0.052409
-0.0444597
-0.0410589
-0.0428549
-0.048362
-0.0531058
-0.053597
-0.0491151
-0.0441892
-0.0522828
-0.0847449
-0.132844
-0.193753
-0.254521
-0.297638
-0.308472
-0.28551
-0.241617
-0.192195
-0.147523
-0.111663
-0.0849579
-0.066031
-0.0533459
-0.0458142
-0.0429658
-0.0454475
-0.0514507
-0.0563177
-0.0565819
-0.0517235
-0.0464103
-0.0601561
-0.0915237
-0.138899
-0.199471
-0.259901
-0.3023
-0.312105
-0.287889
-0.242821
-0.192629
-0.147633
-0.111782
-0.085283
-0.0666626
-0.0543477
-0.0472492
-0.0449744
-0.048153
-0.0546461
-0.0596199
-0.059624
-0.0543664
-0.0486471
-0.0683139
-0.0984417
-0.14494
-0.205041
-0.265054
-0.306707
-0.315475
-0.290059
-0.243894
-0.193001
-0.147729
-0.111918
-0.0856448
-0.0673444
-0.0554142
-0.0487643
-0.0470846
-0.0509707
-0.0579466
-0.0630088
-0.062726
-0.0570402
-0.0508958
-0.0767153
-0.105467
-0.15094
-0.210435
-0.269952
-0.310842
-0.318569
-0.292011
-0.244833
-0.19331
-0.14781
-0.11207
-0.0860419
-0.0680756
-0.0565445
-0.050359
-0.049296
-0.0538994
-0.0613502
-0.0664807
-0.0658842
-0.0597411
-0.0531527
-0.0853142
-0.112565
-0.156867
-0.215624
-0.274566
-0.314681
-0.321372
-0.293737
-0.24563
-0.19355
-0.147873
-0.112236
-0.0864726
-0.0688551
-0.0577377
-0.0520324
-0.0516077
-0.0569374
-0.0648543
-0.070032
-0.0690921
-0.0624651
-0.055414
-0.0826868
-0.0940608
-0.119696
-0.16269
-0.220577
-0.278868
-0.318192
-0.32387
-0.295226
-0.246282
-0.193719
-0.147915
-0.112414
-0.0869349
-0.0696813
-0.0589922
-0.0537832
-0.0540186
-0.0600827
-0.0684563
-0.0736584
-0.0723445
-0.0652087
-0.0576761
-0.0933357
-0.102902
-0.126819
-0.168375
-0.225262
-0.282828
-0.321345
-0.326046
-0.29647
-0.246782
-0.193813
-0.147935
-0.112603
-0.0874268
-0.0705526
-0.0603065
-0.0556099
-0.0565271
-0.0633328
-0.0721531
-0.0773557
-0.0756369
-0.067968
-0.0599352
-0.104117
-0.111781
-0.133891
-0.173889
-0.229651
-0.286417
-0.324113
-0.327885
-0.297459
-0.247125
-0.193829
-0.147929
-0.112798
-0.0879457
-0.071467
-0.0616783
-0.0575108
-0.0591312
-0.0666847
-0.0759413
-0.0811195
-0.0789648
-0.0707395
-0.0621877
-0.11496
-0.120643
-0.140868
-0.179197
-0.233712
-0.289606
-0.326478
-0.329372
-0.298185
-0.247305
-0.193761
-0.147895
-0.112998
-0.0884891
-0.0724223
-0.0631053
-0.0594838
-0.0618288
-0.0701351
-0.0798175
-0.0849453
-0.0823238
-0.0735197
-0.0644301
-0.125799
-0.12943
-0.147705
-0.184265
-0.237415
-0.292369
-0.328419
-0.330493
-0.298639
-0.247316
-0.193607
-0.147828
-0.113199
-0.0890542
-0.0734159
-0.0645849
-0.0615266
-0.0646169
-0.0736801
-0.0837777
-0.0888287
-0.0857099
-0.0763051
-0.0666589
-0.136567
-0.138087
-0.154356
-0.189058
-0.240734
-0.294679
-0.329916
-0.331234
-0.298812
-0.247152
-0.193361
-0.147726
-0.113398
-0.0896377
-0.074445
-0.0661139
-0.0636365
-0.0674924
-0.0773157
-0.087818
-0.0927651
-0.0891192
-0.0790921
-0.0688707
-0.147201
-0.146561
-0.160779
-0.193544
-0.243642
-0.296512
-0.330948
-0.331581
-0.298697
-0.246808
-0.193019
-0.147584
-0.11359
-0.0902363
-0.0755064
-0.0676892
-0.0658104
-0.0704514
-0.0810374
-0.091934
-0.09675
-0.0925478
-0.0818772
-0.0710622
-0.157643
-0.1548
-0.166931
-0.197691
-0.246114
-0.297847
-0.331495
-0.331522
-0.298284
-0.246278
-0.192577
-0.147399
-0.113773
-0.0908463
-0.0765965
-0.069307
-0.0680448
-0.0734898
-0.0848403
-0.0961211
-0.100779
-0.0959921
-0.0846571
-0.0732302
-0.167842
-0.162758
-0.172774
-0.201471
-0.24813
-0.298665
-0.331538
-0.331046
-0.297569
-0.245557
-0.19203
-0.147166
-0.113941
-0.0914638
-0.0777116
-0.0709634
-0.070336
-0.0766029
-0.0887193
-0.100374
-0.104848
-0.0994485
-0.0874284
-0.0753718
-0.177748
-0.170392
-0.17827
-0.204858
-0.249671
-0.298949
-0.331066
-0.330143
-0.296543
-0.24464
-0.191374
-0.14688
-0.114091
-0.0920846
-0.0788475
-0.0726542
-0.0726798
-0.0797853
-0.0926689
-0.104688
-0.108954
-0.102913
-0.0901877
-0.0774841
-0.187321
-0.177664
-0.183388
-0.207827
-0.250722
-0.298686
-0.330069
-0.328805
-0.295201
-0.243521
-0.190604
-0.146539
-0.114218
-0.0927045
-0.0799998
-0.0743746
-0.0750715
-0.0830315
-0.0966832
-0.109058
-0.113097
-0.106384
-0.0929319
-0.0795645
-0.196525
-0.18454
-0.1881
-0.210358
-0.251271
-0.297867
-0.328537
-0.327025
-0.293539
-0.242196
-0.189715
-0.146135
-0.114316
-0.0933186
-0.0811637
-0.07612
-0.0775062
-0.086335
-0.100756
-0.113476
-0.117272
-0.109855
-0.0956576
-0.0816103
-0.205327
-0.190995
-0.192383
-0.212437
-0.25131
-0.296487
-0.326466
-0.3248
-0.291552
-0.240661
-0.188703
-0.145666
-0.114381
-0.0939221
-0.0823342
-0.0778851
-0.0799783
-0.0896893
-0.104881
-0.117936
-0.121471
-0.113325
-0.0983619
-0.0836194
-0.213705
-0.197005
-0.196217
-0.214051
-0.250837
-0.294544
-0.323854
-0.322126
-0.289238
-0.238912
-0.187564
-0.145125
-0.114408
-0.0945099
-0.0835061
-0.0796644
-0.0824821
-0.0930873
-0.10905
-0.122432
-0.12568
-0.116789
-0.101042
-0.0855895
-0.221639
-0.202554
-0.199589
-0.215192
-0.249852
-0.29204
-0.3207
-0.319003
-0.286593
-0.236945
-0.186292
-0.144508
-0.114392
-0.0950767
-0.0846737
-0.0814522
-0.0850112
-0.0965212
-0.113258
-0.126957
-0.12982
-0.120242
-0.103695
-0.0875188
-0.229116
-0.207632
-0.20249
-0.215858
-0.248359
-0.288983
-0.31701
-0.315432
-0.283619
-0.234758
-0.184885
-0.143809
-0.114326
-0.0956171
-0.0858312
-0.0832425
-0.0875588
-0.099983
-0.117495
-0.131504
-0.134012
-0.12368
-0.106317
-0.236129
-0.212231
-0.204918
-0.216049
-0.246367
-0.285385
-0.312791
-0.311418
-0.280313
-0.232348
-0.183339
-0.143025
-0.114205
-0.0961252
-0.0869727
-0.0850289
-0.0901179
-0.103464
-0.121753
-0.136065
-0.138206
-0.127101
-0.108908
-0.242673
-0.216352
-0.206874
-0.215773
-0.243889
-0.28126
-0.308054
-0.306965
-0.276679
-0.229714
-0.181649
-0.142149
-0.114025
-0.0965954
-0.0880919
-0.0868049
-0.0926807
-0.106956
-0.126024
-0.140633
-0.142392
-0.130501
-0.111463
-0.248751
-0.219998
-0.208365
-0.215039
-0.240942
-0.276628
-0.302815
-0.302083
-0.272719
-0.226856
-0.179813
-0.141176
-0.113778
-0.0970218
-0.0891825
-0.0885637
-0.0952395
-0.11045
-0.130299
-0.1452
-0.146568
-0.133876
-0.113981
-0.254366
-0.223179
-0.2094
-0.213863
-0.237545
-0.271513
-0.297089
-0.296781
-0.268438
-0.223772
-0.177827
-0.140103
-0.11346
-0.0973982
-0.0902379
-0.0902983
-0.0977858
-0.113934
-0.134567
-0.149756
-0.150726
-0.137222
-0.11646
-0.259526
-0.225905
-0.209995
-0.212264
-0.233723
-0.265943
-0.2909
-0.291072
-0.26384
-0.220465
-0.175689
-0.138924
-0.113065
-0.0977187
-0.0912514
-0.0920016
-0.100311
-0.117401
-0.138819
-0.154294
-0.154861
-0.140537
-0.118897
-0.264243
-0.228195
-0.21017
-0.210265
-0.229501
-0.259948
-0.284269
-0.284971
-0.258934
-0.216935
-0.173398
-0.137635
-0.112587
-0.0979771
-0.0922165
-0.0936662
-0.102806
-0.120839
-0.143044
-0.158805
-0.158967
-0.143816
-0.12129
-0.268529
-0.230068
-0.209945
-0.207891
-0.224911
-0.253563
-0.277226
-0.278495
-0.253727
-0.213184
-0.17095
-0.136232
-0.112022
-0.0981674
-0.0931263
-0.0952845
-0.105262
-0.124238
-0.147232
-0.163279
-0.163038
-0.147057
-0.123639
-0.272401
-0.231546
-0.209347
-0.205172
-0.219982
-0.246823
-0.2698
-0.271664
-0.24823
-0.209218
-0.168347
-0.134711
-0.111364
-0.0982836
-0.093974
-0.0968491
-0.10767
-0.127586
-0.151371
-0.167707
-0.167067
-0.150255
-0.12594
-0.275876
-0.232655
-0.208403
-0.202139
-0.214751
-0.239768
-0.262023
-0.264499
-0.242455
-0.205039
-0.165586
-0.133069
-0.110607
-0.0983196
-0.094753
-0.0983521
-0.110019
-0.130874
-0.155449
-0.172079
-0.171048
-0.153407
-0.128194
)
;

boundaryField
{
    inlet
    {
        type            zeroGradient;
    }
    outlet
    {
        type            fixedValue;
        value           nonuniform 0();
    }
    cylinder
    {
        type            zeroGradient;
    }
    top
    {
        type            symmetryPlane;
    }
    bottom
    {
        type            symmetryPlane;
    }
    frontAndBack
    {
        type            empty;
    }
    procBoundary5to4
    {
        type            processor;
        value           nonuniform List<scalar> 
204
(
-0.342638
-0.348113
-0.353157
-0.35778
-0.361993
-0.365809
-0.369241
-0.372304
-0.375013
-0.377384
-0.379433
-0.381176
-0.38263
-0.383812
-0.384737
-0.385422
-0.385881
-0.38613
-0.386183
-0.386054
-0.385757
-0.385306
-0.384711
-0.383985
-0.383139
-0.293995
-0.293995
-0.293968
-0.293966
-0.293992
-0.294044
-0.29412
-0.294218
-0.294347
-0.294525
-0.294709
-0.294735
-0.294703
-0.228306
-0.228306
-0.231396
-0.230411
-0.218245
-0.200844
-0.185352
-0.170709
-0.157243
-0.144809
-0.133383
-0.122898
-0.113281
-0.10446
-0.0963646
-0.0889269
-0.0820839
-0.075777
-0.0699523
-0.0645604
-0.0595566
-0.0549008
-0.050557
-0.0464932
-0.0426814
-0.0390969
-0.0357184
-0.0325272
-0.0295076
-0.0266458
-0.0239301
-0.0213508
-0.0188992
-0.0165683
-0.0143518
-0.0122445
-0.0102416
-0.00833923
-0.00653361
-0.00482148
-0.00319983
-0.0016658
-0.000216769
0.0011498
0.00243635
0.0036452
0.00477865
0.00583891
0.006828
0.0077474
0.00860056
0.00938714
0.0101117
0.0107743
0.0113764
0.0119194
0.012404
0.0128309
0.0132002
0.0135119
0.0137652
0.0139589
0.0140912
0.0141592
0.0127342
0.0126625
0.0125231
0.0123188
0.0120518
0.0117234
0.0113341
0.0108843
0.0103742
0.00980281
0.00916947
0.00847307
0.00771242
0.00688621
0.00599291
0.00503108
0.00399929
0.00289634
0.00172078
0.000471241
-0.000853387
-0.00225392
-0.00373077
-0.005284
-0.00691317
-0.00861721
-0.0103943
-0.012242
-0.0141564
-0.0161329
-0.0181653
-0.0202459
-0.022365
-0.0245112
-0.0266705
-0.0288266
-0.0309598
-0.0330478
-0.0350648
-0.0369812
-0.0387627
-0.0403685
-0.0417583
-0.0428897
-0.0437051
-0.0441519
-0.0441727
-0.0437073
-0.0426929
-0.041067
-0.0387612
-0.0356901
-0.0317471
-0.0267971
-0.0207084
-0.0135407
-0.00576626
0.00174895
0.00804706
0.0108815
0.00466966
0.0016159
0.0016159
0.0179726
0.0137378
0.0088
0.00321905
-0.00299251
-0.00981949
-0.0172398
-0.025226
-0.0337446
-0.0427555
-0.0522115
-0.0620591
-0.0722389
-0.0722389
-0.0819284
-0.0942117
-0.106768
-0.119513
-0.132365
-0.145248
-0.158089
-0.170825
-0.183398
-0.195755
-0.207852
-0.219649
-0.231118
-0.242232
-0.252969
-0.263308
-0.273234
-0.282733
-0.291795
-0.300411
-0.308579
-0.316294
-0.323555
-0.330364
-0.336724
)
;
    }
    procBoundary5to6
    {
        type            processor;
        value           nonuniform List<scalar> 
205
(
-0.105697
-0.107059
-0.108372
-0.109639
-0.110858
-0.112032
-0.113161
-0.114246
-0.115288
-0.116289
-0.116289
-0.0924459
-0.092756
-0.0930425
-0.0933072
-0.0935524
-0.0937801
-0.0939921
-0.0941904
-0.0943769
-0.0945534
-0.0947215
-0.094883
-0.0950393
-0.0951921
-0.0953427
-0.0954925
-0.0956427
-0.0957946
-0.0959493
-0.0961076
-0.0962704
-0.0964385
-0.0966151
-0.0968024
-0.0969903
-0.0971537
-0.097327
-0.0977092
-0.0983421
-0.0980712
-0.0980712
-0.0674695
-0.06291
-0.0582076
-0.0532874
-0.0482247
-0.0430701
-0.037889
-0.0327413
-0.0276845
-0.0227697
-0.0180415
-0.0135364
-0.00928298
-0.00530263
-0.00160976
0.00178717
0.00488501
0.00768542
0.0101944
0.012422
0.0143815
0.0160888
0.0175614
0.0188179
0.0198771
0.0207575
0.0214771
0.0220532
0.0225021
0.022839
0.0230781
0.0232325
0.0233142
0.0233341
0.0233019
0.0232267
0.0231164
0.0229781
0.0228181
0.022642
0.0224547
0.0222605
0.0220631
0.0218656
0.0216708
0.021481
0.0212981
0.0211236
0.020959
0.0208051
0.0206628
0.0205329
0.0204156
0.0203116
0.0202211
0.0201444
0.0200819
0.020034
0.0200014
0.0199845
0.0180716
0.0180921
0.0181322
0.0181916
0.0182706
0.0183695
0.0184894
0.0186312
0.0187963
0.0189863
0.019203
0.0194482
0.0197239
0.0200324
0.0203758
0.0207566
0.0211769
0.0216395
0.022147
0.0227018
0.0233053
0.0239585
0.0246631
0.0254196
0.0262275
0.0270848
0.0279882
0.0289319
0.0299077
0.0309036
0.0319038
0.0328871
0.0338265
0.0346883
0.0354312
0.0360069
0.036362
0.0364425
0.0362038
0.0356209
0.0346967
0.0334683
0.0320011
0.0303541
0.0285885
0.0267421
0.0248108
0.0227687
0.0205854
0.0182367
0.0182367
0.00896004
0.00567344
0.0021937
-0.00151803
-0.00550222
-0.00976938
-0.0142347
-0.0186498
-0.0228451
-0.0276896
-0.0267538
-0.0267538
-0.0285668
-0.0303039
-0.0321455
-0.0340288
-0.035927
-0.0378377
-0.0397583
-0.0416843
-0.0436117
-0.0455364
-0.0474543
-0.0493617
-0.0512548
-0.0531299
-0.0549833
-0.0568117
-0.0586117
-0.0603802
-0.0621142
-0.063811
-0.0654679
-0.0670825
-0.0686529
-0.0701769
-0.0716529
-0.0730795
-0.0744554
-0.0757796
-0.0770513
-0.0894055
-0.0894055
-0.0912481
-0.0930454
-0.0947961
-0.0964993
-0.0981545
-0.099761
-0.101319
-0.102827
-0.104286
)
;
    }
}


// ************************************************************************* //
