/*--------------------------------*- C++ -*----------------------------------*\
  =========                 |
  \\      /  F ield         | OpenFOAM: The Open Source CFD Toolbox
   \\    /   O peration     | Website:  https://openfoam.org
    \\  /    A nd           | Version:  7
     \\/     M anipulation  |
\*---------------------------------------------------------------------------*/
FoamFile
{
    version     2.0;
    format      ascii;
    class       volScalarField;
    location    "300";
    object      p;
}
// * * * * * * * * * * * * * * * * * * * * * * * * * * * * * * * * * * * * * //

dimensions      [0 2 -2 0 0 0 0];

internalField   nonuniform List<scalar> 
4575
(
-0.101671
-0.106336
-0.0924613
-0.125863
-0.110663
-0.0965799
-0.0830626
-0.131568
-0.115106
-0.100332
-0.0866265
-0.0734828
-0.137877
-0.120122
-0.104117
-0.0897929
-0.0764833
-0.0637301
-0.144867
-0.125687
-0.108428
-0.0929068
-0.0790541
-0.0661594
-0.0538134
-0.152636
-0.13187
-0.113233
-0.0964975
-0.0814856
-0.0681266
-0.0556652
-0.0437428
-0.161276
-0.138766
-0.118592
-0.100527
-0.0843439
-0.0698656
-0.057022
-0.045012
-0.0335297
-0.170871
-0.146462
-0.124597
-0.105048
-0.087585
-0.0719799
-0.0580598
-0.0457528
-0.0342124
-0.0231872
-0.181475
-0.155042
-0.13133
-0.110144
-0.0912514
-0.0744198
-0.0594195
-0.0460819
-0.0343325
-0.0232804
-0.012731
-0.193053
-0.164561
-0.138876
-0.1159
-0.0954258
-0.0772195
-0.0610466
-0.046677
-0.0339463
-0.0227756
-0.0122315
-0.0021792
-0.205388
-0.174992
-0.14729
-0.122395
-0.100188
-0.0804591
-0.0629682
-0.047481
-0.0337673
-0.0216678
-0.011097
-0.00108216
0.00844694
-0.21793
-0.186135
-0.156555
-0.129688
-0.105619
-0.0842172
-0.0652623
-0.0485145
-0.0337386
-0.0207056
-0.0092616
0.000687816
0.0101494
0.0191209
-0.229616
-0.197471
-0.166487
-0.137771
-0.11178
-0.0885733
-0.0680064
-0.0498544
-0.0338756
-0.0198352
-0.00750675
0.00325739
0.0125638
0.0214431
0.0298074
-0.207972
-0.176593
-0.146474
-0.118667
-0.0935905
-0.0712796
-0.0515776
-0.0342547
-0.0190691
-0.00578665
0.00581455
0.015875
0.0245166
0.032778
0.0404648
-0.215945
-0.185887
-0.155332
-0.126127
-0.0992722
-0.0751467
-0.0537627
-0.0349526
-0.0184831
-0.00411267
0.00839124
0.0192442
0.0285779
0.0365343
0.044138
0.0510579
-0.219016
-0.192723
-0.163401
-0.133725
-0.105481
-0.0796175
-0.0564761
-0.0360475
-0.0181542
-0.00256021
0.0109755
0.0226829
0.0327683
0.0413536
0.0486095
0.0555188
0.0615554
-0.194761
-0.169083
-0.140554
-0.111808
-0.0845697
-0.0597336
-0.0376069
-0.0181597
-0.00120577
0.0134931
0.0261771
0.0370728
0.0463736
0.0541924
0.0607445
0.0669178
0.0718571
-0.189311
-0.170081
-0.14507
-0.117389
-0.0896199
-0.063427
-0.0396521
-0.0185679
-0.000125807
0.0158687
0.0296553
0.0414732
0.0515451
0.0600483
0.067095
0.0729617
0.0783057
0.0817009
-0.174301
-0.163738
-0.145023
-0.12073
-0.0939467
-0.0671993
-0.0420887
-0.0194054
0.000611172
0.0180272
0.0330443
0.0459038
0.0568442
0.0660831
0.073783
0.080076
0.0853044
0.0896466
0.0908488
-0.147953
-0.137795
-0.119637
-0.0961103
-0.0702709
-0.0445857
-0.0205908
0.000973695
0.0199002
0.0362715
0.0502956
0.0622153
0.0722684
0.0806675
0.0875673
0.0931462
0.0977811
0.100951
0.0999226
-0.121444
-0.121267
-0.111534
-0.0939726
-0.0712576
-0.0464051
-0.0218189
0.00103014
0.0214516
0.0392684
0.0545787
0.0675963
0.0785653
0.0877227
0.0952765
0.101383
0.106276
0.110275
0.112116
0.11147
-0.0939606
-0.0942952
-0.0850092
-0.0680811
-0.0462194
-0.0223932
0.00106066
0.0227371
0.0419944
0.0586846
0.0729199
0.0849197
0.0949286
0.103183
0.109887
0.115204
0.119397
0.1227
0.123748
0.123757
-0.0662409
-0.0670929
-0.0582737
-0.0420141
-0.0210442
0.00172018
0.0240122
0.0444929
0.0625679
0.078117
0.0912659
0.102238
0.11128
0.118624
0.124475
0.129002
0.132476
0.13506
0.135473
0.135545
-0.0383424
-0.0397153
-0.0313822
-0.0158233
0.00421962
0.0258903
0.0469947
0.0662598
0.0831375
0.097534
0.109587
0.119525
0.127592
0.134023
0.139017
0.142751
0.145492
0.147363
0.1472
0.147059
-0.0103225
-0.0122186
-0.0043897
0.0104389
0.0295233
0.0500724
0.069967
0.0880001
0.103668
0.116903
0.127854
0.136751
0.143841
0.149353
0.153489
0.156425
0.158425
0.159586
0.15885
0.15836
0.0177609
0.0153408
0.0226488
0.0367204
0.0548182
0.0742215
0.092888
0.109676
0.124126
0.136193
0.146037
0.15389
0.159999
0.164592
0.167866
0.170001
0.171254
0.171705
0.170383
0.169462
0.04585
0.0429064
0.0496782
0.0629689
0.0800555
0.0982927
0.115716
0.13125
0.144476
0.155371
0.164105
0.170914
0.176041
0.179713
0.182127
0.183459
0.183961
0.1837
0.181778
0.180375
0.073887
0.0704213
0.0766434
0.089132
0.105187
0.122241
0.138411
0.152684
0.164682
0.174406
0.182031
0.187795
0.191942
0.194694
0.196247
0.196776
0.196525
0.195552
0.19302
0.1911
0.101814
0.0978289
0.103489
0.115158
0.130164
0.146023
0.160932
0.173941
0.184712
0.193264
0.199783
0.204506
0.207675
0.209511
0.210205
0.209932
0.208929
0.207242
0.204094
0.201637
0.129574
0.125073
0.130162
0.140995
0.154938
0.169594
0.183238
0.194983
0.20453
0.211916
0.217333
0.221021
0.223217
0.224141
0.223981
0.222909
0.221155
0.218756
0.214991
0.211979
0.15711
0.152097
0.156606
0.166593
0.179463
0.192909
0.205289
0.215775
0.224103
0.23033
0.234652
0.237311
0.238542
0.23856
0.237552
0.235686
0.233185
0.230079
0.225697
0.184364
0.178845
0.182769
0.191899
0.203691
0.215927
0.227046
0.236278
0.243397
0.248474
0.251712
0.253351
0.253626
0.252747
0.250898
0.248246
0.245004
0.241196
0.236201
0.211282
0.205264
0.208597
0.216866
0.227577
0.238605
0.248469
0.256458
0.262379
0.266318
0.268484
0.269116
0.268445
0.26668
0.264
0.260569
0.256594
0.252092
0.246492
0.237808
0.231298
0.234039
0.241443
0.251074
0.2609
0.26952
0.27628
0.281017
0.283833
0.284941
0.284578
0.282975
0.280336
0.276837
0.272639
0.26794
0.262754
0.263888
0.256894
0.259043
0.265583
0.274138
0.282772
0.290161
0.295708
0.299278
0.300989
0.301055
0.299715
0.297194
0.293695
0.28939
0.284436
0.279026
0.273168
0.289469
0.282
0.283558
0.289237
0.296725
0.30418
0.310356
0.314708
0.317132
0.317756
0.3168
0.3145
0.311079
0.306736
0.30164
0.295945
0.289836
0.283319
0.314498
0.306565
0.307536
0.312361
0.318792
0.325085
0.330068
0.333248
0.334548
0.334108
0.33215
0.32891
0.324608
0.319439
0.313568
0.307148
0.300355
0.293194
0.338925
0.330538
0.330929
0.334908
0.340299
0.345449
0.349262
0.351294
0.351495
0.350015
0.347079
0.342922
0.337759
0.331783
0.325157
0.318029
0.310568
0.3627
0.353871
0.35369
0.356836
0.361203
0.365234
0.367904
0.368816
0.367945
0.365452
0.361563
0.356512
0.350511
0.34375
0.336389
0.328571
0.32046
0.385775
0.376518
0.375773
0.378101
0.381466
0.384404
0.38596
0.385782
0.383869
0.380392
0.375578
0.369658
0.362845
0.355321
0.347245
0.338758
0.330016
0.408103
0.39843
0.397135
0.398662
0.401051
0.402924
0.403398
0.402163
0.399241
0.39481
0.3891
0.38234
0.374739
0.366477
0.35771
0.348576
0.339223
0.429639
0.419566
0.417732
0.41848
0.419919
0.420761
0.420187
0.41793
0.414033
0.408681
0.402106
0.394536
0.386174
0.377202
0.367768
0.358009
0.45034
0.439881
0.437526
0.437517
0.438036
0.437881
0.436297
0.433056
0.42822
0.421983
0.414576
0.406225
0.397134
0.387476
0.377402
0.367043
0.470164
0.459336
0.456475
0.455735
0.455368
0.454254
0.4517
0.447515
0.441778
0.434692
0.426488
0.41739
0.407599
0.397286
0.386598
0.375664
0.48907
0.47789
0.474544
0.4731
0.471882
0.46985
0.466368
0.46128
0.454684
0.446787
0.437822
0.428011
0.417552
0.406614
0.395341
0.383859
0.507022
0.495508
0.491696
0.489579
0.487548
0.484641
0.480274
0.474328
0.466915
0.458248
0.44856
0.438072
0.426978
0.415446
0.403617
0.391614
0.523984
0.512153
0.507897
0.50514
0.502337
0.498599
0.493395
0.486636
0.47845
0.469054
0.458683
0.447554
0.435861
0.423768
0.411413
0.53992
0.527792
0.523117
0.519754
0.516221
0.511699
0.505707
0.498183
0.489269
0.479188
0.468174
0.456443
0.444186
0.431565
0.418717
0.5548
0.542394
0.537325
0.533392
0.529175
0.523919
0.517188
0.508948
0.499354
0.488632
0.477017
0.464724
0.451941
0.438827
0.425518
0.568594
0.555931
0.550493
0.546029
0.541174
0.535235
0.527817
0.518912
0.508687
0.497371
0.485198
0.472383
0.459111
0.44554
0.431804
0.581275
0.568374
0.562596
0.557641
0.552197
0.545627
0.537577
0.528059
0.517252
0.505389
0.492703
0.479407
0.465686
0.451695
0.437565
0.592817
0.579701
0.57361
0.568205
0.562223
0.555077
0.546449
0.536372
0.525035
0.512672
0.499519
0.485785
0.471654
0.45728
0.442792
0.603197
0.589887
0.583515
0.577703
0.571233
0.563567
0.554417
0.543837
0.532021
0.519209
0.505634
0.491506
0.477006
0.462287
0.447477
0.612396
0.598914
0.59229
0.586115
0.579211
0.571082
0.561469
0.550441
0.5382
0.524988
0.511039
0.496561
0.481733
0.466708
0.451611
0.620394
0.606763
0.599919
0.593426
0.586143
0.577609
0.567591
0.556171
0.54356
0.529999
0.515723
0.50094
0.485827
0.470535
0.455189
0.627176
0.613419
0.606386
0.599623
0.592016
0.583136
0.572772
0.561019
0.548091
0.534234
0.51968
0.504637
0.489281
0.473762
0.458205
0.632729
0.618868
0.611681
0.604693
0.596818
0.587653
0.577004
0.564976
0.551787
0.537685
0.522902
0.507645
0.492089
0.476384
0.460652
0.637042
0.623101
0.615792
0.608628
0.600542
0.591153
0.580279
0.568034
0.554641
0.540347
0.525384
0.509959
0.494247
0.478396
0.640107
0.62611
0.618712
0.61142
0.603181
0.593628
0.582591
0.570189
0.556647
0.542214
0.527122
0.511576
0.495752
0.479795
0.641918
0.627887
0.620436
0.613064
0.604729
0.595074
0.583936
0.571437
0.557803
0.543284
0.528112
0.512493
0.496599
0.480579
0.642471
0.628431
0.620959
0.613556
0.605185
0.59549
0.584312
0.571775
0.558107
0.543555
0.528354
0.512707
0.496789
0.480746
0.641766
0.62774
0.620283
0.612898
0.604547
0.594874
0.583718
0.571203
0.557557
0.543027
0.527846
0.512219
0.49632
0.480296
0.639804
0.625816
0.618407
0.611089
0.602816
0.593227
0.582156
0.569723
0.556155
0.541699
0.526589
0.511029
0.495194
0.47923
0.636589
0.622663
0.615336
0.608133
0.599997
0.590554
0.579628
0.567336
0.553903
0.539575
0.524586
0.50914
0.493411
0.477548
0.461673
0.632129
0.618287
0.611076
0.604036
0.596094
0.586857
0.576139
0.564048
0.550806
0.536659
0.521839
0.506553
0.490976
0.475254
0.459513
0.626432
0.612698
0.605635
0.598807
0.591116
0.582146
0.571694
0.559863
0.546868
0.532954
0.518354
0.503274
0.487891
0.472352
0.456782
0.619509
0.605907
0.599025
0.592455
0.58507
0.576427
0.566303
0.554789
0.542096
0.528467
0.514136
0.499309
0.484162
0.468845
0.453484
0.611376
0.597927
0.591259
0.584992
0.577969
0.569711
0.559975
0.548835
0.536499
0.523207
0.509192
0.494662
0.479795
0.46474
0.449625
0.602048
0.588775
0.582352
0.576434
0.569826
0.562012
0.55272
0.542012
0.530086
0.517181
0.503531
0.489343
0.474796
0.460044
0.445211
0.591545
0.57847
0.572321
0.566796
0.560656
0.553342
0.544553
0.534331
0.522868
0.510401
0.497161
0.483359
0.469175
0.454762
0.440249
0.579886
0.567031
0.561187
0.556096
0.550476
0.543718
0.535486
0.525806
0.514858
0.502877
0.490094
0.476721
0.46294
0.448905
0.434746
0.567097
0.554483
0.548971
0.544356
0.539306
0.533157
0.525538
0.516452
0.50607
0.494622
0.482341
0.469439
0.4561
0.442481
0.428711
0.553203
0.540849
0.535698
0.531599
0.527165
0.521678
0.514724
0.506284
0.496517
0.48565
0.473916
0.461526
0.448668
0.4355
0.422153
0.538232
0.526159
0.521394
0.517847
0.514077
0.509302
0.503066
0.495322
0.486218
0.475977
0.464831
0.452995
0.440656
0.427974
0.415083
0.522213
0.510441
0.506086
0.503129
0.500067
0.496051
0.490582
0.483583
0.47519
0.465619
0.455104
0.443859
0.432075
0.419914
0.407513
0.39499
0.50518
0.493727
0.489806
0.487472
0.485159
0.481951
0.477296
0.471089
0.463451
0.454593
0.444748
0.434133
0.42294
0.411333
0.399452
0.387418
0.487167
0.476051
0.472586
0.470906
0.469383
0.467026
0.463231
0.457861
0.451022
0.442918
0.433783
0.423834
0.413266
0.402246
0.390915
0.379397
0.46821
0.457449
0.454459
0.453463
0.452767
0.451303
0.448412
0.443923
0.437923
0.430614
0.422225
0.412977
0.403067
0.392665
0.381913
0.37094
0.448347
0.437957
0.435461
0.435177
0.435343
0.434811
0.432866
0.429298
0.424179
0.417701
0.410094
0.401582
0.392361
0.382607
0.372462
0.362059
0.427619
0.417616
0.415631
0.416083
0.417143
0.417581
0.416619
0.414012
0.409811
0.404201
0.397411
0.389665
0.381165
0.372086
0.362576
0.352768
0.342803
0.406067
0.396466
0.395007
0.396218
0.398201
0.399642
0.399702
0.398092
0.394844
0.390136
0.384196
0.377247
0.369496
0.36112
0.352269
0.34308
0.333701
0.383735
0.37455
0.373631
0.37562
0.378553
0.381029
0.382143
0.381565
0.379305
0.375531
0.37047
0.364348
0.357373
0.349725
0.341558
0.33301
0.324237
0.360669
0.351913
0.351544
0.354329
0.358236
0.361775
0.363974
0.36446
0.363219
0.36041
0.356257
0.350988
0.344814
0.337919
0.330458
0.322574
0.314427
0.336914
0.328601
0.328792
0.332387
0.337287
0.341915
0.345228
0.346807
0.346613
0.344797
0.341579
0.33719
0.331841
0.32572
0.318986
0.311785
0.304284
0.296484
0.31252
0.30466
0.305418
0.309835
0.315747
0.321486
0.325938
0.328637
0.329518
0.32872
0.326462
0.322974
0.318473
0.313147
0.307161
0.30066
0.293822
0.286647
0.287536
0.28014
0.281471
0.286718
0.293655
0.300524
0.306138
0.30998
0.31196
0.312204
0.310928
0.308365
0.304731
0.30022
0.294998
0.289216
0.283056
0.276522
0.262012
0.25509
0.256997
0.26308
0.271053
0.279068
0.285862
0.29087
0.29397
0.295278
0.295005
0.293384
0.290636
0.286958
0.282517
0.277468
0.272001
0.266122
0.259325
0.236
0.229561
0.232046
0.238968
0.247984
0.257156
0.265148
0.271339
0.275579
0.277969
0.278717
0.278057
0.276212
0.273381
0.269736
0.265433
0.260672
0.25546
0.249248
0.209554
0.203606
0.206668
0.214428
0.224492
0.23483
0.244032
0.251422
0.256817
0.260306
0.262092
0.262408
0.261479
0.25951
0.256673
0.25313
0.249084
0.244552
0.238933
0.182726
0.177276
0.180914
0.189509
0.20062
0.21213
0.222551
0.231152
0.237717
0.242319
0.245156
0.246461
0.246462
0.245366
0.243349
0.240574
0.237253
0.23341
0.228393
0.224269
0.155572
0.150626
0.154834
0.164258
0.176414
0.189098
0.200744
0.210565
0.218311
0.224038
0.227937
0.230242
0.231184
0.23097
0.229782
0.227784
0.225196
0.222048
0.217638
0.214076
0.128147
0.12371
0.128482
0.138726
0.151919
0.165775
0.178649
0.189697
0.198631
0.205491
0.210463
0.213777
0.215667
0.216345
0.215993
0.214778
0.212928
0.210481
0.206681
0.203672
0.100506
0.0965822
0.101911
0.112962
0.127182
0.142204
0.156306
0.168582
0.178711
0.186711
0.192761
0.197092
0.199938
0.201513
0.202002
0.201575
0.200466
0.198722
0.195531
0.193062
0.0727062
0.0692987
0.0751733
0.0870173
0.10225
0.118428
0.133753
0.147259
0.158584
0.167728
0.174861
0.180214
0.184019
0.186496
0.187831
0.188194
0.187827
0.186788
0.1842
0.182252
0.0448035
0.0419145
0.0483234
0.0609416
0.0771705
0.0944914
0.111032
0.125763
0.138284
0.148573
0.156792
0.163168
0.167937
0.171318
0.1735
0.174655
0.175029
0.174693
0.172701
0.171241
0.0168548
0.0144853
0.021415
0.0347864
0.05199
0.0704373
0.0881816
0.104132
0.117845
0.129278
0.138582
0.145983
0.151715
0.156002
0.159033
0.160977
0.16209
0.162457
0.161046
0.160025
-0.0110834
-0.0129333
-0.00549793
0.0086029
0.0267567
0.0463097
0.0652427
0.0824014
0.0973014
0.109874
0.120261
0.128684
0.13538
0.140572
0.14445
0.147184
0.14903
0.1501
0.149255
0.148592
-0.0389544
-0.0402859
-0.0323614
-0.0175576
0.00151833
0.0221526
0.0422555
0.0606096
0.0766865
0.0903926
0.101858
0.111301
0.118957
0.125052
0.129777
0.133296
0.135869
0.137643
0.137364
0.136922
-0.0667019
-0.0675175
-0.0591217
-0.0436442
-0.0236775
-0.00198997
0.0192606
0.0387933
0.0560349
0.0708653
0.0834023
0.0938595
0.102472
0.109467
0.115037
0.11934
0.122626
0.125111
0.125449
0.12494
-0.0942695
-0.0945735
-0.0857253
-0.0696058
-0.0487833
-0.0260742
-0.00370198
0.0169895
0.0353805
0.0513236
0.0649229
0.0763871
0.0859508
0.0938406
0.100254
0.105341
0.109322
0.112496
0.113599
0.11241
-0.1214
-0.112119
-0.0953917
-0.0737515
-0.0500564
-0.0265921
-0.00476534
0.014757
0.0317985
0.0464487
0.0589108
0.0694181
0.0781979
0.0854523
0.0913272
0.0959915
0.0997968
0.102196
0.100519
-0.147944
-0.138251
-0.120952
-0.0985357
-0.0738934
-0.0493701
-0.0264347
-0.00580216
0.0123208
0.0280082
0.041457
0.0528992
0.0625627
0.0706543
0.0773272
0.0827051
0.0871089
0.0906844
0.0912207
-0.16407
-0.146239
-0.123089
-0.0975424
-0.0719967
-0.0479826
-0.026264
-0.00707899
0.00962957
0.0240519
0.0364186
0.0469582
0.0558824
0.0633589
0.0694923
0.0745438
0.0791429
0.08188
-0.171201
-0.147367
-0.120961
-0.0944332
-0.0693737
-0.0465961
-0.0263712
-0.00865988
0.00672063
0.0199993
0.0314056
0.0411555
0.0494322
0.0563413
0.0620867
0.0675328
0.0718248
-0.195793
-0.171323
-0.144108
-0.116641
-0.0905731
-0.0667665
-0.0455266
-0.0268333
-0.0105122
0.00366365
0.0159247
0.0264902
0.0355563
0.043237
0.0496939
0.0558888
0.0612847
-0.194915
-0.166942
-0.138584
-0.111547
-0.0867441
-0.0645167
-0.0448645
-0.0276227
-0.0125669
0.000534226
0.0119023
0.0217427
0.0301788
0.0373448
0.0442454
0.0505286
-0.189423
-0.160224
-0.132261
-0.106498
-0.0833135
-0.0627281
-0.0445878
-0.0286715
-0.0147476
-0.00259279
0.00800461
0.0171764
0.0250377
0.0326081
0.0396632
-0.181526
-0.152683
-0.125999
-0.10189
-0.0803994
-0.061385
-0.0446299
-0.0299028
-0.0169795
-0.00564402
0.0042424
0.0127802
0.0209816
0.028722
-0.202456
-0.172781
-0.145218
-0.12022
-0.0978543
-0.0779923
-0.0604221
-0.0449136
-0.0312421
-0.0191891
-0.00860987
0.000584227
0.00938261
0.0177406
-0.192526
-0.164127
-0.138277
-0.11507
-0.0943886
-0.076029
-0.0597625
-0.0453647
-0.0326158
-0.0213661
-0.0115356
-0.00216762
0.00676108
-0.182699
-0.156038
-0.132023
-0.110553
-0.0914318
-0.0744323
-0.0593314
-0.0459092
-0.0340112
-0.0235638
-0.0136486
-0.0041809
-0.173478
-0.148692
-0.126467
-0.106612
-0.088906
-0.0731265
-0.0590541
-0.04653
-0.0354848
-0.0250418
-0.0150586
-0.165057
-0.142109
-0.121552
-0.103167
-0.0867346
-0.0720354
-0.0589072
-0.0472833
-0.0363303
-0.0258506
-0.157463
-0.136235
-0.1172
-0.10014
-0.0848385
-0.0711285
-0.0589449
-0.0474985
-0.0365386
-0.150645
-0.13099
-0.11333
-0.0974496
-0.0831799
-0.0704556
-0.0585322
-0.047107
-0.144521
-0.126289
-0.109855
-0.0950483
-0.0818028
-0.0694186
-0.0575425
-0.139004
-0.122043
-0.106722
-0.0929747
-0.0801459
-0.0678334
-0.134
-0.118188
-0.10396
-0.0907037
-0.0779696
-0.129438
-0.11475
-0.101083
-0.0879419
-0.111274
-0.097742
-0.107362
0.092961
0.0838259
0.0742497
0.064953
0.05538
0.0455396
0.0356513
0.0257849
0.0159429
0.00614845
-0.00356698
-0.0131828
-0.0226864
-0.0320675
-0.0413168
-0.0504266
-0.0593905
-0.0682033
-0.0768602
-0.0853571
-0.0936907
0.0825837
0.0730144
0.0625605
0.0533542
0.044465
0.0353816
0.0262915
0.0173498
0.00854536
-0.000148859
-0.00872767
-0.0171809
-0.0255065
-0.033705
-0.0417761
-0.0497183
-0.0575304
-0.0652114
-0.07276
-0.0801751
-0.0874557
0.0704376
0.0611725
0.0512689
0.042919
0.0351388
0.0272067
0.0192229
0.0113774
0.00367901
-0.00391779
-0.0114243
-0.0188322
-0.0261369
-0.0333385
-0.0404369
-0.0474302
-0.0543166
-0.0610942
-0.0677616
-0.0743175
-0.0807607
0.0589347
0.0504798
0.0416467
0.0342751
0.0274542
0.0204866
0.0134329
0.00648294
-0.00033346
-0.007056
-0.0137004
-0.0202594
-0.026726
-0.0330989
-0.0393784
-0.0455639
-0.0516544
-0.0576494
-0.0635486
-0.069352
-0.0750597
0.0491156
0.0415723
0.0338089
0.0272989
0.0212603
0.0150964
0.00885121
0.00269209
-0.00334564
-0.00929437
-0.0151714
-0.0209729
-0.0266931
-0.0323312
-0.0378884
-0.0433655
-0.0487625
-0.0540796
-0.0593175
-0.0644765
-0.0695575
0.0408865
0.0341574
0.027336
0.0215676
0.016188
0.0107091
0.00516693
-0.000299955
-0.00565996
-0.0109394
-0.0161546
-0.021304
-0.0263833
-0.031392
-0.0363315
-0.0412029
-0.0460067
-0.0507434
-0.0554138
-0.0600186
-0.0645586
0.0339505
0.0279284
0.0219384
0.0168327
0.0120373
0.00716206
0.00224193
-0.00261127
-0.00737256
-0.0120635
-0.0166981
-0.0212759
-0.025794
-0.0302521
-0.0346516
-0.0389939
-0.0432796
-0.0475097
-0.0516848
-0.055806
-0.0598742
0.0281107
0.0227186
0.0174651
0.0129524
0.00867788
0.00433538
-3.7776e-05
-0.00435163
-0.00858799
-0.0127647
-0.0168932
-0.0209733
-0.0250031
-0.0289826
-0.0329131
-0.0367958
-0.0406315
-0.0444211
-0.0481655
-0.0518656
-0.0555223
0.0232332
0.0184073
0.0138006
0.00981068
0.00599656
0.00212237
-0.00177164
-0.00561314
-0.00938978
-0.0131166
-0.0168025
-0.0204477
-0.0240506
-0.0276114
-0.0311314
-0.0346117
-0.0380531
-0.0414565
-0.0448228
-0.0481528
-0.0514475
0.0191927
0.0148732
0.0108297
0.00729676
0.00388795
0.000425257
-0.00304889
-0.00647654
-0.0098502
-0.0131826
-0.0164808
-0.0197447
-0.0229732
-0.0261669
-0.0293267
-0.0324536
-0.0355486
-0.0386123
-0.0416455
-0.0446491
-0.0476239
0.0158714
0.0120021
0.00844757
0.00531389
0.00226235
-0.000837995
-0.00394341
-0.00700772
-0.0100273
-0.013013
-0.0159703
-0.0188989
-0.0217982
-0.0246685
-0.0275109
-0.0303263
-0.0331154
-0.0358789
-0.0386175
-0.041332
-0.0440231
0.0131651
0.00969575
0.00656571
0.00378125
0.00104525
-0.0017353
-0.00451621
-0.00726082
-0.00996856
-0.0126488
-0.0153055
-0.0179383
-0.0205469
-0.0231317
-0.0256935
-0.0282332
-0.0307512
-0.0332484
-0.0357252
-0.0381824
-0.0406206
0.0109853
0.00787137
0.00511006
0.00263142
0.000174575
-0.00232321
-0.00481793
-0.00728066
-0.0097131
-0.0121234
-0.0145143
-0.0168855
-0.0192368
-0.0215684
-0.0238812
-0.0261759
-0.028453
-0.0307129
-0.0329563
-0.0351838
-0.0373959
0.00925658
0.00645856
0.00401791
0.00180743
-0.000402051
-0.00264931
-0.00489109
-0.00710468
-0.0092935
-0.0114646
-0.0136199
-0.015759
-0.0178816
-0.0199882
-0.0220794
-0.0241558
-0.0262179
-0.028266
-0.0303007
-0.0323225
-0.0343318
0.00791416
0.00539724
0.00323582
0.00126089
-0.00072899
-0.00275381
-0.00477152
-0.00676438
-0.00873704
-0.0106956
-0.0126415
-0.0145739
-0.0164929
-0.0183988
-0.0202923
-0.0221736
-0.0240432
-0.0259016
-0.0277491
-0.0295861
-0.031413
0.0069026
0.00463602
0.00271819
0.000950576
-0.000843962
-0.00267086
-0.00448958
-0.00628641
-0.00806682
-0.00983616
-0.0115952
-0.0133434
-0.0150805
-0.016807
-0.0185233
-0.0202298
-0.0219269
-0.0236147
-0.0252938
-0.0269643
-0.0286268
0.00617427
0.00413092
0.00242596
0.000841207
-0.000779218
-0.00242963
-0.00407126
-0.00569358
-0.0073026
-0.00890301
-0.0104952
-0.0120785
-0.0136528
-0.0152185
-0.0167759
-0.0183254
-0.0198673
-0.0214017
-0.022929
-0.0244494
-0.0259633
0.00568816
0.00384414
0.00232557
0.00090244
-0.000562496
-0.00205523
-0.00353891
-0.00500553
-0.00646142
-0.0079107
-0.00935347
-0.010789
-0.0122172
-0.0136385
-0.0150531
-0.0164613
-0.0178632
-0.0192592
-0.0206495
-0.0220342
-0.0234136
0.00540885
0.00374307
0.00238801
0.00110801
-0.000217821
-0.00156941
-0.00291193
-0.00423938
-0.00555819
-0.00687201
-0.00818069
-0.00948353
-0.0107804
-0.0120717
-0.0133577
-0.0146385
-0.0159142
-0.0171852
-0.0184515
-0.0197134
-0.020971
0.0053056
0.00379943
0.00258805
0.00143504
0.000233871
-0.000991154
-0.00220729
-0.00341011
-0.00460599
-0.00579816
-0.00698634
-0.00816981
-0.00934849
-0.0105227
-0.0116926
-0.0128583
-0.01402
-0.0151778
-0.016332
-0.0174825
-0.0186296
0.0053516
0.00398857
0.00290365
0.00186352
0.000774225
-0.000337142
-0.00143995
-0.00253096
-0.00361641
-0.00469919
-0.00577891
-0.00685484
-0.00792692
-0.0089954
-0.0100605
-0.0111222
-0.0121807
-0.0132361
-0.0142885
-0.015338
-0.0163848
0.00552341
0.00428889
0.00331548
0.00237583
0.00138708
0.000377924
-0.000623086
-0.00161366
-0.00259979
-0.00358406
-0.004566
-0.00554493
-0.00652078
-0.00749375
-0.008464
-0.0094316
-0.0103966
-0.0113592
-0.0123193
-0.0132771
-0.0142327
0.00580044
0.00468146
0.00380649
0.00295642
0.00205814
0.00114102
0.000231561
-0.000668655
-0.00156533
-0.00246078
-0.0033545
-0.00424583
-0.0051347
-0.00602129
-0.00690572
-0.00778805
-0.00866832
-0.0095466
-0.010423
-0.0112975
-0.0121702
0.00616454
0.00514955
0.00436164
0.00359154
0.00277476
0.0019406
0.00111357
0.000294734
-0.000521288
-0.00133657
-0.00215059
-0.00296273
-0.00377291
-0.00458129
-0.00538797
-0.00619298
-0.00699636
-0.00779814
-0.00859838
-0.00939713
-0.0101944
0.0065997
0.00567841
0.00496759
0.00426898
0.00352567
0.00276637
0.00201365
0.00126819
0.000524966
-0.00021788
-0.000959842
-0.00170033
-0.00243928
-0.0031768
-0.00391298
-0.00464785
-0.00538142
-0.00611371
-0.00684476
-0.00757462
-0.00830331
0.00709177
0.00625499
0.00561252
0.0049779
0.00430089
0.0036092
0.00292354
0.00224431
0.00156685
0.000889498
0.000212743
-0.000462869
-0.00113726
-0.00181054
-0.00248276
-0.00315395
-0.0038241
-0.00449323
-0.00516137
-0.00582854
-0.00649476
0.00762824
0.00686775
0.00628597
0.00570869
0.00509156
0.00446099
0.00383589
0.00321648
0.00259849
0.00198041
0.00136271
0.000745883
0.000130019
-0.00048497
-0.00109914
-0.00171248
-0.00232501
-0.00293671
-0.00354761
-0.00415772
-0.00476705
0.00819806
0.0075065
0.00697869
0.00645284
0.00588985
0.00531455
0.00474421
0.0041789
0.00361471
0.00305031
0.00248612
0.0019226
0.00135983
0.000797754
0.000236319
-0.000324467
-0.000884594
-0.00144406
-0.00200287
-0.00256103
-0.00311856
0.00879147
0.00816224
0.00768251
0.00720286
0.00668882
0.00616357
0.00564277
0.00512641
0.00461096
0.0040952
0.00357953
0.00306438
0.00254982
0.0020358
0.00152229
0.00100929
0.000496825
-1.51012e-05
-0.000526487
-0.00103733
-0.00154764
0.00939992
0.0088271
0.00839025
0.00795215
0.00748243
0.00700252
0.00652657
0.00605455
0.00558327
0.00511163
0.00464
0.00416876
0.00369799
0.00322764
0.0027577
0.00228817
0.00181908
0.00135043
0.000882242
0.000414507
-5.27694e-05
0.0100159
0.00949416
0.00909563
0.00869495
0.00826538
0.00782657
0.00739127
0.00695944
0.00652822
0.00609662
0.00566498
0.00523363
0.00480266
0.00437202
0.00394172
0.00351175
0.00308215
0.00265292
0.00222408
0.00179563
0.00136759
0.0106329
0.0101574
0.00979321
0.00942627
0.00903309
0.00863157
0.00823314
0.00783778
0.00744292
0.00704769
0.00665237
0.00625729
0.00586251
0.00546801
0.00507378
0.00467983
0.00428619
0.00389287
0.0034999
0.00310727
0.002715
0.0112452
0.0108117
0.0104783
0.0101418
0.00978165
0.00941398
0.00904903
0.00868677
0.00832494
0.00796276
0.00760049
0.00723839
0.00687654
0.00651493
0.00615354
0.00579241
0.00543154
0.00507096
0.00471068
0.00435071
0.00399108
0.011848
0.0114526
0.0111469
0.0108379
0.0105078
0.0101708
0.0098363
0.00950413
0.00917233
0.00884021
0.00850799
0.00817592
0.00784406
0.0075124
0.00718094
0.0068497
0.00651871
0.00618798
0.00585752
0.00552736
0.00519749
0.0124372
0.0120764
0.0117955
0.0115116
0.0112086
0.0108997
0.0105928
0.010288
0.00998352
0.00967876
0.00937391
0.00906918
0.00876464
0.00846028
0.0081561
0.00785213
0.00754838
0.00724487
0.00694163
0.00663866
0.00633597
0.0130093
0.0126799
0.0124216
0.0121602
0.0118821
0.0115986
0.0113168
0.011037
0.0107574
0.0104775
0.0101976
0.00991779
0.00963816
0.00935869
0.0090794
0.0088003
0.00852141
0.00824275
0.00796434
0.0076862
0.00740834
0.0135614
0.0132606
0.0130226
0.0127819
0.0125263
0.0122659
0.0120071
0.0117499
0.011493
0.0112359
0.0109787
0.0107216
0.0104647
0.010208
0.00995137
0.00969496
0.00943877
0.0091828
0.00892707
0.0086716
0.0084164
0.0140913
0.0138165
0.013597
0.013375
0.0131399
0.0129007
0.0126628
0.0124263
0.01219
0.0119536
0.0117172
0.0114808
0.0112447
0.0110086
0.0107728
0.0105371
0.0103016
0.0100664
0.00983138
0.00959662
0.00936213
0.0145971
0.0143459
0.0141432
0.0139383
0.013722
0.013502
0.0132832
0.0130655
0.0128482
0.0126307
0.0124132
0.0121958
0.0119785
0.0117614
0.0115445
0.0113278
0.0111112
0.0108949
0.0106788
0.010463
0.0102474
0.0150776
0.0148479
0.0146605
0.0144711
0.0142719
0.0140695
0.013868
0.0136677
0.0134675
0.0132673
0.0130671
0.012867
0.0126671
0.0124673
0.0122676
0.0120682
0.011869
0.01167
0.0114712
0.0112727
0.0110744
0.0155316
0.0153215
0.015148
0.0149729
0.0147893
0.0146029
0.0144174
0.0142328
0.0140484
0.013864
0.0136796
0.0134953
0.0133111
0.0131271
0.0129433
0.0127597
0.0125763
0.0123931
0.0122101
0.0120274
0.011845
0.0159586
0.0157663
0.0156057
0.0154436
0.0152742
0.0151025
0.0149315
0.0147613
0.0145913
0.0144213
0.0142513
0.0140815
0.0139118
0.0137423
0.0135729
0.0134038
0.0132348
0.0130661
0.0128976
0.0127293
0.0125613
0.0163583
0.0161822
0.0160333
0.0158832
0.0157268
0.0155685
0.0154108
0.0152537
0.0150969
0.0149401
0.0147833
0.0146267
0.0144702
0.0143139
0.0141578
0.0140018
0.0138461
0.0136906
0.0135353
0.0133802
0.0132254
0.0167307
0.0165694
0.0164312
0.016292
0.0161476
0.0160015
0.0158559
0.0157109
0.0155661
0.0154213
0.0152766
0.0151321
0.0149877
0.0148434
0.0146994
0.0145555
0.0144118
0.0142684
0.0141252
0.0139822
0.0138395
0.017076
0.016928
0.0167997
0.0166705
0.016537
0.0164021
0.0162676
0.0161336
0.0159998
0.015866
0.0157324
0.0155988
0.0154655
0.0153323
0.0151992
0.0150664
0.0149337
0.0148013
0.0146691
0.0145372
0.0144054
0.0173945
0.0172588
0.0171394
0.0170195
0.0168959
0.0167712
0.0166468
0.0165228
0.0163991
0.0162754
0.0161518
0.0160283
0.015905
0.0157819
0.0156589
0.0155361
0.0154136
0.0152912
0.015169
0.0150471
0.0149255
0.0176869
0.0175622
0.0174511
0.0173396
0.0172251
0.0171096
0.0169945
0.0168797
0.0167651
0.0166506
0.0165362
0.0164219
0.0163078
0.0161938
0.01608
0.0159664
0.015853
0.0157398
0.0156268
0.015514
0.0154015
0.0179539
0.0178391
0.0177357
0.0176318
0.0175256
0.0174186
0.0173118
0.0172054
0.0170991
0.016993
0.0168869
0.0167809
0.0166752
0.0165695
0.0164641
0.0163588
0.0162537
0.0161489
0.0160442
0.0159398
0.0158356
0.0181962
0.0180904
0.0179939
0.0178971
0.0177984
0.017699
0.0175999
0.017501
0.0174023
0.0173037
0.0172052
0.0171069
0.0170087
0.0169106
0.0168127
0.016715
0.0166175
0.0165202
0.0164231
0.0163262
0.0184147
0.018317
0.0182268
0.0181364
0.0180444
0.017952
0.0178598
0.0177678
0.0176759
0.0175842
0.0174925
0.017401
0.0173097
0.0172184
0.0171274
0.0170365
0.0169458
0.0168553
0.016765
0.016675
0.0186103
0.0185199
0.0184354
0.0183507
0.0182649
0.0181787
0.0180927
0.0180068
0.0179211
0.0178356
0.0177501
0.0176647
0.0175795
0.0174945
0.0174096
0.0173248
0.0172403
0.0171559
0.0170718
0.0169878
0.018784
0.0187
0.0186206
0.0185411
0.0184608
0.0183801
0.0182996
0.0182193
0.0181391
0.018059
0.0179791
0.0178992
0.0178195
0.01774
0.0176606
0.0175813
0.0175022
0.0174234
0.0173447
0.0172662
0.0189366
0.0188583
0.0187834
0.0187085
0.018633
0.0185573
0.0184817
0.0184063
0.018331
0.0182558
0.0181807
0.0181057
0.0180309
0.0179562
0.0178816
0.0178072
0.017733
0.017659
0.0175851
0.0175115
0.019069
0.0189955
0.0189246
0.0188538
0.0187825
0.0187111
0.0186398
0.0185686
0.0184975
0.0184266
0.0183558
0.0182851
0.0182145
0.018144
0.0180737
0.0180036
0.0179337
0.0178639
0.0177943
0.0177248
0.0191818
0.0191125
0.0190451
0.0189777
0.01891
0.0188423
0.0187747
0.0187072
0.0186398
0.0185725
0.0185053
0.0184383
0.0183714
0.0183046
0.0182379
0.0181715
0.0181052
0.018039
0.0179731
0.0179073
0.0192756
0.0192098
0.0191452
0.0190807
0.0190161
0.0189514
0.0188868
0.0188224
0.0187581
0.0186938
0.0186297
0.0185657
0.0185019
0.0184382
0.0183746
0.0183112
0.018248
0.0181849
0.018122
0.0180593
0.019351
0.0192879
0.0192257
0.0191635
0.0191013
0.0190391
0.018977
0.018915
0.0188531
0.0187913
0.0187297
0.0186682
0.0186068
0.0185456
0.0184845
0.0184236
0.0183628
0.0183022
0.0182418
0.0181816
0.0194078
0.0193467
0.0192861
0.0192257
0.0191652
0.0191048
0.0190446
0.0189844
0.0189243
0.0188644
0.0188046
0.018745
0.0186855
0.0186261
0.0185669
0.0185079
0.018449
0.0183903
0.0183318
0.0182735
0.0194467
0.0193869
0.0193274
0.019268
0.0192087
0.0191496
0.0190905
0.0190315
0.0189727
0.018914
0.0188555
0.0187971
0.0187388
0.0186807
0.0186228
0.0185651
0.0185075
0.0184501
0.0183929
0.0183359
0.0194659
0.0194065
0.0193473
0.0192883
0.0192294
0.0191707
0.019112
0.0190535
0.0189952
0.018937
0.018879
0.0188211
0.0187635
0.018706
0.0186486
0.0185915
0.0185346
0.0184778
0.0184213
0.018365
0.135344
0.109309
0.117963
0.0961963
0.103935
0.0839536
0.0908292
0.07183
0.0790261
0.0610672
0.0687708
0.0519483
0.0599243
0.0442324
0.0522721
0.0376649
0.0456552
0.0320876
0.0399548
0.0273806
0.0350654
0.0234327
0.0308895
0.0201416
0.0273389
0.0174181
0.0243358
0.015185
0.0218118
0.013376
0.0197069
0.0119333
0.0179681
0.0108071
0.016549
0.00995388
0.0154085
0.00933598
0.0145106
0.0089204
0.0138232
0.00867824
0.0133183
0.00858411
0.0129708
0.00861566
0.0127584
0.00875311
0.0126615
0.00897898
0.0126624
0.00927776
0.0127454
0.00963573
0.0128968
0.0100407
0.013104
0.010482
0.0133562
0.01095
0.0136435
0.0114364
0.0139575
0.0119339
0.0142906
0.012436
0.0146363
0.0129374
0.0149887
0.0134331
0.0153429
0.0139193
0.0156948
0.0143925
0.0160407
0.0148498
0.0163776
0.0152891
0.0167031
0.0157086
0.0170152
0.0161067
0.0173123
0.0164827
0.0175933
0.0168358
0.0178574
0.0171656
0.0181039
0.0174722
0.0183327
0.0177556
0.0185437
0.0180161
0.018737
0.0182543
0.0189128
0.0184707
0.0190718
0.018666
0.0192142
0.018841
0.0193407
0.0189963
0.0194518
0.0191328
0.0195481
0.0192512
0.0196301
0.0193521
0.0196983
0.0194361
0.0197529
0.0195035
0.0197943
0.0195544
0.0198222
0.0195891
0.0198364
0.0196065
0.182559
0.172893
0.163044
0.153005
0.142534
0.155974
0.13149
0.155973
0.131963
0.143086
0.153638
0.163754
0.173682
0.183429
0.192981
0.0191964
0.0189577
0.0191868
0.018945
0.0191679
0.0189197
0.0191397
0.0188824
0.0191023
0.0188327
0.0190551
0.0187705
0.0189978
0.0186953
0.0189298
0.0186063
0.0188504
0.0185029
0.0187588
0.0183842
0.0186544
0.0182491
0.0185362
0.0180969
0.0184035
0.0179264
0.0182555
0.0177367
0.0180915
0.0175267
0.0179108
0.0172954
0.0177129
0.017042
0.0174973
0.0167657
0.0172637
0.0164657
0.0170121
0.0161414
0.0167425
0.0157925
0.0164555
0.0154189
0.0161517
0.0150205
0.0158324
0.0145978
0.015499
0.0141516
0.0151538
0.0136831
0.0147993
0.013194
0.0144389
0.0126866
0.0140769
0.0121639
0.0137184
0.0116297
0.0133693
0.0110886
0.0130372
0.0105465
0.0127304
0.0100102
0.0124593
0.00948803
0.0122358
0.00898995
0.0120735
0.00852764
0.0119887
0.00811485
0.0119998
0.0077677
0.0121282
0.00750497
0.0123984
0.00734848
0.0128386
0.00732355
0.0134808
0.00745943
0.0143618
0.00778986
0.0155232
0.00835371
0.0170125
0.00919568
0.0188832
0.0103671
0.0211962
0.0119268
0.02402
0.0139422
0.0274317
0.01649
0.0315178
0.019658
0.0363751
0.0235462
0.0421098
0.0282677
0.0488357
0.033945
0.0566776
0.0407085
0.0657933
0.0487186
0.0763946
0.0582237
0.0886395
0.0694838
0.102329
0.0822877
0.117078
0.0954499
0.135074
0.109515
0.0188114
0.0187495
0.0186878
0.0186263
0.0185649
0.0185035
0.0184423
0.0183812
0.0183201
0.0182592
0.0181985
0.0181378
0.0180773
0.0180169
0.0179567
0.0178966
0.0178367
0.017777
0.0177174
0.0187971
0.0187349
0.0186729
0.0186111
0.0185493
0.0184875
0.0184259
0.0183643
0.0183028
0.0182414
0.0181802
0.018119
0.0180579
0.017997
0.0179362
0.0178755
0.017815
0.0177546
0.0176944
0.0187677
0.0187042
0.0186411
0.0185782
0.0185153
0.0184524
0.0183895
0.0183268
0.0182641
0.0182015
0.018139
0.0180766
0.0180143
0.0179521
0.01789
0.0178281
0.0177663
0.0177046
0.0176431
0.0187248
0.0186594
0.0185947
0.0185301
0.0184654
0.0184008
0.0183362
0.0182716
0.0182071
0.0181428
0.0180784
0.0180142
0.0179501
0.0178861
0.0178222
0.0177584
0.0176947
0.0176312
0.0175678
0.0186675
0.0185994
0.0185324
0.0184656
0.0183985
0.0183315
0.0182644
0.0181975
0.0181306
0.0180638
0.0179971
0.0179304
0.0178639
0.0177974
0.0177311
0.0176649
0.0175987
0.0175328
0.0174669
0.0185959
0.0185245
0.0184547
0.018385
0.0183151
0.018245
0.018175
0.0181051
0.0180352
0.0179654
0.0178957
0.0178261
0.0177565
0.0176871
0.0176177
0.0175485
0.0174794
0.0174104
0.0173415
0.0172728
0.0185094
0.0184339
0.0183607
0.0182876
0.0182141
0.0181405
0.0180669
0.0179934
0.01792
0.0178467
0.0177734
0.0177002
0.017627
0.017554
0.0174811
0.0174083
0.0173356
0.017263
0.0171906
0.0171183
0.0184073
0.0183271
0.0182499
0.0181729
0.0180953
0.0180175
0.0179398
0.0178622
0.0177846
0.0177071
0.0176297
0.0175524
0.0174751
0.017398
0.0173209
0.017244
0.0171671
0.0170905
0.0170139
0.0169375
0.0182887
0.0182031
0.0181214
0.0180399
0.0179577
0.0178751
0.0177927
0.0177103
0.0176281
0.0175459
0.0174637
0.0173817
0.0172997
0.0172179
0.0171361
0.0170545
0.0169729
0.0168915
0.0168103
0.0167292
0.0181527
0.018061
0.0179743
0.0178878
0.0178003
0.0177124
0.0176247
0.017537
0.0174495
0.017362
0.0172745
0.0171872
0.0170999
0.0170128
0.0169257
0.0168388
0.016752
0.0166653
0.0165788
0.0164924
0.0179983
0.0178997
0.0178075
0.0177154
0.0176221
0.0175283
0.0174345
0.017341
0.0172476
0.0171542
0.0170608
0.0169676
0.0168744
0.0167814
0.0166884
0.0165956
0.0165029
0.0164104
0.016318
0.0162258
0.0178245
0.0177181
0.0176199
0.0175217
0.0174219
0.0173215
0.0172212
0.0171211
0.0170211
0.0169212
0.0168214
0.0167216
0.0166219
0.0165224
0.0164229
0.0163236
0.0162244
0.0161254
0.0160265
0.0159278
0.01763
0.0175151
0.0174102
0.0173053
0.0171984
0.0170907
0.0169832
0.016876
0.0167689
0.0166618
0.0165548
0.0164478
0.016341
0.0162342
0.0161276
0.0160212
0.0159148
0.0158087
0.0157026
0.0155968
0.0174136
0.0172894
0.0171772
0.017065
0.0169503
0.0168347
0.0167193
0.0166043
0.0164893
0.0163743
0.0162595
0.0161447
0.01603
0.0159154
0.015801
0.0156867
0.0155725
0.0154585
0.0153446
0.015231
0.0171743
0.0170397
0.0169197
0.0167995
0.0166764
0.0165521
0.0164281
0.0163044
0.0161809
0.0160574
0.0159339
0.0158106
0.0156873
0.0155642
0.0154411
0.0153183
0.0151956
0.015073
0.0149506
0.0148284
0.0169108
0.0167649
0.0166363
0.0165075
0.0163751
0.0162414
0.016108
0.015975
0.0158421
0.0157093
0.0155765
0.0154438
0.0153112
0.0151787
0.0150463
0.0149141
0.0147821
0.0146502
0.0145185
0.014387
0.0166219
0.0164636
0.0163258
0.0161878
0.0160453
0.0159013
0.0157576
0.0156144
0.0154714
0.0153284
0.0151854
0.0150425
0.0148998
0.0147571
0.0146146
0.0144723
0.0143301
0.0141881
0.0140462
0.0139046
0.0163067
0.0161348
0.0159871
0.0158389
0.0156855
0.0155302
0.0153754
0.0152212
0.0150671
0.014913
0.014759
0.0146051
0.0144513
0.0142976
0.014144
0.0139906
0.0138374
0.0136844
0.0135315
0.0133789
0.0159642
0.0157774
0.0156189
0.0154597
0.0152944
0.0151269
0.01496
0.0147937
0.0146276
0.0144616
0.0142955
0.0141295
0.0139637
0.013798
0.0136324
0.0134671
0.0133019
0.0131368
0.012972
0.0128074
0.0155933
0.0153902
0.0152201
0.0150491
0.0148708
0.01469
0.0145099
0.0143305
0.0141514
0.0139722
0.0137931
0.013614
0.0134351
0.0132564
0.0130778
0.0128993
0.0127211
0.0125431
0.0123652
0.0121876
0.0151935
0.0149726
0.0147898
0.0146058
0.0144134
0.0142181
0.0140236
0.0138301
0.0136367
0.0134433
0.01325
0.0130567
0.0128636
0.0126706
0.0124778
0.0122852
0.0120928
0.0119006
0.0117087
0.0115169
0.0147642
0.0145237
0.0143271
0.0141292
0.0139213
0.0137102
0.0135
0.013291
0.0130821
0.0128732
0.0126644
0.0124556
0.012247
0.0120386
0.0118304
0.0116224
0.0114146
0.011207
0.0109996
0.0107926
0.014305
0.0140431
0.0138315
0.0136182
0.0133935
0.0131651
0.0129379
0.0127119
0.0124862
0.0122604
0.0120346
0.011809
0.0115835
0.0113583
0.0111332
0.0109084
0.0106838
0.0104595
0.0102354
0.0100116
0.0138159
0.0135304
0.0133024
0.0130724
0.0128293
0.012582
0.0123361
0.0120916
0.0118474
0.0116032
0.0113589
0.0111149
0.010871
0.0106274
0.010384
0.0101409
0.00989803
0.00965545
0.00941317
0.00917121
0.0132971
0.0129858
0.0127397
0.0124915
0.0122282
0.0119601
0.0116937
0.011429
0.0111646
0.0109002
0.0106358
0.0103716
0.0101076
0.00984397
0.00958056
0.00931744
0.00905462
0.00879213
0.00852998
0.00826819
0.0127493
0.0124095
0.0121436
0.0118752
0.0115897
0.0112989
0.01101
0.0107231
0.0104367
0.0101501
0.00986361
0.00957737
0.00929144
0.00900582
0.00872052
0.00843555
0.00815094
0.0078667
0.00758286
0.00729942
0.0121736
0.0118024
0.0115145
0.011224
0.0109141
0.0105982
0.0102846
0.00997339
0.00966264
0.00935181
0.00904106
0.00873064
0.00842061
0.00811094
0.00780166
0.00749277
0.00718431
0.00687628
0.00656871
0.00626162
0.0115716
0.0111656
0.0108535
0.0105384
0.0102016
0.00985812
0.00951737
0.00917929
0.00884183
0.00850429
0.0081669
0.00782992
0.00749341
0.00715736
0.00682177
0.00648666
0.00615205
0.00581796
0.00548441
0.00515142
0.0109454
0.0105011
0.0101619
0.00981964
0.00945307
0.00907913
0.00870838
0.00834072
0.00797379
0.00760683
0.0072401
0.00687388
0.00650825
0.00614318
0.00577868
0.00541476
0.00505144
0.00468876
0.00432671
0.00396532
0.00360459
0.0102981
0.00981128
0.00944175
0.00906935
0.00866984
0.00826219
0.00785827
0.0074579
0.00705843
0.00665899
0.00625987
0.00586142
0.00546369
0.00506666
0.00467033
0.00427471
0.00387983
0.0034857
0.00309234
0.00269977
0.00230798
0.00963333
0.00909938
0.00869588
0.00828984
0.00785379
0.0074088
0.00696811
0.00653152
0.00609603
0.00566065
0.00522574
0.00479167
0.0043585
0.00392621
0.00349477
0.00306421
0.00263455
0.00220581
0.001778
0.00135112
0.000925192
0.00895593
0.00836953
0.00792781
0.00748417
0.00700752
0.00652106
0.00603956
0.00556277
0.00508731
0.00461211
0.00413757
0.00366407
0.0031917
0.00272042
0.0022502
0.00178105
0.00131302
0.000846094
0.000380298
-8.43648e-05
-0.00054789
0.00827169
0.00762691
0.00714202
0.00665626
0.00613439
0.00560182
0.00507492
0.00455343
0.00403357
0.00351416
0.00299563
0.00247842
0.00196262
0.00144815
0.000935009
0.000423196
-8.72642e-05
-0.000596362
-0.00110409
-0.00161045
-0.00211544
0.00758775
0.00687786
0.00634407
0.005811
0.00523872
0.00465477
0.00407728
0.00350598
0.00293671
0.00236811
0.00180069
0.00123493
0.000670905
0.000108544
-0.000452187
-0.00101128
-0.00156871
-0.00212448
-0.00267859
-0.00323104
-0.00378183
0.00691269
0.0061301
0.00554077
0.00495445
0.00432586
0.0036846
0.00305063
0.00242375
0.00179935
0.00117596
0.000554113
-6.56672e-05
-0.000683305
-0.00129889
-0.00191245
-0.00252401
-0.00313353
-0.00374102
-0.00434649
-0.00494995
-0.0055514
0.0062568
0.00539293
0.00474035
0.00409398
0.0034024
0.00269709
0.00199997
0.00131094
0.000624985
-5.95575e-05
-0.000742107
-0.00142209
-0.00209944
-0.00277425
-0.00344658
-0.00411644
-0.00478382
-0.00544873
-0.00611118
-0.00677118
-0.00742877
0.00563235
0.00467746
0.0039527
0.00323847
0.00247635
0.00169939
0.000931536
0.000172919
-0.000581916
-0.00133481
-0.00208516
-0.00283233
-0.00357628
-0.00431711
-0.0050549
-0.00578967
-0.00652141
-0.00725014
-0.0079759
-0.00869869
-0.00941856
0.00505382
0.00399691
0.00318961
0.00239855
0.00155734
0.000700094
-0.000147083
-0.000983744
-0.00181575
-0.00264516
-0.00347133
-0.00429362
-0.00511195
-0.00592648
-0.00673729
-0.00754441
-0.00834785
-0.00914765
-0.00994383
-0.0107364
-0.0115255
0.00453826
0.00336688
0.00246503
0.00158688
0.000656872
-0.000290423
-0.00122669
-0.002151
-0.0030696
-0.00398475
-0.00489586
-0.00580221
-0.00670375
-0.00760066
-0.00849303
-0.00938091
-0.0102643
-0.0111433
-0.012018
-0.0128883
-0.0137544
0.00410568
0.00280574
0.00179541
0.000818375
-0.000211422
-0.00125983
-0.00229629
-0.00331917
-0.00433504
-0.00534644
-0.00635279
-0.00735336
-0.0083481
-0.00933719
-0.0103208
-0.0112989
-0.0122717
-0.0132391
-0.0142013
-0.0151582
-0.0161101
0.00377945
0.00233502
0.00120004
0.000110606
-0.00103144
-0.0021935
-0.00334278
-0.00447665
-0.00560192
-0.00672146
-0.00783476
-0.00894106
-0.0100403
-0.0111327
-0.0122184
-0.0132976
-0.0143702
-0.0154365
-0.0164964
-0.01755
-0.0185975
0.00358684
0.00197989
0.000701532
-0.000515833
-0.00178425
-0.0030742
-0.00435065
-0.00560965
-0.00685813
-0.00809934
-0.00933287
-0.010558
-0.0117745
-0.0129829
-0.0141831
-0.0153755
-0.01656
-0.0177367
-0.0189059
-0.0200676
-0.0212219
0.00355956
0.00176971
0.000326254
-0.00103686
-0.00244767
-0.00388166
-0.00530162
-0.00670185
-0.00808925
-0.00946748
-0.0108363
-0.012195
-0.0135435
-0.0148821
-0.0162109
-0.0175302
-0.0188401
-0.0201407
-0.0214323
-0.0227148
-0.0239885
0.00373444
0.00173865
0.000104941
-0.00142439
-0.00299578
-0.00459213
-0.00617423
-0.00773405
-0.00927823
-0.010811
-0.0123323
-0.0138415
-0.0153384
-0.0168234
-0.0182968
-0.0197587
-0.0212093
-0.0226489
-0.0240775
-0.0254954
-0.0269028
0.00415419
0.00192646
7.33451e-05
-0.00164571
-0.0033983
-0.00517785
-0.00694331
-0.00868364
-0.010405
-0.0121121
-0.0138054
-0.0154843
-0.0171485
-0.0187984
-0.0204343
-0.0220566
-0.0236654
-0.025261
-0.0268435
-0.0284133
-0.0299704
0.00486829
0.00237929
0.000273017
-0.00166276
-0.00362
-0.0056064
-0.00757945
-0.00952418
-0.0114459
-0.0133501
-0.0152377
-0.017108
-0.0189609
-0.0207967
-0.0226159
-0.0244187
-0.0262054
-0.0279764
-0.0297318
-0.0314719
-0.0331971
0.00593399
0.00315071
0.000752225
-0.00143128
-0.00361977
-0.00583995
-0.00804823
-0.0102247
-0.0123733
-0.0145004
-0.0166076
-0.0186944
-0.0207605
-0.0228062
-0.024832
-0.0268384
-0.0288256
-0.030794
-0.0327439
-0.0346757
-0.0365896
0.00741745
0.00430281
0.001567
-0.00089979
-0.00334976
-0.00583436
-0.00830945
-0.0107488
-0.0131546
-0.0155342
-0.0178901
-0.0202218
-0.022529
-0.0248119
-0.0270712
-0.0293074
-0.0315208
-0.0337118
-0.0358809
-0.0380283
-0.0401546
0.00939492
0.00590742
0.0027823
-8.50995e-06
-0.00275426
-0.00553812
-0.00831611
-0.011054
-0.0137516
-0.0164175
-0.0190553
-0.0216646
-0.0242448
-0.0267964
-0.0293199
-0.0318159
-0.0342849
-0.0367273
-0.0391436
-0.0415343
-0.0438998
0.0119541
0.00804742
0.00447331
0.00131198
-0.0017684
-0.00489116
-0.00801325
-0.0110906
-0.0141196
-0.0171105
-0.0200682
-0.0229924
-0.0258824
-0.0287385
-0.0315613
-0.0343516
-0.0371099
-0.0398367
-0.0425325
-0.0451977
-0.047833
0.0151961
0.0108186
0.00672714
0.00314234
-0.00031667
-0.0038234
-0.00733662
-0.0108
-0.0142057
-0.0175659
-0.0208871
-0.0241693
-0.0274113
-0.0306132
-0.0337759
-0.0369003
-0.0399867
-0.043036
-0.0460484
-0.0490247
-0.0519655
0.0192369
0.0143319
0.00964544
0.00557694
0.00168934
-0.00225269
-0.00621074
-0.0101133
-0.0139476
-0.0177278
-0.0214627
-0.0251521
-0.0287945
-0.0323899
-0.0359391
-0.0394431
-0.0429024
-0.0463177
-0.0496895
-0.0530184
-0.0563051
0.0242072
0.0187143
0.0133463
0.00872627
0.00435343
-8.25125e-05
-0.0045468
-0.00894952
-0.0132716
-0.0175303
-0.0217365
-0.0258903
-0.0299892
-0.0340332
-0.0380231
-0.0419599
-0.0458442
-0.0496765
-0.0534574
-0.0571875
-0.0608674
0.0302458
0.024102
0.01796
0.0127161
0.00779602
0.00280026
-0.00223977
-0.00721148
-0.0120886
-0.0168922
-0.0216359
-0.0263192
-0.0309389
-0.0354945
-0.0399871
-0.0444176
-0.0487865
-0.0530943
-0.0573414
-0.0615286
-0.0656563
0.0374967
0.0306292
0.0236176
0.0176783
0.0121465
0.00651862
0.000826033
-0.00479109
-0.0102993
-0.0157245
-0.0210829
-0.0263727
-0.0315895
-0.0367323
-0.0418023
-0.0468001
-0.051726
-0.0565801
-0.0613627
-0.0660743
-0.0707152
0.0461529
0.0384622
0.0304749
0.0237649
0.0175495
0.01121
0.00478449
-0.00155617
-0.00777417
-0.0139015
-0.0199557
-0.0259328
-0.0318269
-0.0376367
-0.0433633
-0.0490069
-0.0545675
-0.0600448
-0.0654388
-0.0707498
-0.075978
0.0565037
0.0478898
0.0388036
0.0312123
0.0241972
0.0170304
0.0097674
0.00260392
-0.00442661
-0.0113636
-0.0182228
-0.0249966
-0.0316776
-0.0382639
-0.0447556
-0.0511516
-0.0574508
-0.0636523
-0.0697555
-0.07576
-0.0816657
0.0686875
0.0592296
0.0490363
0.0404567
0.0324794
0.0243399
0.0161339
0.00805957
0.000128587
-0.00770508
-0.0154531
-0.0231067
-0.0306604
-0.0381136
-0.0454656
-0.052714
-0.0598564
-0.0668904
-0.073814
-0.0806255
-0.0873232
0.0817468
0.0719211
0.0610997
0.0516113
0.0424795
0.0331445
0.0237934
0.014589
0.0055208
-0.00344029
-0.0122903
-0.0210193
-0.0296251
-0.0381082
-0.0464679
-0.0547028
-0.0628112
-0.0707915
-0.0786422
-0.0863618
-0.0939488
0.0932098
0.0839086
0.0740332
0.0644726
0.054646
0.0445352
0.0343637
0.024208
0.0140712
0.00397548
-0.00604824
-0.0159792
-0.0258049
-0.035515
-0.0451002
-0.0545526
-0.0638656
-0.0730336
-0.0820515
-0.0909149
-0.0996196
)
;

boundaryField
{
    inlet
    {
        type            zeroGradient;
    }
    outlet
    {
        type            fixedValue;
        value           nonuniform 0();
    }
    cylinder
    {
        type            zeroGradient;
    }
    top
    {
        type            symmetryPlane;
    }
    bottom
    {
        type            symmetryPlane;
    }
    frontAndBack
    {
        type            empty;
    }
    procBoundary1to0
    {
        type            processor;
        value           nonuniform List<scalar> 
216
(
0.192034
0.201322
0.210424
0.222122
0.219341
0.222122
0.232056
0.241773
0.256557
0.256557
0.266384
0.275961
0.285274
0.302779
0.302779
0.312061
0.321026
0.329662
0.348068
0.348068
0.356536
0.364615
0.372293
0.379559
0.398919
0.398919
0.405761
0.41213
0.418016
0.423409
0.4283
0.432683
0.436551
0.439895
0.442713
0.444998
0.462529
0.462529
0.46383
0.464555
0.464701
0.464269
0.46326
0.46326
0.445888
0.443853
0.441283
0.438182
0.434555
0.430406
0.425743
0.420573
0.414904
0.408744
0.402103
0.402103
0.382462
0.375351
0.367818
0.359875
0.351532
0.351532
0.33269
0.324135
0.315241
0.30602
0.30602
0.288011
0.278719
0.269153
0.269153
0.253502
0.243991
0.234244
0.234244
0.229282
0.220497
0.211516
0.202343
0.152299
0.135072
0.120529
0.107089
0.0948458
0.0839529
0.0743541
0.0659094
0.0584901
0.0519904
0.0463163
0.0413801
0.0371008
0.0334048
0.0302259
0.0275048
0.0251884
0.0232292
0.0215849
0.0202177
0.019094
0.0181834
0.0174593
0.0168973
0.0164762
0.0161765
0.0159811
0.0158744
0.0158429
0.015874
0.015957
0.0160821
0.0162406
0.0164251
0.0166288
0.0168459
0.0170714
0.0173009
0.0175308
0.0177579
0.0179797
0.0181939
0.0183991
0.0185937
0.0187769
0.0189479
0.0191064
0.0192521
0.019385
0.0195053
0.0196132
0.0197089
0.019793
0.0198657
0.0199276
0.0199789
0.02002
0.0200511
0.020072
0.0200827
0.192034
0.1972
0.189381
0.181434
0.173382
0.165042
0.165042
0.168966
0.168731
0.165181
0.165181
0.17365
0.181812
0.18986
0.197772
0.205531
0.202343
0.0194513
0.0194452
0.019433
0.0194147
0.0193902
0.0193591
0.0193209
0.0192752
0.0192214
0.0191588
0.0190868
0.0190048
0.0189122
0.0188085
0.0186932
0.0185661
0.0184268
0.0182753
0.0181118
0.0179367
0.0177507
0.0175547
0.0173503
0.0171391
0.0169237
0.016707
0.0164926
0.016285
0.0160895
0.0159124
0.0157611
0.0156445
0.0155727
0.0155575
0.0156126
0.0157537
0.0159987
0.0163682
0.0168857
0.0175776
0.0184742
0.0196093
0.0210213
0.0227533
0.0248535
0.0273757
0.0303798
0.0339324
0.0381066
0.0429833
0.0486501
0.0552011
0.0627358
0.0713628
0.08121
0.0924179
0.105059
0.119003
0.13413
0.151848
)
;
    }
    procBoundary1to2
    {
        type            processor;
        value           nonuniform List<scalar> 
205
(
-0.110685
-0.115886
-0.115886
-0.136379
-0.120777
-0.120777
-0.142757
-0.142757
-0.149792
-0.149792
-0.157569
-0.157569
-0.166192
-0.166192
-0.175755
-0.175755
-0.186344
-0.186344
-0.198011
-0.198011
-0.210713
-0.210713
-0.224213
-0.224213
-0.237937
-0.237937
-0.250781
-0.250781
-0.260965
-0.238707
-0.238707
-0.242797
-0.242797
-0.239147
-0.214464
-0.214464
-0.200259
-0.200259
-0.175475
-0.148633
-0.148633
-0.121601
-0.121601
-0.148643
-0.174156
-0.174156
-0.189526
-0.189526
-0.214569
-0.219968
-0.219968
-0.218098
-0.218098
-0.211514
-0.211514
-0.233174
-0.222978
-0.222978
-0.211885
-0.211885
-0.200908
-0.200908
-0.190574
-0.190574
-0.181097
-0.181097
-0.172511
-0.172511
-0.164767
-0.164767
-0.157781
-0.157781
-0.151464
-0.151464
-0.145718
-0.145718
-0.140462
-0.125335
-0.125335
-0.121271
-0.121271
-0.116795
-0.101858
-0.0946007
-0.0870899
-0.0806719
-0.074561
-0.0690348
-0.0638904
-0.0591367
-0.0547077
-0.0505707
-0.0466916
-0.0430404
-0.0395931
-0.0363292
-0.0332302
-0.0302814
-0.0274709
-0.024788
-0.0222245
-0.0197734
-0.0174289
-0.0151862
-0.0130412
-0.0109904
-0.00903089
-0.00716007
-0.00537563
-0.00367545
-0.00205742
-0.000519586
0.000939946
0.00232309
0.00363178
0.00486795
0.0060336
0.00713076
0.00816148
0.00912793
0.0100321
0.0108764
0.0116628
0.0123936
0.0130709
0.013697
0.014274
0.0148041
0.0152893
0.0157316
0.0162295
0.0162295
0.0165851
0.0169041
0.0171879
0.017438
0.0176556
0.0178417
0.0179968
0.0181216
0.0182153
0.0182791
0.0183089
0.017658
0.0176343
0.0175817
0.0175045
0.0174012
0.0174012
0.0172042
0.0170462
0.0168613
0.0166483
0.0164062
0.0161337
0.0158292
0.0154911
0.0151175
0.0147064
0.0142557
0.0137632
0.0132265
0.012643
0.0120103
0.0113255
0.0105858
0.00978817
0.00892958
0.00800677
0.0070164
0.005955
0.00481899
0.00481899
0.00324454
0.001917
0.000500219
-0.00101027
-0.00261905
-0.00433096
-0.00615086
-0.00808394
-0.0101355
-0.0123111
-0.0146162
-0.0170569
-0.019639
-0.0223689
-0.0252536
-0.0282999
-0.0315153
-0.0349075
-0.038486
-0.04226
-0.0462405
-0.0504388
-0.0548712
-0.0595503
-0.0644977
-0.0697254
-0.075286
-0.0811234
-0.0874723
-0.0939055
-0.101402
-0.108162
)
;
    }
}


// ************************************************************************* //
