/*--------------------------------*- C++ -*----------------------------------*\
  =========                 |
  \\      /  F ield         | OpenFOAM: The Open Source CFD Toolbox
   \\    /   O peration     | Website:  https://openfoam.org
    \\  /    A nd           | Version:  7
     \\/     M anipulation  |
\*---------------------------------------------------------------------------*/
FoamFile
{
    version     2.0;
    format      ascii;
    class       labelList;
    note        "nPoints: 9654 nCells: 4575 nFaces: 18551 nInternalFaces: 8899";
    location    "constant/polyMesh";
    object      neighbour;
}
// * * * * * * * * * * * * * * * * * * * * * * * * * * * * * * * * * * * * * //


8899
(
1
17
1152
2
18
1153
3
19
1154
4
20
1155
5
21
1156
6
22
1157
7
23
1158
8
24
1159
9
25
1160
10
26
1161
11
27
1162
12
28
1163
13
29
1164
14
30
1165
15
31
1166
16
32
1167
33
1168
1169
18
34
19
35
20
36
21
37
22
38
23
39
24
40
25
41
26
42
27
43
28
44
29
45
30
46
31
47
32
48
33
49
50
1179
35
51
36
52
37
53
38
54
39
55
40
56
41
57
42
58
43
59
44
60
45
61
46
62
47
63
48
64
49
65
50
66
67
1189
52
68
53
69
54
70
55
71
56
72
57
73
58
74
59
75
60
76
61
77
62
78
63
79
64
80
65
81
66
82
67
83
84
1199
69
85
70
86
71
87
72
88
73
89
74
90
75
91
76
92
77
93
78
94
79
95
80
96
81
97
82
98
83
99
84
100
101
1209
86
102
87
103
88
104
89
105
90
106
91
107
92
108
93
109
94
110
95
111
96
112
97
113
98
114
99
115
100
116
101
117
118
1219
103
119
104
120
105
121
106
122
107
123
108
124
109
125
110
126
111
127
112
128
113
129
114
130
115
131
116
132
117
133
118
134
135
1229
120
121
136
122
137
123
138
124
139
125
140
126
141
127
142
128
143
129
144
130
145
131
146
132
147
133
148
134
149
135
150
151
1239
137
152
138
153
139
154
140
155
141
156
142
157
143
158
144
159
145
160
146
161
147
162
148
163
149
164
150
165
151
166
167
1249
153
168
154
169
155
170
156
171
157
172
158
173
159
174
160
175
161
176
162
177
163
178
164
179
165
180
166
181
167
182
183
1259
169
184
170
185
171
186
172
187
173
188
174
189
175
190
176
191
177
192
178
193
179
194
180
195
181
196
182
197
183
198
199
1269
185
200
186
201
187
202
188
203
189
204
190
205
191
206
192
207
193
208
194
209
195
210
196
211
197
212
198
213
199
214
215
1279
201
216
202
217
203
218
204
219
205
220
206
221
207
222
208
223
209
224
210
225
211
226
212
227
213
228
214
229
215
230
231
1289
217
232
218
233
219
234
220
235
221
236
222
237
223
238
224
239
225
240
226
241
227
242
228
243
229
244
230
245
231
246
247
1299
233
248
234
249
235
250
236
251
237
252
238
253
239
254
240
255
241
256
242
257
243
258
244
259
245
260
246
261
247
262
263
1309
249
250
264
251
265
252
266
253
267
254
268
255
269
256
270
257
271
258
272
259
273
260
274
261
275
262
276
263
277
278
1319
265
279
266
280
267
281
268
282
269
283
270
284
271
285
272
286
273
287
274
288
275
289
276
290
277
291
278
292
293
1329
280
294
281
295
282
296
283
297
284
298
285
299
286
300
287
301
288
302
289
303
290
304
291
305
292
306
293
307
308
1339
295
309
296
310
297
311
298
312
299
313
300
314
301
315
302
316
303
317
304
318
305
319
306
320
307
321
308
322
323
1349
310
311
324
312
325
313
326
314
327
315
328
316
329
317
330
318
331
319
332
320
333
321
334
322
335
323
336
337
1359
325
338
326
339
327
340
328
341
329
342
330
343
331
344
332
345
333
346
334
347
335
348
336
349
337
350
351
1369
339
352
340
353
341
354
342
355
343
356
344
357
345
358
346
359
347
360
348
361
349
362
350
363
351
364
365
1379
353
366
354
367
355
368
356
369
357
370
358
371
359
372
360
373
361
374
362
375
363
376
364
377
365
378
379
1389
367
368
380
369
381
370
382
371
383
372
384
373
385
374
386
375
387
376
388
377
389
378
390
379
391
392
1399
381
393
382
394
383
395
384
396
385
397
386
398
387
399
388
400
389
401
390
402
391
403
392
404
405
1409
394
406
395
407
396
408
397
409
398
410
399
411
400
412
401
413
402
414
403
415
404
416
405
417
418
1419
407
408
419
409
420
410
421
411
422
412
423
413
424
414
425
415
426
416
427
417
428
418
429
430
1430
420
431
421
432
422
433
423
434
424
435
425
436
426
437
427
438
428
439
429
440
430
441
442
1441
432
443
433
444
434
445
435
446
436
447
437
448
438
449
439
450
440
451
441
452
442
453
454
1452
444
445
455
446
456
447
457
448
458
449
459
450
460
451
461
452
462
453
463
454
464
465
1463
456
466
457
467
458
468
459
469
460
470
461
471
462
472
463
473
464
474
465
475
476
1474
467
468
477
469
478
470
479
471
480
472
481
473
482
474
483
475
484
476
485
486
1485
478
487
479
488
480
489
481
490
482
491
483
492
484
493
485
494
486
495
496
1496
488
497
489
498
490
499
491
500
492
501
493
502
494
503
495
504
496
505
506
1507
498
499
507
500
508
501
509
502
510
503
511
504
512
505
513
506
514
515
1518
508
516
509
517
510
518
511
519
512
520
513
521
514
522
515
523
524
1529
517
518
525
519
526
520
527
521
528
522
529
523
530
524
531
532
1540
526
533
527
534
528
535
529
536
530
537
531
538
532
539
540
1551
534
535
541
536
542
537
543
538
544
539
545
540
546
547
1563
542
548
543
549
544
550
545
551
546
552
547
553
554
1575
549
550
555
551
556
552
557
553
558
554
559
560
2316
556
557
561
558
562
559
563
560
564
565
2315
562
566
563
567
564
568
565
569
570
2314
567
568
571
569
572
570
573
574
2313
572
573
575
574
576
577
2312
576
578
577
579
580
2311
579
580
581
582
2310
582
583
2309
2308
586
3429
586
588
589
3430
588
590
589
591
592
3431
591
594
592
595
596
3432
594
598
595
599
596
600
601
3433
598
602
599
603
600
604
601
605
606
3434
603
608
604
609
605
610
606
611
612
3435
608
614
609
615
610
616
611
617
612
618
619
3436
614
620
615
621
616
622
617
623
618
624
619
625
626
3437
621
628
622
629
623
630
624
631
625
632
626
633
634
4158
628
635
629
636
630
637
631
638
632
639
633
640
634
641
642
4170
636
644
637
645
638
646
639
647
640
648
641
649
642
650
651
4182
644
652
645
653
646
654
647
655
648
656
649
657
650
658
651
659
660
4193
653
662
654
663
655
664
656
665
657
666
658
667
659
668
660
669
670
4204
662
671
663
672
664
673
665
674
666
675
667
676
668
677
669
678
670
679
680
4215
672
682
673
683
674
684
675
685
676
686
677
687
678
688
679
689
680
690
691
4226
682
692
683
693
684
694
685
695
686
696
687
697
688
698
689
699
690
700
691
701
702
4237
693
703
694
704
695
705
696
706
697
707
698
708
699
709
700
710
701
711
702
712
713
4248
704
715
705
716
706
717
707
718
708
719
709
720
710
721
711
722
712
723
713
724
725
4259
715
726
716
727
717
728
718
729
719
730
720
731
721
732
722
733
723
734
724
735
725
736
737
4270
727
738
728
739
729
740
730
741
731
742
732
743
733
744
734
745
735
746
736
747
737
748
749
4281
739
751
740
752
741
753
742
754
743
755
744
756
745
757
746
758
747
759
748
760
749
761
762
4292
751
763
752
764
753
765
754
766
755
767
756
768
757
769
758
770
759
771
760
772
761
773
762
774
775
4303
764
776
765
777
766
778
767
779
768
780
769
781
770
782
771
783
772
784
773
785
774
786
775
787
788
4314
777
790
778
791
779
792
780
793
781
794
782
795
783
796
784
797
785
798
786
799
787
800
788
801
802
4325
790
803
791
804
792
805
793
806
794
807
795
808
796
809
797
810
798
811
799
812
800
813
801
814
802
815
816
4335
804
817
805
818
806
819
807
820
808
821
809
822
810
823
811
824
812
825
813
826
814
827
815
828
816
829
830
4345
818
831
819
832
820
833
821
834
822
835
823
836
824
837
825
838
826
839
827
840
828
841
829
842
830
843
844
4355
832
846
833
847
834
848
835
849
836
850
837
851
838
852
839
853
840
854
841
855
842
856
843
857
844
858
859
4365
846
860
847
861
848
862
849
863
850
864
851
865
852
866
853
867
854
868
855
869
856
870
857
871
858
872
859
873
874
4375
861
875
862
876
863
877
864
878
865
879
866
880
867
881
868
882
869
883
870
884
871
885
872
886
873
887
874
888
889
4385
876
890
877
891
878
892
879
893
880
894
881
895
882
896
883
897
884
898
885
899
886
900
887
901
888
902
889
903
904
4395
891
906
892
907
893
908
894
909
895
910
896
911
897
912
898
913
899
914
900
915
901
916
902
917
903
918
904
919
920
4405
906
921
907
922
908
923
909
924
910
925
911
926
912
927
913
928
914
929
915
930
916
931
917
932
918
933
919
934
920
935
936
4415
922
937
923
938
924
939
925
940
926
941
927
942
928
943
929
944
930
945
931
946
932
947
933
948
934
949
935
950
936
951
952
4425
938
953
939
954
940
955
941
956
942
957
943
958
944
959
945
960
946
961
947
962
948
963
949
964
950
965
951
966
952
967
968
4435
954
969
955
970
956
971
957
972
958
973
959
974
960
975
961
976
962
977
963
978
964
979
965
980
966
981
967
982
968
983
984
4445
970
985
971
986
972
987
973
988
974
989
975
990
976
991
977
992
978
993
979
994
980
995
981
996
982
997
983
998
984
999
1000
4455
986
1001
987
1002
988
1003
989
1004
990
1005
991
1006
992
1007
993
1008
994
1009
995
1010
996
1011
997
1012
998
1013
999
1014
1000
1015
1016
4465
1002
1017
1003
1018
1004
1019
1005
1020
1006
1021
1007
1022
1008
1023
1009
1024
1010
1025
1011
1026
1012
1027
1013
1028
1014
1029
1015
1030
1016
1031
1032
4475
1018
1034
1019
1035
1020
1036
1021
1037
1022
1038
1023
1039
1024
1040
1025
1041
1026
1042
1027
1043
1028
1044
1029
1045
1030
1046
1031
1047
1032
1048
1049
4485
1034
1050
1035
1051
1036
1052
1037
1053
1038
1054
1039
1055
1040
1056
1041
1057
1042
1058
1043
1059
1044
1060
1045
1061
1046
1062
1047
1063
1048
1064
1049
1065
1066
4495
1051
1067
1052
1068
1053
1069
1054
1070
1055
1071
1056
1072
1057
1073
1058
1074
1059
1075
1060
1076
1061
1077
1062
1078
1063
1079
1064
1080
1065
1081
1066
1082
1083
4505
1068
1084
1069
1085
1070
1086
1071
1087
1072
1088
1073
1089
1074
1090
1075
1091
1076
1092
1077
1093
1078
1094
1079
1095
1080
1096
1081
1097
1082
1098
1083
1099
1100
4515
1085
1101
1086
1102
1087
1103
1088
1104
1089
1105
1090
1106
1091
1107
1092
1108
1093
1109
1094
1110
1095
1111
1096
1112
1097
1113
1098
1114
1099
1115
1100
1116
1117
4525
1102
1118
1103
1119
1104
1120
1105
1121
1106
1122
1107
1123
1108
1124
1109
1125
1110
1126
1111
1127
1112
1128
1113
1129
1114
1130
1115
1131
1116
1132
1117
1133
1134
4535
1119
1135
1120
1136
1121
1137
1122
1138
1123
1139
1124
1140
1125
1141
1126
1142
1127
1143
1128
1144
1129
1145
1130
1146
1131
1147
1132
1148
1133
1149
1134
1150
1151
4545
1136
1152
1137
1153
1138
1154
1139
1155
1140
1156
1141
1157
1142
1158
1143
1159
1144
1160
1145
1161
1146
1162
1147
1163
1148
1164
1149
1165
1150
1166
1151
1167
1168
4555
1153
1154
1155
1156
1157
1158
1159
1160
1161
1162
1163
1164
1165
1166
1167
1168
4565
1170
1179
4565
1171
1180
4566
1172
1181
4567
1173
1182
4568
1174
1183
4569
1175
1184
4570
1176
1185
4571
1177
1186
4572
1178
1187
4573
1188
4574
1180
1189
1181
1190
1182
1191
1183
1192
1184
1193
1185
1194
1186
1195
1187
1196
1188
1197
1198
1190
1199
1191
1200
1192
1201
1193
1202
1194
1203
1195
1204
1196
1205
1197
1206
1198
1207
1208
1200
1209
1201
1210
1202
1211
1203
1212
1204
1213
1205
1214
1206
1215
1207
1216
1208
1217
1218
1210
1219
1211
1220
1212
1221
1213
1222
1214
1223
1215
1224
1216
1225
1217
1226
1218
1227
1228
1220
1229
1221
1230
1222
1231
1223
1232
1224
1233
1225
1234
1226
1235
1227
1236
1228
1237
1238
1230
1239
1231
1240
1232
1241
1233
1242
1234
1243
1235
1244
1236
1245
1237
1246
1238
1247
1248
1240
1249
1241
1250
1242
1251
1243
1252
1244
1253
1245
1254
1246
1255
1247
1256
1248
1257
1258
1250
1259
1251
1260
1252
1261
1253
1262
1254
1263
1255
1264
1256
1265
1257
1266
1258
1267
1268
1260
1269
1261
1270
1262
1271
1263
1272
1264
1273
1265
1274
1266
1275
1267
1276
1268
1277
1278
1270
1279
1271
1280
1272
1281
1273
1282
1274
1283
1275
1284
1276
1285
1277
1286
1278
1287
1288
1280
1289
1281
1290
1282
1291
1283
1292
1284
1293
1285
1294
1286
1295
1287
1296
1288
1297
1298
1290
1299
1291
1300
1292
1301
1293
1302
1294
1303
1295
1304
1296
1305
1297
1306
1298
1307
1308
1300
1309
1301
1310
1302
1311
1303
1312
1304
1313
1305
1314
1306
1315
1307
1316
1308
1317
1318
1310
1319
1311
1320
1312
1321
1313
1322
1314
1323
1315
1324
1316
1325
1317
1326
1318
1327
1328
1320
1329
1321
1330
1322
1331
1323
1332
1324
1333
1325
1334
1326
1335
1327
1336
1328
1337
1338
1330
1339
1331
1340
1332
1341
1333
1342
1334
1343
1335
1344
1336
1345
1337
1346
1338
1347
1348
1340
1349
1341
1350
1342
1351
1343
1352
1344
1353
1345
1354
1346
1355
1347
1356
1348
1357
1358
1350
1359
1351
1360
1352
1361
1353
1362
1354
1363
1355
1364
1356
1365
1357
1366
1358
1367
1368
1360
1369
1361
1370
1362
1371
1363
1372
1364
1373
1365
1374
1366
1375
1367
1376
1368
1377
1378
1370
1379
1371
1380
1372
1381
1373
1382
1374
1383
1375
1384
1376
1385
1377
1386
1378
1387
1388
1380
1389
1381
1390
1382
1391
1383
1392
1384
1393
1385
1394
1386
1395
1387
1396
1388
1397
1398
1390
1399
1391
1400
1392
1401
1393
1402
1394
1403
1395
1404
1396
1405
1397
1406
1398
1407
1408
1400
1409
1401
1410
1402
1411
1403
1412
1404
1413
1405
1414
1406
1415
1407
1416
1408
1417
1418
1410
1419
1411
1420
1412
1421
1413
1422
1414
1423
1415
1424
1416
1425
1417
1426
1418
1427
1428
1420
1430
1421
1431
1422
1432
1423
1433
1424
1434
1425
1435
1426
1436
1427
1437
1428
1438
1429
1439
1440
1431
1441
1432
1442
1433
1443
1434
1444
1435
1445
1436
1446
1437
1447
1438
1448
1439
1449
1440
1450
1451
1442
1452
1443
1453
1444
1454
1445
1455
1446
1456
1447
1457
1448
1458
1449
1459
1450
1460
1451
1461
1462
1453
1463
1454
1464
1455
1465
1456
1466
1457
1467
1458
1468
1459
1469
1460
1470
1461
1471
1462
1472
1473
1464
1474
1465
1475
1466
1476
1467
1477
1468
1478
1469
1479
1470
1480
1471
1481
1472
1482
1473
1483
1484
1475
1485
1476
1486
1477
1487
1478
1488
1479
1489
1480
1490
1481
1491
1482
1492
1483
1493
1484
1494
1495
1486
1496
1487
1497
1488
1498
1489
1499
1490
1500
1491
1501
1492
1502
1493
1503
1494
1504
1495
1505
1506
1497
1507
1498
1508
1499
1509
1500
1510
1501
1511
1502
1512
1503
1513
1504
1514
1505
1515
1506
1516
1517
1508
1518
1509
1519
1510
1520
1511
1521
1512
1522
1513
1523
1514
1524
1515
1525
1516
1526
1517
1527
1528
1519
1529
1520
1530
1521
1531
1522
1532
1523
1533
1524
1534
1525
1535
1526
1536
1527
1537
1528
1538
1539
1530
1540
1531
1541
1532
1542
1533
1543
1534
1544
1535
1545
1536
1546
1537
1547
1538
1548
1539
1549
1550
1541
1551
1542
1552
1543
1553
1544
1554
1545
1555
1546
1556
1547
1557
1548
1558
1549
1559
1550
1560
1561
1552
1563
1553
1564
1554
1565
1555
1566
1556
1567
1557
1568
1558
1569
1559
1570
1560
1571
1561
1572
1562
1573
1574
1564
1575
1565
1576
1566
1577
1567
1578
1568
1579
1569
1580
1570
1581
1571
1582
1572
1583
1573
1584
1574
1585
1586
1576
1587
1577
1588
1578
1589
1579
1590
1580
1591
1581
1592
1582
1593
1583
1594
1584
1595
1585
1596
1586
1597
1598
1588
1599
2316
1589
1600
1590
1601
1591
1602
1592
1603
1593
1604
1594
1605
1595
1606
1596
1607
1597
1608
1598
1609
1610
1600
1611
2326
1601
1612
1602
1613
1603
1614
1604
1615
1605
1616
1606
1617
1607
1618
1608
1619
1609
1620
1610
1621
1622
1612
1623
2336
1613
1624
1614
1625
1615
1626
1616
1627
1617
1628
1618
1629
1619
1630
1620
1631
1621
1632
1622
1633
1634
1624
1635
2346
1625
1636
1626
1637
1627
1638
1628
1639
1629
1640
1630
1641
1631
1642
1632
1643
1633
1644
1634
1645
1646
1636
1647
2356
1637
1648
1638
1649
1639
1650
1640
1651
1641
1652
1642
1653
1643
1654
1644
1655
1645
1656
1646
1657
1658
1648
1659
2366
1649
1660
1650
1661
1651
1662
1652
1663
1653
1664
1654
1665
1655
1666
1656
1667
1657
1668
1658
1669
1670
1660
1671
2376
1661
1672
1662
1673
1663
1674
1664
1675
1665
1676
1666
1677
1667
1678
1668
1679
1669
1680
1670
1681
1682
1672
1683
2386
1673
1684
1674
1685
1675
1686
1676
1687
1677
1688
1678
1689
1679
1690
1680
1691
1681
1692
1682
1693
1694
1684
1695
2396
1685
1696
1686
1697
1687
1698
1688
1699
1689
1700
1690
1701
1691
1702
1692
1703
1693
1704
1694
1705
1706
1696
1707
2406
1697
1708
1698
1709
1699
1710
1700
1711
1701
1712
1702
1713
1703
1714
1704
1715
1705
1716
1706
1717
1718
1708
1719
2416
1709
1720
1710
1721
1711
1722
1712
1723
1713
1724
1714
1725
1715
1726
1716
1727
1717
1728
1718
1729
1730
1720
1731
2426
1721
1732
1722
1733
1723
1734
1724
1735
1725
1736
1726
1737
1727
1738
1728
1739
1729
1740
1730
1741
1742
1732
1743
2436
1733
1744
1734
1745
1735
1746
1736
1747
1737
1748
1738
1749
1739
1750
1740
1751
1741
1752
1742
1753
1754
1744
1755
2446
1745
1756
1746
1757
1747
1758
1748
1759
1749
1760
1750
1761
1751
1762
1752
1763
1753
1764
1754
1765
1766
1756
1767
2456
1757
1768
1758
1769
1759
1770
1760
1771
1761
1772
1762
1773
1763
1774
1764
1775
1765
1776
1766
1777
1778
1768
1779
2466
1769
1780
1770
1781
1771
1782
1772
1783
1773
1784
1774
1785
1775
1786
1776
1787
1777
1788
1778
1789
1790
1780
1791
2476
1781
1792
1782
1793
1783
1794
1784
1795
1785
1796
1786
1797
1787
1798
1788
1799
1789
1800
1790
1801
1802
1792
1803
2486
1793
1804
1794
1805
1795
1806
1796
1807
1797
1808
1798
1809
1799
1810
1800
1811
1801
1812
1802
1813
1814
1804
1815
2496
1805
1816
1806
1817
1807
1818
1808
1819
1809
1820
1810
1821
1811
1822
1812
1823
1813
1824
1814
1825
1826
1816
1827
2506
1817
1828
1818
1829
1819
1830
1820
1831
1821
1832
1822
1833
1823
1834
1824
1835
1825
1836
1826
1837
1838
1828
1839
2516
1829
1840
1830
1841
1831
1842
1832
1843
1833
1844
1834
1845
1835
1846
1836
1847
1837
1848
1838
1849
1850
1840
1851
2525
1841
1852
1842
1853
1843
1854
1844
1855
1845
1856
1846
1857
1847
1858
1848
1859
1849
1860
1850
1861
1862
1852
1863
2534
1853
1864
1854
1865
1855
1866
1856
1867
1857
1868
1858
1869
1859
1870
1860
1871
1861
1872
1862
1873
1874
1864
1875
2543
1865
1876
1866
1877
1867
1878
1868
1879
1869
1880
1870
1881
1871
1882
1872
1883
1873
1884
1874
1885
1886
1876
1887
2552
1877
1888
1878
1889
1879
1890
1880
1891
1881
1892
1882
1893
1883
1894
1884
1895
1885
1896
1886
1897
1898
1888
1899
2561
1889
1900
1890
1901
1891
1902
1892
1903
1893
1904
1894
1905
1895
1906
1896
1907
1897
1908
1898
1909
1910
1900
1911
2570
1901
1912
1902
1913
1903
1914
1904
1915
1905
1916
1906
1917
1907
1918
1908
1919
1909
1920
1910
1921
1922
1912
1923
2579
1913
1924
1914
1925
1915
1926
1916
1927
1917
1928
1918
1929
1919
1930
1920
1931
1921
1932
1922
1933
1934
1924
1935
2588
1925
1936
1926
1937
1927
1938
1928
1939
1929
1940
1930
1941
1931
1942
1932
1943
1933
1944
1934
1945
1946
1936
1947
2597
1937
1948
1938
1949
1939
1950
1940
1951
1941
1952
1942
1953
1943
1954
1944
1955
1945
1956
1946
1957
1958
1948
1959
2606
1949
1960
1950
1961
1951
1962
1952
1963
1953
1964
1954
1965
1955
1966
1956
1967
1957
1968
1958
1969
1970
1960
1971
2615
1961
1972
1962
1973
1963
1974
1964
1975
1965
1976
1966
1977
1967
1978
1968
1979
1969
1980
1970
1981
1982
1972
1983
2624
1973
1984
1974
1985
1975
1986
1976
1987
1977
1988
1978
1989
1979
1990
1980
1991
1981
1992
1982
1993
1994
1984
1995
2633
1985
1996
1986
1997
1987
1998
1988
1999
1989
2000
1990
2001
1991
2002
1992
2003
1993
2004
1994
2005
2006
1996
2007
2642
1997
2008
1998
2009
1999
2010
2000
2011
2001
2012
2002
2013
2003
2014
2004
2015
2005
2016
2006
2017
2018
2008
2019
2651
2009
2020
2010
2021
2011
2022
2012
2023
2013
2024
2014
2025
2015
2026
2016
2027
2017
2028
2018
2029
2030
2020
2031
2660
2021
2032
2022
2033
2023
2034
2024
2035
2025
2036
2026
2037
2027
2038
2028
2039
2029
2040
2030
2041
2042
2032
2043
2669
2033
2044
2034
2045
2035
2046
2036
2047
2037
2048
2038
2049
2039
2050
2040
2051
2041
2052
2042
2053
2054
2044
2055
2678
2045
2056
2046
2057
2047
2058
2048
2059
2049
2060
2050
2061
2051
2062
2052
2063
2053
2064
2054
2065
2066
2056
2067
2687
2057
2068
2058
2069
2059
2070
2060
2071
2061
2072
2062
2073
2063
2074
2064
2075
2065
2076
2066
2077
2078
2068
2079
2696
2069
2080
2070
2081
2071
2082
2072
2083
2073
2084
2074
2085
2075
2086
2076
2087
2077
2088
2078
2089
2090
2080
2091
2705
2081
2092
2082
2093
2083
2094
2084
2095
2085
2096
2086
2097
2087
2098
2088
2099
2089
2100
2090
2101
2102
2092
2103
2714
2093
2104
2094
2105
2095
2106
2096
2107
2097
2108
2098
2109
2099
2110
2100
2111
2101
2112
2102
2113
2114
2104
2115
2723
2105
2116
2106
2117
2107
2118
2108
2119
2109
2120
2110
2121
2111
2122
2112
2123
2113
2124
2114
2125
2126
2116
2127
2732
2117
2128
2118
2129
2119
2130
2120
2131
2121
2132
2122
2133
2123
2134
2124
2135
2125
2136
2126
2137
2138
2128
2139
2741
2129
2140
2130
2141
2131
2142
2132
2143
2133
2144
2134
2145
2135
2146
2136
2147
2137
2148
2138
2149
2150
2140
2151
2750
2141
2152
2142
2153
2143
2154
2144
2155
2145
2156
2146
2157
2147
2158
2148
2159
2149
2160
2150
2161
2162
2152
2163
2759
2153
2164
2154
2165
2155
2166
2156
2167
2157
2168
2158
2169
2159
2170
2160
2171
2161
2172
2162
2173
2174
2164
2175
2768
2165
2176
2166
2177
2167
2178
2168
2179
2169
2180
2170
2181
2171
2182
2172
2183
2173
2184
2174
2185
2186
2176
2187
2777
2177
2188
2178
2189
2179
2190
2180
2191
2181
2192
2182
2193
2183
2194
2184
2195
2185
2196
2186
2197
2198
2188
2199
2786
2189
2200
2190
2201
2191
2202
2192
2203
2193
2204
2194
2205
2195
2206
2196
2207
2197
2208
2198
2209
2210
2200
2211
2794
2201
2212
2202
2213
2203
2214
2204
2215
2205
2216
2206
2217
2207
2218
2208
2219
2209
2220
2210
2221
2222
2212
2223
2802
2213
2224
2214
2225
2215
2226
2216
2227
2217
2228
2218
2229
2219
2230
2220
2231
2221
2232
2222
2233
2234
2224
2235
2810
2225
2236
2226
2237
2227
2238
2228
2239
2229
2240
2230
2241
2231
2242
2232
2243
2233
2244
2234
2245
2246
2236
2247
2818
2237
2248
2238
2249
2239
2250
2240
2251
2241
2252
2242
2253
2243
2254
2244
2255
2245
2256
2246
2257
2258
2248
2259
2826
2249
2260
2250
2261
2251
2262
2252
2263
2253
2264
2254
2265
2255
2266
2256
2267
2257
2268
2258
2269
2270
2260
2271
2834
2261
2272
2262
2273
2263
2274
2264
2275
2265
2276
2266
2277
2267
2278
2268
2279
2269
2280
2270
2281
2282
2272
2283
2842
2273
2284
2274
2285
2275
2286
2276
2287
2277
2288
2278
2289
2279
2290
2280
2291
2281
2292
2282
2293
2294
2284
2295
2850
2285
2296
2286
2297
2287
2298
2288
2299
2289
2300
2290
2301
2291
2302
2292
2303
2293
2304
2294
2305
2306
2296
2858
2297
2298
2299
2300
2301
2302
2303
2304
2305
2306
2308
2317
2309
2318
2310
2319
2311
2320
2312
2321
2313
2322
2314
2323
2315
2324
2316
2325
2326
2318
2327
2319
2328
2320
2329
2321
2330
2322
2331
2323
2332
2324
2333
2325
2334
2326
2335
2336
2328
2337
2329
2338
2330
2339
2331
2340
2332
2341
2333
2342
2334
2343
2335
2344
2336
2345
2346
2338
2347
2339
2348
2340
2349
2341
2350
2342
2351
2343
2352
2344
2353
2345
2354
2346
2355
2356
2348
2357
2349
2358
2350
2359
2351
2360
2352
2361
2353
2362
2354
2363
2355
2364
2356
2365
2366
2358
2367
2359
2368
2360
2369
2361
2370
2362
2371
2363
2372
2364
2373
2365
2374
2366
2375
2376
2368
2377
2369
2378
2370
2379
2371
2380
2372
2381
2373
2382
2374
2383
2375
2384
2376
2385
2386
2378
2387
2379
2388
2380
2389
2381
2390
2382
2391
2383
2392
2384
2393
2385
2394
2386
2395
2396
2388
2397
2389
2398
2390
2399
2391
2400
2392
2401
2393
2402
2394
2403
2395
2404
2396
2405
2406
2398
2407
2399
2408
2400
2409
2401
2410
2402
2411
2403
2412
2404
2413
2405
2414
2406
2415
2416
2408
2417
2409
2418
2410
2419
2411
2420
2412
2421
2413
2422
2414
2423
2415
2424
2416
2425
2426
2418
2427
2419
2428
2420
2429
2421
2430
2422
2431
2423
2432
2424
2433
2425
2434
2426
2435
2436
2428
2437
2429
2438
2430
2439
2431
2440
2432
2441
2433
2442
2434
2443
2435
2444
2436
2445
2446
2438
2447
2439
2448
2440
2449
2441
2450
2442
2451
2443
2452
2444
2453
2445
2454
2446
2455
2456
2448
2457
2449
2458
2450
2459
2451
2460
2452
2461
2453
2462
2454
2463
2455
2464
2456
2465
2466
2458
2467
2459
2468
2460
2469
2461
2470
2462
2471
2463
2472
2464
2473
2465
2474
2466
2475
2476
2468
2477
2469
2478
2470
2479
2471
2480
2472
2481
2473
2482
2474
2483
2475
2484
2476
2485
2486
2478
2487
2479
2488
2480
2489
2481
2490
2482
2491
2483
2492
2484
2493
2485
2494
2486
2495
2496
2488
2497
2489
2498
2490
2499
2491
2500
2492
2501
2493
2502
2494
2503
2495
2504
2496
2505
2506
2498
2507
2499
2508
2500
2509
2501
2510
2502
2511
2503
2512
2504
2513
2505
2514
2506
2515
2516
2508
2509
2517
2510
2518
2511
2519
2512
2520
2513
2521
2514
2522
2515
2523
2516
2524
2525
2518
2526
2519
2527
2520
2528
2521
2529
2522
2530
2523
2531
2524
2532
2525
2533
2534
2527
2535
2528
2536
2529
2537
2530
2538
2531
2539
2532
2540
2533
2541
2534
2542
2543
2536
2544
2537
2545
2538
2546
2539
2547
2540
2548
2541
2549
2542
2550
2543
2551
2552
2545
2553
2546
2554
2547
2555
2548
2556
2549
2557
2550
2558
2551
2559
2552
2560
2561
2554
2562
2555
2563
2556
2564
2557
2565
2558
2566
2559
2567
2560
2568
2561
2569
2570
2563
2571
2564
2572
2565
2573
2566
2574
2567
2575
2568
2576
2569
2577
2570
2578
2579
2572
2580
2573
2581
2574
2582
2575
2583
2576
2584
2577
2585
2578
2586
2579
2587
2588
2581
2589
2582
2590
2583
2591
2584
2592
2585
2593
2586
2594
2587
2595
2588
2596
2597
2590
2598
2591
2599
2592
2600
2593
2601
2594
2602
2595
2603
2596
2604
2597
2605
2606
2599
2607
2600
2608
2601
2609
2602
2610
2603
2611
2604
2612
2605
2613
2606
2614
2615
2608
2616
2609
2617
2610
2618
2611
2619
2612
2620
2613
2621
2614
2622
2615
2623
2624
2617
2625
2618
2626
2619
2627
2620
2628
2621
2629
2622
2630
2623
2631
2624
2632
2633
2626
2634
2627
2635
2628
2636
2629
2637
2630
2638
2631
2639
2632
2640
2633
2641
2642
2635
2643
2636
2644
2637
2645
2638
2646
2639
2647
2640
2648
2641
2649
2642
2650
2651
2644
2652
2645
2653
2646
2654
2647
2655
2648
2656
2649
2657
2650
2658
2651
2659
2660
2653
2661
2654
2662
2655
2663
2656
2664
2657
2665
2658
2666
2659
2667
2660
2668
2669
2662
2670
2663
2671
2664
2672
2665
2673
2666
2674
2667
2675
2668
2676
2669
2677
2678
2671
2679
2672
2680
2673
2681
2674
2682
2675
2683
2676
2684
2677
2685
2678
2686
2687
2680
2688
2681
2689
2682
2690
2683
2691
2684
2692
2685
2693
2686
2694
2687
2695
2696
2689
2697
2690
2698
2691
2699
2692
2700
2693
2701
2694
2702
2695
2703
2696
2704
2705
2698
2706
2699
2707
2700
2708
2701
2709
2702
2710
2703
2711
2704
2712
2705
2713
2714
2707
2715
2708
2716
2709
2717
2710
2718
2711
2719
2712
2720
2713
2721
2714
2722
2723
2716
2724
2717
2725
2718
2726
2719
2727
2720
2728
2721
2729
2722
2730
2723
2731
2732
2725
2733
2726
2734
2727
2735
2728
2736
2729
2737
2730
2738
2731
2739
2732
2740
2741
2734
2742
2735
2743
2736
2744
2737
2745
2738
2746
2739
2747
2740
2748
2741
2749
2750
2743
2751
2744
2752
2745
2753
2746
2754
2747
2755
2748
2756
2749
2757
2750
2758
2759
2752
2760
2753
2761
2754
2762
2755
2763
2756
2764
2757
2765
2758
2766
2759
2767
2768
2761
2769
2762
2770
2763
2771
2764
2772
2765
2773
2766
2774
2767
2775
2768
2776
2777
2770
2778
2771
2779
2772
2780
2773
2781
2774
2782
2775
2783
2776
2784
2777
2785
2786
2779
2780
2787
2781
2788
2782
2789
2783
2790
2784
2791
2785
2792
2786
2793
2794
2788
2795
2789
2796
2790
2797
2791
2798
2792
2799
2793
2800
2794
2801
2802
2796
2803
2797
2804
2798
2805
2799
2806
2800
2807
2801
2808
2802
2809
2810
2804
2811
2805
2812
2806
2813
2807
2814
2808
2815
2809
2816
2810
2817
2818
2812
2819
2813
2820
2814
2821
2815
2822
2816
2823
2817
2824
2818
2825
2826
2820
2827
2821
2828
2822
2829
2823
2830
2824
2831
2825
2832
2826
2833
2834
2828
2835
2829
2836
2830
2837
2831
2838
2832
2839
2833
2840
2834
2841
2842
2836
2843
2837
2844
2838
2845
2839
2846
2840
2847
2841
2848
2842
2849
2850
2844
2851
2845
2852
2846
2853
2847
2854
2848
2855
2849
2856
2850
2857
2858
2852
2853
2854
2855
2856
2857
2858
2860
2868
2861
2869
2862
2870
2863
2871
2864
2872
2865
2873
2866
2874
2867
2875
2876
3438
2869
2877
2870
2878
2871
2879
2872
2880
2873
2881
2874
2882
2875
2883
2876
2884
2885
3450
2878
2886
2879
2887
2880
2888
2881
2889
2882
2890
2883
2891
2884
2892
2885
2893
2894
3462
2887
2895
2888
2896
2889
2897
2890
2898
2891
2899
2892
2900
2893
2901
2894
2902
2903
3474
2896
2904
2897
2905
2898
2906
2899
2907
2900
2908
2901
2909
2902
2910
2903
2911
2912
3486
2905
2913
2906
2914
2907
2915
2908
2916
2909
2917
2910
2918
2911
2919
2912
2920
2921
3498
2914
2922
2915
2923
2916
2924
2917
2925
2918
2926
2919
2927
2920
2928
2921
2929
2930
3510
2923
2931
2924
2932
2925
2933
2926
2934
2927
2935
2928
2936
2929
2937
2930
2938
2939
3522
2932
2940
2933
2941
2934
2942
2935
2943
2936
2944
2937
2945
2938
2946
2939
2947
2948
3534
2941
2949
2942
2950
2943
2951
2944
2952
2945
2953
2946
2954
2947
2955
2948
2956
2957
3546
2950
2958
2951
2959
2952
2960
2953
2961
2954
2962
2955
2963
2956
2964
2957
2965
2966
3558
2959
2967
2960
2968
2961
2969
2962
2970
2963
2971
2964
2972
2965
2973
2966
2974
2975
3570
2968
2976
2969
2977
2970
2978
2971
2979
2972
2980
2973
2981
2974
2982
2975
2983
2984
3582
2977
2985
2978
2986
2979
2987
2980
2988
2981
2989
2982
2990
2983
2991
2984
2992
2993
3594
2986
2994
2987
2995
2988
2996
2989
2997
2990
2998
2991
2999
2992
3000
2993
3001
3002
3606
2995
3003
2996
3004
2997
3005
2998
3006
2999
3007
3000
3008
3001
3009
3002
3010
3011
3618
3004
3012
3005
3013
3006
3014
3007
3015
3008
3016
3009
3017
3010
3018
3011
3019
3020
3630
3013
3021
3014
3022
3015
3023
3016
3024
3017
3025
3018
3026
3019
3027
3020
3028
3029
3642
3022
3030
3023
3031
3024
3032
3025
3033
3026
3034
3027
3035
3028
3036
3029
3037
3038
3654
3031
3039
3032
3040
3033
3041
3034
3042
3035
3043
3036
3044
3037
3045
3038
3046
3047
3666
3040
3049
3041
3050
3042
3051
3043
3052
3044
3053
3045
3054
3046
3055
3047
3056
3057
3678
3049
3058
3050
3059
3051
3060
3052
3061
3053
3062
3054
3063
3055
3064
3056
3065
3057
3066
3067
3690
3059
3068
3060
3069
3061
3070
3062
3071
3063
3072
3064
3073
3065
3074
3066
3075
3067
3076
3077
3702
3069
3078
3070
3079
3071
3080
3072
3081
3073
3082
3074
3083
3075
3084
3076
3085
3077
3086
3087
3714
3079
3088
3080
3089
3081
3090
3082
3091
3083
3092
3084
3093
3085
3094
3086
3095
3087
3096
3097
3726
3089
3098
3090
3099
3091
3100
3092
3101
3093
3102
3094
3103
3095
3104
3096
3105
3097
3106
3107
3738
3099
3108
3100
3109
3101
3110
3102
3111
3103
3112
3104
3113
3105
3114
3106
3115
3107
3116
3117
3750
3109
3118
3110
3119
3111
3120
3112
3121
3113
3122
3114
3123
3115
3124
3116
3125
3117
3126
3127
3762
3119
3128
3120
3129
3121
3130
3122
3131
3123
3132
3124
3133
3125
3134
3126
3135
3127
3136
3137
3774
3129
3138
3130
3139
3131
3140
3132
3141
3133
3142
3134
3143
3135
3144
3136
3145
3137
3146
3147
3786
3139
3148
3140
3149
3141
3150
3142
3151
3143
3152
3144
3153
3145
3154
3146
3155
3147
3156
3157
3798
3149
3158
3150
3159
3151
3160
3152
3161
3153
3162
3154
3163
3155
3164
3156
3165
3157
3166
3167
3810
3159
3168
3160
3169
3161
3170
3162
3171
3163
3172
3164
3173
3165
3174
3166
3175
3167
3176
3177
3822
3169
3178
3170
3179
3171
3180
3172
3181
3173
3182
3174
3183
3175
3184
3176
3185
3177
3186
3187
3834
3179
3188
3180
3189
3181
3190
3182
3191
3183
3192
3184
3193
3185
3194
3186
3195
3187
3196
3197
3846
3189
3198
3190
3199
3191
3200
3192
3201
3193
3202
3194
3203
3195
3204
3196
3205
3197
3206
3207
3858
3199
3208
3200
3209
3201
3210
3202
3211
3203
3212
3204
3213
3205
3214
3206
3215
3207
3216
3217
3870
3209
3218
3210
3219
3211
3220
3212
3221
3213
3222
3214
3223
3215
3224
3216
3225
3217
3226
3227
3882
3219
3228
3220
3229
3221
3230
3222
3231
3223
3232
3224
3233
3225
3234
3226
3235
3227
3236
3237
3894
3229
3238
3230
3239
3231
3240
3232
3241
3233
3242
3234
3243
3235
3244
3236
3245
3237
3246
3247
3906
3239
3248
3240
3249
3241
3250
3242
3251
3243
3252
3244
3253
3245
3254
3246
3255
3247
3256
3257
3918
3249
3258
3250
3259
3251
3260
3252
3261
3253
3262
3254
3263
3255
3264
3256
3265
3257
3266
3267
3930
3259
3268
3260
3269
3261
3270
3262
3271
3263
3272
3264
3273
3265
3274
3266
3275
3267
3276
3277
3942
3269
3278
3270
3279
3271
3280
3272
3281
3273
3282
3274
3283
3275
3284
3276
3285
3277
3286
3287
3954
3279
3288
3280
3289
3281
3290
3282
3291
3283
3292
3284
3293
3285
3294
3286
3295
3287
3296
3297
3966
3289
3298
3290
3299
3291
3300
3292
3301
3293
3302
3294
3303
3295
3304
3296
3305
3297
3306
3307
3978
3299
3308
3300
3309
3301
3310
3302
3311
3303
3312
3304
3313
3305
3314
3306
3315
3307
3316
3317
3990
3309
3318
3310
3319
3311
3320
3312
3321
3313
3322
3314
3323
3315
3324
3316
3325
3317
3326
3327
4002
3319
3328
3320
3329
3321
3330
3322
3331
3323
3332
3324
3333
3325
3334
3326
3335
3327
3336
3337
4014
3329
3338
3330
3339
3331
3340
3332
3341
3333
3342
3334
3343
3335
3344
3336
3345
3337
3346
3347
4026
3339
3348
3340
3349
3341
3350
3342
3351
3343
3352
3344
3353
3345
3354
3346
3355
3347
3356
3357
4038
3349
3358
3350
3359
3351
3360
3352
3361
3353
3362
3354
3363
3355
3364
3356
3365
3357
3366
3367
4050
3359
3368
3360
3369
3361
3370
3362
3371
3363
3372
3364
3373
3365
3374
3366
3375
3367
3376
3377
4062
3369
3378
3370
3379
3371
3380
3372
3381
3373
3382
3374
3383
3375
3384
3376
3385
3377
3386
3387
4074
3379
3388
3380
3389
3381
3390
3382
3391
3383
3392
3384
3393
3385
3394
3386
3395
3387
3396
3397
4086
3389
3398
3390
3399
3391
3400
3392
3401
3393
3402
3394
3403
3395
3404
3396
3405
3397
3406
3407
4098
3399
3408
3400
3409
3401
3410
3402
3411
3403
3412
3404
3413
3405
3414
3406
3415
3407
3416
3417
4110
3409
3418
3410
3419
3411
3420
3412
3421
3413
3422
3414
3423
3415
3424
3416
3425
3417
3426
3427
4122
3419
3428
3420
3429
3421
3430
3422
3431
3423
3432
3424
3433
3425
3434
3426
3435
3427
3436
3437
4134
3429
3430
3431
3432
3433
3434
3435
3436
3437
4146
3439
3450
3440
3451
3441
3452
3442
3453
3443
3454
3444
3455
3445
3456
3446
3457
3447
3458
3448
3459
3449
3460
3461
3451
3462
3452
3463
3453
3464
3454
3465
3455
3466
3456
3467
3457
3468
3458
3469
3459
3470
3460
3471
3461
3472
3473
3463
3474
3464
3475
3465
3476
3466
3477
3467
3478
3468
3479
3469
3480
3470
3481
3471
3482
3472
3483
3473
3484
3485
3475
3486
3476
3487
3477
3488
3478
3489
3479
3490
3480
3491
3481
3492
3482
3493
3483
3494
3484
3495
3485
3496
3497
3487
3498
3488
3499
3489
3500
3490
3501
3491
3502
3492
3503
3493
3504
3494
3505
3495
3506
3496
3507
3497
3508
3509
3499
3510
3500
3511
3501
3512
3502
3513
3503
3514
3504
3515
3505
3516
3506
3517
3507
3518
3508
3519
3509
3520
3521
3511
3522
3512
3523
3513
3524
3514
3525
3515
3526
3516
3527
3517
3528
3518
3529
3519
3530
3520
3531
3521
3532
3533
3523
3534
3524
3535
3525
3536
3526
3537
3527
3538
3528
3539
3529
3540
3530
3541
3531
3542
3532
3543
3533
3544
3545
3535
3546
3536
3547
3537
3548
3538
3549
3539
3550
3540
3551
3541
3552
3542
3553
3543
3554
3544
3555
3545
3556
3557
3547
3558
3548
3559
3549
3560
3550
3561
3551
3562
3552
3563
3553
3564
3554
3565
3555
3566
3556
3567
3557
3568
3569
3559
3570
3560
3571
3561
3572
3562
3573
3563
3574
3564
3575
3565
3576
3566
3577
3567
3578
3568
3579
3569
3580
3581
3571
3582
3572
3583
3573
3584
3574
3585
3575
3586
3576
3587
3577
3588
3578
3589
3579
3590
3580
3591
3581
3592
3593
3583
3594
3584
3595
3585
3596
3586
3597
3587
3598
3588
3599
3589
3600
3590
3601
3591
3602
3592
3603
3593
3604
3605
3595
3606
3596
3607
3597
3608
3598
3609
3599
3610
3600
3611
3601
3612
3602
3613
3603
3614
3604
3615
3605
3616
3617
3607
3618
3608
3619
3609
3620
3610
3621
3611
3622
3612
3623
3613
3624
3614
3625
3615
3626
3616
3627
3617
3628
3629
3619
3630
3620
3631
3621
3632
3622
3633
3623
3634
3624
3635
3625
3636
3626
3637
3627
3638
3628
3639
3629
3640
3641
3631
3642
3632
3643
3633
3644
3634
3645
3635
3646
3636
3647
3637
3648
3638
3649
3639
3650
3640
3651
3641
3652
3653
3643
3654
3644
3655
3645
3656
3646
3657
3647
3658
3648
3659
3649
3660
3650
3661
3651
3662
3652
3663
3653
3664
3665
3655
3666
3656
3667
3657
3668
3658
3669
3659
3670
3660
3671
3661
3672
3662
3673
3663
3674
3664
3675
3665
3676
3677
3667
3678
3668
3679
3669
3680
3670
3681
3671
3682
3672
3683
3673
3684
3674
3685
3675
3686
3676
3687
3677
3688
3689
3679
3690
3680
3691
3681
3692
3682
3693
3683
3694
3684
3695
3685
3696
3686
3697
3687
3698
3688
3699
3689
3700
3701
3691
3702
3692
3703
3693
3704
3694
3705
3695
3706
3696
3707
3697
3708
3698
3709
3699
3710
3700
3711
3701
3712
3713
3703
3714
3704
3715
3705
3716
3706
3717
3707
3718
3708
3719
3709
3720
3710
3721
3711
3722
3712
3723
3713
3724
3725
3715
3726
3716
3727
3717
3728
3718
3729
3719
3730
3720
3731
3721
3732
3722
3733
3723
3734
3724
3735
3725
3736
3737
3727
3738
3728
3739
3729
3740
3730
3741
3731
3742
3732
3743
3733
3744
3734
3745
3735
3746
3736
3747
3737
3748
3749
3739
3750
3740
3751
3741
3752
3742
3753
3743
3754
3744
3755
3745
3756
3746
3757
3747
3758
3748
3759
3749
3760
3761
3751
3762
3752
3763
3753
3764
3754
3765
3755
3766
3756
3767
3757
3768
3758
3769
3759
3770
3760
3771
3761
3772
3773
3763
3774
3764
3775
3765
3776
3766
3777
3767
3778
3768
3779
3769
3780
3770
3781
3771
3782
3772
3783
3773
3784
3785
3775
3786
3776
3787
3777
3788
3778
3789
3779
3790
3780
3791
3781
3792
3782
3793
3783
3794
3784
3795
3785
3796
3797
3787
3798
3788
3799
3789
3800
3790
3801
3791
3802
3792
3803
3793
3804
3794
3805
3795
3806
3796
3807
3797
3808
3809
3799
3810
3800
3811
3801
3812
3802
3813
3803
3814
3804
3815
3805
3816
3806
3817
3807
3818
3808
3819
3809
3820
3821
3811
3822
3812
3823
3813
3824
3814
3825
3815
3826
3816
3827
3817
3828
3818
3829
3819
3830
3820
3831
3821
3832
3833
3823
3834
3824
3835
3825
3836
3826
3837
3827
3838
3828
3839
3829
3840
3830
3841
3831
3842
3832
3843
3833
3844
3845
3835
3846
3836
3847
3837
3848
3838
3849
3839
3850
3840
3851
3841
3852
3842
3853
3843
3854
3844
3855
3845
3856
3857
3847
3858
3848
3859
3849
3860
3850
3861
3851
3862
3852
3863
3853
3864
3854
3865
3855
3866
3856
3867
3857
3868
3869
3859
3870
3860
3871
3861
3872
3862
3873
3863
3874
3864
3875
3865
3876
3866
3877
3867
3878
3868
3879
3869
3880
3881
3871
3882
3872
3883
3873
3884
3874
3885
3875
3886
3876
3887
3877
3888
3878
3889
3879
3890
3880
3891
3881
3892
3893
3883
3894
3884
3895
3885
3896
3886
3897
3887
3898
3888
3899
3889
3900
3890
3901
3891
3902
3892
3903
3893
3904
3905
3895
3906
3896
3907
3897
3908
3898
3909
3899
3910
3900
3911
3901
3912
3902
3913
3903
3914
3904
3915
3905
3916
3917
3907
3918
3908
3919
3909
3920
3910
3921
3911
3922
3912
3923
3913
3924
3914
3925
3915
3926
3916
3927
3917
3928
3929
3919
3930
3920
3931
3921
3932
3922
3933
3923
3934
3924
3935
3925
3936
3926
3937
3927
3938
3928
3939
3929
3940
3941
3931
3942
3932
3943
3933
3944
3934
3945
3935
3946
3936
3947
3937
3948
3938
3949
3939
3950
3940
3951
3941
3952
3953
3943
3954
3944
3955
3945
3956
3946
3957
3947
3958
3948
3959
3949
3960
3950
3961
3951
3962
3952
3963
3953
3964
3965
3955
3966
3956
3967
3957
3968
3958
3969
3959
3970
3960
3971
3961
3972
3962
3973
3963
3974
3964
3975
3965
3976
3977
3967
3978
3968
3979
3969
3980
3970
3981
3971
3982
3972
3983
3973
3984
3974
3985
3975
3986
3976
3987
3977
3988
3989
3979
3990
3980
3991
3981
3992
3982
3993
3983
3994
3984
3995
3985
3996
3986
3997
3987
3998
3988
3999
3989
4000
4001
3991
4002
3992
4003
3993
4004
3994
4005
3995
4006
3996
4007
3997
4008
3998
4009
3999
4010
4000
4011
4001
4012
4013
4003
4014
4004
4015
4005
4016
4006
4017
4007
4018
4008
4019
4009
4020
4010
4021
4011
4022
4012
4023
4013
4024
4025
4015
4026
4016
4027
4017
4028
4018
4029
4019
4030
4020
4031
4021
4032
4022
4033
4023
4034
4024
4035
4025
4036
4037
4027
4038
4028
4039
4029
4040
4030
4041
4031
4042
4032
4043
4033
4044
4034
4045
4035
4046
4036
4047
4037
4048
4049
4039
4050
4040
4051
4041
4052
4042
4053
4043
4054
4044
4055
4045
4056
4046
4057
4047
4058
4048
4059
4049
4060
4061
4051
4062
4052
4063
4053
4064
4054
4065
4055
4066
4056
4067
4057
4068
4058
4069
4059
4070
4060
4071
4061
4072
4073
4063
4074
4064
4075
4065
4076
4066
4077
4067
4078
4068
4079
4069
4080
4070
4081
4071
4082
4072
4083
4073
4084
4085
4075
4086
4076
4087
4077
4088
4078
4089
4079
4090
4080
4091
4081
4092
4082
4093
4083
4094
4084
4095
4085
4096
4097
4087
4098
4088
4099
4089
4100
4090
4101
4091
4102
4092
4103
4093
4104
4094
4105
4095
4106
4096
4107
4097
4108
4109
4099
4110
4100
4111
4101
4112
4102
4113
4103
4114
4104
4115
4105
4116
4106
4117
4107
4118
4108
4119
4109
4120
4121
4111
4122
4112
4123
4113
4124
4114
4125
4115
4126
4116
4127
4117
4128
4118
4129
4119
4130
4120
4131
4121
4132
4133
4123
4134
4124
4135
4125
4136
4126
4137
4127
4138
4128
4139
4129
4140
4130
4141
4131
4142
4132
4143
4133
4144
4145
4135
4146
4136
4147
4137
4148
4138
4149
4139
4150
4140
4151
4141
4152
4142
4153
4143
4154
4144
4155
4145
4156
4157
4147
4158
4148
4159
4149
4160
4150
4161
4151
4162
4152
4163
4153
4164
4154
4165
4155
4166
4156
4167
4157
4168
4169
4159
4170
4160
4171
4161
4172
4162
4173
4163
4174
4164
4175
4165
4176
4166
4177
4167
4178
4168
4179
4169
4180
4181
4171
4182
4172
4183
4173
4184
4174
4185
4175
4186
4176
4187
4177
4188
4178
4189
4179
4190
4180
4191
4181
4192
4183
4193
4184
4194
4185
4195
4186
4196
4187
4197
4188
4198
4189
4199
4190
4200
4191
4201
4192
4202
4203
4194
4204
4195
4205
4196
4206
4197
4207
4198
4208
4199
4209
4200
4210
4201
4211
4202
4212
4203
4213
4214
4205
4215
4206
4216
4207
4217
4208
4218
4209
4219
4210
4220
4211
4221
4212
4222
4213
4223
4214
4224
4225
4216
4226
4217
4227
4218
4228
4219
4229
4220
4230
4221
4231
4222
4232
4223
4233
4224
4234
4225
4235
4236
4227
4237
4228
4238
4229
4239
4230
4240
4231
4241
4232
4242
4233
4243
4234
4244
4235
4245
4236
4246
4247
4238
4248
4239
4249
4240
4250
4241
4251
4242
4252
4243
4253
4244
4254
4245
4255
4246
4256
4247
4257
4258
4249
4259
4250
4260
4251
4261
4252
4262
4253
4263
4254
4264
4255
4265
4256
4266
4257
4267
4258
4268
4269
4260
4270
4261
4271
4262
4272
4263
4273
4264
4274
4265
4275
4266
4276
4267
4277
4268
4278
4269
4279
4280
4271
4281
4272
4282
4273
4283
4274
4284
4275
4285
4276
4286
4277
4287
4278
4288
4279
4289
4280
4290
4291
4282
4292
4283
4293
4284
4294
4285
4295
4286
4296
4287
4297
4288
4298
4289
4299
4290
4300
4291
4301
4302
4293
4303
4294
4304
4295
4305
4296
4306
4297
4307
4298
4308
4299
4309
4300
4310
4301
4311
4302
4312
4313
4304
4314
4305
4315
4306
4316
4307
4317
4308
4318
4309
4319
4310
4320
4311
4321
4312
4322
4313
4323
4324
4315
4325
4316
4326
4317
4327
4318
4328
4319
4329
4320
4330
4321
4331
4322
4332
4323
4333
4324
4334
4326
4335
4327
4336
4328
4337
4329
4338
4330
4339
4331
4340
4332
4341
4333
4342
4334
4343
4344
4336
4345
4337
4346
4338
4347
4339
4348
4340
4349
4341
4350
4342
4351
4343
4352
4344
4353
4354
4346
4355
4347
4356
4348
4357
4349
4358
4350
4359
4351
4360
4352
4361
4353
4362
4354
4363
4364
4356
4365
4357
4366
4358
4367
4359
4368
4360
4369
4361
4370
4362
4371
4363
4372
4364
4373
4374
4366
4375
4367
4376
4368
4377
4369
4378
4370
4379
4371
4380
4372
4381
4373
4382
4374
4383
4384
4376
4385
4377
4386
4378
4387
4379
4388
4380
4389
4381
4390
4382
4391
4383
4392
4384
4393
4394
4386
4395
4387
4396
4388
4397
4389
4398
4390
4399
4391
4400
4392
4401
4393
4402
4394
4403
4404
4396
4405
4397
4406
4398
4407
4399
4408
4400
4409
4401
4410
4402
4411
4403
4412
4404
4413
4414
4406
4415
4407
4416
4408
4417
4409
4418
4410
4419
4411
4420
4412
4421
4413
4422
4414
4423
4424
4416
4425
4417
4426
4418
4427
4419
4428
4420
4429
4421
4430
4422
4431
4423
4432
4424
4433
4434
4426
4435
4427
4436
4428
4437
4429
4438
4430
4439
4431
4440
4432
4441
4433
4442
4434
4443
4444
4436
4445
4437
4446
4438
4447
4439
4448
4440
4449
4441
4450
4442
4451
4443
4452
4444
4453
4454
4446
4455
4447
4456
4448
4457
4449
4458
4450
4459
4451
4460
4452
4461
4453
4462
4454
4463
4464
4456
4465
4457
4466
4458
4467
4459
4468
4460
4469
4461
4470
4462
4471
4463
4472
4464
4473
4474
4466
4475
4467
4476
4468
4477
4469
4478
4470
4479
4471
4480
4472
4481
4473
4482
4474
4483
4484
4476
4485
4477
4486
4478
4487
4479
4488
4480
4489
4481
4490
4482
4491
4483
4492
4484
4493
4494
4486
4495
4487
4496
4488
4497
4489
4498
4490
4499
4491
4500
4492
4501
4493
4502
4494
4503
4504
4496
4505
4497
4506
4498
4507
4499
4508
4500
4509
4501
4510
4502
4511
4503
4512
4504
4513
4514
4506
4515
4507
4516
4508
4517
4509
4518
4510
4519
4511
4520
4512
4521
4513
4522
4514
4523
4524
4516
4525
4517
4526
4518
4527
4519
4528
4520
4529
4521
4530
4522
4531
4523
4532
4524
4533
4534
4526
4535
4527
4536
4528
4537
4529
4538
4530
4539
4531
4540
4532
4541
4533
4542
4534
4543
4544
4536
4545
4537
4546
4538
4547
4539
4548
4540
4549
4541
4550
4542
4551
4543
4552
4544
4553
4554
4546
4555
4547
4556
4548
4557
4549
4558
4550
4559
4551
4560
4552
4561
4553
4562
4554
4563
4564
4556
4565
4557
4566
4558
4567
4559
4568
4560
4569
4561
4570
4562
4571
4563
4572
4564
4573
4574
4566
4567
4568
4569
4570
4571
4572
4573
4574
)


// ************************************************************************* //
