/*--------------------------------*- C++ -*----------------------------------*\
  =========                 |
  \\      /  F ield         | OpenFOAM: The Open Source CFD Toolbox
   \\    /   O peration     | Website:  https://openfoam.org
    \\  /    A nd           | Version:  7
     \\/     M anipulation  |
\*---------------------------------------------------------------------------*/
FoamFile
{
    version     2.0;
    format      ascii;
    class       labelList;
    note        "nPoints: 14944 nCells: 7156 nFaces: 28939 nInternalFaces: 13997";
    location    "constant/polyMesh";
    object      neighbour;
}
// * * * * * * * * * * * * * * * * * * * * * * * * * * * * * * * * * * * * * //


13997
(
1
21
1824
2
22
1825
3
23
1826
4
24
1827
5
25
1828
6
26
1829
7
27
1830
8
28
1831
9
29
1832
10
30
1833
11
31
1834
12
32
1835
13
33
1836
14
34
1837
15
35
1838
16
36
1839
17
37
1840
18
38
1841
19
39
1842
20
40
1843
41
1844
1845
22
42
23
43
24
44
25
45
26
46
27
47
28
48
29
49
30
50
31
51
32
52
33
53
34
54
35
55
36
56
37
57
38
58
39
59
40
60
41
61
62
1857
43
63
44
64
45
65
46
66
47
67
48
68
49
69
50
70
51
71
52
72
53
73
54
74
55
75
56
76
57
77
58
78
59
79
60
80
61
81
62
82
83
1869
64
84
65
85
66
86
67
87
68
88
69
89
70
90
71
91
72
92
73
93
74
94
75
95
76
96
77
97
78
98
79
99
80
100
81
101
82
102
83
103
104
1881
85
105
86
106
87
107
88
108
89
109
90
110
91
111
92
112
93
113
94
114
95
115
96
116
97
117
98
118
99
119
100
120
101
121
102
122
103
123
104
124
125
1893
106
126
107
127
108
128
109
129
110
130
111
131
112
132
113
133
114
134
115
135
116
136
117
137
118
138
119
139
120
140
121
141
122
142
123
143
124
144
125
145
146
1905
127
147
128
148
129
149
130
150
131
151
132
152
133
153
134
154
135
155
136
156
137
157
138
158
139
159
140
160
141
161
142
162
143
163
144
164
145
165
146
166
167
1917
148
168
149
169
150
170
151
171
152
172
153
173
154
174
155
175
156
176
157
177
158
178
159
179
160
180
161
181
162
182
163
183
164
184
165
185
166
186
167
187
188
1929
169
189
170
190
171
191
172
192
173
193
174
194
175
195
176
196
177
197
178
198
179
199
180
200
181
201
182
202
183
203
184
204
185
205
186
206
187
207
188
208
209
1941
190
210
191
211
192
212
193
213
194
214
195
215
196
216
197
217
198
218
199
219
200
220
201
221
202
222
203
223
204
224
205
225
206
226
207
227
208
228
209
229
230
1953
211
231
212
232
213
233
214
234
215
235
216
236
217
237
218
238
219
239
220
240
221
241
222
242
223
243
224
244
225
245
226
246
227
247
228
248
229
249
230
250
251
1965
232
252
233
253
234
254
235
255
236
256
237
257
238
258
239
259
240
260
241
261
242
262
243
263
244
264
245
265
246
266
247
267
248
268
249
269
250
270
251
271
272
1977
253
254
273
255
274
256
275
257
276
258
277
259
278
260
279
261
280
262
281
263
282
264
283
265
284
266
285
267
286
268
287
269
288
270
289
271
290
272
291
292
1989
274
293
275
294
276
295
277
296
278
297
279
298
280
299
281
300
282
301
283
302
284
303
285
304
286
305
287
306
288
307
289
308
290
309
291
310
292
311
312
2001
294
313
295
314
296
315
297
316
298
317
299
318
300
319
301
320
302
321
303
322
304
323
305
324
306
325
307
326
308
327
309
328
310
329
311
330
312
331
332
2013
314
333
315
334
316
335
317
336
318
337
319
338
320
339
321
340
322
341
323
342
324
343
325
344
326
345
327
346
328
347
329
348
330
349
331
350
332
351
352
2025
334
353
335
354
336
355
337
356
338
357
339
358
340
359
341
360
342
361
343
362
344
363
345
364
346
365
347
366
348
367
349
368
350
369
351
370
352
371
372
2037
354
373
355
374
356
375
357
376
358
377
359
378
360
379
361
380
362
381
363
382
364
383
365
384
366
385
367
386
368
387
369
388
370
389
371
390
372
391
392
2049
374
393
375
394
376
395
377
396
378
397
379
398
380
399
381
400
382
401
383
402
384
403
385
404
386
405
387
406
388
407
389
408
390
409
391
410
392
411
412
2061
394
395
413
396
414
397
415
398
416
399
417
400
418
401
419
402
420
403
421
404
422
405
423
406
424
407
425
408
426
409
427
410
428
411
429
412
430
431
2073
414
432
415
433
416
434
417
435
418
436
419
437
420
438
421
439
422
440
423
441
424
442
425
443
426
444
427
445
428
446
429
447
430
448
431
449
450
2085
433
451
434
452
435
453
436
454
437
455
438
456
439
457
440
458
441
459
442
460
443
461
444
462
445
463
446
464
447
465
448
466
449
467
450
468
469
2097
452
470
453
471
454
472
455
473
456
474
457
475
458
476
459
477
460
478
461
479
462
480
463
481
464
482
465
483
466
484
467
485
468
486
469
487
488
2109
471
472
489
473
490
474
491
475
492
476
493
477
494
478
495
479
496
480
497
481
498
482
499
483
500
484
501
485
502
486
503
487
504
488
505
506
2122
490
507
491
508
492
509
493
510
494
511
495
512
496
513
497
514
498
515
499
516
500
517
501
518
502
519
503
520
504
521
505
522
506
523
524
2135
508
525
509
526
510
527
511
528
512
529
513
530
514
531
515
532
516
533
517
534
518
535
519
536
520
537
521
538
522
539
523
540
524
541
542
2148
526
543
527
544
528
545
529
546
530
547
531
548
532
549
533
550
534
551
535
552
536
553
537
554
538
555
539
556
540
557
541
558
542
559
560
2161
544
545
561
546
562
547
563
548
564
549
565
550
566
551
567
552
568
553
569
554
570
555
571
556
572
557
573
558
574
559
575
560
576
577
2174
562
578
563
579
564
580
565
581
566
582
567
583
568
584
569
585
570
586
571
587
572
588
573
589
574
590
575
591
576
592
577
593
594
2187
579
595
580
596
581
597
582
598
583
599
584
600
585
601
586
602
587
603
588
604
589
605
590
606
591
607
592
608
593
609
594
610
611
2200
596
612
597
613
598
614
599
615
600
616
601
617
602
618
603
619
604
620
605
621
606
622
607
623
608
624
609
625
610
626
611
627
628
2213
613
614
629
615
630
616
631
617
632
618
633
619
634
620
635
621
636
622
637
623
638
624
639
625
640
626
641
627
642
628
643
644
2226
630
645
631
646
632
647
633
648
634
649
635
650
636
651
637
652
638
653
639
654
640
655
641
656
642
657
643
658
644
659
660
2239
646
661
647
662
648
663
649
664
650
665
651
666
652
667
653
668
654
669
655
670
656
671
657
672
658
673
659
674
660
675
676
2252
662
663
677
664
678
665
679
666
680
667
681
668
682
669
683
670
684
671
685
672
686
673
687
674
688
675
689
676
690
691
2265
678
692
679
693
680
694
681
695
682
696
683
697
684
698
685
699
686
700
687
701
688
702
689
703
690
704
691
705
706
2278
693
707
694
708
695
709
696
710
697
711
698
712
699
713
700
714
701
715
702
716
703
717
704
718
705
719
706
720
721
2291
708
709
722
710
723
711
724
712
725
713
726
714
727
715
728
716
729
717
730
718
731
719
732
720
733
721
734
735
2304
723
736
724
737
725
738
726
739
727
740
728
741
729
742
730
743
731
744
732
745
733
746
734
747
735
748
749
2317
737
738
750
739
751
740
752
741
753
742
754
743
755
744
756
745
757
746
758
747
759
748
760
749
761
762
2331
751
763
752
764
753
765
754
766
755
767
756
768
757
769
758
770
759
771
760
772
761
773
762
774
775
2345
764
765
776
766
777
767
778
768
779
769
780
770
781
771
782
772
783
773
784
774
785
775
786
787
2359
777
788
778
789
779
790
780
791
781
792
782
793
783
794
784
795
785
796
786
797
787
798
799
2373
789
800
790
801
791
802
792
803
793
804
794
805
795
806
796
807
797
808
798
809
799
810
811
2387
801
802
812
803
813
804
814
805
815
806
816
807
817
808
818
809
819
810
820
811
821
822
2401
813
823
814
824
815
825
816
826
817
827
818
828
819
829
820
830
821
831
822
832
833
2415
824
825
834
826
835
827
836
828
837
829
838
830
839
831
840
832
841
833
842
843
2429
835
844
836
845
837
846
838
847
839
848
840
849
841
850
842
851
843
852
853
2443
845
846
854
847
855
848
856
849
857
850
858
851
859
852
860
853
861
862
2457
855
856
863
857
864
858
865
859
866
860
867
861
868
862
869
870
2471
864
871
865
872
866
873
867
874
868
875
869
876
870
877
878
3623
872
873
879
874
880
875
881
876
882
877
883
878
884
885
3622
880
886
881
887
882
888
883
889
884
890
885
891
892
3621
887
888
893
889
894
890
895
891
896
892
897
898
3620
894
895
899
896
900
897
901
898
902
903
3619
900
904
901
905
902
906
903
907
908
3618
905
906
909
907
910
908
911
912
3617
910
911
913
912
914
915
3616
914
915
916
917
3615
917
918
919
3614
919
920
3613
3612
923
5380
923
925
926
5381
925
927
926
928
929
5382
928
931
929
932
933
5383
931
935
932
936
933
937
938
5384
935
939
936
940
937
941
938
942
943
5385
940
945
941
946
942
947
943
948
949
5386
945
951
946
952
947
953
948
954
949
955
956
5387
951
957
952
958
953
959
954
960
955
961
956
962
963
5388
958
965
959
966
960
967
961
968
962
969
963
970
971
5389
965
972
966
973
967
974
968
975
969
976
970
977
971
978
979
5390
973
981
974
982
975
983
976
984
977
985
978
986
979
987
988
5391
981
990
982
991
983
992
984
993
985
994
986
995
987
996
988
997
998
6515
990
999
991
1000
992
1001
993
1002
994
1003
995
1004
996
1005
997
1006
998
1007
1008
6530
1000
1010
1001
1011
1002
1012
1003
1013
1004
1014
1005
1015
1006
1016
1007
1017
1008
1018
1019
6544
1010
1020
1011
1021
1012
1022
1013
1023
1014
1024
1015
1025
1016
1026
1017
1027
1018
1028
1019
1029
1030
6558
1021
1032
1022
1033
1023
1034
1024
1035
1025
1036
1026
1037
1027
1038
1028
1039
1029
1040
1030
1041
1042
6572
1032
1043
1033
1044
1034
1045
1035
1046
1036
1047
1037
1048
1038
1049
1039
1050
1040
1051
1041
1052
1042
1053
1054
6586
1044
1056
1045
1057
1046
1058
1047
1059
1048
1060
1049
1061
1050
1062
1051
1063
1052
1064
1053
1065
1054
1066
1067
6600
1056
1068
1057
1069
1058
1070
1059
1071
1060
1072
1061
1073
1062
1074
1063
1075
1064
1076
1065
1077
1066
1078
1067
1079
1080
6614
1069
1081
1070
1082
1071
1083
1072
1084
1073
1085
1074
1086
1075
1087
1076
1088
1077
1089
1078
1090
1079
1091
1080
1092
1093
6628
1082
1095
1083
1096
1084
1097
1085
1098
1086
1099
1087
1100
1088
1101
1089
1102
1090
1103
1091
1104
1092
1105
1093
1106
1107
6642
1095
1108
1096
1109
1097
1110
1098
1111
1099
1112
1100
1113
1101
1114
1102
1115
1103
1116
1104
1117
1105
1118
1106
1119
1107
1120
1121
6656
1109
1123
1110
1124
1111
1125
1112
1126
1113
1127
1114
1128
1115
1129
1116
1130
1117
1131
1118
1132
1119
1133
1120
1134
1121
1135
1136
6670
1123
1137
1124
1138
1125
1139
1126
1140
1127
1141
1128
1142
1129
1143
1130
1144
1131
1145
1132
1146
1133
1147
1134
1148
1135
1149
1136
1150
1151
6684
1138
1152
1139
1153
1140
1154
1141
1155
1142
1156
1143
1157
1144
1158
1145
1159
1146
1160
1147
1161
1148
1162
1149
1163
1150
1164
1151
1165
1166
6697
1153
1168
1154
1169
1155
1170
1156
1171
1157
1172
1158
1173
1159
1174
1160
1175
1161
1176
1162
1177
1163
1178
1164
1179
1165
1180
1166
1181
1182
6710
1168
1183
1169
1184
1170
1185
1171
1186
1172
1187
1173
1188
1174
1189
1175
1190
1176
1191
1177
1192
1178
1193
1179
1194
1180
1195
1181
1196
1182
1197
1198
6723
1184
1199
1185
1200
1186
1201
1187
1202
1188
1203
1189
1204
1190
1205
1191
1206
1192
1207
1193
1208
1194
1209
1195
1210
1196
1211
1197
1212
1198
1213
1214
6736
1200
1216
1201
1217
1202
1218
1203
1219
1204
1220
1205
1221
1206
1222
1207
1223
1208
1224
1209
1225
1210
1226
1211
1227
1212
1228
1213
1229
1214
1230
1231
6749
1216
1232
1217
1233
1218
1234
1219
1235
1220
1236
1221
1237
1222
1238
1223
1239
1224
1240
1225
1241
1226
1242
1227
1243
1228
1244
1229
1245
1230
1246
1231
1247
1248
6762
1233
1249
1234
1250
1235
1251
1236
1252
1237
1253
1238
1254
1239
1255
1240
1256
1241
1257
1242
1258
1243
1259
1244
1260
1245
1261
1246
1262
1247
1263
1248
1264
1265
6775
1250
1266
1251
1267
1252
1268
1253
1269
1254
1270
1255
1271
1256
1272
1257
1273
1258
1274
1259
1275
1260
1276
1261
1277
1262
1278
1263
1279
1264
1280
1265
1281
1282
6788
1267
1284
1268
1285
1269
1286
1270
1287
1271
1288
1272
1289
1273
1290
1274
1291
1275
1292
1276
1293
1277
1294
1278
1295
1279
1296
1280
1297
1281
1298
1282
1299
1300
6801
1284
1301
1285
1302
1286
1303
1287
1304
1288
1305
1289
1306
1290
1307
1291
1308
1292
1309
1293
1310
1294
1311
1295
1312
1296
1313
1297
1314
1298
1315
1299
1316
1300
1317
1318
6814
1302
1319
1303
1320
1304
1321
1305
1322
1306
1323
1307
1324
1308
1325
1309
1326
1310
1327
1311
1328
1312
1329
1313
1330
1314
1331
1315
1332
1316
1333
1317
1334
1318
1335
1336
6827
1320
1338
1321
1339
1322
1340
1323
1341
1324
1342
1325
1343
1326
1344
1327
1345
1328
1346
1329
1347
1330
1348
1331
1349
1332
1350
1333
1351
1334
1352
1335
1353
1336
1354
1355
6840
1338
1356
1339
1357
1340
1358
1341
1359
1342
1360
1343
1361
1344
1362
1345
1363
1346
1364
1347
1365
1348
1366
1349
1367
1350
1368
1351
1369
1352
1370
1353
1371
1354
1372
1355
1373
1374
6853
1357
1375
1358
1376
1359
1377
1360
1378
1361
1379
1362
1380
1363
1381
1364
1382
1365
1383
1366
1384
1367
1385
1368
1386
1369
1387
1370
1388
1371
1389
1372
1390
1373
1391
1374
1392
1393
6866
1376
1394
1377
1395
1378
1396
1379
1397
1380
1398
1381
1399
1382
1400
1383
1401
1384
1402
1385
1403
1386
1404
1387
1405
1388
1406
1389
1407
1390
1408
1391
1409
1392
1410
1393
1411
1412
6879
1395
1413
1396
1414
1397
1415
1398
1416
1399
1417
1400
1418
1401
1419
1402
1420
1403
1421
1404
1422
1405
1423
1406
1424
1407
1425
1408
1426
1409
1427
1410
1428
1411
1429
1412
1430
1431
6892
1414
1433
1415
1434
1416
1435
1417
1436
1418
1437
1419
1438
1420
1439
1421
1440
1422
1441
1423
1442
1424
1443
1425
1444
1426
1445
1427
1446
1428
1447
1429
1448
1430
1449
1431
1450
1451
6904
1433
1452
1434
1453
1435
1454
1436
1455
1437
1456
1438
1457
1439
1458
1440
1459
1441
1460
1442
1461
1443
1462
1444
1463
1445
1464
1446
1465
1447
1466
1448
1467
1449
1468
1450
1469
1451
1470
1471
6916
1453
1472
1454
1473
1455
1474
1456
1475
1457
1476
1458
1477
1459
1478
1460
1479
1461
1480
1462
1481
1463
1482
1464
1483
1465
1484
1466
1485
1467
1486
1468
1487
1469
1488
1470
1489
1471
1490
1491
6928
1473
1492
1474
1493
1475
1494
1476
1495
1477
1496
1478
1497
1479
1498
1480
1499
1481
1500
1482
1501
1483
1502
1484
1503
1485
1504
1486
1505
1487
1506
1488
1507
1489
1508
1490
1509
1491
1510
1511
6940
1493
1512
1494
1513
1495
1514
1496
1515
1497
1516
1498
1517
1499
1518
1500
1519
1501
1520
1502
1521
1503
1522
1504
1523
1505
1524
1506
1525
1507
1526
1508
1527
1509
1528
1510
1529
1511
1530
1531
6952
1513
1532
1514
1533
1515
1534
1516
1535
1517
1536
1518
1537
1519
1538
1520
1539
1521
1540
1522
1541
1523
1542
1524
1543
1525
1544
1526
1545
1527
1546
1528
1547
1529
1548
1530
1549
1531
1550
1551
6964
1533
1552
1534
1553
1535
1554
1536
1555
1537
1556
1538
1557
1539
1558
1540
1559
1541
1560
1542
1561
1543
1562
1544
1563
1545
1564
1546
1565
1547
1566
1548
1567
1549
1568
1550
1569
1551
1570
1571
6976
1553
1573
1554
1574
1555
1575
1556
1576
1557
1577
1558
1578
1559
1579
1560
1580
1561
1581
1562
1582
1563
1583
1564
1584
1565
1585
1566
1586
1567
1587
1568
1588
1569
1589
1570
1590
1571
1591
1592
6988
1573
1593
1574
1594
1575
1595
1576
1596
1577
1597
1578
1598
1579
1599
1580
1600
1581
1601
1582
1602
1583
1603
1584
1604
1585
1605
1586
1606
1587
1607
1588
1608
1589
1609
1590
1610
1591
1611
1592
1612
1613
7000
1594
1614
1595
1615
1596
1616
1597
1617
1598
1618
1599
1619
1600
1620
1601
1621
1602
1622
1603
1623
1604
1624
1605
1625
1606
1626
1607
1627
1608
1628
1609
1629
1610
1630
1611
1631
1612
1632
1613
1633
1634
7012
1615
1635
1616
1636
1617
1637
1618
1638
1619
1639
1620
1640
1621
1641
1622
1642
1623
1643
1624
1644
1625
1645
1626
1646
1627
1647
1628
1648
1629
1649
1630
1650
1631
1651
1632
1652
1633
1653
1634
1654
1655
7024
1636
1656
1637
1657
1638
1658
1639
1659
1640
1660
1641
1661
1642
1662
1643
1663
1644
1664
1645
1665
1646
1666
1647
1667
1648
1668
1649
1669
1650
1670
1651
1671
1652
1672
1653
1673
1654
1674
1655
1675
1676
7036
1657
1677
1658
1678
1659
1679
1660
1680
1661
1681
1662
1682
1663
1683
1664
1684
1665
1685
1666
1686
1667
1687
1668
1688
1669
1689
1670
1690
1671
1691
1672
1692
1673
1693
1674
1694
1675
1695
1676
1696
1697
7048
1678
1698
1679
1699
1680
1700
1681
1701
1682
1702
1683
1703
1684
1704
1685
1705
1686
1706
1687
1707
1688
1708
1689
1709
1690
1710
1691
1711
1692
1712
1693
1713
1694
1714
1695
1715
1696
1716
1697
1717
1718
7060
1699
1719
1700
1720
1701
1721
1702
1722
1703
1723
1704
1724
1705
1725
1706
1726
1707
1727
1708
1728
1709
1729
1710
1730
1711
1731
1712
1732
1713
1733
1714
1734
1715
1735
1716
1736
1717
1737
1718
1738
1739
7072
1720
1740
1721
1741
1722
1742
1723
1743
1724
1744
1725
1745
1726
1746
1727
1747
1728
1748
1729
1749
1730
1750
1731
1751
1732
1752
1733
1753
1734
1754
1735
1755
1736
1756
1737
1757
1738
1758
1739
1759
1760
7084
1741
1761
1742
1762
1743
1763
1744
1764
1745
1765
1746
1766
1747
1767
1748
1768
1749
1769
1750
1770
1751
1771
1752
1772
1753
1773
1754
1774
1755
1775
1756
1776
1757
1777
1758
1778
1759
1779
1760
1780
1781
7096
1762
1782
1763
1783
1764
1784
1765
1785
1766
1786
1767
1787
1768
1788
1769
1789
1770
1790
1771
1791
1772
1792
1773
1793
1774
1794
1775
1795
1776
1796
1777
1797
1778
1798
1779
1799
1780
1800
1781
1801
1802
7108
1783
1803
1784
1804
1785
1805
1786
1806
1787
1807
1788
1808
1789
1809
1790
1810
1791
1811
1792
1812
1793
1813
1794
1814
1795
1815
1796
1816
1797
1817
1798
1818
1799
1819
1800
1820
1801
1821
1802
1822
1823
7120
1804
1824
1805
1825
1806
1826
1807
1827
1808
1828
1809
1829
1810
1830
1811
1831
1812
1832
1813
1833
1814
1834
1815
1835
1816
1836
1817
1837
1818
1838
1819
1839
1820
1840
1821
1841
1822
1842
1823
1843
1844
7132
1825
1826
1827
1828
1829
1830
1831
1832
1833
1834
1835
1836
1837
1838
1839
1840
1841
1842
1843
1844
7144
1846
1857
7144
1847
1858
7145
1848
1859
7146
1849
1860
7147
1850
1861
7148
1851
1862
7149
1852
1863
7150
1853
1864
7151
1854
1865
7152
1855
1866
7153
1856
1867
7154
1868
7155
1858
1869
1859
1870
1860
1871
1861
1872
1862
1873
1863
1874
1864
1875
1865
1876
1866
1877
1867
1878
1868
1879
1880
1870
1881
1871
1882
1872
1883
1873
1884
1874
1885
1875
1886
1876
1887
1877
1888
1878
1889
1879
1890
1880
1891
1892
1882
1893
1883
1894
1884
1895
1885
1896
1886
1897
1887
1898
1888
1899
1889
1900
1890
1901
1891
1902
1892
1903
1904
1894
1905
1895
1906
1896
1907
1897
1908
1898
1909
1899
1910
1900
1911
1901
1912
1902
1913
1903
1914
1904
1915
1916
1906
1917
1907
1918
1908
1919
1909
1920
1910
1921
1911
1922
1912
1923
1913
1924
1914
1925
1915
1926
1916
1927
1928
1918
1929
1919
1930
1920
1931
1921
1932
1922
1933
1923
1934
1924
1935
1925
1936
1926
1937
1927
1938
1928
1939
1940
1930
1941
1931
1942
1932
1943
1933
1944
1934
1945
1935
1946
1936
1947
1937
1948
1938
1949
1939
1950
1940
1951
1952
1942
1953
1943
1954
1944
1955
1945
1956
1946
1957
1947
1958
1948
1959
1949
1960
1950
1961
1951
1962
1952
1963
1964
1954
1965
1955
1966
1956
1967
1957
1968
1958
1969
1959
1970
1960
1971
1961
1972
1962
1973
1963
1974
1964
1975
1976
1966
1977
1967
1978
1968
1979
1969
1980
1970
1981
1971
1982
1972
1983
1973
1984
1974
1985
1975
1986
1976
1987
1988
1978
1989
1979
1990
1980
1991
1981
1992
1982
1993
1983
1994
1984
1995
1985
1996
1986
1997
1987
1998
1988
1999
2000
1990
2001
1991
2002
1992
2003
1993
2004
1994
2005
1995
2006
1996
2007
1997
2008
1998
2009
1999
2010
2000
2011
2012
2002
2013
2003
2014
2004
2015
2005
2016
2006
2017
2007
2018
2008
2019
2009
2020
2010
2021
2011
2022
2012
2023
2024
2014
2025
2015
2026
2016
2027
2017
2028
2018
2029
2019
2030
2020
2031
2021
2032
2022
2033
2023
2034
2024
2035
2036
2026
2037
2027
2038
2028
2039
2029
2040
2030
2041
2031
2042
2032
2043
2033
2044
2034
2045
2035
2046
2036
2047
2048
2038
2049
2039
2050
2040
2051
2041
2052
2042
2053
2043
2054
2044
2055
2045
2056
2046
2057
2047
2058
2048
2059
2060
2050
2061
2051
2062
2052
2063
2053
2064
2054
2065
2055
2066
2056
2067
2057
2068
2058
2069
2059
2070
2060
2071
2072
2062
2073
2063
2074
2064
2075
2065
2076
2066
2077
2067
2078
2068
2079
2069
2080
2070
2081
2071
2082
2072
2083
2084
2074
2085
2075
2086
2076
2087
2077
2088
2078
2089
2079
2090
2080
2091
2081
2092
2082
2093
2083
2094
2084
2095
2096
2086
2097
2087
2098
2088
2099
2089
2100
2090
2101
2091
2102
2092
2103
2093
2104
2094
2105
2095
2106
2096
2107
2108
2098
2109
2099
2110
2100
2111
2101
2112
2102
2113
2103
2114
2104
2115
2105
2116
2106
2117
2107
2118
2108
2119
2120
2110
2122
2111
2123
2112
2124
2113
2125
2114
2126
2115
2127
2116
2128
2117
2129
2118
2130
2119
2131
2120
2132
2121
2133
2134
2123
2135
2124
2136
2125
2137
2126
2138
2127
2139
2128
2140
2129
2141
2130
2142
2131
2143
2132
2144
2133
2145
2134
2146
2147
2136
2148
2137
2149
2138
2150
2139
2151
2140
2152
2141
2153
2142
2154
2143
2155
2144
2156
2145
2157
2146
2158
2147
2159
2160
2149
2161
2150
2162
2151
2163
2152
2164
2153
2165
2154
2166
2155
2167
2156
2168
2157
2169
2158
2170
2159
2171
2160
2172
2173
2162
2174
2163
2175
2164
2176
2165
2177
2166
2178
2167
2179
2168
2180
2169
2181
2170
2182
2171
2183
2172
2184
2173
2185
2186
2175
2187
2176
2188
2177
2189
2178
2190
2179
2191
2180
2192
2181
2193
2182
2194
2183
2195
2184
2196
2185
2197
2186
2198
2199
2188
2200
2189
2201
2190
2202
2191
2203
2192
2204
2193
2205
2194
2206
2195
2207
2196
2208
2197
2209
2198
2210
2199
2211
2212
2201
2213
2202
2214
2203
2215
2204
2216
2205
2217
2206
2218
2207
2219
2208
2220
2209
2221
2210
2222
2211
2223
2212
2224
2225
2214
2226
2215
2227
2216
2228
2217
2229
2218
2230
2219
2231
2220
2232
2221
2233
2222
2234
2223
2235
2224
2236
2225
2237
2238
2227
2239
2228
2240
2229
2241
2230
2242
2231
2243
2232
2244
2233
2245
2234
2246
2235
2247
2236
2248
2237
2249
2238
2250
2251
2240
2252
2241
2253
2242
2254
2243
2255
2244
2256
2245
2257
2246
2258
2247
2259
2248
2260
2249
2261
2250
2262
2251
2263
2264
2253
2265
2254
2266
2255
2267
2256
2268
2257
2269
2258
2270
2259
2271
2260
2272
2261
2273
2262
2274
2263
2275
2264
2276
2277
2266
2278
2267
2279
2268
2280
2269
2281
2270
2282
2271
2283
2272
2284
2273
2285
2274
2286
2275
2287
2276
2288
2277
2289
2290
2279
2291
2280
2292
2281
2293
2282
2294
2283
2295
2284
2296
2285
2297
2286
2298
2287
2299
2288
2300
2289
2301
2290
2302
2303
2292
2304
2293
2305
2294
2306
2295
2307
2296
2308
2297
2309
2298
2310
2299
2311
2300
2312
2301
2313
2302
2314
2303
2315
2316
2305
2317
2306
2318
2307
2319
2308
2320
2309
2321
2310
2322
2311
2323
2312
2324
2313
2325
2314
2326
2315
2327
2316
2328
2329
2318
2331
2319
2332
2320
2333
2321
2334
2322
2335
2323
2336
2324
2337
2325
2338
2326
2339
2327
2340
2328
2341
2329
2342
2330
2343
2344
2332
2345
2333
2346
2334
2347
2335
2348
2336
2349
2337
2350
2338
2351
2339
2352
2340
2353
2341
2354
2342
2355
2343
2356
2344
2357
2358
2346
2359
2347
2360
2348
2361
2349
2362
2350
2363
2351
2364
2352
2365
2353
2366
2354
2367
2355
2368
2356
2369
2357
2370
2358
2371
2372
2360
2373
2361
2374
2362
2375
2363
2376
2364
2377
2365
2378
2366
2379
2367
2380
2368
2381
2369
2382
2370
2383
2371
2384
2372
2385
2386
2374
2387
2375
2388
2376
2389
2377
2390
2378
2391
2379
2392
2380
2393
2381
2394
2382
2395
2383
2396
2384
2397
2385
2398
2386
2399
2400
2388
2401
2389
2402
2390
2403
2391
2404
2392
2405
2393
2406
2394
2407
2395
2408
2396
2409
2397
2410
2398
2411
2399
2412
2400
2413
2414
2402
2415
2403
2416
2404
2417
2405
2418
2406
2419
2407
2420
2408
2421
2409
2422
2410
2423
2411
2424
2412
2425
2413
2426
2414
2427
2428
2416
2429
2417
2430
2418
2431
2419
2432
2420
2433
2421
2434
2422
2435
2423
2436
2424
2437
2425
2438
2426
2439
2427
2440
2428
2441
2442
2430
2443
2431
2444
2432
2445
2433
2446
2434
2447
2435
2448
2436
2449
2437
2450
2438
2451
2439
2452
2440
2453
2441
2454
2442
2455
2456
2444
2457
2445
2458
2446
2459
2447
2460
2448
2461
2449
2462
2450
2463
2451
2464
2452
2465
2453
2466
2454
2467
2455
2468
2456
2469
2470
2458
2471
2459
2472
2460
2473
2461
2474
2462
2475
2463
2476
2464
2477
2465
2478
2466
2479
2467
2480
2468
2481
2469
2482
2470
2483
2484
2472
2486
2473
2487
2474
2488
2475
2489
2476
2490
2477
2491
2478
2492
2479
2493
2480
2494
2481
2495
2482
2496
2483
2497
2484
2498
2485
2499
2500
2487
2501
3623
2488
2502
2489
2503
2490
2504
2491
2505
2492
2506
2493
2507
2494
2508
2495
2509
2496
2510
2497
2511
2498
2512
2499
2513
2500
2514
2515
2502
2516
3636
2503
2517
2504
2518
2505
2519
2506
2520
2507
2521
2508
2522
2509
2523
2510
2524
2511
2525
2512
2526
2513
2527
2514
2528
2515
2529
2530
2517
2531
3649
2518
2532
2519
2533
2520
2534
2521
2535
2522
2536
2523
2537
2524
2538
2525
2539
2526
2540
2527
2541
2528
2542
2529
2543
2530
2544
2545
2532
2546
3661
2533
2547
2534
2548
2535
2549
2536
2550
2537
2551
2538
2552
2539
2553
2540
2554
2541
2555
2542
2556
2543
2557
2544
2558
2545
2559
2560
2547
2561
3673
2548
2562
2549
2563
2550
2564
2551
2565
2552
2566
2553
2567
2554
2568
2555
2569
2556
2570
2557
2571
2558
2572
2559
2573
2560
2574
2575
2562
2576
3685
2563
2577
2564
2578
2565
2579
2566
2580
2567
2581
2568
2582
2569
2583
2570
2584
2571
2585
2572
2586
2573
2587
2574
2588
2575
2589
2590
2577
2591
3697
2578
2592
2579
2593
2580
2594
2581
2595
2582
2596
2583
2597
2584
2598
2585
2599
2586
2600
2587
2601
2588
2602
2589
2603
2590
2604
2605
2592
2606
3709
2593
2607
2594
2608
2595
2609
2596
2610
2597
2611
2598
2612
2599
2613
2600
2614
2601
2615
2602
2616
2603
2617
2604
2618
2605
2619
2620
2607
2621
3721
2608
2622
2609
2623
2610
2624
2611
2625
2612
2626
2613
2627
2614
2628
2615
2629
2616
2630
2617
2631
2618
2632
2619
2633
2620
2634
2635
2622
2636
3733
2623
2637
2624
2638
2625
2639
2626
2640
2627
2641
2628
2642
2629
2643
2630
2644
2631
2645
2632
2646
2633
2647
2634
2648
2635
2649
2650
2637
2651
3745
2638
2652
2639
2653
2640
2654
2641
2655
2642
2656
2643
2657
2644
2658
2645
2659
2646
2660
2647
2661
2648
2662
2649
2663
2650
2664
2665
2652
2666
3757
2653
2667
2654
2668
2655
2669
2656
2670
2657
2671
2658
2672
2659
2673
2660
2674
2661
2675
2662
2676
2663
2677
2664
2678
2665
2679
2680
2667
2681
3769
2668
2682
2669
2683
2670
2684
2671
2685
2672
2686
2673
2687
2674
2688
2675
2689
2676
2690
2677
2691
2678
2692
2679
2693
2680
2694
2695
2682
2696
3781
2683
2697
2684
2698
2685
2699
2686
2700
2687
2701
2688
2702
2689
2703
2690
2704
2691
2705
2692
2706
2693
2707
2694
2708
2695
2709
2710
2697
2711
3793
2698
2712
2699
2713
2700
2714
2701
2715
2702
2716
2703
2717
2704
2718
2705
2719
2706
2720
2707
2721
2708
2722
2709
2723
2710
2724
2725
2712
2726
3805
2713
2727
2714
2728
2715
2729
2716
2730
2717
2731
2718
2732
2719
2733
2720
2734
2721
2735
2722
2736
2723
2737
2724
2738
2725
2739
2740
2727
2741
3817
2728
2742
2729
2743
2730
2744
2731
2745
2732
2746
2733
2747
2734
2748
2735
2749
2736
2750
2737
2751
2738
2752
2739
2753
2740
2754
2755
2742
2756
3829
2743
2757
2744
2758
2745
2759
2746
2760
2747
2761
2748
2762
2749
2763
2750
2764
2751
2765
2752
2766
2753
2767
2754
2768
2755
2769
2770
2757
2771
3841
2758
2772
2759
2773
2760
2774
2761
2775
2762
2776
2763
2777
2764
2778
2765
2779
2766
2780
2767
2781
2768
2782
2769
2783
2770
2784
2785
2772
2786
3853
2773
2787
2774
2788
2775
2789
2776
2790
2777
2791
2778
2792
2779
2793
2780
2794
2781
2795
2782
2796
2783
2797
2784
2798
2785
2799
2800
2787
2801
3865
2788
2802
2789
2803
2790
2804
2791
2805
2792
2806
2793
2807
2794
2808
2795
2809
2796
2810
2797
2811
2798
2812
2799
2813
2800
2814
2815
2802
2816
3877
2803
2817
2804
2818
2805
2819
2806
2820
2807
2821
2808
2822
2809
2823
2810
2824
2811
2825
2812
2826
2813
2827
2814
2828
2815
2829
2830
2817
2831
3889
2818
2832
2819
2833
2820
2834
2821
2835
2822
2836
2823
2837
2824
2838
2825
2839
2826
2840
2827
2841
2828
2842
2829
2843
2830
2844
2845
2832
2846
3901
2833
2847
2834
2848
2835
2849
2836
2850
2837
2851
2838
2852
2839
2853
2840
2854
2841
2855
2842
2856
2843
2857
2844
2858
2845
2859
2860
2847
2861
3913
2848
2862
2849
2863
2850
2864
2851
2865
2852
2866
2853
2867
2854
2868
2855
2869
2856
2870
2857
2871
2858
2872
2859
2873
2860
2874
2875
2862
2876
3925
2863
2877
2864
2878
2865
2879
2866
2880
2867
2881
2868
2882
2869
2883
2870
2884
2871
2885
2872
2886
2873
2887
2874
2888
2875
2889
2890
2877
2891
3937
2878
2892
2879
2893
2880
2894
2881
2895
2882
2896
2883
2897
2884
2898
2885
2899
2886
2900
2887
2901
2888
2902
2889
2903
2890
2904
2905
2892
2906
3949
2893
2907
2894
2908
2895
2909
2896
2910
2897
2911
2898
2912
2899
2913
2900
2914
2901
2915
2902
2916
2903
2917
2904
2918
2905
2919
2920
2907
2921
3961
2908
2922
2909
2923
2910
2924
2911
2925
2912
2926
2913
2927
2914
2928
2915
2929
2916
2930
2917
2931
2918
2932
2919
2933
2920
2934
2935
2922
2936
3973
2923
2937
2924
2938
2925
2939
2926
2940
2927
2941
2928
2942
2929
2943
2930
2944
2931
2945
2932
2946
2933
2947
2934
2948
2935
2949
2950
2937
2951
3985
2938
2952
2939
2953
2940
2954
2941
2955
2942
2956
2943
2957
2944
2958
2945
2959
2946
2960
2947
2961
2948
2962
2949
2963
2950
2964
2965
2952
2966
3997
2953
2967
2954
2968
2955
2969
2956
2970
2957
2971
2958
2972
2959
2973
2960
2974
2961
2975
2962
2976
2963
2977
2964
2978
2965
2979
2980
2967
2981
4009
2968
2982
2969
2983
2970
2984
2971
2985
2972
2986
2973
2987
2974
2988
2975
2989
2976
2990
2977
2991
2978
2992
2979
2993
2980
2994
2995
2982
2996
4021
2983
2997
2984
2998
2985
2999
2986
3000
2987
3001
2988
3002
2989
3003
2990
3004
2991
3005
2992
3006
2993
3007
2994
3008
2995
3009
3010
2997
3011
4033
2998
3012
2999
3013
3000
3014
3001
3015
3002
3016
3003
3017
3004
3018
3005
3019
3006
3020
3007
3021
3008
3022
3009
3023
3010
3024
3025
3012
3026
4045
3013
3027
3014
3028
3015
3029
3016
3030
3017
3031
3018
3032
3019
3033
3020
3034
3021
3035
3022
3036
3023
3037
3024
3038
3025
3039
3040
3027
3041
4057
3028
3042
3029
3043
3030
3044
3031
3045
3032
3046
3033
3047
3034
3048
3035
3049
3036
3050
3037
3051
3038
3052
3039
3053
3040
3054
3055
3042
3056
4069
3043
3057
3044
3058
3045
3059
3046
3060
3047
3061
3048
3062
3049
3063
3050
3064
3051
3065
3052
3066
3053
3067
3054
3068
3055
3069
3070
3057
3071
4081
3058
3072
3059
3073
3060
3074
3061
3075
3062
3076
3063
3077
3064
3078
3065
3079
3066
3080
3067
3081
3068
3082
3069
3083
3070
3084
3085
3072
3086
4093
3073
3087
3074
3088
3075
3089
3076
3090
3077
3091
3078
3092
3079
3093
3080
3094
3081
3095
3082
3096
3083
3097
3084
3098
3085
3099
3100
3087
3101
4105
3088
3102
3089
3103
3090
3104
3091
3105
3092
3106
3093
3107
3094
3108
3095
3109
3096
3110
3097
3111
3098
3112
3099
3113
3100
3114
3115
3102
3116
4117
3103
3117
3104
3118
3105
3119
3106
3120
3107
3121
3108
3122
3109
3123
3110
3124
3111
3125
3112
3126
3113
3127
3114
3128
3115
3129
3130
3117
3131
4129
3118
3132
3119
3133
3120
3134
3121
3135
3122
3136
3123
3137
3124
3138
3125
3139
3126
3140
3127
3141
3128
3142
3129
3143
3130
3144
3145
3132
3146
4141
3133
3147
3134
3148
3135
3149
3136
3150
3137
3151
3138
3152
3139
3153
3140
3154
3141
3155
3142
3156
3143
3157
3144
3158
3145
3159
3160
3147
3161
4153
3148
3162
3149
3163
3150
3164
3151
3165
3152
3166
3153
3167
3154
3168
3155
3169
3156
3170
3157
3171
3158
3172
3159
3173
3160
3174
3175
3162
3176
4164
3163
3177
3164
3178
3165
3179
3166
3180
3167
3181
3168
3182
3169
3183
3170
3184
3171
3185
3172
3186
3173
3187
3174
3188
3175
3189
3190
3177
3191
4175
3178
3192
3179
3193
3180
3194
3181
3195
3182
3196
3183
3197
3184
3198
3185
3199
3186
3200
3187
3201
3188
3202
3189
3203
3190
3204
3205
3192
3206
4186
3193
3207
3194
3208
3195
3209
3196
3210
3197
3211
3198
3212
3199
3213
3200
3214
3201
3215
3202
3216
3203
3217
3204
3218
3205
3219
3220
3207
3221
4197
3208
3222
3209
3223
3210
3224
3211
3225
3212
3226
3213
3227
3214
3228
3215
3229
3216
3230
3217
3231
3218
3232
3219
3233
3220
3234
3235
3222
3236
4208
3223
3237
3224
3238
3225
3239
3226
3240
3227
3241
3228
3242
3229
3243
3230
3244
3231
3245
3232
3246
3233
3247
3234
3248
3235
3249
3250
3237
3251
4219
3238
3252
3239
3253
3240
3254
3241
3255
3242
3256
3243
3257
3244
3258
3245
3259
3246
3260
3247
3261
3248
3262
3249
3263
3250
3264
3265
3252
3266
4230
3253
3267
3254
3268
3255
3269
3256
3270
3257
3271
3258
3272
3259
3273
3260
3274
3261
3275
3262
3276
3263
3277
3264
3278
3265
3279
3280
3267
3281
4241
3268
3282
3269
3283
3270
3284
3271
3285
3272
3286
3273
3287
3274
3288
3275
3289
3276
3290
3277
3291
3278
3292
3279
3293
3280
3294
3295
3282
3296
4252
3283
3297
3284
3298
3285
3299
3286
3300
3287
3301
3288
3302
3289
3303
3290
3304
3291
3305
3292
3306
3293
3307
3294
3308
3295
3309
3310
3297
3311
4263
3298
3312
3299
3313
3300
3314
3301
3315
3302
3316
3303
3317
3304
3318
3305
3319
3306
3320
3307
3321
3308
3322
3309
3323
3310
3324
3325
3312
3326
4274
3313
3327
3314
3328
3315
3329
3316
3330
3317
3331
3318
3332
3319
3333
3320
3334
3321
3335
3322
3336
3323
3337
3324
3338
3325
3339
3340
3327
3341
4285
3328
3342
3329
3343
3330
3344
3331
3345
3332
3346
3333
3347
3334
3348
3335
3349
3336
3350
3337
3351
3338
3352
3339
3353
3340
3354
3355
3342
3356
4296
3343
3357
3344
3358
3345
3359
3346
3360
3347
3361
3348
3362
3349
3363
3350
3364
3351
3365
3352
3366
3353
3367
3354
3368
3355
3369
3370
3357
3371
4307
3358
3372
3359
3373
3360
3374
3361
3375
3362
3376
3363
3377
3364
3378
3365
3379
3366
3380
3367
3381
3368
3382
3369
3383
3370
3384
3385
3372
3386
4318
3373
3387
3374
3388
3375
3389
3376
3390
3377
3391
3378
3392
3379
3393
3380
3394
3381
3395
3382
3396
3383
3397
3384
3398
3385
3399
3400
3387
3401
4329
3388
3402
3389
3403
3390
3404
3391
3405
3392
3406
3393
3407
3394
3408
3395
3409
3396
3410
3397
3411
3398
3412
3399
3413
3400
3414
3415
3402
3416
4340
3403
3417
3404
3418
3405
3419
3406
3420
3407
3421
3408
3422
3409
3423
3410
3424
3411
3425
3412
3426
3413
3427
3414
3428
3415
3429
3430
3417
3431
4351
3418
3432
3419
3433
3420
3434
3421
3435
3422
3436
3423
3437
3424
3438
3425
3439
3426
3440
3427
3441
3428
3442
3429
3443
3430
3444
3445
3432
3446
4362
3433
3447
3434
3448
3435
3449
3436
3450
3437
3451
3438
3452
3439
3453
3440
3454
3441
3455
3442
3456
3443
3457
3444
3458
3445
3459
3460
3447
3461
4373
3448
3462
3449
3463
3450
3464
3451
3465
3452
3466
3453
3467
3454
3468
3455
3469
3456
3470
3457
3471
3458
3472
3459
3473
3460
3474
3475
3462
3476
4384
3463
3477
3464
3478
3465
3479
3466
3480
3467
3481
3468
3482
3469
3483
3470
3484
3471
3485
3472
3486
3473
3487
3474
3488
3475
3489
3490
3477
3491
4395
3478
3492
3479
3493
3480
3494
3481
3495
3482
3496
3483
3497
3484
3498
3485
3499
3486
3500
3487
3501
3488
3502
3489
3503
3490
3504
3505
3492
3506
4406
3493
3507
3494
3508
3495
3509
3496
3510
3497
3511
3498
3512
3499
3513
3500
3514
3501
3515
3502
3516
3503
3517
3504
3518
3505
3519
3520
3507
3521
4417
3508
3522
3509
3523
3510
3524
3511
3525
3512
3526
3513
3527
3514
3528
3515
3529
3516
3530
3517
3531
3518
3532
3519
3533
3520
3534
3535
3522
3536
4428
3523
3537
3524
3538
3525
3539
3526
3540
3527
3541
3528
3542
3529
3543
3530
3544
3531
3545
3532
3546
3533
3547
3534
3548
3535
3549
3550
3537
3551
4438
3538
3552
3539
3553
3540
3554
3541
3555
3542
3556
3543
3557
3544
3558
3545
3559
3546
3560
3547
3561
3548
3562
3549
3563
3550
3564
3565
3552
3566
4448
3553
3567
3554
3568
3555
3569
3556
3570
3557
3571
3558
3572
3559
3573
3560
3574
3561
3575
3562
3576
3563
3577
3564
3578
3565
3579
3580
3567
3581
4458
3568
3582
3569
3583
3570
3584
3571
3585
3572
3586
3573
3587
3574
3588
3575
3589
3576
3590
3577
3591
3578
3592
3579
3593
3580
3594
3595
3582
3596
4468
3583
3597
3584
3598
3585
3599
3586
3600
3587
3601
3588
3602
3589
3603
3590
3604
3591
3605
3592
3606
3593
3607
3594
3608
3595
3609
3610
3597
4478
3598
3599
3600
3601
3602
3603
3604
3605
3606
3607
3608
3609
3610
3612
3624
3613
3625
3614
3626
3615
3627
3616
3628
3617
3629
3618
3630
3619
3631
3620
3632
3621
3633
3622
3634
3623
3635
3636
3625
3637
3626
3638
3627
3639
3628
3640
3629
3641
3630
3642
3631
3643
3632
3644
3633
3645
3634
3646
3635
3647
3636
3648
3649
3638
3639
3650
3640
3651
3641
3652
3642
3653
3643
3654
3644
3655
3645
3656
3646
3657
3647
3658
3648
3659
3649
3660
3661
3651
3662
3652
3663
3653
3664
3654
3665
3655
3666
3656
3667
3657
3668
3658
3669
3659
3670
3660
3671
3661
3672
3673
3663
3674
3664
3675
3665
3676
3666
3677
3667
3678
3668
3679
3669
3680
3670
3681
3671
3682
3672
3683
3673
3684
3685
3675
3686
3676
3687
3677
3688
3678
3689
3679
3690
3680
3691
3681
3692
3682
3693
3683
3694
3684
3695
3685
3696
3697
3687
3698
3688
3699
3689
3700
3690
3701
3691
3702
3692
3703
3693
3704
3694
3705
3695
3706
3696
3707
3697
3708
3709
3699
3710
3700
3711
3701
3712
3702
3713
3703
3714
3704
3715
3705
3716
3706
3717
3707
3718
3708
3719
3709
3720
3721
3711
3722
3712
3723
3713
3724
3714
3725
3715
3726
3716
3727
3717
3728
3718
3729
3719
3730
3720
3731
3721
3732
3733
3723
3734
3724
3735
3725
3736
3726
3737
3727
3738
3728
3739
3729
3740
3730
3741
3731
3742
3732
3743
3733
3744
3745
3735
3746
3736
3747
3737
3748
3738
3749
3739
3750
3740
3751
3741
3752
3742
3753
3743
3754
3744
3755
3745
3756
3757
3747
3758
3748
3759
3749
3760
3750
3761
3751
3762
3752
3763
3753
3764
3754
3765
3755
3766
3756
3767
3757
3768
3769
3759
3770
3760
3771
3761
3772
3762
3773
3763
3774
3764
3775
3765
3776
3766
3777
3767
3778
3768
3779
3769
3780
3781
3771
3782
3772
3783
3773
3784
3774
3785
3775
3786
3776
3787
3777
3788
3778
3789
3779
3790
3780
3791
3781
3792
3793
3783
3794
3784
3795
3785
3796
3786
3797
3787
3798
3788
3799
3789
3800
3790
3801
3791
3802
3792
3803
3793
3804
3805
3795
3806
3796
3807
3797
3808
3798
3809
3799
3810
3800
3811
3801
3812
3802
3813
3803
3814
3804
3815
3805
3816
3817
3807
3818
3808
3819
3809
3820
3810
3821
3811
3822
3812
3823
3813
3824
3814
3825
3815
3826
3816
3827
3817
3828
3829
3819
3830
3820
3831
3821
3832
3822
3833
3823
3834
3824
3835
3825
3836
3826
3837
3827
3838
3828
3839
3829
3840
3841
3831
3842
3832
3843
3833
3844
3834
3845
3835
3846
3836
3847
3837
3848
3838
3849
3839
3850
3840
3851
3841
3852
3853
3843
3854
3844
3855
3845
3856
3846
3857
3847
3858
3848
3859
3849
3860
3850
3861
3851
3862
3852
3863
3853
3864
3865
3855
3866
3856
3867
3857
3868
3858
3869
3859
3870
3860
3871
3861
3872
3862
3873
3863
3874
3864
3875
3865
3876
3877
3867
3878
3868
3879
3869
3880
3870
3881
3871
3882
3872
3883
3873
3884
3874
3885
3875
3886
3876
3887
3877
3888
3889
3879
3890
3880
3891
3881
3892
3882
3893
3883
3894
3884
3895
3885
3896
3886
3897
3887
3898
3888
3899
3889
3900
3901
3891
3902
3892
3903
3893
3904
3894
3905
3895
3906
3896
3907
3897
3908
3898
3909
3899
3910
3900
3911
3901
3912
3913
3903
3914
3904
3915
3905
3916
3906
3917
3907
3918
3908
3919
3909
3920
3910
3921
3911
3922
3912
3923
3913
3924
3925
3915
3926
3916
3927
3917
3928
3918
3929
3919
3930
3920
3931
3921
3932
3922
3933
3923
3934
3924
3935
3925
3936
3937
3927
3938
3928
3939
3929
3940
3930
3941
3931
3942
3932
3943
3933
3944
3934
3945
3935
3946
3936
3947
3937
3948
3949
3939
3950
3940
3951
3941
3952
3942
3953
3943
3954
3944
3955
3945
3956
3946
3957
3947
3958
3948
3959
3949
3960
3961
3951
3962
3952
3963
3953
3964
3954
3965
3955
3966
3956
3967
3957
3968
3958
3969
3959
3970
3960
3971
3961
3972
3973
3963
3974
3964
3975
3965
3976
3966
3977
3967
3978
3968
3979
3969
3980
3970
3981
3971
3982
3972
3983
3973
3984
3985
3975
3986
3976
3987
3977
3988
3978
3989
3979
3990
3980
3991
3981
3992
3982
3993
3983
3994
3984
3995
3985
3996
3997
3987
3998
3988
3999
3989
4000
3990
4001
3991
4002
3992
4003
3993
4004
3994
4005
3995
4006
3996
4007
3997
4008
4009
3999
4010
4000
4011
4001
4012
4002
4013
4003
4014
4004
4015
4005
4016
4006
4017
4007
4018
4008
4019
4009
4020
4021
4011
4022
4012
4023
4013
4024
4014
4025
4015
4026
4016
4027
4017
4028
4018
4029
4019
4030
4020
4031
4021
4032
4033
4023
4034
4024
4035
4025
4036
4026
4037
4027
4038
4028
4039
4029
4040
4030
4041
4031
4042
4032
4043
4033
4044
4045
4035
4046
4036
4047
4037
4048
4038
4049
4039
4050
4040
4051
4041
4052
4042
4053
4043
4054
4044
4055
4045
4056
4057
4047
4058
4048
4059
4049
4060
4050
4061
4051
4062
4052
4063
4053
4064
4054
4065
4055
4066
4056
4067
4057
4068
4069
4059
4070
4060
4071
4061
4072
4062
4073
4063
4074
4064
4075
4065
4076
4066
4077
4067
4078
4068
4079
4069
4080
4081
4071
4082
4072
4083
4073
4084
4074
4085
4075
4086
4076
4087
4077
4088
4078
4089
4079
4090
4080
4091
4081
4092
4093
4083
4094
4084
4095
4085
4096
4086
4097
4087
4098
4088
4099
4089
4100
4090
4101
4091
4102
4092
4103
4093
4104
4105
4095
4106
4096
4107
4097
4108
4098
4109
4099
4110
4100
4111
4101
4112
4102
4113
4103
4114
4104
4115
4105
4116
4117
4107
4118
4108
4119
4109
4120
4110
4121
4111
4122
4112
4123
4113
4124
4114
4125
4115
4126
4116
4127
4117
4128
4129
4119
4130
4120
4131
4121
4132
4122
4133
4123
4134
4124
4135
4125
4136
4126
4137
4127
4138
4128
4139
4129
4140
4141
4131
4142
4132
4143
4133
4144
4134
4145
4135
4146
4136
4147
4137
4148
4138
4149
4139
4150
4140
4151
4141
4152
4153
4143
4144
4154
4145
4155
4146
4156
4147
4157
4148
4158
4149
4159
4150
4160
4151
4161
4152
4162
4153
4163
4164
4155
4165
4156
4166
4157
4167
4158
4168
4159
4169
4160
4170
4161
4171
4162
4172
4163
4173
4164
4174
4175
4166
4176
4167
4177
4168
4178
4169
4179
4170
4180
4171
4181
4172
4182
4173
4183
4174
4184
4175
4185
4186
4177
4187
4178
4188
4179
4189
4180
4190
4181
4191
4182
4192
4183
4193
4184
4194
4185
4195
4186
4196
4197
4188
4198
4189
4199
4190
4200
4191
4201
4192
4202
4193
4203
4194
4204
4195
4205
4196
4206
4197
4207
4208
4199
4209
4200
4210
4201
4211
4202
4212
4203
4213
4204
4214
4205
4215
4206
4216
4207
4217
4208
4218
4219
4210
4220
4211
4221
4212
4222
4213
4223
4214
4224
4215
4225
4216
4226
4217
4227
4218
4228
4219
4229
4230
4221
4231
4222
4232
4223
4233
4224
4234
4225
4235
4226
4236
4227
4237
4228
4238
4229
4239
4230
4240
4241
4232
4242
4233
4243
4234
4244
4235
4245
4236
4246
4237
4247
4238
4248
4239
4249
4240
4250
4241
4251
4252
4243
4253
4244
4254
4245
4255
4246
4256
4247
4257
4248
4258
4249
4259
4250
4260
4251
4261
4252
4262
4263
4254
4264
4255
4265
4256
4266
4257
4267
4258
4268
4259
4269
4260
4270
4261
4271
4262
4272
4263
4273
4274
4265
4275
4266
4276
4267
4277
4268
4278
4269
4279
4270
4280
4271
4281
4272
4282
4273
4283
4274
4284
4285
4276
4286
4277
4287
4278
4288
4279
4289
4280
4290
4281
4291
4282
4292
4283
4293
4284
4294
4285
4295
4296
4287
4297
4288
4298
4289
4299
4290
4300
4291
4301
4292
4302
4293
4303
4294
4304
4295
4305
4296
4306
4307
4298
4308
4299
4309
4300
4310
4301
4311
4302
4312
4303
4313
4304
4314
4305
4315
4306
4316
4307
4317
4318
4309
4319
4310
4320
4311
4321
4312
4322
4313
4323
4314
4324
4315
4325
4316
4326
4317
4327
4318
4328
4329
4320
4330
4321
4331
4322
4332
4323
4333
4324
4334
4325
4335
4326
4336
4327
4337
4328
4338
4329
4339
4340
4331
4341
4332
4342
4333
4343
4334
4344
4335
4345
4336
4346
4337
4347
4338
4348
4339
4349
4340
4350
4351
4342
4352
4343
4353
4344
4354
4345
4355
4346
4356
4347
4357
4348
4358
4349
4359
4350
4360
4351
4361
4362
4353
4363
4354
4364
4355
4365
4356
4366
4357
4367
4358
4368
4359
4369
4360
4370
4361
4371
4362
4372
4373
4364
4374
4365
4375
4366
4376
4367
4377
4368
4378
4369
4379
4370
4380
4371
4381
4372
4382
4373
4383
4384
4375
4385
4376
4386
4377
4387
4378
4388
4379
4389
4380
4390
4381
4391
4382
4392
4383
4393
4384
4394
4395
4386
4396
4387
4397
4388
4398
4389
4399
4390
4400
4391
4401
4392
4402
4393
4403
4394
4404
4395
4405
4406
4397
4407
4398
4408
4399
4409
4400
4410
4401
4411
4402
4412
4403
4413
4404
4414
4405
4415
4406
4416
4417
4408
4418
4409
4419
4410
4420
4411
4421
4412
4422
4413
4423
4414
4424
4415
4425
4416
4426
4417
4427
4428
4419
4420
4429
4421
4430
4422
4431
4423
4432
4424
4433
4425
4434
4426
4435
4427
4436
4428
4437
4438
4430
4439
4431
4440
4432
4441
4433
4442
4434
4443
4435
4444
4436
4445
4437
4446
4438
4447
4448
4440
4449
4441
4450
4442
4451
4443
4452
4444
4453
4445
4454
4446
4455
4447
4456
4448
4457
4458
4450
4459
4451
4460
4452
4461
4453
4462
4454
4463
4455
4464
4456
4465
4457
4466
4458
4467
4468
4460
4469
4461
4470
4462
4471
4463
4472
4464
4473
4465
4474
4466
4475
4467
4476
4468
4477
4478
4470
4471
4472
4473
4474
4475
4476
4477
4478
4480
4490
4481
4491
4482
4492
4483
4493
4484
4494
4485
4495
4486
4496
4487
4497
4488
4498
4489
4499
4500
5392
4491
4501
4492
4502
4493
4503
4494
4504
4495
4505
4496
4506
4497
4507
4498
4508
4499
4509
4500
4510
4511
5406
4502
4512
4503
4513
4504
4514
4505
4515
4506
4516
4507
4517
4508
4518
4509
4519
4510
4520
4511
4521
4522
5420
4513
4524
4514
4525
4515
4526
4516
4527
4517
4528
4518
4529
4519
4530
4520
4531
4521
4532
4522
4533
4534
5435
4524
4535
4525
4536
4526
4537
4527
4538
4528
4539
4529
4540
4530
4541
4531
4542
4532
4543
4533
4544
4534
4545
4546
5450
4536
4547
4537
4548
4538
4549
4539
4550
4540
4551
4541
4552
4542
4553
4543
4554
4544
4555
4545
4556
4546
4557
4558
5465
4548
4559
4549
4560
4550
4561
4551
4562
4552
4563
4553
4564
4554
4565
4555
4566
4556
4567
4557
4568
4558
4569
4570
5480
4560
4571
4561
4572
4562
4573
4563
4574
4564
4575
4565
4576
4566
4577
4567
4578
4568
4579
4569
4580
4570
4581
4582
5495
4572
4583
4573
4584
4574
4585
4575
4586
4576
4587
4577
4588
4578
4589
4579
4590
4580
4591
4581
4592
4582
4593
4594
5510
4584
4595
4585
4596
4586
4597
4587
4598
4588
4599
4589
4600
4590
4601
4591
4602
4592
4603
4593
4604
4594
4605
4606
5525
4596
4607
4597
4608
4598
4609
4599
4610
4600
4611
4601
4612
4602
4613
4603
4614
4604
4615
4605
4616
4606
4617
4618
5540
4608
4619
4609
4620
4610
4621
4611
4622
4612
4623
4613
4624
4614
4625
4615
4626
4616
4627
4617
4628
4618
4629
4630
5555
4620
4631
4621
4632
4622
4633
4623
4634
4624
4635
4625
4636
4626
4637
4627
4638
4628
4639
4629
4640
4630
4641
4642
5570
4632
4643
4633
4644
4634
4645
4635
4646
4636
4647
4637
4648
4638
4649
4639
4650
4640
4651
4641
4652
4642
4653
4654
5585
4644
4655
4645
4656
4646
4657
4647
4658
4648
4659
4649
4660
4650
4661
4651
4662
4652
4663
4653
4664
4654
4665
4666
5600
4656
4667
4657
4668
4658
4669
4659
4670
4660
4671
4661
4672
4662
4673
4663
4674
4664
4675
4665
4676
4666
4677
4678
5615
4668
4679
4669
4680
4670
4681
4671
4682
4672
4683
4673
4684
4674
4685
4675
4686
4676
4687
4677
4688
4678
4689
4690
5630
4680
4691
4681
4692
4682
4693
4683
4694
4684
4695
4685
4696
4686
4697
4687
4698
4688
4699
4689
4700
4690
4701
4702
5645
4692
4703
4693
4704
4694
4705
4695
4706
4696
4707
4697
4708
4698
4709
4699
4710
4700
4711
4701
4712
4702
4713
4714
5660
4704
4715
4705
4716
4706
4717
4707
4718
4708
4719
4709
4720
4710
4721
4711
4722
4712
4723
4713
4724
4714
4725
4726
5675
4716
4727
4717
4728
4718
4729
4719
4730
4720
4731
4721
4732
4722
4733
4723
4734
4724
4735
4725
4736
4726
4737
4738
5690
4728
4739
4729
4740
4730
4741
4731
4742
4732
4743
4733
4744
4734
4745
4735
4746
4736
4747
4737
4748
4738
4749
4750
5705
4740
4751
4741
4752
4742
4753
4743
4754
4744
4755
4745
4756
4746
4757
4747
4758
4748
4759
4749
4760
4750
4761
4762
5720
4752
4763
4753
4764
4754
4765
4755
4766
4756
4767
4757
4768
4758
4769
4759
4770
4760
4771
4761
4772
4762
4773
4774
5735
4764
4775
4765
4776
4766
4777
4767
4778
4768
4779
4769
4780
4770
4781
4771
4782
4772
4783
4773
4784
4774
4785
4786
5750
4776
4787
4777
4788
4778
4789
4779
4790
4780
4791
4781
4792
4782
4793
4783
4794
4784
4795
4785
4796
4786
4797
4798
5765
4788
4799
4789
4800
4790
4801
4791
4802
4792
4803
4793
4804
4794
4805
4795
4806
4796
4807
4797
4808
4798
4809
4810
5780
4800
4811
4801
4812
4802
4813
4803
4814
4804
4815
4805
4816
4806
4817
4807
4818
4808
4819
4809
4820
4810
4821
4822
5795
4812
4823
4813
4824
4814
4825
4815
4826
4816
4827
4817
4828
4818
4829
4819
4830
4820
4831
4821
4832
4822
4833
4834
5810
4824
4835
4825
4836
4826
4837
4827
4838
4828
4839
4829
4840
4830
4841
4831
4842
4832
4843
4833
4844
4834
4845
4846
5825
4836
4847
4837
4848
4838
4849
4839
4850
4840
4851
4841
4852
4842
4853
4843
4854
4844
4855
4845
4856
4846
4857
4858
5840
4848
4859
4849
4860
4850
4861
4851
4862
4852
4863
4853
4864
4854
4865
4855
4866
4856
4867
4857
4868
4858
4869
4870
5855
4860
4871
4861
4872
4862
4873
4863
4874
4864
4875
4865
4876
4866
4877
4867
4878
4868
4879
4869
4880
4870
4881
4882
5870
4872
4883
4873
4884
4874
4885
4875
4886
4876
4887
4877
4888
4878
4889
4879
4890
4880
4891
4881
4892
4882
4893
4894
5885
4884
4895
4885
4896
4886
4897
4887
4898
4888
4899
4889
4900
4890
4901
4891
4902
4892
4903
4893
4904
4894
4905
4906
5900
4896
4907
4897
4908
4898
4909
4899
4910
4900
4911
4901
4912
4902
4913
4903
4914
4904
4915
4905
4916
4906
4917
4918
5915
4908
4919
4909
4920
4910
4921
4911
4922
4912
4923
4913
4924
4914
4925
4915
4926
4916
4927
4917
4928
4918
4929
4930
5930
4920
4931
4921
4932
4922
4933
4923
4934
4924
4935
4925
4936
4926
4937
4927
4938
4928
4939
4929
4940
4930
4941
4942
5945
4932
4943
4933
4944
4934
4945
4935
4946
4936
4947
4937
4948
4938
4949
4939
4950
4940
4951
4941
4952
4942
4953
4954
5960
4944
4955
4945
4956
4946
4957
4947
4958
4948
4959
4949
4960
4950
4961
4951
4962
4952
4963
4953
4964
4954
4965
4966
5975
4956
4967
4957
4968
4958
4969
4959
4970
4960
4971
4961
4972
4962
4973
4963
4974
4964
4975
4965
4976
4966
4977
4978
5990
4968
4979
4969
4980
4970
4981
4971
4982
4972
4983
4973
4984
4974
4985
4975
4986
4976
4987
4977
4988
4978
4989
4990
6005
4980
4991
4981
4992
4982
4993
4983
4994
4984
4995
4985
4996
4986
4997
4987
4998
4988
4999
4989
5000
4990
5001
5002
6020
4992
5003
4993
5004
4994
5005
4995
5006
4996
5007
4997
5008
4998
5009
4999
5010
5000
5011
5001
5012
5002
5013
5014
6035
5004
5015
5005
5016
5006
5017
5007
5018
5008
5019
5009
5020
5010
5021
5011
5022
5012
5023
5013
5024
5014
5025
5026
6050
5016
5027
5017
5028
5018
5029
5019
5030
5020
5031
5021
5032
5022
5033
5023
5034
5024
5035
5025
5036
5026
5037
5038
6065
5028
5039
5029
5040
5030
5041
5031
5042
5032
5043
5033
5044
5034
5045
5035
5046
5036
5047
5037
5048
5038
5049
5050
6080
5040
5051
5041
5052
5042
5053
5043
5054
5044
5055
5045
5056
5046
5057
5047
5058
5048
5059
5049
5060
5050
5061
5062
6095
5052
5063
5053
5064
5054
5065
5055
5066
5056
5067
5057
5068
5058
5069
5059
5070
5060
5071
5061
5072
5062
5073
5074
6110
5064
5075
5065
5076
5066
5077
5067
5078
5068
5079
5069
5080
5070
5081
5071
5082
5072
5083
5073
5084
5074
5085
5086
6125
5076
5087
5077
5088
5078
5089
5079
5090
5080
5091
5081
5092
5082
5093
5083
5094
5084
5095
5085
5096
5086
5097
5098
6140
5088
5099
5089
5100
5090
5101
5091
5102
5092
5103
5093
5104
5094
5105
5095
5106
5096
5107
5097
5108
5098
5109
5110
6155
5100
5111
5101
5112
5102
5113
5103
5114
5104
5115
5105
5116
5106
5117
5107
5118
5108
5119
5109
5120
5110
5121
5122
6170
5112
5123
5113
5124
5114
5125
5115
5126
5116
5127
5117
5128
5118
5129
5119
5130
5120
5131
5121
5132
5122
5133
5134
6185
5124
5135
5125
5136
5126
5137
5127
5138
5128
5139
5129
5140
5130
5141
5131
5142
5132
5143
5133
5144
5134
5145
5146
6200
5136
5147
5137
5148
5138
5149
5139
5150
5140
5151
5141
5152
5142
5153
5143
5154
5144
5155
5145
5156
5146
5157
5158
6215
5148
5159
5149
5160
5150
5161
5151
5162
5152
5163
5153
5164
5154
5165
5155
5166
5156
5167
5157
5168
5158
5169
5170
6230
5160
5172
5161
5173
5162
5174
5163
5175
5164
5176
5165
5177
5166
5178
5167
5179
5168
5180
5169
5181
5170
5182
5183
6245
5172
5184
5173
5185
5174
5186
5175
5187
5176
5188
5177
5189
5178
5190
5179
5191
5180
5192
5181
5193
5182
5194
5183
5195
5196
6260
5185
5197
5186
5198
5187
5199
5188
5200
5189
5201
5190
5202
5191
5203
5192
5204
5193
5205
5194
5206
5195
5207
5196
5208
5209
6275
5198
5210
5199
5211
5200
5212
5201
5213
5202
5214
5203
5215
5204
5216
5205
5217
5206
5218
5207
5219
5208
5220
5209
5221
5222
6290
5211
5223
5212
5224
5213
5225
5214
5226
5215
5227
5216
5228
5217
5229
5218
5230
5219
5231
5220
5232
5221
5233
5222
5234
5235
6305
5224
5236
5225
5237
5226
5238
5227
5239
5228
5240
5229
5241
5230
5242
5231
5243
5232
5244
5233
5245
5234
5246
5235
5247
5248
6320
5237
5249
5238
5250
5239
5251
5240
5252
5241
5253
5242
5254
5243
5255
5244
5256
5245
5257
5246
5258
5247
5259
5248
5260
5261
6335
5250
5262
5251
5263
5252
5264
5253
5265
5254
5266
5255
5267
5256
5268
5257
5269
5258
5270
5259
5271
5260
5272
5261
5273
5274
6350
5263
5275
5264
5276
5265
5277
5266
5278
5267
5279
5268
5280
5269
5281
5270
5282
5271
5283
5272
5284
5273
5285
5274
5286
5287
6365
5276
5288
5277
5289
5278
5290
5279
5291
5280
5292
5281
5293
5282
5294
5283
5295
5284
5296
5285
5297
5286
5298
5287
5299
5300
6380
5289
5301
5290
5302
5291
5303
5292
5304
5293
5305
5294
5306
5295
5307
5296
5308
5297
5309
5298
5310
5299
5311
5300
5312
5313
6395
5302
5314
5303
5315
5304
5316
5305
5317
5306
5318
5307
5319
5308
5320
5309
5321
5310
5322
5311
5323
5312
5324
5313
5325
5326
6410
5315
5327
5316
5328
5317
5329
5318
5330
5319
5331
5320
5332
5321
5333
5322
5334
5323
5335
5324
5336
5325
5337
5326
5338
5339
6425
5328
5340
5329
5341
5330
5342
5331
5343
5332
5344
5333
5345
5334
5346
5335
5347
5336
5348
5337
5349
5338
5350
5339
5351
5352
6440
5341
5353
5342
5354
5343
5355
5344
5356
5345
5357
5346
5358
5347
5359
5348
5360
5349
5361
5350
5362
5351
5363
5352
5364
5365
6455
5354
5366
5355
5367
5356
5368
5357
5369
5358
5370
5359
5371
5360
5372
5361
5373
5362
5374
5363
5375
5364
5376
5365
5377
5378
6470
5367
5379
5368
5380
5369
5381
5370
5382
5371
5383
5372
5384
5373
5385
5374
5386
5375
5387
5376
5388
5377
5389
5378
5390
5391
6485
5380
5381
5382
5383
5384
5385
5386
5387
5388
5389
5390
5391
6500
5393
5406
5394
5407
5395
5408
5396
5409
5397
5410
5398
5411
5399
5412
5400
5413
5401
5414
5402
5415
5403
5416
5404
5417
5405
5418
5419
5407
5420
5408
5421
5409
5422
5410
5423
5411
5424
5412
5425
5413
5426
5414
5427
5415
5428
5416
5429
5417
5430
5418
5431
5419
5432
5433
5421
5435
5422
5436
5423
5437
5424
5438
5425
5439
5426
5440
5427
5441
5428
5442
5429
5443
5430
5444
5431
5445
5432
5446
5433
5447
5434
5448
5449
5436
5450
5437
5451
5438
5452
5439
5453
5440
5454
5441
5455
5442
5456
5443
5457
5444
5458
5445
5459
5446
5460
5447
5461
5448
5462
5449
5463
5464
5451
5465
5452
5466
5453
5467
5454
5468
5455
5469
5456
5470
5457
5471
5458
5472
5459
5473
5460
5474
5461
5475
5462
5476
5463
5477
5464
5478
5479
5466
5480
5467
5481
5468
5482
5469
5483
5470
5484
5471
5485
5472
5486
5473
5487
5474
5488
5475
5489
5476
5490
5477
5491
5478
5492
5479
5493
5494
5481
5495
5482
5496
5483
5497
5484
5498
5485
5499
5486
5500
5487
5501
5488
5502
5489
5503
5490
5504
5491
5505
5492
5506
5493
5507
5494
5508
5509
5496
5510
5497
5511
5498
5512
5499
5513
5500
5514
5501
5515
5502
5516
5503
5517
5504
5518
5505
5519
5506
5520
5507
5521
5508
5522
5509
5523
5524
5511
5525
5512
5526
5513
5527
5514
5528
5515
5529
5516
5530
5517
5531
5518
5532
5519
5533
5520
5534
5521
5535
5522
5536
5523
5537
5524
5538
5539
5526
5540
5527
5541
5528
5542
5529
5543
5530
5544
5531
5545
5532
5546
5533
5547
5534
5548
5535
5549
5536
5550
5537
5551
5538
5552
5539
5553
5554
5541
5555
5542
5556
5543
5557
5544
5558
5545
5559
5546
5560
5547
5561
5548
5562
5549
5563
5550
5564
5551
5565
5552
5566
5553
5567
5554
5568
5569
5556
5570
5557
5571
5558
5572
5559
5573
5560
5574
5561
5575
5562
5576
5563
5577
5564
5578
5565
5579
5566
5580
5567
5581
5568
5582
5569
5583
5584
5571
5585
5572
5586
5573
5587
5574
5588
5575
5589
5576
5590
5577
5591
5578
5592
5579
5593
5580
5594
5581
5595
5582
5596
5583
5597
5584
5598
5599
5586
5600
5587
5601
5588
5602
5589
5603
5590
5604
5591
5605
5592
5606
5593
5607
5594
5608
5595
5609
5596
5610
5597
5611
5598
5612
5599
5613
5614
5601
5615
5602
5616
5603
5617
5604
5618
5605
5619
5606
5620
5607
5621
5608
5622
5609
5623
5610
5624
5611
5625
5612
5626
5613
5627
5614
5628
5629
5616
5630
5617
5631
5618
5632
5619
5633
5620
5634
5621
5635
5622
5636
5623
5637
5624
5638
5625
5639
5626
5640
5627
5641
5628
5642
5629
5643
5644
5631
5645
5632
5646
5633
5647
5634
5648
5635
5649
5636
5650
5637
5651
5638
5652
5639
5653
5640
5654
5641
5655
5642
5656
5643
5657
5644
5658
5659
5646
5660
5647
5661
5648
5662
5649
5663
5650
5664
5651
5665
5652
5666
5653
5667
5654
5668
5655
5669
5656
5670
5657
5671
5658
5672
5659
5673
5674
5661
5675
5662
5676
5663
5677
5664
5678
5665
5679
5666
5680
5667
5681
5668
5682
5669
5683
5670
5684
5671
5685
5672
5686
5673
5687
5674
5688
5689
5676
5690
5677
5691
5678
5692
5679
5693
5680
5694
5681
5695
5682
5696
5683
5697
5684
5698
5685
5699
5686
5700
5687
5701
5688
5702
5689
5703
5704
5691
5705
5692
5706
5693
5707
5694
5708
5695
5709
5696
5710
5697
5711
5698
5712
5699
5713
5700
5714
5701
5715
5702
5716
5703
5717
5704
5718
5719
5706
5720
5707
5721
5708
5722
5709
5723
5710
5724
5711
5725
5712
5726
5713
5727
5714
5728
5715
5729
5716
5730
5717
5731
5718
5732
5719
5733
5734
5721
5735
5722
5736
5723
5737
5724
5738
5725
5739
5726
5740
5727
5741
5728
5742
5729
5743
5730
5744
5731
5745
5732
5746
5733
5747
5734
5748
5749
5736
5750
5737
5751
5738
5752
5739
5753
5740
5754
5741
5755
5742
5756
5743
5757
5744
5758
5745
5759
5746
5760
5747
5761
5748
5762
5749
5763
5764
5751
5765
5752
5766
5753
5767
5754
5768
5755
5769
5756
5770
5757
5771
5758
5772
5759
5773
5760
5774
5761
5775
5762
5776
5763
5777
5764
5778
5779
5766
5780
5767
5781
5768
5782
5769
5783
5770
5784
5771
5785
5772
5786
5773
5787
5774
5788
5775
5789
5776
5790
5777
5791
5778
5792
5779
5793
5794
5781
5795
5782
5796
5783
5797
5784
5798
5785
5799
5786
5800
5787
5801
5788
5802
5789
5803
5790
5804
5791
5805
5792
5806
5793
5807
5794
5808
5809
5796
5810
5797
5811
5798
5812
5799
5813
5800
5814
5801
5815
5802
5816
5803
5817
5804
5818
5805
5819
5806
5820
5807
5821
5808
5822
5809
5823
5824
5811
5825
5812
5826
5813
5827
5814
5828
5815
5829
5816
5830
5817
5831
5818
5832
5819
5833
5820
5834
5821
5835
5822
5836
5823
5837
5824
5838
5839
5826
5840
5827
5841
5828
5842
5829
5843
5830
5844
5831
5845
5832
5846
5833
5847
5834
5848
5835
5849
5836
5850
5837
5851
5838
5852
5839
5853
5854
5841
5855
5842
5856
5843
5857
5844
5858
5845
5859
5846
5860
5847
5861
5848
5862
5849
5863
5850
5864
5851
5865
5852
5866
5853
5867
5854
5868
5869
5856
5870
5857
5871
5858
5872
5859
5873
5860
5874
5861
5875
5862
5876
5863
5877
5864
5878
5865
5879
5866
5880
5867
5881
5868
5882
5869
5883
5884
5871
5885
5872
5886
5873
5887
5874
5888
5875
5889
5876
5890
5877
5891
5878
5892
5879
5893
5880
5894
5881
5895
5882
5896
5883
5897
5884
5898
5899
5886
5900
5887
5901
5888
5902
5889
5903
5890
5904
5891
5905
5892
5906
5893
5907
5894
5908
5895
5909
5896
5910
5897
5911
5898
5912
5899
5913
5914
5901
5915
5902
5916
5903
5917
5904
5918
5905
5919
5906
5920
5907
5921
5908
5922
5909
5923
5910
5924
5911
5925
5912
5926
5913
5927
5914
5928
5929
5916
5930
5917
5931
5918
5932
5919
5933
5920
5934
5921
5935
5922
5936
5923
5937
5924
5938
5925
5939
5926
5940
5927
5941
5928
5942
5929
5943
5944
5931
5945
5932
5946
5933
5947
5934
5948
5935
5949
5936
5950
5937
5951
5938
5952
5939
5953
5940
5954
5941
5955
5942
5956
5943
5957
5944
5958
5959
5946
5960
5947
5961
5948
5962
5949
5963
5950
5964
5951
5965
5952
5966
5953
5967
5954
5968
5955
5969
5956
5970
5957
5971
5958
5972
5959
5973
5974
5961
5975
5962
5976
5963
5977
5964
5978
5965
5979
5966
5980
5967
5981
5968
5982
5969
5983
5970
5984
5971
5985
5972
5986
5973
5987
5974
5988
5989
5976
5990
5977
5991
5978
5992
5979
5993
5980
5994
5981
5995
5982
5996
5983
5997
5984
5998
5985
5999
5986
6000
5987
6001
5988
6002
5989
6003
6004
5991
6005
5992
6006
5993
6007
5994
6008
5995
6009
5996
6010
5997
6011
5998
6012
5999
6013
6000
6014
6001
6015
6002
6016
6003
6017
6004
6018
6019
6006
6020
6007
6021
6008
6022
6009
6023
6010
6024
6011
6025
6012
6026
6013
6027
6014
6028
6015
6029
6016
6030
6017
6031
6018
6032
6019
6033
6034
6021
6035
6022
6036
6023
6037
6024
6038
6025
6039
6026
6040
6027
6041
6028
6042
6029
6043
6030
6044
6031
6045
6032
6046
6033
6047
6034
6048
6049
6036
6050
6037
6051
6038
6052
6039
6053
6040
6054
6041
6055
6042
6056
6043
6057
6044
6058
6045
6059
6046
6060
6047
6061
6048
6062
6049
6063
6064
6051
6065
6052
6066
6053
6067
6054
6068
6055
6069
6056
6070
6057
6071
6058
6072
6059
6073
6060
6074
6061
6075
6062
6076
6063
6077
6064
6078
6079
6066
6080
6067
6081
6068
6082
6069
6083
6070
6084
6071
6085
6072
6086
6073
6087
6074
6088
6075
6089
6076
6090
6077
6091
6078
6092
6079
6093
6094
6081
6095
6082
6096
6083
6097
6084
6098
6085
6099
6086
6100
6087
6101
6088
6102
6089
6103
6090
6104
6091
6105
6092
6106
6093
6107
6094
6108
6109
6096
6110
6097
6111
6098
6112
6099
6113
6100
6114
6101
6115
6102
6116
6103
6117
6104
6118
6105
6119
6106
6120
6107
6121
6108
6122
6109
6123
6124
6111
6125
6112
6126
6113
6127
6114
6128
6115
6129
6116
6130
6117
6131
6118
6132
6119
6133
6120
6134
6121
6135
6122
6136
6123
6137
6124
6138
6139
6126
6140
6127
6141
6128
6142
6129
6143
6130
6144
6131
6145
6132
6146
6133
6147
6134
6148
6135
6149
6136
6150
6137
6151
6138
6152
6139
6153
6154
6141
6155
6142
6156
6143
6157
6144
6158
6145
6159
6146
6160
6147
6161
6148
6162
6149
6163
6150
6164
6151
6165
6152
6166
6153
6167
6154
6168
6169
6156
6170
6157
6171
6158
6172
6159
6173
6160
6174
6161
6175
6162
6176
6163
6177
6164
6178
6165
6179
6166
6180
6167
6181
6168
6182
6169
6183
6184
6171
6185
6172
6186
6173
6187
6174
6188
6175
6189
6176
6190
6177
6191
6178
6192
6179
6193
6180
6194
6181
6195
6182
6196
6183
6197
6184
6198
6199
6186
6200
6187
6201
6188
6202
6189
6203
6190
6204
6191
6205
6192
6206
6193
6207
6194
6208
6195
6209
6196
6210
6197
6211
6198
6212
6199
6213
6214
6201
6215
6202
6216
6203
6217
6204
6218
6205
6219
6206
6220
6207
6221
6208
6222
6209
6223
6210
6224
6211
6225
6212
6226
6213
6227
6214
6228
6229
6216
6230
6217
6231
6218
6232
6219
6233
6220
6234
6221
6235
6222
6236
6223
6237
6224
6238
6225
6239
6226
6240
6227
6241
6228
6242
6229
6243
6244
6231
6245
6232
6246
6233
6247
6234
6248
6235
6249
6236
6250
6237
6251
6238
6252
6239
6253
6240
6254
6241
6255
6242
6256
6243
6257
6244
6258
6259
6246
6260
6247
6261
6248
6262
6249
6263
6250
6264
6251
6265
6252
6266
6253
6267
6254
6268
6255
6269
6256
6270
6257
6271
6258
6272
6259
6273
6274
6261
6275
6262
6276
6263
6277
6264
6278
6265
6279
6266
6280
6267
6281
6268
6282
6269
6283
6270
6284
6271
6285
6272
6286
6273
6287
6274
6288
6289
6276
6290
6277
6291
6278
6292
6279
6293
6280
6294
6281
6295
6282
6296
6283
6297
6284
6298
6285
6299
6286
6300
6287
6301
6288
6302
6289
6303
6304
6291
6305
6292
6306
6293
6307
6294
6308
6295
6309
6296
6310
6297
6311
6298
6312
6299
6313
6300
6314
6301
6315
6302
6316
6303
6317
6304
6318
6319
6306
6320
6307
6321
6308
6322
6309
6323
6310
6324
6311
6325
6312
6326
6313
6327
6314
6328
6315
6329
6316
6330
6317
6331
6318
6332
6319
6333
6334
6321
6335
6322
6336
6323
6337
6324
6338
6325
6339
6326
6340
6327
6341
6328
6342
6329
6343
6330
6344
6331
6345
6332
6346
6333
6347
6334
6348
6349
6336
6350
6337
6351
6338
6352
6339
6353
6340
6354
6341
6355
6342
6356
6343
6357
6344
6358
6345
6359
6346
6360
6347
6361
6348
6362
6349
6363
6364
6351
6365
6352
6366
6353
6367
6354
6368
6355
6369
6356
6370
6357
6371
6358
6372
6359
6373
6360
6374
6361
6375
6362
6376
6363
6377
6364
6378
6379
6366
6380
6367
6381
6368
6382
6369
6383
6370
6384
6371
6385
6372
6386
6373
6387
6374
6388
6375
6389
6376
6390
6377
6391
6378
6392
6379
6393
6394
6381
6395
6382
6396
6383
6397
6384
6398
6385
6399
6386
6400
6387
6401
6388
6402
6389
6403
6390
6404
6391
6405
6392
6406
6393
6407
6394
6408
6409
6396
6410
6397
6411
6398
6412
6399
6413
6400
6414
6401
6415
6402
6416
6403
6417
6404
6418
6405
6419
6406
6420
6407
6421
6408
6422
6409
6423
6424
6411
6425
6412
6426
6413
6427
6414
6428
6415
6429
6416
6430
6417
6431
6418
6432
6419
6433
6420
6434
6421
6435
6422
6436
6423
6437
6424
6438
6439
6426
6440
6427
6441
6428
6442
6429
6443
6430
6444
6431
6445
6432
6446
6433
6447
6434
6448
6435
6449
6436
6450
6437
6451
6438
6452
6439
6453
6454
6441
6455
6442
6456
6443
6457
6444
6458
6445
6459
6446
6460
6447
6461
6448
6462
6449
6463
6450
6464
6451
6465
6452
6466
6453
6467
6454
6468
6469
6456
6470
6457
6471
6458
6472
6459
6473
6460
6474
6461
6475
6462
6476
6463
6477
6464
6478
6465
6479
6466
6480
6467
6481
6468
6482
6469
6483
6484
6471
6485
6472
6486
6473
6487
6474
6488
6475
6489
6476
6490
6477
6491
6478
6492
6479
6493
6480
6494
6481
6495
6482
6496
6483
6497
6484
6498
6499
6486
6500
6487
6501
6488
6502
6489
6503
6490
6504
6491
6505
6492
6506
6493
6507
6494
6508
6495
6509
6496
6510
6497
6511
6498
6512
6499
6513
6514
6501
6515
6502
6516
6503
6517
6504
6518
6505
6519
6506
6520
6507
6521
6508
6522
6509
6523
6510
6524
6511
6525
6512
6526
6513
6527
6514
6528
6529
6516
6530
6517
6531
6518
6532
6519
6533
6520
6534
6521
6535
6522
6536
6523
6537
6524
6538
6525
6539
6526
6540
6527
6541
6528
6542
6529
6543
6531
6544
6532
6545
6533
6546
6534
6547
6535
6548
6536
6549
6537
6550
6538
6551
6539
6552
6540
6553
6541
6554
6542
6555
6543
6556
6557
6545
6558
6546
6559
6547
6560
6548
6561
6549
6562
6550
6563
6551
6564
6552
6565
6553
6566
6554
6567
6555
6568
6556
6569
6557
6570
6571
6559
6572
6560
6573
6561
6574
6562
6575
6563
6576
6564
6577
6565
6578
6566
6579
6567
6580
6568
6581
6569
6582
6570
6583
6571
6584
6585
6573
6586
6574
6587
6575
6588
6576
6589
6577
6590
6578
6591
6579
6592
6580
6593
6581
6594
6582
6595
6583
6596
6584
6597
6585
6598
6599
6587
6600
6588
6601
6589
6602
6590
6603
6591
6604
6592
6605
6593
6606
6594
6607
6595
6608
6596
6609
6597
6610
6598
6611
6599
6612
6613
6601
6614
6602
6615
6603
6616
6604
6617
6605
6618
6606
6619
6607
6620
6608
6621
6609
6622
6610
6623
6611
6624
6612
6625
6613
6626
6627
6615
6628
6616
6629
6617
6630
6618
6631
6619
6632
6620
6633
6621
6634
6622
6635
6623
6636
6624
6637
6625
6638
6626
6639
6627
6640
6641
6629
6642
6630
6643
6631
6644
6632
6645
6633
6646
6634
6647
6635
6648
6636
6649
6637
6650
6638
6651
6639
6652
6640
6653
6641
6654
6655
6643
6656
6644
6657
6645
6658
6646
6659
6647
6660
6648
6661
6649
6662
6650
6663
6651
6664
6652
6665
6653
6666
6654
6667
6655
6668
6669
6657
6670
6658
6671
6659
6672
6660
6673
6661
6674
6662
6675
6663
6676
6664
6677
6665
6678
6666
6679
6667
6680
6668
6681
6669
6682
6683
6671
6684
6672
6685
6673
6686
6674
6687
6675
6688
6676
6689
6677
6690
6678
6691
6679
6692
6680
6693
6681
6694
6682
6695
6683
6696
6685
6697
6686
6698
6687
6699
6688
6700
6689
6701
6690
6702
6691
6703
6692
6704
6693
6705
6694
6706
6695
6707
6696
6708
6709
6698
6710
6699
6711
6700
6712
6701
6713
6702
6714
6703
6715
6704
6716
6705
6717
6706
6718
6707
6719
6708
6720
6709
6721
6722
6711
6723
6712
6724
6713
6725
6714
6726
6715
6727
6716
6728
6717
6729
6718
6730
6719
6731
6720
6732
6721
6733
6722
6734
6735
6724
6736
6725
6737
6726
6738
6727
6739
6728
6740
6729
6741
6730
6742
6731
6743
6732
6744
6733
6745
6734
6746
6735
6747
6748
6737
6749
6738
6750
6739
6751
6740
6752
6741
6753
6742
6754
6743
6755
6744
6756
6745
6757
6746
6758
6747
6759
6748
6760
6761
6750
6762
6751
6763
6752
6764
6753
6765
6754
6766
6755
6767
6756
6768
6757
6769
6758
6770
6759
6771
6760
6772
6761
6773
6774
6763
6775
6764
6776
6765
6777
6766
6778
6767
6779
6768
6780
6769
6781
6770
6782
6771
6783
6772
6784
6773
6785
6774
6786
6787
6776
6788
6777
6789
6778
6790
6779
6791
6780
6792
6781
6793
6782
6794
6783
6795
6784
6796
6785
6797
6786
6798
6787
6799
6800
6789
6801
6790
6802
6791
6803
6792
6804
6793
6805
6794
6806
6795
6807
6796
6808
6797
6809
6798
6810
6799
6811
6800
6812
6813
6802
6814
6803
6815
6804
6816
6805
6817
6806
6818
6807
6819
6808
6820
6809
6821
6810
6822
6811
6823
6812
6824
6813
6825
6826
6815
6827
6816
6828
6817
6829
6818
6830
6819
6831
6820
6832
6821
6833
6822
6834
6823
6835
6824
6836
6825
6837
6826
6838
6839
6828
6840
6829
6841
6830
6842
6831
6843
6832
6844
6833
6845
6834
6846
6835
6847
6836
6848
6837
6849
6838
6850
6839
6851
6852
6841
6853
6842
6854
6843
6855
6844
6856
6845
6857
6846
6858
6847
6859
6848
6860
6849
6861
6850
6862
6851
6863
6852
6864
6865
6854
6866
6855
6867
6856
6868
6857
6869
6858
6870
6859
6871
6860
6872
6861
6873
6862
6874
6863
6875
6864
6876
6865
6877
6878
6867
6879
6868
6880
6869
6881
6870
6882
6871
6883
6872
6884
6873
6885
6874
6886
6875
6887
6876
6888
6877
6889
6878
6890
6891
6880
6892
6881
6893
6882
6894
6883
6895
6884
6896
6885
6897
6886
6898
6887
6899
6888
6900
6889
6901
6890
6902
6891
6903
6893
6904
6894
6905
6895
6906
6896
6907
6897
6908
6898
6909
6899
6910
6900
6911
6901
6912
6902
6913
6903
6914
6915
6905
6916
6906
6917
6907
6918
6908
6919
6909
6920
6910
6921
6911
6922
6912
6923
6913
6924
6914
6925
6915
6926
6927
6917
6928
6918
6929
6919
6930
6920
6931
6921
6932
6922
6933
6923
6934
6924
6935
6925
6936
6926
6937
6927
6938
6939
6929
6940
6930
6941
6931
6942
6932
6943
6933
6944
6934
6945
6935
6946
6936
6947
6937
6948
6938
6949
6939
6950
6951
6941
6952
6942
6953
6943
6954
6944
6955
6945
6956
6946
6957
6947
6958
6948
6959
6949
6960
6950
6961
6951
6962
6963
6953
6964
6954
6965
6955
6966
6956
6967
6957
6968
6958
6969
6959
6970
6960
6971
6961
6972
6962
6973
6963
6974
6975
6965
6976
6966
6977
6967
6978
6968
6979
6969
6980
6970
6981
6971
6982
6972
6983
6973
6984
6974
6985
6975
6986
6987
6977
6988
6978
6989
6979
6990
6980
6991
6981
6992
6982
6993
6983
6994
6984
6995
6985
6996
6986
6997
6987
6998
6999
6989
7000
6990
7001
6991
7002
6992
7003
6993
7004
6994
7005
6995
7006
6996
7007
6997
7008
6998
7009
6999
7010
7011
7001
7012
7002
7013
7003
7014
7004
7015
7005
7016
7006
7017
7007
7018
7008
7019
7009
7020
7010
7021
7011
7022
7023
7013
7024
7014
7025
7015
7026
7016
7027
7017
7028
7018
7029
7019
7030
7020
7031
7021
7032
7022
7033
7023
7034
7035
7025
7036
7026
7037
7027
7038
7028
7039
7029
7040
7030
7041
7031
7042
7032
7043
7033
7044
7034
7045
7035
7046
7047
7037
7048
7038
7049
7039
7050
7040
7051
7041
7052
7042
7053
7043
7054
7044
7055
7045
7056
7046
7057
7047
7058
7059
7049
7060
7050
7061
7051
7062
7052
7063
7053
7064
7054
7065
7055
7066
7056
7067
7057
7068
7058
7069
7059
7070
7071
7061
7072
7062
7073
7063
7074
7064
7075
7065
7076
7066
7077
7067
7078
7068
7079
7069
7080
7070
7081
7071
7082
7083
7073
7084
7074
7085
7075
7086
7076
7087
7077
7088
7078
7089
7079
7090
7080
7091
7081
7092
7082
7093
7083
7094
7095
7085
7096
7086
7097
7087
7098
7088
7099
7089
7100
7090
7101
7091
7102
7092
7103
7093
7104
7094
7105
7095
7106
7107
7097
7108
7098
7109
7099
7110
7100
7111
7101
7112
7102
7113
7103
7114
7104
7115
7105
7116
7106
7117
7107
7118
7119
7109
7120
7110
7121
7111
7122
7112
7123
7113
7124
7114
7125
7115
7126
7116
7127
7117
7128
7118
7129
7119
7130
7131
7121
7132
7122
7133
7123
7134
7124
7135
7125
7136
7126
7137
7127
7138
7128
7139
7129
7140
7130
7141
7131
7142
7143
7133
7144
7134
7145
7135
7146
7136
7147
7137
7148
7138
7149
7139
7150
7140
7151
7141
7152
7142
7153
7143
7154
7155
7145
7146
7147
7148
7149
7150
7151
7152
7153
7154
7155
)


// ************************************************************************* //
