/*--------------------------------*- C++ -*----------------------------------*\
  =========                 |
  \\      /  F ield         | OpenFOAM: The Open Source CFD Toolbox
   \\    /   O peration     | Website:  https://openfoam.org
    \\  /    A nd           | Version:  7
     \\/     M anipulation  |
\*---------------------------------------------------------------------------*/
FoamFile
{
    version     2.0;
    format      ascii;
    class       volScalarField;
    location    "200";
    object      p;
}
// * * * * * * * * * * * * * * * * * * * * * * * * * * * * * * * * * * * * * //

dimensions      [0 2 -2 0 0 0 0];

internalField   nonuniform List<scalar> 
4575
(
0.227238
0.237002
0.246549
0.261286
0.25587
0.270939
0.264956
0.280343
0.273795
0.289483
0.282378
0.306911
0.298349
0.290693
0.316016
0.306927
0.29873
0.324805
0.315206
0.306479
0.333265
0.323173
0.313929
0.351586
0.341383
0.330816
0.32107
0.359873
0.349148
0.338126
0.327892
0.367772
0.356547
0.345089
0.334386
0.37527
0.363569
0.351697
0.340542
0.382356
0.370203
0.357938
0.346353
0.401607
0.389018
0.37644
0.363804
0.351809
0.408265
0.395246
0.382268
0.369285
0.356903
0.414451
0.40103
0.38768
0.374372
0.361628
0.420153
0.40636
0.392666
0.379058
0.365976
0.425363
0.411228
0.397218
0.383334
0.369941
0.430072
0.415627
0.401329
0.387195
0.373518
0.434272
0.419548
0.404992
0.390633
0.376701
0.437957
0.422986
0.408202
0.393644
0.379484
0.44112
0.425934
0.410952
0.396221
0.381865
0.443755
0.428388
0.413238
0.398362
0.383838
0.445858
0.430343
0.415057
0.400061
0.385402
0.463225
0.447425
0.431796
0.416404
0.401317
0.386553
0.46434
0.448454
0.432744
0.417279
0.402127
0.387291
0.464878
0.448942
0.433185
0.417677
0.402488
0.387613
0.464838
0.448888
0.433118
0.417599
0.402401
0.387518
0.464219
0.448291
0.432544
0.417045
0.401864
0.387004
0.463022
0.447153
0.431461
0.416014
0.400877
0.386072
0.445474
0.429872
0.414508
0.399443
0.384723
0.443257
0.427778
0.412529
0.397564
0.382962
0.440505
0.425183
0.410079
0.395241
0.380789
0.437221
0.42209
0.407162
0.392477
0.378206
0.433411
0.418503
0.403783
0.389278
0.375217
0.42908
0.414427
0.399944
0.385646
0.371826
0.424234
0.409869
0.395653
0.381587
0.368036
0.41888
0.404835
0.390916
0.377108
0.363853
0.413027
0.399332
0.385738
0.372214
0.359283
0.406683
0.393369
0.380128
0.366911
0.35433
0.399858
0.386953
0.374094
0.361209
0.349001
0.380095
0.367644
0.355114
0.343304
0.372804
0.360788
0.348636
0.337246
0.365091
0.353535
0.341784
0.330834
0.356967
0.345896
0.334567
0.324077
0.348444
0.337881
0.326996
0.316984
0.329503
0.31908
0.309564
0.320772
0.310832
0.301826
0.311701
0.302262
0.29378
0.302302
0.293381
0.285436
0.284202
0.276803
0.274737
0.267894
0.264997
0.258716
0.249282
0.239601
0.229683
0.114329
0.115408
0.117468
0.120387
0.124043
0.128385
0.133295
0.138733
0.144547
0.150679
0.156905
0.163124
0.168998
0.174366
0.178719
0.181855
0.183006
0.182036
0.177736
0.170361
0.15771
0.113521
0.114555
0.116517
0.119294
0.122753
0.126839
0.131423
0.136454
0.141766
0.147285
0.152776
0.158118
0.162967
0.167151
0.170166
0.171823
0.171389
0.168776
0.162901
0.154066
0.140625
0.112641
0.113625
0.115484
0.118107
0.121356
0.125169
0.129408
0.134012
0.138804
0.143698
0.148446
0.152922
0.156773
0.159837
0.161617
0.161959
0.160183
0.156265
0.149297
0.139625
0.12617
0.111686
0.112615
0.114364
0.116823
0.119851
0.123377
0.127259
0.131422
0.135682
0.139941
0.143948
0.147567
0.150451
0.15244
0.153073
0.152211
0.149271
0.144242
0.13645
0.126174
0.1128
0.110654
0.111526
0.113159
0.115447
0.118245
0.121475
0.12499
0.128704
0.13243
0.136058
0.139336
0.142124
0.14409
0.145076
0.144671
0.142742
0.138823
0.132894
0.124505
0.113844
0.100608
0.109546
0.110358
0.11187
0.113981
0.116542
0.119469
0.122611
0.125873
0.129067
0.132072
0.134645
0.136638
0.137748
0.137815
0.136489
0.133644
0.12893
0.122314
0.113532
0.102707
0.0897449
0.10836
0.109109
0.110498
0.112425
0.114744
0.117363
0.120129
0.122939
0.125607
0.128005
0.129902
0.131145
0.131464
0.130702
0.128575
0.12496
0.119616
0.112507
0.103506
0.0927078
0.0801551
0.107097
0.107781
0.109043
0.110783
0.112855
0.115162
0.117553
0.119915
0.122069
0.12388
0.125134
0.125677
0.125275
0.123778
0.120963
0.116718
0.110893
0.103456
0.094382
0.0837547
0.0717003
0.105757
0.106374
0.107507
0.109056
0.11088
0.112874
0.114892
0.116814
0.118469
0.119719
0.120369
0.120267
0.119217
0.117076
0.113683
0.108938
0.102762
0.0951385
0.0861103
0.0757576
0.0642539
0.10434
0.104889
0.105891
0.107248
0.108823
0.110507
0.112157
0.11365
0.114826
0.115544
0.115633
0.114944
0.113319
0.110627
0.106757
0.101629
0.0952194
0.0875253
0.0786376
0.0686334
0.0577117
0.102849
0.103328
0.104198
0.105363
0.10669
0.108067
0.109358
0.110438
0.111158
0.111378
0.11095
0.109735
0.107606
0.104451
0.1002
0.094794
0.0882508
0.0805822
0.0719088
0.062305
0.0519811
0.101284
0.101694
0.102432
0.103405
0.104487
0.105564
0.106508
0.107192
0.10748
0.10724
0.106342
0.104661
0.1021
0.0985649
0.0940208
0.0884287
0.0818372
0.074271
0.0658681
0.056699
0.0469761
0.0996476
0.0999879
0.100596
0.101379
0.102221
0.103007
0.103616
0.103925
0.103812
0.103149
0.10183
0.0997425
0.096817
0.092979
0.0882209
0.0825229
0.0759548
0.0685517
0.0604606
0.0517463
0.0426172
0.0979425
0.098214
0.098693
0.0992912
0.0998997
0.100405
0.100696
0.100652
0.100167
0.0991223
0.0974303
0.0949948
0.0917695
0.087699
0.0827975
0.077062
0.0705766
0.0633837
0.0556328
0.0473824
0.0388319
0.0961719
0.0963758
0.0967286
0.0971468
0.0975296
0.097767
0.097757
0.0973866
0.0965611
0.095175
0.093158
0.0904305
0.0869657
0.0827264
0.0777438
0.0720285
0.0656737
0.0587264
0.0513337
0.0435475
0.0355557
0.0943394
0.0944773
0.0947076
0.0949521
0.0951188
0.0951029
0.0948117
0.0941406
0.0930078
0.0913209
0.0890255
0.0860587
0.0824103
0.0780592
0.0730493
0.0674025
0.0612163
0.0545399
0.0475153
0.0401871
0.0327303
0.092449
0.0925232
0.0926353
0.0927137
0.0926754
0.092422
0.0918706
0.0909262
0.0895194
0.0875716
0.0850429
0.0818861
0.0781048
0.0736923
0.0687014
0.0631625
0.0571741
0.050786
0.0441325
0.0372515
0.0303039
0.0905051
0.0905184
0.0905175
0.0904386
0.0902074
0.0897337
0.0889441
0.0877542
0.0861069
0.0839369
0.0812176
0.0779164
0.0740482
0.0696181
0.0646853
0.0592859
0.0535173
0.0474279
0.0411437
0.0346953
0.0282303
0.0885129
0.0884682
0.0883604
0.0881337
0.087723
0.087047
0.086042
0.0846349
0.0827797
0.0804249
0.0775552
0.0741512
0.070237
0.0658272
0.0609849
0.05575
0.0502166
0.0444312
0.03851
0.0324776
0.0264681
0.0864775
0.0863785
0.0861704
0.0858062
0.0852303
0.0843708
0.0831735
0.0815771
0.0795461
0.0770417
0.074059
0.0705898
0.0666656
0.0623085
0.0575832
0.0525318
0.0472441
0.0417633
0.0361962
0.0305615
0.0249805
0.0844048
0.0842551
0.0839539
0.0834634
0.0827371
0.0817133
0.0803472
0.0785888
0.0764129
0.0737921
0.0707306
0.06723
0.0633271
0.0590496
0.0544627
0.0496089
0.0445726
0.0393938
0.0341696
0.0289135
0.0237348
0.0823006
0.0821044
0.0817178
0.0811126
0.0802513
0.0790825
0.0775708
0.075677
0.0733854
0.0706792
0.06757
0.0640678
0.0602131
0.0560378
0.0516058
0.0469592
0.0421767
0.0372946
0.0324005
0.0275035
0.0227018
0.0801713
0.0799329
0.079469
0.0787609
0.0777802
0.0764858
0.0748512
0.0728477
0.0704679
0.0677046
0.0645759
0.0610981
0.0573145
0.0532595
0.0489949
0.0445617
0.0400323
0.0354394
0.0308617
0.0263043
0.0218552
0.0780232
0.077747
0.0772142
0.0764154
0.0753311
0.0739301
0.0721946
0.0701056
0.0676634
0.0648689
0.0617455
0.0583148
0.0546214
0.050701
0.0466129
0.0423961
0.0381169
0.0338041
0.0295284
0.0252914
0.0211717
0.0758631
0.0755536
0.0749604
0.0740831
0.0729107
0.0714217
0.0696064
0.0674547
0.0649737
0.0621714
0.0590753
0.0557109
0.0521232
0.0483487
0.044443
0.0404431
0.0364092
0.0323666
0.0283781
0.0244428
0.0206305
0.0736975
0.0733593
0.0727143
0.0717705
0.0705253
0.0689663
0.0670912
0.0648981
0.0623999
0.0596106
0.0565608
0.0532789
0.0498095
0.0461889
0.0424691
0.0386846
0.0348896
0.0311063
0.0273903
0.0237385
0.0202128
0.0715332
0.0711708
0.0704825
0.0694842
0.0681809
0.0665689
0.0646529
0.0624378
0.0599419
0.057184
0.0541968
0.0510107
0.0476695
0.0442083
0.0406757
0.0371033
0.0335399
0.0300046
0.0265464
0.0231607
0.0199019
0.0693769
0.0689947
0.0682714
0.0672301
0.065883
0.0642341
0.0622945
0.0600754
0.0575991
0.0548885
0.0519777
0.0488983
0.0456925
0.0423942
0.0390482
0.0356833
0.0323432
0.0290443
0.0258296
0.022693
0.0196828
0.0672351
0.0668375
0.0660872
0.0650139
0.0636364
0.0619658
0.0600186
0.0578114
0.0553702
0.0527205
0.0498975
0.0469332
0.043868
0.0407341
0.0375725
0.0344096
0.0312841
0.0282098
0.0252245
0.0223211
0.0195421
0.0651143
0.0647053
0.0639359
0.0628411
0.0614457
0.0597672
0.0578269
0.055646
0.053253
0.0506759
0.04795
0.0451071
0.0421857
0.0392161
0.0362357
0.0332683
0.0303481
0.0274868
0.0247173
0.0220319
0.0194677
0.0630206
0.0626043
0.061823
0.0607165
0.0593149
0.0576411
0.0557208
0.0535787
0.0512454
0.0487504
0.0461288
0.0434118
0.0406357
0.037829
0.0350255
0.0322465
0.0295222
0.0268623
0.0242955
0.0218136
0.019449
0.0609601
0.0605401
0.0597537
0.0586446
0.0572475
0.0555899
0.0537009
0.0516084
0.0493443
0.0469392
0.0444273
0.0418392
0.0392086
0.0365622
0.0339304
0.0313323
0.0287943
0.0263246
0.0239478
0.0216557
0.0194765
0.0589383
0.0585181
0.0577329
0.0566295
0.0552464
0.053615
0.0517675
0.0497338
0.0475469
0.0452375
0.0428393
0.0403813
0.0378953
0.0354056
0.0329399
0.0305148
0.0281536
0.025863
0.0236642
0.0215489
0.0195416
0.0569606
0.0565433
0.0557649
0.0546748
0.0533142
0.051718
0.0499205
0.0479533
0.0458497
0.0436406
0.0413583
0.0390307
0.0366871
0.03435
0.0320439
0.0297839
0.0275901
0.0254679
0.0234355
0.0214848
0.0196369
0.0550321
0.0546204
0.053854
0.0527836
0.0514531
0.0498997
0.0481592
0.0462647
0.0442493
0.0421435
0.0399783
0.0377801
0.035576
0.0333865
0.0312336
0.0291305
0.0270947
0.0251306
0.0232536
0.0214559
0.0197557
0.0531571
0.0527536
0.0520035
0.0509588
0.0496647
0.0481604
0.046483
0.0446659
0.0427422
0.0407415
0.0386933
0.0366226
0.0345543
0.0325071
0.0305005
0.0285462
0.0266593
0.0248433
0.0231113
0.0214557
0.0198923
0.0513399
0.0509467
0.0502168
0.0492025
0.0479502
0.0465004
0.0448906
0.0431545
0.0413246
0.0394296
0.0374975
0.0355517
0.0336149
0.0317043
0.0298371
0.0280235
0.0262766
0.0245991
0.0230021
0.0214785
0.0200415
0.0495841
0.049203
0.0484965
0.0475168
0.0463107
0.0449194
0.0433806
0.041728
0.0399931
0.0382035
0.0363856
0.0345613
0.0327513
0.0309712
0.0292363
0.0275555
0.02594
0.0243918
0.0229205
0.0215191
0.0201991
0.047893
0.0475254
0.0468449
0.0459032
0.0447467
0.043417
0.0419517
0.0403838
0.0387439
0.0370585
0.0353523
0.0336456
0.0319574
0.0303016
0.0286919
0.027136
0.0256435
0.024216
0.0228613
0.0215732
0.0203611
0.0462693
0.0459165
0.0452641
0.0443627
0.0432585
0.0419925
0.040602
0.0391193
0.0375737
0.0359906
0.0343928
0.0327994
0.0312275
0.0296897
0.0281982
0.0267595
0.0253821
0.0240668
0.0228204
0.021637
0.0205245
0.0447155
0.0443784
0.0437555
0.0428963
0.041846
0.040645
0.0393298
0.0379318
0.0364791
0.0349955
0.0335025
0.0320176
0.0305565
0.0291304
0.02775
0.0264212
0.0251509
0.0239401
0.0227939
0.0217072
0.0206865
0.0432335
0.0429126
0.0423204
0.0415045
0.040509
0.0393735
0.0381333
0.0368188
0.0354566
0.0340695
0.0326772
0.0312958
0.0299397
0.0286189
0.0273428
0.0261166
0.0249461
0.023832
0.0227786
0.0217811
0.0208449
0.0418248
0.0415205
0.0409594
0.0401874
0.039247
0.0381766
0.0370104
0.0357775
0.0345033
0.0332089
0.0319128
0.0306299
0.0293728
0.028151
0.0269725
0.0258419
0.0247641
0.0237395
0.0227718
0.0218564
0.0209978
0.0404907
0.0402031
0.0396732
0.038945
0.0380593
0.0370531
0.0359593
0.0348056
0.033616
0.0324104
0.0312058
0.0300159
0.0288521
0.0277229
0.0266355
0.0255937
0.0246018
0.0236599
0.0227711
0.0219312
0.0211439
0.0392318
0.0389609
0.038462
0.0377771
0.0369451
0.0360016
0.034978
0.0339006
0.0327921
0.0316709
0.0305529
0.0294505
0.0283741
0.0273314
0.0263286
0.0253691
0.0244565
0.0235909
0.0227746
0.022004
0.021282
0.0380489
0.0377943
0.0373259
0.0366832
0.0359035
0.0350208
0.0340646
0.0330602
0.0320287
0.0309874
0.0299509
0.0289305
0.0279358
0.0269734
0.026049
0.0251655
0.0243261
0.0235306
0.0227808
0.0220736
0.0214112
0.0369421
0.0367034
0.0362645
0.0356628
0.0349336
0.034109
0.0332174
0.0322823
0.0313236
0.0303574
0.0293972
0.0284533
0.0275343
0.0266464
0.0257944
0.0249809
0.0242086
0.0234773
0.0227884
0.0221392
0.0215312
0.0359116
0.0356882
0.0352776
0.0347152
0.0340342
0.0332651
0.0324345
0.0315647
0.0306744
0.0297784
0.0288892
0.0280163
0.0271674
0.0263481
0.0255627
0.0248134
0.0241025
0.0234299
0.0227965
0.0221999
0.0216414
0.0349572
0.0347484
0.0343648
0.0338396
0.0332043
0.0324875
0.0317143
0.0309057
0.0300791
0.0292484
0.0284249
0.0276174
0.0268331
0.0260767
0.0253521
0.0246615
0.0240066
0.0233873
0.0228043
0.0222556
0.0217418
0.0340789
0.0338838
0.0335256
0.0330355
0.0324429
0.031775
0.0310553
0.0303035
0.0295359
0.0287653
0.0280023
0.0272549
0.0265294
0.0258304
0.0251613
0.024524
0.0239198
0.0233488
0.0228114
0.0223058
0.0218324
0.0332763
0.033094
0.0327595
0.032302
0.0317492
0.0311266
0.0304563
0.0297568
0.0290432
0.0283277
0.0276198
0.026927
0.0262551
0.0256081
0.0249891
0.0243998
0.0238414
0.0233138
0.0228174
0.0223505
0.0219134
0.0325493
0.0323789
0.0320662
0.0316387
0.0311224
0.0305412
0.029916
0.0292642
0.0285998
0.0279342
0.0272762
0.0266326
0.0260089
0.0254087
0.0248346
0.0242883
0.0237709
0.0232821
0.0228222
0.0223898
0.021985
0.0318979
0.0317383
0.0314454
0.0310451
0.0305619
0.0300182
0.0294338
0.0288248
0.0282046
0.0275837
0.0269703
0.0263707
0.0257899
0.0252312
0.0246972
0.024189
0.0237078
0.0232533
0.0228258
0.0224239
0.0220476
0.0313223
0.0311722
0.0308971
0.0305211
0.0300674
0.0295571
0.0290089
0.028438
0.0278569
0.0272755
0.0267014
0.0261406
0.0255975
0.0250753
0.0245762
0.0241015
0.023652
0.0232275
0.0228282
0.0224529
0.0221014
0.0308228
0.0306812
0.0304216
0.0300669
0.029639
0.0291579
0.0286412
0.0281034
0.0275563
0.0270091
0.0264691
0.0259418
0.0254313
0.0249405
0.0244716
0.0240257
0.0236034
0.0232047
0.0228296
0.0224771
0.0221469
0.0304004
0.030266
0.0300196
0.029683
0.0292771
0.0288208
0.028331
0.0278212
0.0273028
0.0267846
0.0262733
0.0257742
0.0252912
0.0248269
0.0243833
0.0239615
0.0235621
0.023185
0.0228302
0.0224968
0.0221845
0.0300564
0.0299279
0.0296924
0.0293707
0.0289827
0.0285468
0.0280787
0.0275919
0.0270969
0.0266022
0.0261143
0.0256381
0.0251773
0.0247345
0.0243115
0.0239092
0.0235283
0.0231687
0.0228303
0.0225123
0.0222144
0.029793
0.029669
0.0294418
0.0291316
0.0287575
0.0283371
0.0278858
0.0274165
0.0269395
0.0264628
0.0259928
0.0255341
0.0250903
0.0246639
0.0242565
0.0238691
0.0235023
0.023156
0.02283
0.0225238
0.0222368
0.029613
0.0294921
0.0292707
0.0289683
0.0286037
0.028194
0.0277542
0.0272969
0.0268321
0.0263677
0.0259098
0.0254631
0.0250309
0.0246156
0.0242189
0.0238416
0.0234844
0.0231471
0.0228297
0.0225315
0.0222519
0.0295203
0.029401
0.0291826
0.0288843
0.0285247
0.0281205
0.0276866
0.0272354
0.0267769
0.0263188
0.0258672
0.0254266
0.0250003
0.0245908
0.0241995
0.0238275
0.0234752
0.0231426
0.0228295
0.0225353
0.0222596
0.119017
0.120176
0.122443
0.125677
0.129786
0.134802
0.140618
0.14734
0.154857
0.163328
0.172628
0.182974
0.194187
0.206555
0.219835
0.234403
0.249922
0.266832
0.284683
0.304026
0.324156
0.345903
0.368002
0.119038
0.120198
0.122466
0.125701
0.129812
0.13483
0.140648
0.147372
0.154891
0.163365
0.172666
0.183011
0.194224
0.206589
0.219866
0.234423
0.24993
0.26682
0.284648
0.303951
0.324039
0.345732
0.367759
0.119052
0.120212
0.122481
0.125715
0.129828
0.134849
0.140668
0.147393
0.154911
0.163385
0.172682
0.183024
0.194229
0.206582
0.219846
0.234379
0.249856
0.266702
0.284477
0.303706
0.323705
0.345288
0.367169
0.119059
0.120219
0.122489
0.125724
0.129836
0.134858
0.140677
0.147401
0.154917
0.163387
0.172678
0.18301
0.194201
0.206536
0.219773
0.234269
0.249698
0.26648
0.284171
0.303294
0.323156
0.344572
0.366235
0.119059
0.120219
0.122488
0.125723
0.129836
0.134857
0.140675
0.147396
0.154908
0.163372
0.172653
0.182971
0.194141
0.206449
0.219649
0.234094
0.249457
0.266152
0.283729
0.302711
0.322389
0.343586
0.364957
0.119052
0.120211
0.122481
0.125714
0.129827
0.134848
0.140663
0.14738
0.154885
0.16334
0.172607
0.182906
0.194049
0.206321
0.219473
0.233854
0.249132
0.265718
0.283152
0.301958
0.321405
0.342328
0.363336
0.119038
0.120196
0.122466
0.125698
0.12981
0.134828
0.14064
0.147351
0.154848
0.163291
0.172541
0.182815
0.193925
0.206153
0.219245
0.233549
0.248723
0.265179
0.28244
0.301036
0.320206
0.340801
0.361375
0.119017
0.120175
0.122443
0.125674
0.129784
0.1348
0.140607
0.147311
0.154797
0.163225
0.172453
0.182699
0.193769
0.205945
0.218966
0.233179
0.24823
0.264534
0.281593
0.299944
0.318792
0.339007
0.359077
0.118989
0.120145
0.122413
0.125643
0.12975
0.134762
0.140563
0.147258
0.154732
0.163142
0.172345
0.182557
0.193581
0.205696
0.218636
0.232744
0.247655
0.263786
0.280613
0.298685
0.317165
0.336948
0.356443
0.118953
0.120109
0.122376
0.125604
0.129708
0.134715
0.140509
0.147193
0.154653
0.163042
0.172217
0.18239
0.193362
0.205408
0.218255
0.232245
0.246998
0.262933
0.279501
0.297259
0.315326
0.334625
0.353478
0.118911
0.120066
0.122331
0.125557
0.129658
0.134658
0.140445
0.147116
0.154559
0.162925
0.172068
0.182197
0.19311
0.20508
0.217823
0.231682
0.246258
0.261976
0.278255
0.295667
0.313278
0.332042
0.350185
0.118862
0.120015
0.122278
0.125502
0.129601
0.134592
0.14037
0.147027
0.154452
0.162791
0.171899
0.18198
0.192828
0.204712
0.21734
0.231056
0.245437
0.260917
0.276879
0.29391
0.311021
0.3292
0.346568
0.118806
0.119958
0.122219
0.125439
0.129536
0.134517
0.140285
0.146927
0.154331
0.162641
0.17171
0.181737
0.192513
0.204305
0.216807
0.230365
0.244534
0.259755
0.275372
0.291991
0.308558
0.326104
0.342632
0.118743
0.119893
0.122152
0.125369
0.129462
0.134433
0.140189
0.146815
0.154197
0.162474
0.1715
0.181469
0.192168
0.203858
0.216225
0.229612
0.243551
0.258492
0.273736
0.289909
0.30589
0.322756
0.338381
0.118673
0.119821
0.122077
0.125291
0.12938
0.134339
0.140084
0.146691
0.154048
0.162291
0.171271
0.181177
0.191792
0.203373
0.215593
0.228796
0.242488
0.257128
0.271972
0.287668
0.303022
0.319159
0.333821
0.118597
0.119743
0.121996
0.125205
0.129289
0.134237
0.139968
0.146555
0.153886
0.162092
0.171022
0.18086
0.191385
0.202849
0.214912
0.227917
0.241345
0.255664
0.27008
0.285268
0.299953
0.315318
0.328957
0.118513
0.119657
0.121908
0.125112
0.129189
0.134126
0.139843
0.146409
0.153711
0.161877
0.170753
0.180519
0.190948
0.202286
0.214182
0.226977
0.240124
0.2541
0.268062
0.282712
0.296689
0.311236
0.323795
0.118423
0.119565
0.121812
0.125011
0.129082
0.134006
0.139707
0.14625
0.153523
0.161645
0.170465
0.180154
0.190481
0.201685
0.213403
0.225975
0.238824
0.252439
0.26592
0.280001
0.29323
0.306917
0.318342
0.118326
0.119466
0.121709
0.124903
0.128966
0.133877
0.139562
0.146081
0.153321
0.161398
0.170158
0.179765
0.189983
0.201046
0.212577
0.224912
0.237447
0.25068
0.263654
0.277137
0.28958
0.302366
0.312604
0.118222
0.11936
0.121599
0.124788
0.128842
0.13374
0.139407
0.145901
0.153106
0.161135
0.169831
0.179352
0.189457
0.200369
0.211703
0.223789
0.235993
0.248824
0.261266
0.274122
0.285742
0.297587
0.306588
0.118112
0.119247
0.121483
0.124665
0.12871
0.133594
0.139243
0.145709
0.152879
0.160857
0.169486
0.178915
0.1889
0.199655
0.210782
0.222605
0.234463
0.246873
0.258757
0.270959
0.281718
0.292585
0.300301
0.117995
0.119128
0.121359
0.124534
0.12857
0.13344
0.139069
0.145507
0.152639
0.160564
0.169122
0.178455
0.188315
0.198905
0.209814
0.221363
0.232858
0.244828
0.256129
0.26765
0.277513
0.287365
0.29375
0.117871
0.119002
0.121229
0.124395
0.128422
0.133278
0.138886
0.145294
0.152386
0.160255
0.16874
0.177973
0.187701
0.198117
0.208801
0.220061
0.231179
0.242689
0.253384
0.264196
0.273129
0.281931
0.286944
0.117741
0.11887
0.121093
0.124247
0.128267
0.133107
0.138694
0.145071
0.152121
0.159932
0.16834
0.177467
0.187059
0.197293
0.207741
0.218701
0.229426
0.240457
0.250522
0.260601
0.268569
0.27629
0.27989
0.117605
0.118731
0.12095
0.124097
0.128104
0.132929
0.138493
0.144837
0.151844
0.159593
0.167921
0.176939
0.186388
0.196434
0.206637
0.217282
0.227601
0.238134
0.247546
0.256867
0.263838
0.270446
0.272595
0.117462
0.118586
0.1208
0.123949
0.127934
0.132742
0.138283
0.144593
0.151554
0.159241
0.167485
0.176389
0.18569
0.195539
0.205487
0.215807
0.225704
0.23572
0.244457
0.252996
0.258937
0.264406
0.265069
0.117313
0.118435
0.120644
0.123783
0.127757
0.132548
0.138064
0.144339
0.151253
0.158874
0.167031
0.175817
0.184964
0.194609
0.204294
0.214275
0.223736
0.233217
0.241258
0.248991
0.253871
0.258175
0.257319
0.117157
0.118278
0.120481
0.12361
0.127573
0.132346
0.137837
0.144075
0.150941
0.158493
0.16656
0.175224
0.184211
0.193644
0.203057
0.212687
0.221698
0.230626
0.23795
0.244853
0.248643
0.251759
0.249353
0.116995
0.118114
0.120311
0.123433
0.127382
0.132136
0.137601
0.143802
0.150617
0.158098
0.166072
0.174609
0.183431
0.192645
0.201777
0.211043
0.219592
0.227946
0.234534
0.240586
0.243257
0.245165
0.241179
0.116827
0.117944
0.120134
0.123248
0.127184
0.131919
0.137357
0.143519
0.150281
0.15769
0.165568
0.173973
0.182625
0.191612
0.200454
0.209344
0.217418
0.22518
0.231014
0.236192
0.237716
0.238399
0.232803
0.116653
0.117769
0.119954
0.123058
0.12698
0.131695
0.137104
0.143226
0.149935
0.157268
0.165047
0.173317
0.181793
0.190545
0.199089
0.207591
0.215176
0.222329
0.227391
0.231672
0.232023
0.231466
0.224233
0.116473
0.117588
0.11977
0.122861
0.126769
0.131463
0.136844
0.142925
0.149577
0.156834
0.164509
0.17264
0.180935
0.189446
0.197682
0.205784
0.212869
0.219393
0.223668
0.227029
0.226183
0.224375
0.215474
0.116287
0.1174
0.119576
0.122658
0.126552
0.131225
0.136576
0.142614
0.149209
0.156386
0.163956
0.171943
0.180051
0.188314
0.196234
0.203924
0.210496
0.216373
0.219846
0.222264
0.2202
0.21713
0.206531
0.116095
0.117206
0.119376
0.122449
0.126328
0.13098
0.1363
0.142295
0.148831
0.155926
0.163387
0.171227
0.179143
0.18715
0.194745
0.202012
0.208059
0.213271
0.215927
0.217378
0.214079
0.209738
0.197404
0.115898
0.117005
0.119171
0.122234
0.126098
0.130727
0.136017
0.141967
0.148443
0.155453
0.162803
0.170491
0.178209
0.185954
0.193216
0.200048
0.205558
0.210086
0.211914
0.212372
0.207822
0.202203
0.115694
0.116811
0.11896
0.122013
0.125862
0.130468
0.135725
0.141629
0.148042
0.154966
0.162201
0.169732
0.177248
0.184722
0.191642
0.198028
0.202989
0.206816
0.207805
0.207245
0.201435
0.194526
0.115485
0.116599
0.118743
0.121787
0.125619
0.130202
0.135426
0.141282
0.147631
0.154466
0.161582
0.168953
0.17626
0.183457
0.190027
0.195955
0.200356
0.203468
0.203608
0.202008
0.194937
0.186722
0.115271
0.116384
0.118524
0.121559
0.125376
0.129937
0.13513
0.140941
0.147228
0.153975
0.160973
0.168184
0.175281
0.182199
0.188412
0.193876
0.197706
0.200087
0.199364
0.196691
0.18835
0.178814
0.115051
0.116165
0.118301
0.12133
0.125136
0.129679
0.134844
0.140615
0.146845
0.15351
0.160394
0.167448
0.174334
0.180969
0.186816
0.191798
0.195029
0.19664
0.195012
0.191198
0.181539
0.170625
0.114824
0.115935
0.11806
0.121071
0.124852
0.12936
0.134478
0.140184
0.146328
0.152877
0.159611
0.166464
0.173094
0.179391
0.184818
0.189258
0.191841
0.192627
0.190081
0.185088
0.174201
0.1127
0.113769
0.115792
0.118658
0.122242
0.126514
0.131359
0.136753
0.142553
0.148718
0.155037
0.161434
0.167581
0.173355
0.178238
0.182094
0.184084
0.184237
0.181061
0.175384
0.163826
0.112976
0.114049
0.116085
0.118971
0.122583
0.126895
0.131792
0.137258
0.143151
0.149442
0.155923
0.162534
0.168954
0.175083
0.180406
0.184828
0.187493
0.188499
0.186273
0.181816
0.17152
0.159944
0.113245
0.114318
0.11636
0.119257
0.122885
0.127222
0.132153
0.137668
0.143628
0.150011
0.156617
0.163399
0.170043
0.176472
0.18218
0.187105
0.19039
0.192195
0.190902
0.187629
0.17868
0.168566
0.113509
0.114584
0.116633
0.119543
0.12319
0.127555
0.132524
0.138093
0.144124
0.150605
0.15734
0.164294
0.171162
0.177886
0.183966
0.189375
0.193251
0.195813
0.195407
0.193247
0.185591
0.176873
0.113768
0.114845
0.116903
0.119827
0.123494
0.127888
0.132898
0.138521
0.144626
0.151206
0.158071
0.165198
0.172288
0.179305
0.185752
0.191637
0.196093
0.199395
0.199861
0.198781
0.192408
0.185065
0.114022
0.115099
0.117167
0.120106
0.123793
0.128215
0.133264
0.138942
0.145118
0.151795
0.158786
0.166082
0.173389
0.18069
0.187496
0.193846
0.198871
0.202899
0.204226
0.204201
0.19911
0.19312
0.11427
0.11535
0.117427
0.120379
0.124085
0.128536
0.133623
0.139353
0.145598
0.152369
0.159483
0.166943
0.174461
0.18204
0.189196
0.195999
0.20158
0.206315
0.208492
0.209496
0.205678
0.201021
0.114513
0.115595
0.117682
0.120647
0.124372
0.12885
0.133974
0.139755
0.146069
0.152932
0.160165
0.167785
0.175508
0.183357
0.190854
0.198098
0.204222
0.209647
0.21266
0.214665
0.212106
0.208768
0.197502
0.11475
0.115835
0.117929
0.120909
0.124653
0.129158
0.134318
0.14015
0.146529
0.153482
0.160832
0.168607
0.17653
0.184643
0.192471
0.200145
0.2068
0.212895
0.216729
0.21971
0.218391
0.216359
0.206835
0.114982
0.116068
0.118168
0.121166
0.124927
0.129459
0.134654
0.140535
0.146979
0.154019
0.161483
0.16941
0.177527
0.185896
0.194046
0.202138
0.20931
0.216057
0.220697
0.224629
0.224529
0.223787
0.215975
0.115207
0.116297
0.118405
0.121421
0.125196
0.129753
0.134983
0.140912
0.147419
0.154544
0.162118
0.170193
0.178499
0.187116
0.19558
0.204077
0.211754
0.219132
0.224562
0.229419
0.230516
0.231047
0.224918
0.115427
0.116519
0.118636
0.121675
0.125459
0.130041
0.135304
0.14128
0.147848
0.155056
0.162737
0.170955
0.179444
0.188302
0.197071
0.205961
0.214129
0.22212
0.228322
0.234081
0.236348
0.238134
0.233658
0.115642
0.116736
0.11886
0.121865
0.125716
0.130321
0.135618
0.141639
0.148266
0.155555
0.163339
0.171696
0.180363
0.189455
0.198518
0.207789
0.216436
0.22502
0.231976
0.23861
0.242021
0.24504
0.242188
0.11585
0.116947
0.119079
0.122106
0.125967
0.130595
0.135923
0.141988
0.148673
0.15604
0.163925
0.172416
0.181255
0.190573
0.199923
0.209562
0.218673
0.227831
0.23552
0.243007
0.247532
0.251761
0.2505
0.116052
0.117152
0.119292
0.122335
0.126216
0.130862
0.13622
0.142328
0.149068
0.156511
0.164494
0.173115
0.18212
0.191656
0.201284
0.211277
0.220839
0.230551
0.238954
0.247267
0.252877
0.25829
0.258588
0.116248
0.117351
0.119498
0.122552
0.126446
0.131121
0.136508
0.142658
0.149452
0.156969
0.165046
0.173792
0.182958
0.192705
0.2026
0.212935
0.222934
0.23318
0.242275
0.25139
0.258052
0.264622
0.266444
0.116438
0.117544
0.119699
0.122764
0.126662
0.131373
0.136788
0.142979
0.149825
0.157412
0.16558
0.174448
0.183768
0.193717
0.203871
0.214536
0.224956
0.235717
0.245482
0.255372
0.263054
0.270751
0.274059
0.116622
0.117731
0.119893
0.122969
0.126885
0.13162
0.13706
0.14329
0.150185
0.157841
0.166096
0.17508
0.18455
0.194694
0.205097
0.216078
0.226905
0.238162
0.248572
0.259212
0.267881
0.276672
0.281426
0.116799
0.117912
0.120081
0.123168
0.127098
0.131869
0.137324
0.14359
0.150534
0.158256
0.166594
0.175691
0.185304
0.195635
0.206278
0.217561
0.22878
0.240512
0.251545
0.262908
0.272528
0.28238
0.288537
0.11697
0.118086
0.120262
0.12336
0.127302
0.132083
0.13758
0.143881
0.15087
0.158656
0.167075
0.176278
0.186029
0.196539
0.207412
0.218984
0.23058
0.242767
0.254399
0.266456
0.276992
0.287869
0.295385
0.117135
0.118254
0.120437
0.123545
0.127499
0.132298
0.137825
0.144162
0.151193
0.159041
0.167536
0.176843
0.186725
0.197405
0.208499
0.220348
0.232304
0.244927
0.257131
0.269856
0.281271
0.293134
0.301961
0.117293
0.118415
0.120605
0.123723
0.12769
0.132509
0.138065
0.144432
0.151504
0.159411
0.16798
0.177384
0.187392
0.198235
0.209539
0.221652
0.233952
0.24699
0.259742
0.273105
0.285361
0.298172
0.30826
0.117445
0.11857
0.120766
0.123894
0.127873
0.132708
0.138312
0.144694
0.151803
0.159765
0.168404
0.177902
0.188029
0.199027
0.210532
0.222894
0.235523
0.248955
0.262228
0.2762
0.289259
0.302977
0.314273
0.11759
0.118718
0.12092
0.124057
0.128048
0.132898
0.13851
0.144946
0.152089
0.160105
0.168809
0.178396
0.188637
0.199781
0.211476
0.224075
0.237015
0.250822
0.26459
0.27914
0.292963
0.307545
0.319995
0.117729
0.11886
0.121068
0.124214
0.128216
0.13308
0.138725
0.145188
0.152362
0.160429
0.169196
0.178866
0.189215
0.200497
0.212373
0.225194
0.238429
0.252589
0.266826
0.281924
0.296469
0.311872
0.325419
0.117861
0.118994
0.121208
0.124363
0.128376
0.133256
0.138918
0.145426
0.152622
0.160738
0.169563
0.179312
0.189762
0.201174
0.21322
0.226251
0.239764
0.254256
0.268934
0.284549
0.299776
0.315954
0.330539
0.117986
0.119122
0.121342
0.124505
0.128528
0.133422
0.139098
0.145635
0.152869
0.161031
0.169911
0.179733
0.190279
0.201812
0.214019
0.227246
0.241019
0.255822
0.270913
0.287013
0.302881
0.319788
0.33535
0.118104
0.119243
0.121468
0.124639
0.128672
0.13358
0.13927
0.145812
0.153107
0.161309
0.170239
0.18013
0.190765
0.202411
0.214768
0.228177
0.242193
0.257287
0.272763
0.289316
0.305781
0.32337
0.339847
0.118216
0.119358
0.121588
0.124765
0.128808
0.133729
0.139434
0.146002
0.153357
0.161573
0.170547
0.180503
0.19122
0.202972
0.215468
0.229045
0.243287
0.258649
0.274483
0.291455
0.308474
0.326697
0.344024
0.118321
0.119465
0.1217
0.124884
0.128936
0.133869
0.139588
0.146177
0.153534
0.161834
0.170836
0.180851
0.191644
0.203492
0.216118
0.229849
0.244299
0.259908
0.276071
0.293429
0.310959
0.329766
0.347877
0.118419
0.119565
0.121804
0.124996
0.129056
0.134
0.139733
0.146341
0.153743
0.16211
0.171112
0.181174
0.192037
0.203973
0.216718
0.23059
0.24523
0.261064
0.277527
0.295237
0.313234
0.332574
0.351402
0.11851
0.119658
0.121902
0.125099
0.129167
0.134122
0.139868
0.146495
0.153914
0.162172
0.171376
0.181477
0.192398
0.204414
0.217267
0.231265
0.246079
0.262115
0.27885
0.296878
0.315296
0.335118
0.354596
0.118594
0.119745
0.121992
0.125195
0.12927
0.134235
0.139993
0.146637
0.154071
0.162403
0.171585
0.181762
0.192734
0.204815
0.217766
0.231876
0.246845
0.263062
0.280039
0.298351
0.317145
0.337398
0.357455
0.118672
0.119824
0.122074
0.125283
0.129364
0.134339
0.140107
0.146767
0.154217
0.162585
0.171771
0.181997
0.193045
0.205184
0.218215
0.232422
0.247528
0.263903
0.281094
0.299655
0.318779
0.33941
0.359976
0.118742
0.119896
0.12215
0.125363
0.12945
0.134433
0.140212
0.146885
0.154351
0.162741
0.171958
0.182185
0.193292
0.205525
0.218631
0.232909
0.248128
0.264638
0.282014
0.300786
0.320196
0.341152
0.362156
0.118805
0.11996
0.122217
0.125435
0.129528
0.134518
0.140306
0.146992
0.15447
0.162882
0.172123
0.182386
0.193499
0.205759
0.219025
0.23334
0.248668
0.265274
0.282803
0.301746
0.321397
0.342625
0.363995
0.118862
0.120018
0.122278
0.125499
0.129596
0.134594
0.140389
0.147086
0.154576
0.163006
0.172265
0.182558
0.193706
0.205997
0.219114
0.233663
0.24917
0.265815
0.283464
0.302551
0.322386
0.343829
0.365491
0.118911
0.120069
0.12233
0.125556
0.129657
0.13466
0.140462
0.147168
0.154667
0.163112
0.172388
0.182701
0.193878
0.206202
0.219403
0.233927
0.249284
0.266196
0.283974
0.303215
0.323169
0.344765
0.366644
0.118953
0.120112
0.122376
0.125604
0.129709
0.134717
0.140525
0.147238
0.154745
0.163202
0.172489
0.182818
0.194014
0.206362
0.219612
0.234156
0.249618
0.266517
0.284308
0.303574
0.323681
0.345396
0.367437
0.118989
0.120148
0.122413
0.125645
0.129752
0.134764
0.140577
0.147295
0.154808
0.163274
0.17257
0.182909
0.194117
0.20648
0.219751
0.234316
0.249827
0.266734
0.284571
0.303903
0.324038
0.345788
0.367884
0.0243894
0.0242756
0.0240674
0.0237836
0.0234417
0.0230576
0.0226456
0.0222174
0.0217828
0.021349
0.0209217
0.0205052
0.0201026
0.0197161
0.0193472
0.0189966
0.0186649
0.0183519
0.0180576
0.0177812
0.0175222
0.0244777
0.0243623
0.0241512
0.0238633
0.0235164
0.0231268
0.022709
0.0222748
0.021834
0.021394
0.0209607
0.0205383
0.0201299
0.0197379
0.0193636
0.0190081
0.0186717
0.0183543
0.0180558
0.0177755
0.017513
0.0246493
0.0245308
0.0243139
0.0240181
0.0236618
0.0232616
0.0228324
0.0223865
0.0219337
0.0214817
0.0210365
0.0206025
0.0201829
0.0197801
0.0193957
0.0190304
0.0186848
0.0183588
0.0180522
0.0177644
0.0174948
0.0249006
0.0247775
0.0245523
0.024245
0.0238748
0.0234592
0.0230134
0.0225502
0.0220798
0.0216102
0.0211476
0.0206965
0.0202605
0.0198419
0.0194424
0.0190629
0.0187038
0.0183652
0.0180467
0.0177477
0.0174678
0.025229
0.0250999
0.0248637
0.0245416
0.0241534
0.0237176
0.0232502
0.0227643
0.0222709
0.0217782
0.0212928
0.0208194
0.0203619
0.0199226
0.0195033
0.0191051
0.0187283
0.018373
0.018039
0.0177254
0.0174318
0.0256326
0.0254963
0.0252467
0.0249063
0.0244961
0.0240356
0.0235415
0.0230279
0.0225061
0.021985
0.0214714
0.0209706
0.0204865
0.0200216
0.019578
0.0191566
0.018758
0.018382
0.0180287
0.017697
0.0173866
0.0261103
0.0259654
0.0257001
0.0253382
0.0249021
0.0244123
0.0238868
0.0233403
0.022785
0.0222302
0.0216833
0.0211498
0.020634
0.0201388
0.0196661
0.019217
0.0187924
0.0183919
0.0180155
0.0176622
0.0173317
0.0266616
0.0265069
0.0262236
0.025837
0.0253711
0.0248478
0.0242861
0.0237017
0.0231076
0.0225138
0.0219283
0.021357
0.0208045
0.0202739
0.0197674
0.0192863
0.0188313
0.0184022
0.0179991
0.0176206
0.0172665
0.0272862
0.0271206
0.026817
0.0264027
0.0259033
0.0253421
0.0247395
0.0241123
0.0234743
0.0228363
0.0222069
0.0215925
0.0209981
0.0204272
0.0198821
0.0193643
0.0188746
0.0184128
0.0179789
0.0175715
0.0171906
0.0279844
0.0278066
0.0274807
0.0270357
0.0264991
0.0258959
0.0252478
0.0245728
0.0238857
0.0231982
0.0225195
0.0218567
0.0212152
0.0205989
0.0200103
0.0194511
0.0189221
0.0184233
0.0179546
0.0175146
0.0171032
0.0287565
0.0285655
0.0282151
0.0277365
0.0271593
0.02651
0.0258118
0.0250841
0.0243428
0.0236004
0.022867
0.0221504
0.0214565
0.0207895
0.0201523
0.0195467
0.0189739
0.0184335
0.0179259
0.0174492
0.0170037
0.0296031
0.0293977
0.0290209
0.0285061
0.0278847
0.0271854
0.0264328
0.0256475
0.0248468
0.0240442
0.0232507
0.0224747
0.0217229
0.0209997
0.0203087
0.0196516
0.01903
0.0184434
0.0178924
0.0173749
0.0168912
0.0305246
0.030304
0.029899
0.0293453
0.0286767
0.0279234
0.027112
0.0262645
0.0253992
0.024531
0.0236718
0.0228308
0.0220154
0.0212305
0.0204801
0.0197662
0.0190906
0.018453
0.017854
0.0172912
0.0167652
0.0315217
0.031285
0.0308501
0.0302552
0.0295363
0.0287255
0.0278512
0.0269367
0.0260018
0.0250626
0.0241321
0.0232203
0.0223354
0.021483
0.0206675
0.0198913
0.0191564
0.0184624
0.0178105
0.0171976
0.016625
0.0325949
0.0323413
0.031875
0.0312368
0.0304649
0.0295933
0.028652
0.027666
0.0266566
0.025641
0.0246334
0.023645
0.0226846
0.0217587
0.0208722
0.0200277
0.0192277
0.0184721
0.0177619
0.0170941
0.01647
0.0337445
0.0334734
0.0329746
0.0322912
0.0314638
0.0305283
0.0295163
0.0284545
0.0273657
0.0262683
0.025178
0.024107
0.023065
0.0220593
0.0210955
0.0201766
0.0193057
0.0184824
0.0177084
0.0169802
0.0162997
0.0349708
0.0346816
0.0341493
0.0334193
0.0325343
0.0315322
0.0304462
0.0293046
0.0281316
0.0269473
0.0257685
0.0246087
0.0234789
0.0223869
0.0213393
0.0203396
0.0193912
0.0184942
0.0176504
0.0168562
0.0161138
0.0362737
0.0359661
0.0353996
0.034622
0.0336778
0.0326068
0.0314438
0.0302186
0.028957
0.0276806
0.0264077
0.025153
0.0239289
0.0227439
0.0216058
0.0205184
0.0194859
0.0185085
0.0175887
0.0167222
0.0159121
0.0376528
0.0373268
0.0367258
0.0358999
0.0348955
0.0337539
0.0325113
0.0311992
0.0298448
0.0284714
0.0270988
0.0257431
0.024418
0.0231332
0.0218974
0.0207152
0.0195916
0.0185268
0.017524
0.0165787
0.0156945
0.0391075
0.0387632
0.0381279
0.0372536
0.0361885
0.034975
0.033651
0.032249
0.0307981
0.029323
0.0278453
0.0263825
0.0249498
0.0235581
0.0222173
0.0209327
0.0197104
0.0185507
0.0174577
0.0164265
0.0154614
0.0406368
0.0402746
0.0396054
0.0386833
0.0375576
0.0362719
0.0348651
0.033371
0.0318204
0.0302393
0.0286512
0.0270753
0.0255282
0.0240224
0.0225689
0.0211741
0.019845
0.0185825
0.0173914
0.0162665
0.0152132
0.0422392
0.0418597
0.0411579
0.0401891
0.0390038
0.0376461
0.0361559
0.0345682
0.032915
0.0312241
0.0295208
0.0278258
0.0261577
0.0245302
0.0229562
0.0214429
0.0199986
0.0186248
0.0173272
0.0161005
0.0149509
0.0439129
0.0435171
0.0427842
0.0417707
0.0405275
0.039099
0.0375258
0.0358436
0.0340858
0.0322819
0.0304588
0.028639
0.0268432
0.0250866
0.0233839
0.0217435
0.0201751
0.0186809
0.0172678
0.0159302
0.0146758
0.0456557
0.0452448
0.0444831
0.0434274
0.042129
0.0406319
0.0389769
0.0372003
0.0353368
0.0334171
0.0314702
0.0295204
0.0275903
0.0256971
0.0238573
0.0220807
0.0203789
0.0187546
0.0172164
0.0157583
0.0143895
0.0474647
0.0470404
0.0462526
0.0451584
0.0438083
0.0422459
0.0405114
0.0386415
0.036672
0.0346348
0.0325607
0.0304759
0.0284052
0.0263678
0.0243823
0.0224603
0.0206152
0.0188506
0.0171768
0.0155878
0.0140945
0.0493368
0.048901
0.0480906
0.0469622
0.0455652
0.0439416
0.0421312
0.0401704
0.0380956
0.03594
0.0337361
0.0315119
0.0292947
0.0271056
0.0249659
0.0228888
0.0208899
0.0189741
0.0171536
0.0154226
0.0137935
0.0512682
0.0508233
0.0499944
0.0488371
0.0473989
0.0457198
0.0438382
0.04179
0.039612
0.0373382
0.0350027
0.0326355
0.0302662
0.0279182
0.0256155
0.0233734
0.0212101
0.0191315
0.0171525
0.0152672
0.0134904
0.0532549
0.0528034
0.0519609
0.0507809
0.0493084
0.0475805
0.045634
0.0435034
0.0412256
0.038835
0.0363673
0.0338541
0.0313278
0.0288141
0.0263398
0.0239226
0.0215834
0.01933
0.0171797
0.0151271
0.0131895
0.0552921
0.0548372
0.0539865
0.052791
0.0512922
0.0495237
0.0475198
0.0453134
0.0429406
0.0404361
0.0378368
0.035176
0.0324885
0.0298025
0.0271482
0.0245456
0.022019
0.0195779
0.0172428
0.0150088
0.0128962
0.057375
0.0569199
0.0560672
0.0548642
0.0533482
0.0515486
0.0494966
0.0472225
0.0447614
0.0421474
0.0394186
0.0366095
0.0337576
0.0308936
0.0280511
0.0252528
0.0225268
0.0198848
0.0173505
0.01492
0.012617
0.0594981
0.0590465
0.0581985
0.0569968
0.0554741
0.0536544
0.051565
0.0492331
0.0466921
0.0439749
0.0411202
0.0381637
0.0351454
0.0320984
0.02906
0.026056
0.0231183
0.0202613
0.0175126
0.0148696
0.0123595
0.0616557
0.0612115
0.0603754
0.0591849
0.0576668
0.0558393
0.0537251
0.0513472
0.0487365
0.0459244
0.0429494
0.0398481
0.0366626
0.0334288
0.0301875
0.0269679
0.0238063
0.0207198
0.0177408
0.0148678
0.0121327
0.0638416
0.0634091
0.0625927
0.0614239
0.059923
0.0581014
0.0559764
0.0535661
0.0508982
0.0480015
0.044914
0.0416723
0.0383208
0.0348975
0.0314474
0.0280027
0.0246048
0.0212741
0.0180479
0.0149266
0.0119472
0.0660497
0.0656332
0.0648446
0.0637087
0.0622385
0.0604378
0.0583179
0.0558909
0.0531803
0.0502117
0.0470217
0.0436464
0.0401319
0.0365182
0.0328543
0.0291759
0.0255297
0.0219397
0.0184487
0.0150597
0.011815
0.0682733
0.0678774
0.0671252
0.066034
0.0646087
0.0628453
0.0607478
0.0583217
0.0555854
0.05256
0.04928
0.0457804
0.0421082
0.0383052
0.0344241
0.0305045
0.0265984
0.0227338
0.0189599
0.0152825
0.0117503
0.0705058
0.0701351
0.0694282
0.0683937
0.0670287
0.0653199
0.0632638
0.0608581
0.0581153
0.0550509
0.0516964
0.0480844
0.0442625
0.0402736
0.036174
0.0320068
0.0278299
0.0236757
0.0196003
0.0156129
0.0117694
0.0727403
0.0723996
0.0717468
0.0707818
0.0694927
0.067857
0.0658626
0.0634989
0.0607711
0.0576883
0.0542777
0.0505684
0.0466078
0.042439
0.0381218
0.0337025
0.0292452
0.0247867
0.020391
0.016071
0.0118908
0.07497
0.0746642
0.0740744
0.0731915
0.0719945
0.0704511
0.0685402
0.0662418
0.063553
0.0604751
0.0570299
0.0532419
0.049157
0.0448177
0.0402866
0.0356129
0.0308669
0.0260903
0.0213553
0.0166794
0.0121357
0.0771883
0.0769219
0.076404
0.075616
0.0745276
0.0730963
0.0712918
0.0690836
0.0664601
0.0634134
0.0599584
0.0561139
0.0519229
0.0474261
0.0426882
0.0377605
0.0327197
0.0276123
0.0225194
0.0174637
0.0125283
0.0793883
0.0791659
0.0787286
0.0780482
0.0770849
0.075786
0.0741115
0.0720201
0.0694903
0.0665038
0.0630676
0.0591926
0.0549179
0.0502807
0.0453469
0.0401691
0.03483
0.0293809
0.0239122
0.0184525
0.013096
0.0815635
0.0813897
0.0810412
0.0804806
0.0796588
0.0785129
0.0769928
0.075046
0.0726402
0.0697458
0.0663602
0.0624852
0.0581536
0.053398
0.0482837
0.0428638
0.0372262
0.0314267
0.0255657
0.0196779
0.0138699
0.0837077
0.0835865
0.0833347
0.0829059
0.0822416
0.081269
0.079928
0.0781546
0.0759051
0.0731374
0.0698379
0.0659972
0.0616406
0.0567938
0.0515198
0.0458705
0.0399382
0.033783
0.0275149
0.0211756
0.0148848
0.0858149
0.0857501
0.0856023
0.0853166
0.0848251
0.0840459
0.0829088
0.0813384
0.0792788
0.0766748
0.0735001
0.0697329
0.0653884
0.0604831
0.0550759
0.0492157
0.0429978
0.0364853
0.0297981
0.0229852
0.0161801
0.0878792
0.0878744
0.0878372
0.0877051
0.087401
0.0868347
0.0859259
0.0845883
0.0827535
0.0803523
0.0773447
0.0736944
0.0694044
0.0644798
0.0589726
0.0529265
0.0464379
0.0395719
0.0324572
0.0251505
0.0177999
0.0898954
0.0899536
0.0900329
0.0900642
0.0899609
0.0896261
0.0889694
0.0878945
0.0863199
0.0841626
0.0813671
0.0778815
0.073694
0.0687958
0.0632292
0.0570299
0.0502926
0.043083
0.0355374
0.0277199
0.0197936
0.0918585
0.0919823
0.0921833
0.0923864
0.0924964
0.0924105
0.0920287
0.0912459
0.0899671
0.088096
0.0855603
0.0822914
0.07826
0.0734412
0.0678636
0.0615521
0.0545968
0.0470611
0.0390872
0.0307464
0.0222161
0.0937641
0.0939556
0.0942826
0.0946649
0.094999
0.095178
0.0950926
0.0946302
0.0936826
0.092141
0.0899149
0.0869185
0.0831021
0.0784227
0.0728912
0.0665185
0.0593852
0.0515504
0.0431586
0.0342879
0.0251287
0.095608
0.0958689
0.0963252
0.096893
0.0974606
0.0979187
0.0981494
0.0980346
0.0974527
0.0962838
0.0944185
0.0917538
0.0882167
0.0837442
0.0783247
0.0719521
0.0646921
0.0565963
0.0478067
0.0384073
0.028599
0.0973867
0.097718
0.0983061
0.0990642
0.099873
0.100623
0.101187
0.101445
0.101262
0.100509
0.0990563
0.0967851
0.0935961
0.0894052
0.0841729
0.0778734
0.0705504
0.0622446
0.0530892
0.0431725
0.0327018
0.0990972
0.0994994
0.100221
0.101173
0.102229
0.10328
0.104194
0.104848
0.105095
0.104799
0.10381
0.101996
0.0992281
0.0954006
0.0904402
0.084299
0.0769904
0.0685407
0.0590656
0.0486561
0.0375189
0.100737
0.10121
0.102066
0.103213
0.10452
0.105882
0.107158
0.108227
0.108932
0.109134
0.10866
0.107368
0.105096
0.10172
0.0971252
0.0912406
0.0840388
0.0755285
0.0657967
0.0549347
0.0431395
0.102304
0.102847
0.103837
0.10518
0.106741
0.108418
0.110066
0.111569
0.112758
0.113493
0.113583
0.112877
0.111179
0.108347
0.10422
0.0987035
0.0917167
0.0832493
0.0733431
0.0620884
0.0496591
0.103796
0.104408
0.105531
0.10707
0.108885
0.11088
0.112908
0.114857
0.116552
0.117853
0.118554
0.118495
0.117449
0.115259
0.111709
0.106685
0.100038
0.0917396
0.0817637
0.0702003
0.0571785
0.105212
0.105892
0.107146
0.108878
0.110946
0.11326
0.115673
0.118078
0.120296
0.122192
0.123545
0.124193
0.123876
0.122425
0.119569
0.115175
0.109009
0.101029
0.0911143
0.079357
0.0658079
0.106552
0.107298
0.108681
0.110602
0.11292
0.115551
0.118349
0.121216
0.123971
0.126486
0.128527
0.129936
0.130422
0.129811
0.127769
0.12415
0.118624
0.111139
0.101445
0.0896504
0.0756769
0.107815
0.108625
0.110132
0.112239
0.114801
0.117745
0.120927
0.124258
0.127558
0.130709
0.133471
0.135689
0.137049
0.137371
0.136268
0.133581
0.128871
0.122084
0.112802
0.101174
0.0869282
0.109001
0.109873
0.111501
0.113786
0.116588
0.119838
0.123399
0.127192
0.131041
0.13484
0.138347
0.141415
0.143712
0.14506
0.145018
0.143422
0.13972
0.133858
0.125209
0.113986
0.0996338
0.110111
0.111041
0.112786
0.115244
0.118276
0.121825
0.125757
0.130006
0.134403
0.138854
0.143123
0.147069
0.150357
0.152805
0.15394
0.153581
0.151082
0.146372
0.138597
0.128027
0.113662
0.111145
0.11213
0.113986
0.116607
0.119861
0.123697
0.127989
0.132682
0.137619
0.142716
0.147749
0.152587
0.156898
0.160498
0.162901
0.163898
0.162784
0.159434
0.152814
0.143154
0.128891
0.112105
0.113141
0.115101
0.117875
0.121336
0.125442
0.130076
0.135196
0.140656
0.14639
0.152185
0.157927
0.163294
0.168112
0.171888
0.174407
0.174924
0.173273
0.168286
0.160159
0.146763
)
;

boundaryField
{
    inlet
    {
        type            zeroGradient;
    }
    outlet
    {
        type            fixedValue;
        value           nonuniform 0();
    }
    cylinder
    {
        type            zeroGradient;
    }
    top
    {
        type            symmetryPlane;
    }
    bottom
    {
        type            symmetryPlane;
    }
    frontAndBack
    {
        type            empty;
    }
    procBoundary0to1
    {
        type            processor;
        value           nonuniform List<scalar> 
216
(
0.186182
0.196734
0.207097
0.217268
0.217268
0.230949
0.241278
0.251395
0.251395
0.267598
0.277833
0.287806
0.297503
0.297503
0.314812
0.324522
0.333896
0.342922
0.342922
0.361623
0.370471
0.378907
0.386916
0.394487
0.394487
0.414175
0.42129
0.427902
0.433999
0.439572
0.444611
0.449108
0.453056
0.456446
0.459275
0.461536
0.461536
0.479112
0.48032
0.480912
0.480887
0.480245
0.478987
0.461249
0.461249
0.458902
0.455983
0.452499
0.448452
0.44385
0.4387
0.433009
0.426785
0.420039
0.412779
0.392561
0.392561
0.384804
0.376598
0.367955
0.358887
0.339533
0.339533
0.330249
0.320603
0.31061
0.292589
0.292589
0.282574
0.27227
0.254996
0.254996
0.244744
0.234254
0.219537
0.219537
0.209172
0.198595
0.187812
0.141297
0.124036
0.110069
0.0970089
0.0852336
0.0749831
0.0661196
0.0584315
0.0517624
0.0459949
0.0410252
0.0367573
0.0331047
0.0299911
0.0273495
0.025121
0.0232541
0.0217032
0.0204287
0.0193953
0.018572
0.0179316
0.0174497
0.0171047
0.0168776
0.0167513
0.0167106
0.0167419
0.0168332
0.0169738
0.0171541
0.0173658
0.0176012
0.017854
0.0181184
0.0183893
0.0186626
0.0189344
0.0192018
0.0194622
0.0197133
0.0199536
0.0201816
0.0203965
0.0205974
0.0207841
0.0209562
0.0211139
0.0212572
0.0213864
0.0215019
0.0216043
0.0216939
0.0217714
0.0218371
0.0218916
0.0219351
0.0219679
0.0219901
0.0220013
0.188091
0.188091
0.178589
0.168905
0.159033
0.148739
0.161708
0.161708
0.150584
0.150584
0.137244
0.147973
0.158258
0.168353
0.178264
0.187979
0.187979
0.0172799
0.0172672
0.0172424
0.0172055
0.0171567
0.0170955
0.0170215
0.0169342
0.0168328
0.0167166
0.0165845
0.0164359
0.0162697
0.0160851
0.0158811
0.015657
0.015412
0.0151456
0.0148572
0.0145466
0.0142137
0.0138589
0.0134828
0.0130862
0.0126708
0.0122385
0.0117919
0.0113344
0.0108702
0.0104045
0.00994356
0.0094948
0.00906716
0.00867111
0.00831896
0.00802503
0.00780595
0.0076809
0.00767199
0.00780456
0.0081076
0.0086142
0.00936204
0.0103939
0.0117584
0.0135103
0.0157118
0.0184326
0.0217511
0.0257554
0.0305436
0.0362235
0.0429105
0.0507306
0.0598438
0.0704647
0.0827527
0.0965052
0.111331
0.129461
)
;
    }
}


// ************************************************************************* //
