/*--------------------------------*- C++ -*----------------------------------*\
  =========                 |
  \\      /  F ield         | OpenFOAM: The Open Source CFD Toolbox
   \\    /   O peration     | Website:  https://openfoam.org
    \\  /    A nd           | Version:  7
     \\/     M anipulation  |
\*---------------------------------------------------------------------------*/
FoamFile
{
    version     2.0;
    format      ascii;
    class       volScalarField;
    location    "140";
    object      p;
}
// * * * * * * * * * * * * * * * * * * * * * * * * * * * * * * * * * * * * * //

dimensions      [0 2 -2 0 0 0 0];

internalField   nonuniform List<scalar> 
7156
(
-0.432804
-0.41813
-0.384844
-0.336989
-0.284077
-0.234884
-0.195014
-0.166075
-0.147613
-0.138271
-0.13672
-0.142322
-0.155479
-0.176021
-0.200224
-0.220556
-0.228919
-0.221522
-0.200927
-0.173641
-0.146274
-0.123053
-0.105613
-0.0940954
-0.0880861
-0.0869465
-0.0903649
-0.0988979
-0.113247
-0.132106
-0.441231
-0.426375
-0.392319
-0.343259
-0.288951
-0.23843
-0.197386
-0.167437
-0.148083
-0.137932
-0.135619
-0.140444
-0.152744
-0.172394
-0.195853
-0.215815
-0.224315
-0.217487
-0.197687
-0.171213
-0.144555
-0.121907
-0.104927
-0.0937982
-0.0881486
-0.0873577
-0.0911377
-0.100086
-0.114921
-0.134293
-0.449123
-0.434137
-0.399389
-0.349206
-0.293577
-0.241788
-0.199612
-0.168681
-0.148455
-0.137505
-0.134434
-0.138484
-0.149924
-0.168674
-0.19138
-0.210963
-0.2196
-0.21335
-0.194358
-0.16871
-0.142772
-0.120705
-0.104188
-0.0934523
-0.0881639
-0.0877221
-0.0918627
-0.101223
-0.11654
-0.136422
-0.456468
-0.441406
-0.406047
-0.354826
-0.297954
-0.244959
-0.201696
-0.169814
-0.148735
-0.136997
-0.133172
-0.136451
-0.147031
-0.164875
-0.186818
-0.206012
-0.214783
-0.209116
-0.190944
-0.166132
-0.140926
-0.119447
-0.103397
-0.0930563
-0.0881303
-0.0880376
-0.0925373
-0.102306
-0.118101
-0.138489
-0.463254
-0.448174
-0.412285
-0.360115
-0.302082
-0.247946
-0.203643
-0.17084
-0.148928
-0.136415
-0.131843
-0.134353
-0.144075
-0.161008
-0.182179
-0.200974
-0.209873
-0.204792
-0.187447
-0.163484
-0.139016
-0.118131
-0.102553
-0.0926089
-0.0880461
-0.0883021
-0.0931591
-0.103332
-0.119598
-0.140489
-0.469477
-0.454435
-0.418101
-0.365072
-0.305963
-0.250751
-0.205457
-0.171766
-0.149041
-0.135766
-0.130454
-0.1322
-0.141067
-0.157086
-0.177477
-0.195861
-0.204879
-0.200384
-0.183874
-0.160765
-0.137045
-0.116758
-0.101655
-0.0921088
-0.0879098
-0.0885137
-0.0937254
-0.104298
-0.121029
-0.142418
-0.475134
-0.460187
-0.423493
-0.369697
-0.309597
-0.253378
-0.207143
-0.172596
-0.149081
-0.135057
-0.129014
-0.130002
-0.138017
-0.15312
-0.172722
-0.190684
-0.199811
-0.195899
-0.180227
-0.15798
-0.135013
-0.115329
-0.100702
-0.0915551
-0.0877197
-0.0886704
-0.094234
-0.105201
-0.12239
-0.14427
-0.480226
-0.465431
-0.42846
-0.373989
-0.312986
-0.255832
-0.208706
-0.173338
-0.149055
-0.134296
-0.127529
-0.127766
-0.134935
-0.149122
-0.167928
-0.185455
-0.194679
-0.191344
-0.176511
-0.155131
-0.132921
-0.113843
-0.0996935
-0.0909468
-0.0874745
-0.0887705
-0.0946826
-0.106038
-0.123676
-0.146042
-0.484756
-0.470168
-0.433003
-0.377952
-0.316134
-0.258116
-0.210151
-0.173996
-0.148968
-0.13349
-0.12601
-0.125502
-0.131832
-0.145104
-0.163107
-0.180186
-0.189492
-0.186725
-0.172731
-0.15222
-0.130771
-0.112301
-0.0986302
-0.0902831
-0.0871731
-0.0888123
-0.095069
-0.106805
-0.124884
-0.14773
-0.488733
-0.474404
-0.437126
-0.381586
-0.319044
-0.260234
-0.211484
-0.174578
-0.148828
-0.132645
-0.124462
-0.123217
-0.128718
-0.141076
-0.15827
-0.174888
-0.184259
-0.182051
-0.168891
-0.14925
-0.128564
-0.110703
-0.0975114
-0.0895634
-0.0868141
-0.0887943
-0.0953913
-0.107501
-0.126011
-0.149329
-0.492166
-0.478147
-0.440833
-0.384897
-0.32172
-0.262193
-0.21271
-0.175088
-0.14864
-0.131769
-0.122893
-0.120921
-0.125601
-0.13705
-0.15343
-0.169573
-0.178992
-0.177328
-0.164997
-0.146224
-0.126302
-0.10905
-0.0963373
-0.088787
-0.0863967
-0.0887151
-0.0956476
-0.108123
-0.127054
-0.150835
-0.495067
-0.481404
-0.444131
-0.387889
-0.324167
-0.263996
-0.213835
-0.175534
-0.148411
-0.130869
-0.121311
-0.118621
-0.12249
-0.133036
-0.148598
-0.164253
-0.173699
-0.172563
-0.161054
-0.143146
-0.123987
-0.107344
-0.0951079
-0.0879536
-0.08592
-0.0885734
-0.0958361
-0.108668
-0.128009
-0.152246
-0.497451
-0.484187
-0.447025
-0.390567
-0.32639
-0.26565
-0.214865
-0.17592
-0.148147
-0.12995
-0.119723
-0.116325
-0.119394
-0.129044
-0.143784
-0.158937
-0.168391
-0.167764
-0.157067
-0.14002
-0.12162
-0.105584
-0.0938237
-0.0870631
-0.0853832
-0.0883681
-0.0959554
-0.109135
-0.128875
-0.153557
-0.499335
-0.486507
-0.449525
-0.392937
-0.328395
-0.26716
-0.215805
-0.176253
-0.147855
-0.129019
-0.118135
-0.11404
-0.116322
-0.125084
-0.138999
-0.153638
-0.163076
-0.162938
-0.153041
-0.136847
-0.119204
-0.103772
-0.0924852
-0.0861152
-0.0847859
-0.0880982
-0.0960038
-0.109521
-0.129647
-0.154765
-0.500737
-0.488378
-0.45164
-0.395006
-0.330187
-0.268531
-0.216661
-0.176539
-0.147539
-0.128083
-0.116555
-0.111774
-0.11328
-0.121164
-0.134253
-0.148366
-0.157766
-0.158094
-0.148981
-0.133633
-0.116741
-0.101911
-0.091093
-0.0851102
-0.0841275
-0.0877628
-0.0959803
-0.109825
-0.130324
-0.155867
-0.501677
-0.489815
-0.45338
-0.396782
-0.331772
-0.269769
-0.217439
-0.176783
-0.147207
-0.127147
-0.114988
-0.109531
-0.110276
-0.117294
-0.129556
-0.143129
-0.152468
-0.153228
-0.144894
-0.13038
-0.114233
-0.0999998
-0.0896479
-0.0840482
-0.0834078
-0.0873614
-0.0958837
-0.110044
-0.130903
-0.156861
-0.502174
-0.490833
-0.454754
-0.398272
-0.333157
-0.270881
-0.218143
-0.176991
-0.146862
-0.126216
-0.113439
-0.10732
-0.107318
-0.113481
-0.124916
-0.137939
-0.147194
-0.148344
-0.140784
-0.127093
-0.111684
-0.0980419
-0.0881509
-0.0829296
-0.0826267
-0.0868933
-0.0957132
-0.110179
-0.131383
-0.157744
-0.502251
-0.491448
-0.455776
-0.399485
-0.334349
-0.271871
-0.21878
-0.177167
-0.146511
-0.125296
-0.111916
-0.105146
-0.10441
-0.109732
-0.120344
-0.132804
-0.141952
-0.143711
-0.136658
-0.123776
-0.109096
-0.0960386
-0.0866032
-0.0817551
-0.0817844
-0.0863583
-0.095468
-0.110227
-0.131762
-0.158513
-0.50193
-0.491676
-0.456456
-0.400429
-0.335355
-0.272746
-0.219355
-0.177318
-0.146158
-0.124392
-0.110423
-0.103015
-0.10156
-0.106054
-0.115846
-0.127733
-0.136748
-0.138823
-0.132518
-0.120432
-0.106471
-0.0939918
-0.0850061
-0.0805253
-0.0808809
-0.0857562
-0.0951476
-0.110187
-0.132038
-0.159168
-0.501235
-0.491534
-0.456806
-0.401113
-0.336181
-0.273512
-0.219872
-0.177447
-0.145808
-0.123509
-0.108964
-0.100931
-0.0987719
-0.102455
-0.111429
-0.122734
-0.13159
-0.133962
-0.128374
-0.117066
-0.103812
-0.0919038
-0.083361
-0.0792412
-0.0799168
-0.085087
-0.0947516
-0.110059
-0.132211
-0.159705
-0.500186
-0.491039
-0.456839
-0.401547
-0.336835
-0.274175
-0.220338
-0.17756
-0.145466
-0.122651
-0.107545
-0.0988999
-0.0960515
-0.0989383
-0.107102
-0.117814
-0.126488
-0.129142
-0.124229
-0.113681
-0.101123
-0.0897767
-0.0816696
-0.0779038
-0.0788925
-0.0843508
-0.09428
-0.109843
-0.132279
-0.160124
-0.498798
-0.490207
-0.456566
-0.401739
-0.337324
-0.274739
-0.220756
-0.17766
-0.145136
-0.121822
-0.10617
-0.0969258
-0.0934031
-0.0955106
-0.10287
-0.112981
-0.121451
-0.124364
-0.12009
-0.110281
-0.0984065
-0.0876129
-0.0799336
-0.0765143
-0.0778089
-0.0835479
-0.0937327
-0.109538
-0.132243
-0.160424
-0.489054
-0.456002
-0.4017
-0.337655
-0.275212
-0.221132
-0.177753
-0.144821
-0.121026
-0.104842
-0.0950128
-0.0908309
-0.0921759
-0.0987395
-0.108241
-0.116485
-0.119628
-0.115961
-0.106872
-0.0956657
-0.0854148
-0.0781549
-0.0750742
-0.0766667
-0.0826789
-0.09311
-0.109144
-0.1321
-0.160603
-0.487596
-0.455157
-0.401439
-0.337836
-0.275598
-0.221469
-0.177841
-0.144526
-0.120267
-0.103566
-0.0931647
-0.0883386
-0.0889385
-0.094715
-0.103601
-0.111597
-0.11494
-0.111847
-0.103456
-0.0929038
-0.083185
-0.0763355
-0.073585
-0.0754671
-0.0817444
-0.0924122
-0.108661
-0.131852
-0.160663
-0.485851
-0.454046
-0.400966
-0.337873
-0.275902
-0.221772
-0.177929
-0.144254
-0.119547
-0.102344
-0.0913848
-0.0859295
-0.0858019
-0.0908015
-0.0990659
-0.106794
-0.110305
-0.107755
-0.100038
-0.0901242
-0.0809262
-0.0744777
-0.0720483
-0.0742112
-0.0807453
-0.0916401
-0.10809
-0.131499
-0.160601
-0.483833
-0.452679
-0.40029
-0.337774
-0.27613
-0.222045
-0.178019
-0.144008
-0.118871
-0.101179
-0.0896761
-0.0836066
-0.0827691
-0.0870029
-0.0946406
-0.10208
-0.105729
-0.103689
-0.096623
-0.08733
-0.0786412
-0.0725837
-0.0704661
-0.0729004
-0.0796825
-0.0907944
-0.107432
-0.13104
-0.160419
-0.481556
-0.451069
-0.399421
-0.337546
-0.276287
-0.222292
-0.178116
-0.143791
-0.118241
-0.100074
-0.0880413
-0.0813724
-0.0798428
-0.0833228
-0.0903298
-0.097462
-0.101217
-0.0996542
-0.0932137
-0.0845246
-0.0763327
-0.0706559
-0.0688402
-0.0715363
-0.0785573
-0.0898759
-0.106686
-0.130478
-0.160116
-0.479036
-0.449229
-0.398369
-0.337196
-0.276378
-0.222516
-0.178222
-0.143606
-0.117658
-0.099032
-0.0864827
-0.0792294
-0.0770252
-0.0797642
-0.0861374
-0.0929441
-0.0967735
-0.0956561
-0.0898146
-0.0817115
-0.0740036
-0.0686969
-0.0671729
-0.0701206
-0.0773708
-0.0888859
-0.105855
-0.129812
-0.159694
-0.476287
-0.44717
-0.397143
-0.336731
-0.276407
-0.222721
-0.178339
-0.143454
-0.117126
-0.0980536
-0.0850024
-0.0771793
-0.0743181
-0.0763295
-0.0820668
-0.0885307
-0.0924037
-0.0916998
-0.0864296
-0.0788938
-0.0716569
-0.0667091
-0.0654663
-0.068655
-0.0761246
-0.0878257
-0.10494
-0.129043
-0.159154
-0.47332
-0.444903
-0.395753
-0.336157
-0.276379
-0.22291
-0.17847
-0.143339
-0.116646
-0.0971412
-0.0836019
-0.0752238
-0.0717229
-0.0730208
-0.0781212
-0.0842257
-0.0881126
-0.0877927
-0.0830627
-0.0760749
-0.0692956
-0.0646955
-0.0637229
-0.0671415
-0.0748203
-0.0866967
-0.103941
-0.128175
-0.158496
-0.470148
-0.442441
-0.394208
-0.335481
-0.276298
-0.223084
-0.178617
-0.143261
-0.116221
-0.0962962
-0.0822826
-0.0733642
-0.0692407
-0.0698397
-0.0743029
-0.0800326
-0.0839046
-0.0839353
-0.0797174
-0.0732581
-0.0669225
-0.0626586
-0.0619451
-0.0655823
-0.0734596
-0.0855004
-0.102862
-0.127207
-0.157722
-0.466784
-0.439795
-0.392517
-0.334709
-0.276168
-0.223248
-0.178782
-0.143222
-0.11585
-0.0955198
-0.0810456
-0.0716016
-0.0668723
-0.0667874
-0.0706141
-0.0759543
-0.0797841
-0.0801128
-0.0763966
-0.0704465
-0.0645408
-0.0606013
-0.0601355
-0.0639795
-0.0720445
-0.0842388
-0.101702
-0.126141
-0.156834
-0.463239
-0.436975
-0.390691
-0.333849
-0.275993
-0.223404
-0.178967
-0.143225
-0.115536
-0.0948129
-0.0798916
-0.0699367
-0.0646182
-0.0638645
-0.0670564
-0.0719935
-0.0757545
-0.0763332
-0.0731034
-0.0676434
-0.0621535
-0.0585265
-0.0582968
-0.0623355
-0.0705768
-0.0829136
-0.100466
-0.124981
-0.155833
-0.187744
-0.459523
-0.433993
-0.388736
-0.332904
-0.275776
-0.223553
-0.179172
-0.143269
-0.115279
-0.0941762
-0.078821
-0.0683699
-0.0624787
-0.0610717
-0.0636311
-0.0681522
-0.0718195
-0.0726028
-0.0698417
-0.064852
-0.0597634
-0.0564372
-0.0564318
-0.0606529
-0.0690588
-0.0815269
-0.0991533
-0.123728
-0.154723
-0.186949
-0.455646
-0.430859
-0.386664
-0.331883
-0.275522
-0.223698
-0.1794
-0.143355
-0.115081
-0.0936103
-0.0778343
-0.0669015
-0.0604538
-0.0584089
-0.0603391
-0.0644322
-0.0679816
-0.068918
-0.066618
-0.0620755
-0.0573738
-0.0543362
-0.0545432
-0.0589341
-0.0674927
-0.0800808
-0.097768
-0.122383
-0.153505
-0.186036
-0.451619
-0.427584
-0.384481
-0.33079
-0.275232
-0.22384
-0.179651
-0.143485
-0.114941
-0.0931155
-0.0769312
-0.0655312
-0.0585431
-0.0558762
-0.0571809
-0.0608347
-0.0642437
-0.0653271
-0.0634374
-0.059317
-0.0549875
-0.0522266
-0.0526341
-0.0571818
-0.065881
-0.0785777
-0.0963119
-0.120951
-0.152181
-0.185008
-0.447451
-0.424179
-0.382197
-0.32963
-0.274911
-0.22398
-0.179926
-0.143659
-0.114861
-0.0926919
-0.0761116
-0.0642589
-0.0567464
-0.0534732
-0.0541569
-0.0573608
-0.0606095
-0.0618361
-0.0603012
-0.0565797
-0.0526075
-0.0501113
-0.0507072
-0.0553989
-0.0642259
-0.0770198
-0.0947877
-0.119434
-0.150755
-0.183866
-0.443151
-0.420654
-0.37982
-0.328409
-0.27456
-0.224121
-0.180226
-0.143877
-0.11484
-0.0923396
-0.0753752
-0.063084
-0.0550629
-0.0511993
-0.0512671
-0.0540109
-0.0570806
-0.0584289
-0.0572119
-0.0538671
-0.0502367
-0.0479932
-0.0487658
-0.0535881
-0.0625303
-0.0754096
-0.093198
-0.117833
-0.149229
-0.182614
-0.417019
-0.377358
-0.327132
-0.274183
-0.224264
-0.180551
-0.144139
-0.114878
-0.0920584
-0.0747212
-0.0620056
-0.0534919
-0.0490538
-0.0485113
-0.0507854
-0.0536574
-0.0551007
-0.0541734
-0.0511822
-0.0478779
-0.0458754
-0.0468126
-0.0517525
-0.0607966
-0.0737498
-0.0915455
-0.116154
-0.147607
-0.181255
-0.413285
-0.37482
-0.325803
-0.273781
-0.224409
-0.180901
-0.144445
-0.114975
-0.0918479
-0.0741489
-0.0610226
-0.0520321
-0.0470357
-0.0458891
-0.047684
-0.0503406
-0.051853
-0.0511891
-0.0485285
-0.0455342
-0.0437606
-0.0448509
-0.0498949
-0.0590276
-0.0720428
-0.0898331
-0.114397
-0.145891
-0.179792
-0.409462
-0.372212
-0.324427
-0.273356
-0.224555
-0.181276
-0.144794
-0.11513
-0.0917069
-0.0736569
-0.0601334
-0.0506822
-0.0451438
-0.0433999
-0.0447062
-0.0471303
-0.0486874
-0.0482623
-0.0459092
-0.0432083
-0.0416519
-0.0428836
-0.0480185
-0.0572262
-0.0702916
-0.0880637
-0.112567
-0.144085
-0.178227
-0.40556
-0.369541
-0.323007
-0.27291
-0.224704
-0.181675
-0.145186
-0.115342
-0.0916351
-0.0732443
-0.0593367
-0.0494409
-0.043377
-0.0410434
-0.0418517
-0.0440267
-0.045606
-0.0453964
-0.0433275
-0.0409032
-0.0395521
-0.0409138
-0.0461263
-0.0553953
-0.0684988
-0.0862403
-0.110667
-0.142192
-0.176564
-0.401589
-0.366818
-0.321552
-0.272451
-0.224863
-0.182105
-0.145626
-0.115617
-0.0916359
-0.0729134
-0.0586335
-0.0483085
-0.0417356
-0.0388202
-0.0391212
-0.0410305
-0.0426115
-0.0425954
-0.0407873
-0.0386221
-0.0374642
-0.0389445
-0.0442215
-0.0535378
-0.0666672
-0.084366
-0.1087
-0.140214
-0.174806
-0.397559
-0.364053
-0.320074
-0.271989
-0.225041
-0.182574
-0.14612
-0.115957
-0.0917124
-0.0726658
-0.0580239
-0.0472848
-0.0402192
-0.0367301
-0.0365137
-0.0381412
-0.0397059
-0.0398626
-0.0382934
-0.036369
-0.0353916
-0.0369791
-0.0423073
-0.0516567
-0.0647999
-0.0824439
-0.106669
-0.138157
-0.172956
-0.393479
-0.361242
-0.318554
-0.271496
-0.225205
-0.183049
-0.146639
-0.116339
-0.0918431
-0.0724832
-0.0574919
-0.046356
-0.0388158
-0.0347632
-0.0340207
-0.0353506
-0.036884
-0.0371888
-0.0358477
-0.0341468
-0.0333374
-0.0350207
-0.0403872
-0.0497554
-0.0628998
-0.0804773
-0.104579
-0.136021
-0.171017
-0.389352
-0.358355
-0.316931
-0.270892
-0.225271
-0.18345
-0.147113
-0.116703
-0.0919817
-0.0723288
-0.0570078
-0.0454977
-0.0375068
-0.0329069
-0.0316329
-0.0326479
-0.034133
-0.0345743
-0.0334432
-0.0319523
-0.0313009
-0.033071
-0.0384638
-0.0478366
-0.0609696
-0.0784693
-0.102432
-0.133815
-0.168998
-0.385195
-0.355432
-0.315272
-0.270267
-0.225338
-0.183876
-0.147632
-0.117131
-0.0921973
-0.0722623
-0.0566225
-0.0447552
-0.0363353
-0.0312054
-0.0293939
-0.0300711
-0.0314844
-0.0321414
-0.0310912
-0.0297895
-0.0292825
-0.0311292
-0.0365377
-0.045902
-0.0590116
-0.0764227
-0.100233
-0.131542
-0.166902
-0.381082
-0.352752
-0.314031
-0.270175
-0.225986
-0.184875
-0.148681
-0.11803
-0.0928276
-0.0725593
-0.056561
-0.0443146
-0.0354567
-0.0297851
-0.0274108
-0.0277298
-0.0290681
-0.0297778
-0.0289122
-0.0277426
-0.0273316
-0.0292187
-0.0346171
-0.0439569
-0.0570329
-0.0743408
-0.0979717
-0.129168
-0.164657
-0.376999
-0.350336
-0.313242
-0.270647
-0.22723
-0.186442
-0.150237
-0.119364
-0.09382
-0.0731511
-0.0567399
-0.0440791
-0.0347493
-0.028489
-0.0255045
-0.0254636
-0.02679
-0.0276588
-0.0269783
-0.0259115
-0.0255456
-0.0274149
-0.032752
-0.0420324
-0.0550556
-0.0722357
-0.0956321
-0.126629
-0.16214
-0.346462
-0.310258
-0.268525
-0.225807
-0.1855
-0.149557
-0.118768
-0.0931698
-0.0723428
-0.0557138
-0.0427904
-0.0331018
-0.0263398
-0.0227773
-0.022323
-0.0235545
-0.0246485
-0.0243157
-0.023625
-0.023545
-0.025578
-0.0309393
-0.0401399
-0.0530515
-0.0701229
-0.0934203
-0.124433
-0.160275
-0.337005
-0.300565
-0.259345
-0.21759
-0.178368
-0.143396
-0.113345
-0.0882194
-0.0676152
-0.050975
-0.0378388
-0.0278121
-0.0205281
-0.0159414
-0.013935
-0.0135285
-0.0135396
-0.0135932
-0.0141664
-0.0156067
-0.0191282
-0.0254383
-0.0347481
-0.0472811
-0.0644401
-0.089102
-0.122879
-0.162312
-0.314497
-0.280555
-0.242602
-0.20421
-0.167962
-0.135342
-0.106979
-0.0829365
-0.0629208
-0.0465192
-0.0333372
-0.0229354
-0.0149808
-0.00958846
-0.00694907
-0.00639581
-0.00674739
-0.00717095
-0.00753289
-0.00924666
-0.0131452
-0.0198195
-0.0294213
-0.0421978
-0.0596091
-0.0844644
-0.118279
-0.157436
-0.293188
-0.261881
-0.227069
-0.191759
-0.158176
-0.127654
-0.10081
-0.0777737
-0.058339
-0.0421885
-0.028994
-0.018338
-0.00991032
-0.00386226
-0.000535401
0.000447859
0.000235924
-0.000469952
-0.00143133
-0.00355326
-0.0077664
-0.0147587
-0.0247073
-0.0377912
-0.055301
-0.0797557
-0.112567
-0.150496
-0.272599
-0.243846
-0.212035
-0.179674
-0.14866
-0.120179
-0.0948321
-0.0728028
-0.0539695
-0.038095
-0.024923
-0.0140895
-0.00529781
0.00132348
0.00538147
0.00700523
0.00708417
0.00625934
0.00489199
0.00235898
-0.002235
-0.00954013
-0.019689
-0.0328343
-0.0502116
-0.074195
-0.106228
-0.143547
-0.252964
-0.226725
-0.19776
-0.168155
-0.139536
-0.112975
-0.0890598
-0.0680197
-0.0498062
-0.034247
-0.0211502
-0.0102196
-0.00117376
0.0059016
0.0106111
0.0128651
0.0132542
0.0124889
0.0109205
0.00808464
0.0032083
-0.00425666
-0.0143888
-0.0273701
-0.0444696
-0.0680368
-0.0995799
-0.13655
-0.234529
-0.210649
-0.184298
-0.157219
-0.130816
-0.106057
-0.0835116
-0.0634419
-0.0458623
-0.030655
-0.0176826
-0.00672147
0.00248274
0.00989245
0.0151436
0.017993
0.0187684
0.0181298
0.0164382
0.0133969
0.00837443
0.000916907
-0.0090344
-0.0217178
-0.0384452
-0.0615462
-0.0925149
-0.128821
-0.217375
-0.19565
-0.17167
-0.14689
-0.122523
-0.0994464
-0.0782042
-0.0590815
-0.0421441
-0.0273219
-0.0145202
-0.00358435
0.00569976
0.0133388
0.0190235
0.0224283
0.0236464
0.0231935
0.0214556
0.0182982
0.0132427
0.00591949
-0.00373634
-0.0160222
-0.0322681
-0.054731
-0.0848353
-0.120139
-0.201504
-0.18172
-0.159867
-0.137165
-0.114664
-0.0931512
-0.0731465
-0.0549455
-0.0386546
-0.0242458
-0.0116585
-0.000796023
0.00850535
0.0162845
0.0222982
0.0261958
0.027884
0.0276969
0.0260111
0.0228326
0.0178427
0.0107578
0.00149813
-0.010288
-0.0259219
-0.0475499
-0.0765552
-0.110695
-0.186867
-0.168815
-0.148862
-0.128033
-0.107234
-0.0871752
-0.0683432
-0.0510371
-0.0353936
-0.0214219
-0.00908887
0.00165734
0.0109264
0.0187717
0.0250168
0.0293279
0.031489
0.0316476
0.0301236
0.027029
0.0222023
0.0154514
0.00668294
-0.00450462
-0.0194087
-0.0400603
-0.0678395
-0.100696
-0.173386
-0.156871
-0.138612
-0.11947
-0.100227
-0.0815168
-0.0637948
-0.0473562
-0.0323582
-0.0188424
-0.00679897
0.00379147
0.0129885
0.0208411
0.0272318
0.03187
0.0344809
0.0350483
0.033798
0.0309022
0.0263383
0.020009
0.0118129
0.00130188
-0.0127904
-0.0323807
-0.0588402
-0.0902687
-0.160966
-0.145819
-0.129072
-0.11145
-0.0936285
-0.0761705
-0.0594987
-0.0438996
-0.029543
-0.0164973
-0.0047739
0.00562435
0.0147159
0.0225312
0.0289963
0.0338766
0.0368898
0.0379017
0.0370275
0.0344491
0.0302495
0.0244204
0.0168595
0.00707688
-0.00615292
-0.0246225
-0.0496761
-0.079555
-0.149514
-0.135585
-0.120192
-0.103944
-0.0874224
-0.0711281
-0.0554495
-0.0406617
-0.0269407
-0.0143753
-0.00299687
0.00717613
0.0161324
0.0238769
0.0303611
0.0354063
0.0387547
0.040216
0.0397951
0.037644
0.0339077
0.0286505
0.0217729
0.0127527
0.000419003
-0.0168897
-0.0404859
-0.0687435
-0.13894
-0.126101
-0.111923
-0.0969195
-0.0815907
-0.0663791
-0.0516399
-0.037635
-0.0245417
-0.0124637
-0.00144996
0.00846877
0.0172619
0.0249097
0.0313717
0.036518
0.0401315
0.0420098
0.0420806
0.0404414
0.0372556
0.0326343
0.02648
0.0182487
0.00683314
-0.00930622
-0.0314456
-0.0580451
-0.12916
-0.117302
-0.10422
-0.0903475
-0.0761145
-0.0619112
-0.0480609
-0.0348104
-0.0223353
-0.0107488
-0.000114798
0.00952527
0.0181294
0.0256584
0.0320685
0.037265
0.0410771
0.0433166
0.0438739
0.04279
0.0402146
0.0362781
0.0308799
0.0234619
0.012975
-0.00202397
-0.0227481
-0.0476624
-0.120098
-0.109128
-0.0970398
-0.084198
-0.0709741
-0.0577112
-0.044702
-0.0321777
-0.0203095
-0.0092161
0.00102709
0.0103689
0.0187604
0.0261501
0.032487
0.0376957
0.0416463
0.0441821
0.0451841
0.0446515
0.0427049
0.0394731
0.0348487
0.0282637
0.0187024
0.00478645
-0.0145776
-0.0377651
-0.111687
-0.101525
-0.0903406
-0.0784423
-0.0661498
-0.0537651
-0.0415521
-0.0297259
-0.0184518
-0.00785052
0.00199409
0.0110225
0.019181
0.0264117
0.0326571
0.0378504
0.0418918
0.044659
0.0460422
0.0460161
0.0446707
0.0421227
0.0382603
0.0325081
0.0238511
0.0109539
-0.00708049
-0.0284623
-0.103867
-0.0944438
-0.0840851
-0.0730528
-0.0616222
-0.0500585
-0.0385991
-0.0274432
-0.0167489
-0.00663673
0.00280438
0.0115081
0.0194168
0.0264702
0.0326062
0.0377624
0.0418591
0.0448005
0.0464948
0.0469062
0.0460983
0.0441721
0.0410177
0.0360593
0.0282619
0.0163434
-0.000329775
-0.0197886
-0.0965839
-0.0878394
-0.0782385
-0.0680034
-0.0573718
-0.0465766
-0.0358308
-0.0253178
-0.0151878
-0.00555944
0.00347584
0.0118468
0.0194924
0.0263521
0.0323624
0.0374626
0.0415848
0.0446539
0.0465947
0.0473682
0.0470164
0.0456226
0.0430831
0.0388348
0.031837
0.0209053
0.00569125
-0.01173
-0.0897897
-0.0816716
-0.0727684
-0.0632695
-0.0533801
-0.0433049
-0.0332346
-0.0233376
-0.0137555
-0.00460363
0.00402581
0.0120585
0.0194312
0.026083
0.031952
0.0369782
0.0411012
0.0442601
0.0463922
0.0474584
0.0474818
0.046525
0.0444897
0.0408433
0.0345892
0.024695
0.0110562
-0.00428144
-0.0834418
-0.0759038
-0.0676451
-0.0588277
-0.049629
-0.0402288
-0.0307981
-0.0214906
-0.0124391
-0.00375477
0.00447098
0.0121625
0.0192548
0.0256874
0.0314004
0.0363356
0.0404378
0.0436543
0.0459317
0.0472311
0.0475597
0.0469563
0.0453246
0.042181
0.0366316
0.0278276
0.0158263
0.00250776
-0.0775019
-0.0705028
-0.0628413
-0.054656
-0.0461011
-0.0373345
-0.028509
-0.0197649
-0.0112262
-0.002999
0.00482717
0.0121765
0.0189835
0.0251879
0.0307324
0.0355608
0.0396217
0.0428676
0.0452512
0.0467343
0.0473105
0.0469957
0.045693
0.0429814
0.0381078
0.030403
0.0200048
0.00854084
-0.0719357
-0.0654386
-0.0583316
-0.0507341
-0.0427799
-0.0346082
-0.0263554
-0.0181494
-0.010105
-0.00232324
0.00510923
0.0121175
0.0186362
0.0246058
0.0299711
0.0346784
0.038679
0.041929
0.0443851
0.0460097
0.0467863
0.0467108
0.0456867
0.0433601
0.0391256
0.0324683
0.0235519
0.0137254
-0.0667123
-0.0606837
-0.0540928
-0.0470427
-0.0396499
-0.032037
-0.024326
-0.016633
-0.00906437
-0.00171522
0.00533091
0.0120009
0.0182303
0.0239605
0.0291379
0.0337115
0.0376348
0.0408663
0.0433655
0.0450952
0.0460318
0.0461562
0.045374
0.0433951
0.0397468
0.0340397
0.0264363
0.0180247
-0.061804
-0.0562136
-0.0501038
-0.0435642
-0.0366964
-0.0296087
-0.02241
-0.0152056
-0.00809369
-0.00116362
0.00550488
0.011841
0.0177816
0.0232697
0.0282527
0.0326819
0.0365132
0.0397065
0.042223
0.0440264
0.0450879
0.045378
0.0448066
0.0431394
0.0400135
0.0351406
0.028673
0.0214744
-0.0571858
-0.0520057
-0.0463451
-0.0402821
-0.0339057
-0.0273115
-0.0205969
-0.0138574
-0.00718331
-0.000658055
0.00564263
0.0116506
0.0173047
0.0225492
0.0273332
0.0316098
0.0353366
0.0384746
0.0409865
0.0428365
0.0439926
0.0444183
0.0440296
0.0426389
0.0399713
0.0358194
0.0303241
0.0241671
-0.0528354
-0.0480396
-0.0427989
-0.0371813
-0.031265
-0.0251347
-0.0188774
-0.0125797
-0.00632433
-0.000189093
0.00575451
0.0114414
0.0168123
0.0218135
0.0263955
0.0305133
0.0341255
0.0371941
0.0396831
0.041557
0.0427818
0.0433173
0.0430866
0.0419406
0.0396735
0.0361424
0.0314771
0.0262162
-0.0487325
-0.044297
-0.0394489
-0.0342478
-0.0287626
-0.0230682
-0.0172427
-0.0113642
-0.00550867
0.000251703
0.00584969
0.0112234
0.0163159
0.0210755
0.0254544
0.0294085
0.032898
0.0358861
0.0383371
0.0402163
0.0414887
0.0421125
0.0420191
0.0410902
0.0391748
0.0361799
0.0322233
0.0277331
-0.0448587
-0.0407611
-0.0362803
-0.0314688
-0.0263875
-0.0211027
-0.0156845
-0.0102034
-0.00472908
0.000671816
0.00593627
0.0110056
0.0158256
0.0203464
0.0245221
0.0283098
0.031671
0.0345694
0.0369705
0.0388401
0.0401429
0.0408379
0.0408644
0.0401299
0.0385252
0.0359947
0.0326455
0.0288196
-0.0411975
-0.0374167
-0.0332797
-0.0288328
-0.0241298
-0.0192298
-0.0141955
-0.00909082
-0.00397916
0.00107779
0.00602121
0.0107958
0.01535
0.019636
0.0236095
0.0272298
0.0304586
0.0332606
0.0356024
0.0374506
0.0387705
0.0395229
0.0396551
0.0390952
0.0377664
0.0356398
0.0328133
0.02956
-0.0377341
-0.0342501
-0.0304348
-0.026329
-0.0219805
-0.0174418
-0.0127692
-0.00802035
-0.00325327
0.00147525
0.00611048
0.0106005
0.0148964
0.0189524
0.0227263
0.0261789
0.0292729
0.0319737
0.0342492
0.036067
0.0373935
0.0381921
0.0384178
0.0380153
0.0369322
0.0351583
0.0327823
0.0300245
-0.0344547
-0.031249
-0.0277346
-0.0239479
-0.0199313
-0.0157317
-0.0113994
-0.0069868
-0.00254658
0.00186896
0.00620904
0.010425
0.0144706
0.0183026
0.0218805
0.0251662
0.028124
0.0307207
0.0329248
0.0347052
0.0360301
0.0368659
0.0371744
0.0369138
0.0360497
0.0345842
0.0325977
0.0302694
-0.0313473
-0.028402
-0.025169
-0.0216807
-0.0179748
-0.0140932
-0.010081
-0.00598559
-0.00185496
0.00226289
0.00632092
0.0102737
0.0140778
0.0176921
0.0210779
0.0241989
0.0270208
0.0295115
0.0316407
0.0333785
0.0346952
0.0355605
0.0359423
0.0358092
0.0351399
0.0339449
0.0322956
0.0303396
-0.0284007
-0.0256989
-0.0227289
-0.0195196
-0.0161043
-0.0125207
-0.00880933
-0.00501284
-0.00117499
0.00266022
0.00644932
0.01015
0.0137215
0.017125
0.0203238
0.0232832
0.0259702
0.0283542
0.030406
0.0320973
0.0334006
0.0342887
0.0347349
0.0347159
0.0342195
0.0332613
0.0319048
0.0302718
-0.0256048
-0.0231306
-0.0204062
-0.0174574
-0.0143139
-0.0110094
-0.00758034
-0.00406523
-0.000503879
0.00306343
0.00659661
0.0100563
0.0134045
0.0166047
0.019622
0.0224233
0.0249773
0.0272548
0.0292279
0.0308699
0.0321555
0.0330604
0.0335626
0.0336448
0.0333014
0.0325506
0.0314483
0.0300954
-0.0229505
-0.0206886
-0.0181935
-0.0154878
-0.0125982
-0.0095549
-0.00639057
-0.00314003
0.000160564
0.00347437
0.00676448
0.00999448
0.0131288
0.0161332
0.0189748
0.0216223
0.024046
0.0262179
0.0281117
0.0297023
0.0309666
0.0318829
0.0324331
0.0326045
0.0323958
0.0318262
0.0309444
0.0298345
-0.0204293
-0.0183655
-0.0160839
-0.013605
-0.0109525
-0.00815342
-0.00523709
-0.00223502
0.000819994
0.00389429
0.00695398
0.00996536
0.0128954
0.0157119
0.018384
0.0208824
0.0231788
0.0252467
0.0270611
0.0285989
0.0298387
0.0307615
0.0313521
0.0316013
0.0315106
0.0310989
0.0304082
0.0295073
-0.0180336
-0.0161543
-0.0140717
-0.0118041
-0.00937268
-0.00680166
-0.00411745
-0.00134844
0.00147558
0.00432395
0.00716556
0.0099693
0.0127045
0.0153412
0.0178503
0.0202044
0.0223771
0.0243431
0.0260786
0.0275624
0.0287751
0.0296998
0.0303235
0.0306399
0.030652
0.0303773
0.0298525
0.0291354
-0.0157566
-0.0140487
-0.0121512
-0.0100803
-0.00785496
-0.0054968
-0.00302961
-0.000478978
0.00212808
0.00476363
0.00739916
0.0100061
0.0125559
0.0150208
0.0173737
0.0195887
0.0216413
0.0235074
0.0251649
0.0265942
0.0277775
0.0286997
0.02935
0.0297235
0.0298242
0.0296683
0.0292876
0.0287308
-0.0135918
-0.0120433
-0.0103177
-0.00842967
-0.00639614
-0.00423643
-0.00197191
0.000374329
0.00277784
0.00521319
0.00765432
0.0100749
0.0124487
0.01475
0.0169534
0.0190349
0.0209709
0.0227394
0.0243203
0.0256948
0.0268466
0.0277623
0.0284327
0.0288541
0.0290307
0.0289773
0.0287213
0.0283034
-0.0115335
-0.0101326
-0.00856667
-0.00684853
-0.00499339
-0.0030185
-0.000943068
0.00121211
0.0034249
0.00567218
0.00793019
0.0101748
0.0123817
0.0145272
0.0165879
0.018541
0.0203647
0.0220386
0.0235442
0.0248637
0.0259821
0.0268877
0.0275722
0.0280329
0.0282738
0.0283082
0.0281595
0.0278619
-0.00957626
-0.00831218
-0.00689414
-0.00533365
-0.0036442
-0.00184127
5.79399e-05
0.00203469
0.004069
0.00613986
0.00822561
0.0103041
0.0123532
0.0143508
0.0162752
0.0181053
0.0198212
0.0214034
0.0228351
0.0240995
0.0251831
0.0260751
0.0267683
0.0272604
0.0275552
0.0276641
0.0276071
0.0274137
-0.00771518
-0.0065776
-0.0052965
-0.0038821
-0.00234643
-0.000703297
0.00103186
0.0028422
0.00470966
0.00661523
0.00853918
0.0104613
0.0123612
0.0142186
0.0160133
0.0177259
0.019338
0.0208312
0.0221912
0.0234007
0.0244479
0.0253232
0.0260201
0.0265365
0.0268757
0.0270474
0.0270685
0.0269633
-0.00594574
-0.00492497
-0.00377046
-0.00249128
-0.00109814
0.000396633
0.00197924
0.00363453
0.00534622
0.00709711
0.00886926
0.0106443
0.0124034
0.0141281
0.0157998
0.0174003
0.0189128
0.0203221
0.0216099
0.0227648
0.0237746
0.0246305
0.0253265
0.0258606
0.0262355
0.0264596
0.0265472
0.0265179
-0.00426371
-0.00335065
-0.00231302
-0.00115887
0.000102307
0.00145952
0.00290042
0.00441142
0.00597785
0.00758417
0.0092141
0.0108509
0.0124775
0.0140767
0.0156317
0.0171257
0.0185426
0.0198682
0.0210877
0.022189
0.0231606
0.0239947
0.0246858
0.0252317
0.0256348
0.0259019
0.026045
0.0260804
-0.00266523
-0.00185133
-0.000921466
0.000117252
0.0012564
0.00248619
0.00379562
0.00517249
0.00660362
0.00807497
0.00957182
0.0110789
0.0125808
0.0140616
0.015506
0.0168986
0.0182245
0.0194698
0.0206223
0.0216701
0.0226032
0.0234135
0.024096
0.0246487
0.025073
0.0253749
0.0255638
0.025654
-0.00114665
-0.000423906
0.000406725
0.00133899
0.00236542
0.00347734
0.00466491
0.00591724
0.00722249
0.00856801
0.00994048
0.0113261
0.0127107
0.01408
0.0154197
0.0167159
0.017955
0.0191239
0.0202109
0.0212054
0.0220995
0.0228844
0.0235552
0.0241098
0.0245495
0.0248788
0.0251055
0.0252413
0.000295394
0.000934462
0.00167386
0.00250807
0.00343053
0.00443352
0.0055083
0.00664513
0.0078334
0.00906173
0.0103181
0.01159
0.0128646
0.0141289
0.0153698
0.0165745
0.0177307
0.0188263
0.0198505
0.0207937
0.021647
0.0224046
0.0230608
0.0236135
0.0240632
0.0244135
0.0246706
0.0248443
0.00166405
0.00222643
0.00288205
0.0036261
0.00445275
0.00535522
0.00632571
0.00735555
0.00843524
0.00955456
0.0107027
0.0118683
0.0130398
0.0142053
0.015353
0.0164711
0.0175483
0.0185737
0.0195371
0.0204298
0.0212436
0.0219719
0.0226109
0.0231581
0.0236132
0.0239787
0.0242599
0.0244643
0.00296227
0.00345449
0.00403331
0.00469452
0.00543303
0.00624282
0.00711701
0.00804786
0.00902689
0.0100449
0.0110923
0.0121587
0.0132337
0.0143065
0.0153663
0.0164025
0.0174046
0.0183627
0.0192675
0.0201107
0.0208847
0.0215838
0.0222038
0.0227421
0.0231983
0.023574
0.0238734
0.0241026
0.00419284
0.00462095
0.00512946
0.00571469
0.0063722
0.00709668
0.00788204
0.00872142
0.00960724
0.0105313
0.0114849
0.0124589
0.0134436
0.0144295
0.0154067
0.0163654
0.0172962
0.01819
0.0190382
0.0198331
0.0205679
0.021237
0.0218363
0.0223632
0.022817
0.0231987
0.0235113
0.0237598
0.00535836
0.005728
0.00617223
0.00668788
0.00727105
0.0079171
0.00862063
0.00937558
0.0101752
0.0110122
0.0118787
0.0127665
0.0136671
0.0145715
0.015471
0.0163567
0.01722
0.0180524
0.0188462
0.0195943
0.0202902
0.0209289
0.0215062
0.0220195
0.0224679
0.0228517
0.0231732
0.0234363
0.00646128
0.00677769
0.00716326
0.00761526
0.00813031
0.00870433
0.0093326
0.0100097
0.0107297
0.0114861
0.0122719
0.0130796
0.0139016
0.0147299
0.0155565
0.0163734
0.0171727
0.0179467
0.0186884
0.019391
0.0200488
0.0206567
0.021211
0.021709
0.0221494
0.0225321
0.0228588
0.0231323
0.00750394
0.00777195
0.00810406
0.00849794
0.00895064
0.00945863
0.0100177
0.0106232
0.0112698
0.0119517
0.0126626
0.013396
0.0141448
0.014902
0.0156604
0.0164125
0.0171513
0.0178699
0.0185616
0.0192203
0.0198407
0.020418
0.0209486
0.0214297
0.0218599
0.0222389
0.0225675
0.0228479
0.00848851
0.0087126
0.00899609
0.00933696
0.0097327
0.0101802
0.0106759
0.0112155
0.0117945
0.0124076
0.0130493
0.0137137
0.0143945
0.0150854
0.0157799
0.0164712
0.017153
0.0178189
0.0184629
0.0190793
0.0196632
0.0202101
0.0207165
0.0211797
0.021598
0.0219709
0.0222986
0.0225828
0.00941707
0.00960138
0.00984069
0.0101333
0.0104771
0.0108693
0.0113069
0.0117861
0.0123028
0.0128525
0.0134303
0.0140308
0.0146485
0.0152777
0.0159124
0.0165468
0.0171749
0.0177909
0.0183894
0.0189652
0.0195136
0.0200305
0.0205125
0.0209569
0.021362
0.0217268
0.0220514
0.0223367
0.0102916
0.0104399
0.0106392
0.0108879
0.0111844
0.0115262
0.0119106
0.0123344
0.012794
0.0132854
0.0138041
0.0143456
0.0149048
0.0154766
0.0160557
0.0166367
0.0172143
0.0177832
0.0183385
0.0188754
0.0193894
0.0198769
0.0203345
0.0207596
0.0211503
0.0215055
0.021825
0.0221091
0.0111138
0.0112297
0.0113927
0.0116017
0.0118551
0.012151
0.0124868
0.01286
0.0132672
0.013705
0.0141694
0.0146564
0.0151614
0.01568
0.0162073
0.0167384
0.0172687
0.0177932
0.0183075
0.0188072
0.0192882
0.0197469
0.0201803
0.0205857
0.0209612
0.0213057
0.0216184
0.0218995
0.0118855
0.0119722
0.0121025
0.0122755
0.0124898
0.0127439
0.0130355
0.0133624
0.0137217
0.0141103
0.0145248
0.0149616
0.0154166
0.0158858
0.016365
0.0168497
0.0173356
0.0178185
0.018294
0.0187583
0.0192075
0.0196383
0.0200478
0.0204335
0.0207933
0.021126
0.0214307
0.0217071
0.0126083
0.0126688
0.0127696
0.01291
0.013089
0.0133051
0.0135565
0.0138412
0.0141567
0.0145003
0.0148691
0.0152596
0.0156686
0.0160922
0.0165268
0.0169683
0.0174128
0.0178565
0.0182956
0.0187262
0.0191451
0.019549
0.0199352
0.0203011
0.020645
0.0209652
0.0212609
0.0215315
0.0132837
0.0133206
0.013395
0.0135061
0.0136531
0.0138348
0.0140497
0.014296
0.0145716
0.0148742
0.015201
0.0155492
0.0159158
0.0162974
0.0166907
0.0170921
0.0174982
0.0179053
0.01831
0.0187089
0.0190989
0.0194769
0.0198404
0.020187
0.0205147
0.0208221
0.0211079
0.0213717
0.0139131
0.013929
0.0139795
0.0140643
0.0141825
0.0143331
0.014515
0.0147265
0.0149658
0.0152309
0.0155195
0.015829
0.0161567
0.0164996
0.0168549
0.0172192
0.0175895
0.0179625
0.0183351
0.0187041
0.0190667
0.01942
0.0197616
0.0200892
0.020401
0.0206952
0.0209708
0.0212269
0.0144977
0.0144949
0.0145242
0.0145853
0.0146776
0.0148003
0.0149523
0.0151323
0.0153387
0.0155698
0.0158235
0.0160977
0.0163898
0.0166974
0.0170176
0.0173478
0.017685
0.0180264
0.0183689
0.01871
0.0190467
0.0193765
0.0196972
0.0200064
0.0203024
0.0205835
0.0208486
0.0210965
0.0150388
0.0150193
0.0150296
0.0150696
0.0151387
0.0152362
0.0153614
0.015513
0.0156897
0.01589
0.0161121
0.0163541
0.0166139
0.0168891
0.0171773
0.0174761
0.0177828
0.0180949
0.0184096
0.0187245
0.019037
0.0193446
0.0196453
0.0199369
0.0202175
0.0204857
0.02074
0.0209795
0.0155372
0.015503
0.0154965
0.0155176
0.015566
0.0156411
0.0157421
0.0158682
0.0160182
0.0161908
0.0163843
0.0165972
0.0168275
0.0170733
0.0173323
0.0176024
0.0178812
0.0181663
0.0184553
0.0187459
0.0190358
0.0193227
0.0196044
0.0198792
0.0201451
0.0204006
0.0206443
0.0208752
0.0159939
0.0159467
0.0159254
0.0159298
0.0159598
0.0160149
0.0160944
0.0161977
0.0163237
0.0164713
0.0166392
0.0168258
0.0170296
0.0172487
0.0174813
0.0177252
0.0179785
0.0182389
0.0185044
0.0187726
0.0190415
0.019309
0.0195731
0.0198319
0.0200838
0.0203271
0.0205604
0.0207827
0.0164096
0.0163511
0.0163167
0.0163064
0.0163201
0.0163575
0.0164179
0.0165009
0.0166056
0.0167309
0.0168758
0.017039
0.0172189
0.0174141
0.0176227
0.0178431
0.0180732
0.0183113
0.0185552
0.0188029
0.0190526
0.0193022
0.0195498
0.0197938
0.0200324
0.020264
0.0204874
0.0207013
0.0167847
0.0167164
0.0166707
0.0166476
0.016647
0.0166687
0.0167124
0.0167775
0.0168632
0.0169689
0.0170934
0.0172356
0.0173943
0.0175681
0.0177554
0.0179546
0.018164
0.0183818
0.0186062
0.0188354
0.0190675
0.0193007
0.0195333
0.0197635
0.0199897
0.0202105
0.0204244
0.0206302
0.0171199
0.0170432
0.0169876
0.0169533
0.0169403
0.0169485
0.0169774
0.0170268
0.017096
0.0171844
0.0172909
0.0174148
0.0175548
0.0177096
0.0178779
0.0180584
0.0182493
0.0184491
0.0186561
0.0188686
0.0190849
0.0193034
0.0195222
0.0197399
0.0199548
0.0201655
0.0203706
0.0205688
0.0174154
0.0173314
0.0172674
0.0172235
0.0171998
0.0171963
0.0172126
0.0172484
0.0173033
0.0173766
0.0174676
0.0175754
0.0176991
0.0178374
0.0179892
0.0181532
0.0183279
0.0185118
0.0187035
0.0189013
0.0191036
0.0193089
0.0195155
0.0197219
0.0199266
0.0201281
0.0203251
0.0205163
0.017671
0.0175809
0.0175098
0.0174579
0.0174252
0.0174116
0.0174172
0.0174415
0.0174842
0.0175447
0.0176224
0.0177166
0.0178262
0.0179504
0.018088
0.0182378
0.0183985
0.0185688
0.0187471
0.0189322
0.0191223
0.0193161
0.019512
0.0197085
0.0199041
0.0200975
0.0202873
0.0204723
0.0178865
0.0177914
0.0177145
0.0176559
0.0176157
0.017594
0.0175906
0.0176054
0.0176379
0.0176878
0.0177544
0.0178371
0.0179351
0.0180474
0.0181731
0.018311
0.01846
0.0186187
0.0187859
0.0189601
0.01914
0.019324
0.0195107
0.0196988
0.0198867
0.0200731
0.0202567
0.0204361
0.0180613
0.0179623
0.0178808
0.0178169
0.0177708
0.0177425
0.017732
0.0177391
0.0177635
0.0178048
0.0178625
0.017936
0.0180246
0.0181274
0.0182435
0.0183718
0.0185113
0.0186606
0.0188187
0.0189842
0.0191556
0.0193316
0.0195109
0.019692
0.0198736
0.0200542
0.0202326
0.0204075
0.0181947
0.0180928
0.0180078
0.0179399
0.0178893
0.0178561
0.0178402
0.0178415
0.0178597
0.0178946
0.0179456
0.0180121
0.0180936
0.0181891
0.0182979
0.0184189
0.0185512
0.0186934
0.0188446
0.0190033
0.0191683
0.0193382
0.0195118
0.0196875
0.0198642
0.0200403
0.0202147
0.0203861
0.0182854
0.0181815
0.0180942
0.0180236
0.01797
0.0179335
0.0179139
0.0179113
0.0179254
0.0179559
0.0180024
0.0180642
0.0181408
0.0182315
0.0183353
0.0184514
0.0185787
0.0187162
0.0188626
0.0190167
0.0191773
0.0193431
0.0195127
0.0196848
0.0198581
0.0200312
0.0202028
0.0203718
0.0183319
0.018227
0.0181384
0.0180665
0.0180114
0.0179731
0.0179517
0.0179472
0.0179591
0.0179874
0.0180315
0.018091
0.0181651
0.0182533
0.0183546
0.0184681
0.0185929
0.0187279
0.0188719
0.0190237
0.0191821
0.0193457
0.0195133
0.0196836
0.0198551
0.0200266
0.0201968
0.0203645
0.00469894
0.0048021
0.00492272
0.0050609
0.00521665
0.00538995
0.00558071
0.00578876
0.00601382
0.00625555
0.00651352
0.00678725
0.00707613
0.00737952
0.00769667
0.00802678
0.00836894
0.00872221
0.00908556
0.00945788
0.00983803
0.0102248
0.0106168
0.0110129
0.0114116
0.0118115
0.0122112
0.0126091
0.0130037
0.00465568
0.00476022
0.00488235
0.00502215
0.00517964
0.00535479
0.00554749
0.00575755
0.00598471
0.00622859
0.00648878
0.00676474
0.0070559
0.00736158
0.00768104
0.00801344
0.00835789
0.00871343
0.00907901
0.00945353
0.00983582
0.0102247
0.0106188
0.0110168
0.0114174
0.0118191
0.0122205
0.0126201
0.0130163
0.0046785
0.00480359
0.00494659
0.00510749
0.00528624
0.00548274
0.00569677
0.00592802
0.00617612
0.00644061
0.00672097
0.00701657
0.00732673
0.00765068
0.00798756
0.00833647
0.00869643
0.00906636
0.00944516
0.00983165
0.0102246
0.0106226
0.0110245
0.0114288
0.0118341
0.0122388
0.0126416
0.0130408
0.00455858
0.00468807
0.0048358
0.00500175
0.00518585
0.00538796
0.00560783
0.00584512
0.00609943
0.00637028
0.00665709
0.00695923
0.00727596
0.0076065
0.00794996
0.00830541
0.00867184
0.00904815
0.00943322
0.00982583
0.0102247
0.0106286
0.0110361
0.0114458
0.0118562
0.0122659
0.0126733
0.0130769
0.00440188
0.00453719
0.00469118
0.00486382
0.00505498
0.00526449
0.00549205
0.0057373
0.00599978
0.00627896
0.00657424
0.00688493
0.00721027
0.00754943
0.00790148
0.00826547
0.00864033
0.00902495
0.00941818
0.00981877
0.0102254
0.0106369
0.0110516
0.0114683
0.0118855
0.0123015
0.012715
0.0131243
0.00420949
0.00435209
0.00451392
0.00469488
0.00489482
0.00511352
0.00535063
0.00560572
0.00587829
0.00616777
0.00647349
0.00679472
0.00713064
0.00748038
0.00784298
0.00821741
0.00860261
0.0089974
0.0094006
0.00981094
0.0102271
0.0106477
0.0110714
0.0114966
0.0119219
0.0123458
0.0127667
0.0131829
0.00398235
0.00413374
0.00430499
0.00449596
0.00470645
0.00493615
0.00518465
0.00545148
0.00573607
0.00603778
0.00635589
0.0066896
0.00703804
0.00740028
0.00777531
0.00816207
0.00855941
0.00896616
0.00938107
0.00980285
0.0102301
0.0106615
0.0110956
0.0115308
0.0119658
0.0123987
0.0128282
0.0132526
0.0037212
0.00388296
0.0040653
0.00426801
0.00449083
0.00473337
0.00499517
0.00527565
0.00557418
0.00589006
0.00622248
0.00657059
0.00693346
0.00731007
0.00769937
0.00810025
0.00851151
0.00893193
0.00936022
0.00979504
0.010235
0.0106787
0.0111246
0.0115713
0.0120171
0.0124605
0.0128998
0.0133334
0.00342663
0.00360042
0.00379559
0.00401185
0.00424886
0.00450615
0.00478315
0.00507922
0.00539365
0.00572563
0.00607429
0.00643871
0.00681786
0.00721069
0.00761606
0.00803281
0.00845969
0.00889543
0.00933869
0.00978811
0.0102423
0.0106997
0.0111588
0.0116182
0.0120762
0.0125311
0.0129814
0.0134253
0.00309913
0.0032867
0.00349653
0.00372824
0.00398138
0.00425537
0.00454955
0.00486319
0.00519548
0.00554552
0.00591235
0.00629495
0.00669225
0.00710309
0.00752628
0.0079606
0.00840474
0.00885739
0.00931717
0.00978266
0.0102524
0.0107249
0.0111986
0.0116719
0.0121433
0.0126109
0.0130732
0.0135284
0.00273899
0.00294227
0.00316875
0.00341792
0.00368921
0.00398193
0.00429533
0.00462856
0.0049807
0.00535076
0.00573769
0.00614037
0.00655762
0.00698824
0.00743097
0.0078845
0.00834749
0.00881857
0.00929632
0.00977929
0.010266
0.0107549
0.0112444
0.0117329
0.0122187
0.0127002
0.0131755
0.013643
0.00234637
0.00256759
0.00281289
0.00308163
0.00337317
0.00368673
0.00402144
0.00437632
0.00475035
0.00514242
0.00555138
0.00597599
0.00641501
0.00686715
0.00733106
0.0078054
0.00828876
0.00877973
0.00927685
0.00977863
0.0102836
0.0107901
0.0112965
0.0118013
0.0123027
0.012799
0.0132884
0.0137691
0.00192072
0.00216328
0.00242969
0.00272015
0.0030341
0.00337067
0.00372884
0.0041075
0.00450549
0.00492159
0.0053545
0.00580291
0.00626547
0.0067408
0.00722751
0.00772418
0.00822937
0.00874162
0.00925943
0.00978129
0.0103057
0.0108309
0.0113555
0.0118776
0.0123956
0.0129077
0.0134121
0.0139069
0.00147097
0.00173181
0.00202018
0.00233428
0.00267285
0.00303468
0.00341854
0.00382317
0.00424723
0.00468937
0.00514817
0.00562221
0.00611005
0.00661023
0.00712129
0.00764176
0.00817016
0.00870499
0.00924474
0.00978787
0.0103328
0.0108779
0.0114216
0.0119621
0.0124977
0.0130266
0.0135468
0.0140565
0.000982799
0.00126954
0.00158376
0.00192438
0.00229014
0.00267967
0.00309159
0.00352443
0.00397672
0.00444694
0.00493356
0.00543505
0.00594986
0.00647647
0.00701336
0.00755902
0.00811192
0.00867056
0.00923341
0.00979892
0.0103655
0.0109315
0.0114953
0.0120552
0.0126093
0.0131558
0.0136928
0.0142182
0.000464476
0.000778781
0.00112148
0.00149133
0.00188692
0.00230671
0.00274911
0.00321248
0.00369518
0.00419553
0.00471189
0.00524259
0.00578602
0.00634058
0.0069047
0.00747684
0.00805546
0.00863906
0.00922608
0.00981498
0.0104042
0.0109921
0.0115769
0.012157
0.0127305
0.0132955
0.0138501
0.014392
-8.42829e-05
0.000260235
0.0006342
0.00103609
0.00146426
0.00191694
0.00239233
0.0028886
0.00340391
0.00393645
0.00448442
0.00504606
0.00561967
0.00620361
0.00679627
0.00739609
0.00800155
0.00861112
0.0092233
0.00983654
0.0104493
0.0110599
0.0116667
0.0122679
0.0128616
0.013446
0.0140189
0.0145782
-0.000663229
-0.000285455
0.000122801
0.000559713
0.00102333
0.00151164
0.0020226
0.00255416
0.00310431
0.00367106
0.00425247
0.0048467
0.00545199
0.00606663
0.00668903
0.00731762
0.0079509
0.00858738
0.00922558
0.00986401
0.0105011
0.0111353
0.0117648
0.0123879
0.0130027
0.0136072
0.0141993
0.0147768
-0.00127192
-0.00085754
-0.000411733
6.33416e-05
0.000565423
0.0010922
0.00164138
0.00221068
0.00279787
0.00340081
0.00401744
0.00464582
0.00528415
0.00593071
0.0065839
0.00724221
0.00790418
0.00856837
0.00923336
0.00989772
0.0105599
0.0112184
0.0118714
0.0125172
0.0131539
0.0137794
0.0143914
0.0149878
-0.00190972
-0.00145515
-0.000968308
-0.000451731
9.19706e-05
0.000660168
0.00125027
0.00185975
0.00248618
0.00312724
0.00378076
0.00444475
0.00511735
0.00579689
0.00648179
0.00717062
0.00786198
0.00855455
0.00924699
0.00993791
0.0106259
0.0113093
0.0119866
0.0126559
0.0133152
0.0139624
0.0145953
0.0152113
-0.0025759
-0.00207725
-0.00154565
-0.000984038
-0.000395411
0.000217244
0.000851023
0.00150314
0.00217094
0.00285197
0.00354395
0.00424483
0.0049528
0.00566619
0.00638354
0.00710351
0.00782483
0.0085463
0.00926669
0.00998473
0.010699
0.0114081
0.0121103
0.0128038
0.0134865
0.0141563
0.0148107
0.0154473
-0.00326954
-0.00272264
-0.0021423
-0.00153192
-0.000894918
-0.000234678
0.000445563
0.00114274
0.001854
0.00257672
0.00330856
0.00404747
0.00479167
0.0055396
0.00628992
0.00704146
0.00779311
0.00854384
0.00929257
0.0100382
0.0107793
0.0115146
0.0122424
0.0129608
0.0136677
0.0143608
0.0150377
0.0156956
-0.00398951
-0.00338988
-0.00275656
-0.00209348
-0.00140452
-0.000693498
3.59997e-05
0.00078062
0.0015373
0.00230329
0.00307622
0.00385407
0.00463514
0.00541804
0.00620163
0.00698493
0.00776709
0.00854727
0.00932458
0.010098
0.0108665
0.0116285
0.0123825
0.0131265
0.0138585
0.0145758
0.015276
0.0159561
-0.00473446
-0.00407732
-0.00338652
-0.00266657
-0.00192195
-0.00115688
-0.000375348
0.000419011
0.00122293
0.00203359
0.00284859
0.00366601
0.00448433
0.00530237
0.00611924
0.00693427
0.00774688
0.00855651
0.0093625
0.0101641
0.0109601
0.0117494
0.0125303
0.0133007
0.0140585
0.014801
0.0155254
0.0162286
-0.00550275
-0.00478294
-0.00402988
-0.00324876
-0.00244464
-0.00162224
-0.000785939
6.03346e-05
0.000913143
0.0017696
0.00262738
0.00348472
0.00434032
0.00519332
0.0060432
0.00688964
0.00773241
0.00857129
0.00940591
0.0102357
0.0110597
0.0118767
0.012685
0.0134827
0.0142672
0.0150358
0.0157854
0.0165128
-0.00629244
-0.00550444
-0.00468407
-0.00383727
-0.00296973
-0.00208671
-0.00119299
-0.000292789
0.000610307
0.00151341
0.00241434
0.00331154
0.0042041
0.00509154
0.00597379
0.00685099
0.00772338
0.00859111
0.00945414
0.0103121
0.0111643
0.0120095
0.0128461
0.0136718
0.014484
0.0152798
0.0160557
0.0168083
-0.00710121
-0.00623919
-0.00534619
-0.004429
-0.00349402
-0.0025471
-0.00159345
-0.000637534
0.000316953
0.00126719
0.00221121
0.00314783
0.00407656
0.00499748
0.00591108
0.00681808
0.00771924
0.00861519
0.00950628
0.0103924
0.011273
0.012147
0.0130124
0.0138671
0.0147081
0.0155322
0.0163357
0.0171146
-0.00792666
-0.00698419
-0.00601289
-0.00502042
-0.00401395
-0.00299993
-0.00198399
-0.000970852
3.57603e-05
0.00103318
0.00201977
0.00299482
0.00395845
0.00491142
0.00585493
0.00679037
0.00771917
0.00864249
0.00956113
0.0104753
0.0113845
0.0122877
0.0131829
0.0140676
0.0149387
0.0157924
0.0166246
0.0174312
-0.0087653
-0.00773579
-0.00668031
-0.00560755
-0.00452552
-0.00344131
-0.00236098
-0.00128947
-0.00023044
0.000813692
0.00184175
0.00285369
0.00385038
0.00483342
0.00580489
0.00676702
0.00772199
0.00867161
0.00961713
0.0105591
0.0114972
0.0124302
0.0133562
0.0142721
0.0151745
0.0160592
0.0169218
0.0177572
-0.00961375
-0.00848999
-0.00734417
-0.00618598
-0.00502432
-0.003867
-0.00272049
-0.00158986
-0.000478668
0.000611091
0.00167888
0.00272547
0.00375271
0.00476325
0.00576021
0.00674683
0.00772617
0.00870076
0.00967239
0.0106419
0.0116091
0.0125728
0.0135305
0.0144791
0.0154144
0.0163318
0.0172261
0.018092
-0.0104679
-0.00924239
-0.00799969
-0.00675074
-0.00550545
-0.00427231
-0.0030582
-0.00186827
-0.000705799
0.000427783
0.00153278
0.00261103
0.00366558
0.00470036
0.00571976
0.00672819
0.00772974
0.00872776
0.0097246
0.0107214
0.0117181
0.0127133
0.0137041
0.0146869
0.0156569
0.0166087
0.0175366
0.0184345
-0.0113232
-0.00998774
-0.00864139
-0.00729632
-0.00596348
-0.00465212
-0.00336948
-0.00212068
-0.000908571
0.000266193
0.00140501
0.00251103
0.00358881
0.00464383
0.00568196
0.00670902
0.00773026
0.00874993
0.009771
0.0107949
0.0118216
0.0128492
0.0138747
0.0148935
0.0159003
0.0168886
0.017852
0.0187836
-0.0121741
-0.0107202
-0.00926317
-0.00781654
-0.00639241
-0.00500081
-0.0036493
-0.00234281
-0.00108359
0.000128737
0.00129696
0.00242588
0.00352188
0.00459227
0.00564475
0.00668671
0.00772474
0.00876409
0.00980835
0.0108592
0.0119165
0.012978
0.0140399
0.0150969
0.0161427
0.0171699
0.018171
0.0191382
-0.0130146
-0.0114332
-0.00985823
-0.00830457
-0.00678563
-0.00531225
-0.00389221
-0.00253012
-0.00122735
1.77941e-05
0.00120985
0.00235567
0.00346381
0.00454382
0.00560548
0.00665806
0.00770961
0.00876648
0.00983286
0.0109107
0.0119994
0.0130964
0.0141969
0.0152946
0.016382
0.0174506
0.0184918
0.0194967
-0.0138379
-0.0121194
-0.010419
-0.00875284
-0.00713587
-0.00557977
-0.00409239
-0.00267781
-0.00133626
-6.43324e-05
0.00114467
0.00230009
0.00341313
0.00449599
0.00556088
0.00661918
0.00768063
0.0087527
0.00984019
0.0109451
0.0120665
0.0132009
0.0143425
0.0154839
0.0166159
0.0177289
0.0188128
0.0198576
-0.0146367
-0.0127718
-0.010937
-0.00915289
-0.00743515
-0.0057961
-0.00424356
-0.00278083
-0.00140665
-0.00011546
0.0011021
0.0022584
0.0033678
0.00444561
0.0055069
0.00656544
0.00763281
0.00871766
0.00982534
0.0109577
0.0121133
0.0132875
0.0144734
0.0156616
0.0168418
0.0180024
0.0191319
0.020219
-0.0154019
-0.0133786
-0.0114021
-0.00949532
-0.00767476
-0.00595339
-0.00433902
-0.00283389
-0.00143482
-0.00013358
0.00108245
0.00222928
0.00332505
0.00438873
0.00543867
0.00649136
0.00756036
0.00865553
0.00978263
0.0109433
0.012135
0.0133521
0.0145856
0.0158246
0.0170567
0.0182686
0.019447
0.0205789
-0.0161241
-0.0139311
-0.0118044
-0.00977015
-0.00784521
-0.00604313
-0.00437159
-0.00283145
-0.00141707
-0.000116925
0.00108557
0.00221078
0.00328135
0.00432051
0.00535039
0.00639051
0.00745657
0.00855962
0.00970569
0.0108958
0.0121263
0.0133896
0.014675
0.0159692
0.0172576
0.0185248
0.0197555
0.0209351
-0.0167928
-0.014419
-0.0121358
-0.00996617
-0.00793623
-0.00605618
-0.00433368
-0.00276778
-0.00134976
-6.40449e-05
0.00111073
0.00220017
0.0032322
0.00423505
0.00523515
0.0062554
0.00731377
0.00842239
0.00958732
0.0108086
0.0120811
0.013395
0.014737
0.0160913
0.0174409
0.0187679
0.0200548
0.0212849
-0.0173963
-0.0148291
-0.012378
-0.0100695
-0.00793657
-0.00598268
-0.00421723
-0.00263699
-0.00122937
2.61025e-05
0.00115655
0.00219381
0.00317205
0.00412529
0.00508486
0.00607739
0.00712317
0.00823532
0.00941954
0.0106746
0.011993
0.0133623
0.0147665
0.0161867
0.0176029
0.0189946
0.0203418
0.0216256
-0.0179216
-0.0151483
-0.0125225
-0.0100806
-0.00783493
-0.00581178
-0.00401373
-0.00243304
-0.00105257
0.00015404
0.00122082
0.00218699
0.00309409
0.00398281
0.00489007
0.00584652
0.00687484
0.00798883
0.00919346
0.0104855
0.0118548
0.0132855
0.0147582
0.0162506
0.0177394
0.0192011
0.0206131
0.021954
-0.0183544
-0.0153611
-0.0125512
-0.00996156
-0.00761587
-0.00553092
-0.00371424
-0.00214988
-0.000816331
0.000319646
0.00130033
0.00217376
0.00299007
0.00379769
0.00463979
0.0055514
0.00655751
0.00767227
0.00889929
0.0102327
0.0116588
0.0131578
0.0147063
0.016278
0.017846
0.0193836
0.0208651
0.0222666
-0.0186794
-0.0154513
-0.0124486
-0.00971127
-0.00726705
-0.00512709
-0.00330974
-0.00178147
-0.000518007
0.000521997
0.00139074
0.00214669
0.00285006
0.00355821
0.00432131
0.00517904
0.00615854
0.00727379
0.00852627
0.00990657
0.0113966
0.0129721
0.0146045
0.0162634
0.0179179
0.0195376
0.0210936
0.0225595
-0.0188799
-0.0154019
-0.0121977
-0.00931179
-0.00677581
-0.00460968
-0.00279248
-0.00132182
-0.000155471
0.000759195
0.00148628
0.00209662
0.00266224
0.0032507
0.00391999
0.00471467
0.00566374
0.00678026
0.00806263
0.00949687
0.0110595
0.0127206
0.0144462
0.0162011
0.0179499
0.0196584
0.0212944
0.0228285
-0.018938
-0.0151941
-0.0117797
-0.00874426
-0.00612138
-0.00392657
-0.00214803
-0.000764229
0.000272906
0.00102815
0.00157954
0.0020124
0.00241253
0.0028592
0.00341904
0.00414162
0.00505728
0.00617724
0.00749559
0.00899248
0.0106379
0.0123952
0.0142245
0.0160849
0.0179365
0.0197409
0.0214625
0.0230688
-0.0188344
-0.0148079
-0.0111747
-0.00798963
-0.00528871
-0.0030856
-0.00136812
-0.000103201
0.000767677
0.00132427
0.0016611
0.00188051
0.00208431
0.00236516
0.0027992
0.00344102
0.00432156
0.0054489
0.00681131
0.00838157
0.0101217
0.0119875
0.0139319
0.0159083
0.0178717
0.0197795
0.0215926
0.0232752
-0.0185486
-0.0142219
-0.0103614
-0.00702797
-0.00426015
-0.00207059
-0.000443312
0.000665447
0.001328
0.00164119
0.00171924
0.00168468
0.00165798
0.00174709
0.00203853
0.0025917
0.00343706
0.00457793
0.00599488
0.00765153
0.00950047
0.0114884
0.0135609
0.0156646
0.0177494
0.0197684
0.021679
0.0234422
-0.0180589
-0.0134136
-0.00931757
-0.00583819
-0.00301718
-0.00086619
0.000636279
0.00154592
0.00195163
0.00197034
0.00173942
0.00140539
0.00111052
0.000980144
0.00111201
0.00156986
0.00238222
0.00354551
0.00503036
0.00678908
0.00876305
0.0108888
0.0131034
0.0153465
0.0175628
0.0197012
0.0217154
0.0235635
-0.0173427
-0.0123594
-0.00801959
-0.00439826
-0.00154066
0.00054282
0.00188068
0.00254194
0.00263501
0.00230032
0.00170377
0.00101939
0.000414945
3.56393e-05
-8.79709e-06
0.000348915
0.00113331
0.00233129
0.00390076
0.00578027
0.00789804
0.0101792
0.0125512
0.0149469
0.0173052
0.0195711
0.0216952
0.0236324
-0.0163761
-0.0110346
-0.00644312
-0.00268537
0.000189285
0.00217191
0.00329916
0.0036555
0.00337167
0.00261662
0.00159059
0.000498988
-0.00046032
-0.00111947
-0.00135614
-0.00110083
-0.000335689
0.000913334
0.0025881
0.00461059
0.00689372
0.00934967
0.011896
0.014458
0.0169693
0.019371
0.0216112
0.0236415
-0.0151351
-0.00941388
-0.0045631
-0.000676156
0.00219278
0.0040363
0.00490022
0.00488651
0.00415259
0.00290164
0.00137373
-0.000188744
-0.00155219
-0.00252322
-0.00296654
-0.00281242
-0.00205321
-0.000731869
0.0010735
0.00326507
0.00573812
0.0083906
0.0111294
0.0138722
0.0165475
0.0190935
0.0214558
0.0235827
-0.013595
-0.00747167
-0.00235413
0.00165305
0.00448994
0.00615065
0.00669099
0.00623317
0.00496641
0.00313739
0.00102106
-0.00108292
-0.00290376
-0.00421933
-0.00488128
-0.00482251
-0.00405019
-0.00262937
-0.000662744
0.00172838
0.00441922
0.00729218
0.010243
0.0131817
0.0160323
0.0187308
0.0212208
0.0234474
-0.0117313
-0.00518227
0.000209206
0.00432573
0.0071005
0.00852862
0.0086768
0.00769079
0.00579631
0.00328732
0.000492708
-0.00222993
-0.00456526
-0.00625801
-0.00714697
-0.00717172
-0.00636016
-0.0048057
-0.00264103
-1.49681e-05
0.0029251
0.00604485
0.00922849
0.0123787
0.0154159
0.018275
0.0208977
0.0232261
-0.00952002
-0.00252054
0.00315179
0.00736479
0.0100432
0.0111824
0.0108609
0.00925111
0.00662051
0.00331939
-0.000257315
-0.00368426
-0.00659538
-0.00869692
-0.00981611
-0.00990483
-0.00901929
-0.00728879
-0.00488225
-0.00198047
0.00124408
0.00463934
0.00807784
0.0114555
0.0146906
0.0177178
0.0204771
0.0229084
-0.0069382
0.000537618
0.00649735
0.0107918
0.0133354
0.0141222
0.0132435
0.0109011
0.00741142
0.003192
-0.00128376
-0.00551033
-0.00906255
-0.0116022
-0.0129478
-0.0130711
-0.0120664
-0.0101078
-0.0074076
-0.00418337
-0.000635023
0.0030669
0.00678335
0.0104046
0.0138487
0.0170508
0.0199493
0.022484
-0.00396451
0.00401437
0.0102677
0.0146265
0.0169921
0.0173554
0.0158205
0.0126223
0.00813457
0.00285464
-0.0026419
-0.00778571
-0.0120468
-0.0150495
-0.0166082
-0.0167247
-0.0155429
-0.0132928
-0.0102383
-0.00663843
-0.00272269
0.00131944
0.0053379
0.00921924
0.012883
0.0162653
0.0193039
0.021942
-0.000580471
0.00792928
0.0144819
0.0188854
0.0210249
0.0208855
0.0185828
0.0143897
0.00874618
0.00224255
-0.00443259
-0.0106041
-0.0156415
-0.0191253
-0.0208715
-0.0209244
-0.0194926
-0.0168748
-0.0133953
-0.00935958
-0.00502843
-0.000610268
0.00373502
0.00789283
0.0117862
0.0153526
0.0185307
0.021272
0.00322898
0.0122981
0.0191551
0.0235814
0.0254416
0.0247111
0.0215158
0.0161707
0.00919166
0.00127798
-0.00674871
-0.0140697
-0.0199532
-0.0239279
-0.0258202
-0.0257341
-0.0239618
-0.0208851
-0.0168987
-0.0123596
-0.00756052
-0.00272838
0.0019692
0.00641979
0.0105517
0.0143038
0.0176195
0.0204637
0.00747438
0.0171318
0.0242972
0.0287216
0.0302441
0.0288252
0.0245984
0.017924
0.00940764
-0.000124219
-0.00969164
-0.0183034
-0.0251038
-0.0295677
-0.0315451
-0.0312226
-0.0289981
-0.0253546
-0.0207678
-0.0156497
-0.0103257
-0.00503975
3.60385e-05
0.00479535
0.00917294
0.0131102
0.0165607
0.0195066
0.0121599
0.0224344
0.0299112
0.0343065
0.035428
0.0332144
0.0278034
0.0196034
0.00932394
-0.00205897
-0.0133797
-0.023439
-0.0312286
-0.0361664
-0.0381449
-0.0374622
-0.0346505
-0.0303139
-0.0250198
-0.0192392
-0.0133289
-0.00754771
-0.00206748
0.00301574
0.00764409
0.0117639
0.0153455
0.0183903
0.0172823
0.0282018
0.0359909
0.0403272
0.0409804
0.0378593
0.0311006
0.0211634
0.00887235
-0.00462254
-0.0179325
-0.0296125
-0.0384692
-0.0438526
-0.045723
-0.0445277
-0.0409674
-0.0357912
-0.0296698
-0.0231348
-0.016573
-0.0102538
-0.00434283
0.00107827
0.00595996
0.0102577
0.0139659
0.0171034
0.0228282
0.0344177
0.0425172
0.0467623
0.0468786
0.0427361
0.0344634
0.0225713
0.00800635
-0.00788451
-0.0234498
-0.036949
-0.0469615
-0.0527529
-0.054382
-0.0524923
-0.0479951
-0.0418121
-0.0347295
-0.0273404
-0.0200582
-0.0131573
-0.00678975
-0.0010186
0.00411629
0.00858576
0.0124147
0.0156341
0.0287702
0.0410496
0.0494532
0.0535735
0.0530874
0.0478185
0.037879
0.0238266
0.00673039
-0.0118542
-0.0299743
-0.0455297
-0.0568103
-0.0629748
-0.0642137
-0.061422
-0.0557739
-0.0483971
-0.0402062
-0.0318562
-0.0237822
-0.0162555
-0.00940614
-0.0032751
0.00211012
0.00674352
0.0106851
0.0139697
0.0350606
0.0480417
0.0567365
0.0606973
0.0595537
0.0530776
0.0413558
0.0249811
0.00512962
-0.0164405
-0.0374428
-0.0553457
-0.0680519
-0.0745812
-0.0752831
-0.071367
-0.0643338
-0.0555592
-0.0461019
-0.0366784
-0.0277392
-0.0195428
-0.012188
-0.00569002
-6.00183e-05
0.00472812
0.00877109
0.0120976
0.0416239
0.0553053
0.064267
0.0680324
0.066193
0.0584702
0.0449172
0.0261394
0.00338233
-0.0214262
-0.0456501
-0.0662465
-0.0806105
-0.0875582
-0.0876078
-0.0823494
-0.0736883
-0.063301
-0.0524113
-0.0417982
-0.0319201
-0.023011
-0.0151292
-0.00826052
-0.00239376
0.00253815
0.00666691
0.0100051
0.0483461
0.0627049
0.0718901
0.0754185
0.0728627
0.0639053
0.0485606
0.0274154
0.00172286
-0.0264882
-0.0542491
-0.0779265
-0.0942713
-0.101786
-0.101137
-0.0943502
-0.0838265
-0.0716107
-0.0591204
-0.0472011
-0.0363116
-0.0266489
-0.0182216
-0.0109819
-0.00488878
0.000173661
0.00436758
0.00768031
0.0550636
0.0700419
0.0793752
0.0826062
0.0793203
0.0691851
0.0521799
0.0288372
0.000336538
-0.0312937
-0.0628154
-0.0899593
-0.108688
-0.117025
-0.115733
-0.107297
-0.0947066
-0.0804588
-0.0662047
-0.0528662
-0.0408963
-0.0304425
-0.0214551
-0.0138476
-0.00754068
-0.0023639
0.00186895
0.00511285
0.0615484
0.077036
0.0863909
0.089225
0.085177
0.0739429
0.0554839
0.0302434
-0.000766548
-0.035643
-0.0709811
-0.101889
-0.123426
-0.132933
-0.131174
-0.121057
-0.10625
-0.0897942
-0.0736274
-0.0587656
-0.0456523
-0.0343745
-0.0248171
-0.0168488
-0.010343
-0.00507175
-0.000831971
0.00229406
0.0674834
0.0833036
0.0924854
0.0947605
0.0898727
0.077613
0.0579614
0.031241
-0.00180721
-0.0395524
-0.0785582
-0.113361
-0.138046
-0.1491
-0.147164
-0.13544
-0.118339
-0.099543
-0.081339
-0.0648638
-0.0505529
-0.0384248
-0.0282931
-0.0199744
-0.0132872
-0.00794576
-0.00373684
-0.000782367
0.0724653
0.0883445
0.0970862
0.0985642
0.0926983
0.0794668
0.0589216
0.0312413
-0.00320213
-0.0432127
-0.0855124
-0.124172
-0.152282
-0.165111
-0.163372
-0.15021
-0.13082
-0.109608
-0.0892765
-0.0711176
-0.0555668
-0.0425706
-0.0318661
-0.0232112
-0.0163629
-0.0109805
-0.00684583
-0.00412032
0.0759974
0.0915876
0.0995356
0.099914
0.0928962
0.0787469
0.0576355
0.0295767
-0.00549653
-0.0469526
-0.0918777
-0.134127
-0.16569
-0.180584
-0.17947
-0.165104
-0.143512
-0.119873
-0.0973646
-0.0774768
-0.0606586
-0.0467864
-0.0355174
-0.0265437
-0.0195578
-0.0141689
-0.0101574
-0.00772124
0.0774746
0.0924279
0.0991695
0.0981848
0.0899244
0.0749899
0.0536653
0.0257731
-0.00922087
-0.0512935
-0.0979845
-0.143152
-0.178054
-0.195125
-0.195135
-0.179845
-0.156219
-0.130207
-0.105517
-0.0838835
-0.0657883
-0.0510439
-0.039226
-0.0299544
-0.0228579
-0.0175026
-0.0136677
-0.0115827
0.0763637
0.0903471
0.095507
0.0932396
0.0839213
0.068493
0.0473034
0.0199509
-0.0145689
-0.0568097
-0.104745
-0.152107
-0.189628
-0.208331
-0.210075
-0.194106
-0.168701
-0.140465
-0.11365
-0.0902829
-0.0709164
-0.0553141
-0.0429688
-0.0334232
-0.0262475
-0.0209714
-0.0173687
-0.0156917
0.0726499
0.0853437
0.0889044
0.0857567
0.0757404
0.0600933
0.0392298
0.0125669
-0.0213382
-0.063607
-0.112764
-0.162421
-0.202364
-0.221094
-0.224683
-0.207928
-0.180796
-0.150443
-0.121607
-0.09658
-0.0759908
-0.0595678
-0.046724
-0.0369264
-0.0297021
-0.0245562
-0.0212428
-0.0200111
0.0663367
0.0781032
0.081438
0.0756805
0.0645317
0.0485523
0.0280628
0.00243361
-0.0300471
-0.0711513
-0.120298
-0.171768
-0.215027
-0.243031
-0.239692
-0.221724
-0.193009
-0.160587
-0.129681
-0.102914
-0.0810378
-0.0637784
-0.0504544
-0.0404234
-0.0331767
-0.0282334
-0.0253254
-0.0246317
0.0544551
0.0641641
0.0656629
0.0600335
0.0491566
0.0338939
0.0146491
-0.00886549
-0.0381149
-0.0752086
-0.120174
-0.168193
-0.209868
-0.236426
-0.238651
-0.223464
-0.19649
-0.164859
-0.134038
-0.106998
-0.0847506
-0.0671459
-0.0535862
-0.0434831
-0.0362741
-0.031414
-0.0288073
-0.028953
0.0326452
0.0507985
0.0595949
0.0606354
0.0548227
0.0439699
0.0287976
0.00971062
-0.0135441
-0.0424531
-0.0792155
-0.123857
-0.171518
-0.212818
-0.239006
-0.240932
-0.2253
-0.197909
-0.16597
-0.134951
-0.107801
-0.0855094
-0.0679166
-0.0544181
-0.0444089
-0.0373217
-0.03264
-0.0303158
-0.0308332
0.0322322
0.0488941
0.056488
0.0566596
0.0502685
0.0391193
0.023798
0.00465572
-0.0186036
-0.0475193
-0.0843361
-0.129065
-0.176797
-0.218011
-0.243436
-0.244392
-0.227351
-0.198756
-0.166052
-0.134685
-0.107473
-0.0852725
-0.0678477
-0.0545521
-0.044747
-0.0378647
-0.0334348
-0.0314502
-0.032321
0.0310387
0.0463503
0.0528388
0.0522028
0.0453586
0.0340056
0.0186215
-0.000497854
-0.0236849
-0.0525165
-0.0892689
-0.133933
-0.181564
-0.22257
-0.247195
-0.247501
-0.229337
-0.19974
-0.166364
-0.134662
-0.107357
-0.0852071
-0.0679094
-0.0547801
-0.0451522
-0.0384563
-0.0342586
-0.0325898
-0.0337968
0.0289351
0.0430027
0.0485277
0.0472471
0.0401139
0.0286926
0.013343
-0.00568428
-0.028744
-0.0574388
-0.094068
-0.138592
-0.186013
-0.22668
-0.250604
-0.250254
-0.231173
-0.200773
-0.166855
-0.134872
-0.107477
-0.0853545
-0.0681547
-0.0551636
-0.045692
-0.039171
-0.0351981
-0.0338375
-0.0353774
0.0263097
0.0391623
0.0438117
0.0419945
0.0346777
0.0232731
0.00801572
-0.0108823
-0.0337901
-0.0623301
-0.0988201
-0.143189
-0.190377
-0.230669
-0.253913
-0.252868
-0.232898
-0.201734
-0.167314
-0.13508
-0.107614
-0.0855301
-0.068435
-0.0555865
-0.0462754
-0.0399363
-0.0361981
-0.0351543
-0.0370274
0.0232238
0.0348911
0.038733
0.0364968
0.0290896
0.0177728
0.00265564
-0.0160811
-0.0388154
-0.0671843
-0.10352
-0.147721
-0.194661
-0.234559
-0.257116
-0.255376
-0.234533
-0.202617
-0.16771
-0.135242
-0.107721
-0.0856911
-0.068713
-0.0560163
-0.0468743
-0.0407273
-0.0372352
-0.0365171
-0.0387231
0.0196246
0.03016
0.0332455
0.0307611
0.0233635
0.0122046
-0.00272521
-0.0212692
-0.0438082
-0.0719888
-0.108153
-0.152171
-0.198843
-0.238321
-0.260191
-0.257757
-0.236074
-0.203442
-0.168073
-0.135389
-0.107825
-0.0858591
-0.0690049
-0.0564651
-0.0474978
-0.0415504
-0.0383132
-0.037927
-0.0404653
0.0154945
0.02497
0.0273683
0.024803
0.0175188
0.00658435
-0.00811379
-0.0264353
-0.0487583
-0.0767346
-0.112711
-0.15653
-0.202916
-0.241951
-0.263132
-0.260003
-0.237518
-0.20421
-0.168412
-0.135533
-0.10794
-0.086045
-0.0693197
-0.0569403
-0.0481521
-0.0424108
-0.0394365
-0.0393877
-0.0422575
0.0108415
0.0193418
0.0213015
0.0186504
0.0115758
0.000927206
-0.0134979
-0.0315688
-0.0536564
-0.0814128
-0.117187
-0.160793
-0.206877
-0.245449
-0.26594
-0.262117
-0.238865
-0.20492
-0.168724
-0.135672
-0.108063
-0.0862474
-0.0696563
-0.0574413
-0.048837
-0.0433086
-0.0406052
-0.0408993
-0.0441003
0.00567678
0.0132962
0.0149561
0.0123297
0.0055523
-0.00475346
-0.0188665
-0.0366598
-0.0584932
-0.086015
-0.121572
-0.16495
-0.210717
-0.24881
-0.268612
-0.2641
-0.240114
-0.205571
-0.169008
-0.135803
-0.108191
-0.0864637
-0.0700127
-0.0579666
-0.0495514
-0.0442429
-0.0418186
-0.0424609
-0.0459935
7.60249e-06
0.0068528
0.00830818
0.00586191
-0.000536252
-0.0104457
-0.0242092
-0.0416988
-0.0632596
-0.0905325
-0.125858
-0.168994
-0.214429
-0.252029
-0.271146
-0.265951
-0.241265
-0.206162
-0.169262
-0.135925
-0.108323
-0.0866931
-0.0703881
-0.0585155
-0.050295
-0.0452134
-0.0430761
-0.0440721
-0.0479369
-0.0195266
-0.006172
3.03391e-05
0.00144403
-0.00073273
-0.00667631
-0.0161387
-0.0295165
-0.0466767
-0.067947
-0.0949565
-0.130036
-0.172916
-0.218006
-0.255101
-0.273536
-0.26767
-0.242318
-0.206693
-0.169487
-0.136038
-0.108459
-0.0869355
-0.0707823
-0.0590878
-0.0510676
-0.0462198
-0.0443774
-0.0457325
-0.0499304
-0.0251423
-0.012856
-0.00714865
-0.0056372
-0.00743794
-0.0128556
-0.0218224
-0.0347792
-0.0515848
-0.0725466
-0.0992788
-0.134099
-0.176707
-0.221439
-0.258019
-0.275778
-0.269255
-0.243271
-0.207163
-0.169681
-0.136141
-0.1086
-0.0871904
-0.0711946
-0.0596832
-0.0518689
-0.0472618
-0.0457223
-0.0474417
-0.051974
-0.0313698
-0.0199129
-0.0146607
-0.0129191
-0.0142387
-0.0190631
-0.0274873
-0.0399884
-0.0564145
-0.0770502
-0.103491
-0.138036
-0.180358
-0.224719
-0.260778
-0.277868
-0.270703
-0.244124
-0.207572
-0.169845
-0.136234
-0.108743
-0.0874569
-0.0716246
-0.0603012
-0.0526985
-0.0483389
-0.04711
-0.0491991
-0.0540676
-0.0380951
-0.0273926
-0.0224933
-0.0203754
-0.0211208
-0.0252886
-0.0331247
-0.045136
-0.0611577
-0.0814495
-0.107584
-0.141841
-0.183861
-0.227839
-0.263369
-0.279801
-0.272014
-0.244876
-0.207918
-0.169977
-0.136317
-0.108889
-0.0877345
-0.0720714
-0.0609412
-0.0535559
-0.0494507
-0.0485402
-0.0510043
-0.0562109
-0.0453157
-0.0353235
-0.0306526
-0.0279852
-0.0280709
-0.0315227
-0.0387261
-0.050214
-0.0658066
-0.0857369
-0.111551
-0.145505
-0.187208
-0.23079
-0.265788
-0.281572
-0.273185
-0.245526
-0.208202
-0.170077
-0.136388
-0.109037
-0.0880222
-0.0725342
-0.0616025
-0.0544404
-0.0505964
-0.0500121
-0.0528566
-0.0584036
-0.0530343
-0.0436658
-0.0392191
-0.0357324
-0.0350774
-0.0377564
-0.0442835
-0.0552147
-0.0703538
-0.0899046
-0.115384
-0.149019
-0.19039
-0.233564
-0.268027
-0.283177
-0.274214
-0.246072
-0.208421
-0.170144
-0.136446
-0.109185
-0.0883192
-0.0730124
-0.0622844
-0.0553514
-0.0517754
-0.0515249
-0.0547554
-0.0606453
-0.0612386
-0.0523703
-0.0481236
-0.0436118
-0.0421294
-0.0439812
-0.0497891
-0.0601308
-0.0747919
-0.0939455
-0.119075
-0.152376
-0.193398
-0.236153
-0.27008
-0.284611
-0.275098
-0.246514
-0.208576
-0.170177
-0.136491
-0.109334
-0.0886246
-0.0735049
-0.0629861
-0.0562881
-0.0529868
-0.0530779
-0.0567
-0.0699069
-0.0614019
-0.0549661
-0.051597
-0.049219
-0.0501887
-0.0552356
-0.0649553
-0.0791143
-0.0978525
-0.122617
-0.155568
-0.196225
-0.23855
-0.271941
-0.28587
-0.275837
-0.24685
-0.208665
-0.170174
-0.136521
-0.109481
-0.0889373
-0.0740109
-0.0637068
-0.0572495
-0.0542298
-0.0546701
-0.0586896
-0.0790159
-0.0707692
-0.0641957
-0.0596994
-0.0563362
-0.0563709
-0.0606155
-0.0696815
-0.0833143
-0.101619
-0.126003
-0.158588
-0.198862
-0.240746
-0.273603
-0.286949
-0.276428
-0.247079
-0.208688
-0.170136
-0.136536
-0.109626
-0.0892563
-0.0745292
-0.0644454
-0.0582348
-0.0555034
-0.0563005
-0.0607233
-0.0885445
-0.0804404
-0.0734965
-0.0678986
-0.0634719
-0.0625195
-0.0659219
-0.0743031
-0.0873858
-0.105239
-0.129225
-0.161428
-0.201304
-0.242736
-0.275061
-0.287846
-0.276868
-0.2472
-0.208642
-0.17006
-0.136535
-0.109767
-0.0895804
-0.0750589
-0.065201
-0.0592427
-0.0568064
-0.057968
-0.0628001
-0.0984687
-0.0903994
-0.0828499
-0.076173
-0.0706159
-0.0686265
-0.0711478
-0.0788137
-0.0913231
-0.108706
-0.132279
-0.164082
-0.203542
-0.244512
-0.27631
-0.288556
-0.277157
-0.247212
-0.208528
-0.169946
-0.136516
-0.109904
-0.0899085
-0.0755987
-0.0659724
-0.0602723
-0.0581378
-0.0596714
-0.0649188
-0.108763
-0.100623
-0.0923391
-0.0845108
-0.0777582
-0.0746837
-0.0762865
-0.0832076
-0.0951207
-0.112016
-0.135158
-0.166543
-0.20557
-0.246068
-0.277344
-0.289075
-0.277291
-0.247114
-0.208344
-0.169793
-0.136477
-0.110036
-0.0902392
-0.0761473
-0.0667583
-0.0613222
-0.0594962
-0.0614094
-0.0670782
-0.119395
-0.111103
-0.101948
-0.0928993
-0.0848887
-0.0806828
-0.0813313
-0.0874794
-0.0987738
-0.115162
-0.137858
-0.168807
-0.207382
-0.247398
-0.278159
-0.289401
-0.277269
-0.246904
-0.208088
-0.169599
-0.136419
-0.11016
-0.0905713
-0.0767036
-0.0675576
-0.062391
-0.0608802
-0.0631806
-0.0692769
-0.130318
-0.121877
-0.11166
-0.101325
-0.0919972
-0.0866158
-0.0862761
-0.0916238
-0.102278
-0.118141
-0.140372
-0.170867
-0.208972
-0.248497
-0.278751
-0.289531
-0.277091
-0.246581
-0.207761
-0.169363
-0.136339
-0.110276
-0.0909032
-0.0772661
-0.0683688
-0.0634774
-0.0622884
-0.0649834
-0.0715133
-0.141498
-0.132993
-0.121465
-0.109772
-0.0990735
-0.0924746
-0.0911147
-0.0956361
-0.105628
-0.120949
-0.142697
-0.172719
-0.210337
-0.24936
-0.279116
-0.289461
-0.276753
-0.246145
-0.20736
-0.169084
-0.136236
-0.110382
-0.0912336
-0.0778334
-0.0691904
-0.0645797
-0.0637192
-0.0668163
-0.0737859
-0.153135
-0.144145
-0.131354
-0.118228
-0.106107
-0.0982512
-0.0958412
-0.0995117
-0.108822
-0.123582
-0.14483
-0.174359
-0.211471
-0.249984
-0.27925
-0.289191
-0.276256
-0.245595
-0.206884
-0.16876
-0.13611
-0.110476
-0.091561
-0.0784039
-0.0700209
-0.0656963
-0.0651709
-0.0686774
-0.0760928
-0.173931
-0.16498
-0.155332
-0.141307
-0.126679
-0.113087
-0.103938
-0.10045
-0.103247
-0.111855
-0.126038
-0.146767
-0.175784
-0.212371
-0.250365
-0.279151
-0.288717
-0.275597
-0.244929
-0.206333
-0.168391
-0.135957
-0.110558
-0.0918836
-0.0789761
-0.0708587
-0.0668256
-0.0666416
-0.0705649
-0.078432
-0.185761
-0.176982
-0.166647
-0.151301
-0.13511
-0.120004
-0.109527
-0.104936
-0.106838
-0.114726
-0.128313
-0.148506
-0.176991
-0.213034
-0.250501
-0.278817
-0.288039
-0.274777
-0.244146
-0.205706
-0.167974
-0.135777
-0.110625
-0.0922
-0.0795482
-0.0717019
-0.0679657
-0.0681296
-0.0724767
-0.0808014
-0.197855
-0.189147
-0.178018
-0.161315
-0.143507
-0.126846
-0.11501
-0.109294
-0.110281
-0.117432
-0.130407
-0.150046
-0.177978
-0.213459
-0.250389
-0.278246
-0.287156
-0.273794
-0.243247
-0.205
-0.167509
-0.135569
-0.110676
-0.0925084
-0.0801187
-0.0725489
-0.0691147
-0.0696328
-0.0744107
-0.0831988
-0.210177
-0.201453
-0.189409
-0.171332
-0.151856
-0.133603
-0.120382
-0.11352
-0.113574
-0.119971
-0.132318
-0.151385
-0.178744
-0.213644
-0.250028
-0.277437
-0.286067
-0.272648
-0.24223
-0.204217
-0.166995
-0.13533
-0.110709
-0.092807
-0.0806856
-0.0733977
-0.0702705
-0.0711491
-0.0763646
-0.0856218
-0.22269
-0.213866
-0.200843
-0.181333
-0.160143
-0.140265
-0.125635
-0.117609
-0.116715
-0.122342
-0.134046
-0.152522
-0.179288
-0.213589
-0.249418
-0.276391
-0.284772
-0.27134
-0.241095
-0.203353
-0.166429
-0.13506
-0.110723
-0.093094
-0.0812472
-0.0742464
-0.0714313
-0.0726763
-0.078336
-0.0880676
-0.235354
-0.226358
-0.212305
-0.1913
-0.168353
-0.146822
-0.130762
-0.121558
-0.119702
-0.124545
-0.13559
-0.15346
-0.179612
-0.213294
-0.24856
-0.275107
-0.283271
-0.269868
-0.239842
-0.202409
-0.165811
-0.134756
-0.110715
-0.0933678
-0.0818015
-0.0750929
-0.0725947
-0.0742119
-0.0803222
-0.0905336
-0.248117
-0.238922
-0.223762
-0.201213
-0.176472
-0.153265
-0.135758
-0.125364
-0.122533
-0.12658
-0.136952
-0.154197
-0.179717
-0.21276
-0.247454
-0.273586
-0.281565
-0.268234
-0.238471
-0.201384
-0.16514
-0.134418
-0.110685
-0.0936262
-0.0823466
-0.0759352
-0.0737585
-0.0757537
-0.0823207
-0.0930168
-0.26094
-0.251538
-0.235191
-0.211051
-0.184486
-0.159584
-0.140617
-0.129024
-0.125209
-0.128447
-0.138133
-0.154737
-0.179603
-0.211991
-0.246103
-0.271831
-0.279655
-0.266439
-0.23698
-0.200277
-0.164413
-0.134043
-0.110629
-0.0938675
-0.0828805
-0.0767711
-0.0749205
-0.077299
-0.0843285
-0.0955141
-0.273805
-0.264122
-0.246566
-0.220794
-0.192382
-0.16577
-0.145335
-0.132535
-0.127728
-0.130148
-0.139134
-0.155082
-0.179276
-0.210988
-0.24451
-0.269844
-0.277543
-0.264483
-0.235372
-0.199087
-0.163631
-0.13363
-0.110547
-0.0940898
-0.0834011
-0.0775984
-0.0760782
-0.0788452
-0.0863426
-0.0980222
-0.286625
-0.276661
-0.257858
-0.230422
-0.200146
-0.171815
-0.149906
-0.135896
-0.13009
-0.131683
-0.139959
-0.155235
-0.178737
-0.209756
-0.242678
-0.267627
-0.275232
-0.262367
-0.233645
-0.197813
-0.162791
-0.133178
-0.110437
-0.094291
-0.0839063
-0.0784148
-0.0772292
-0.0803895
-0.08836
-0.100538
-0.299362
-0.289099
-0.269038
-0.239915
-0.207764
-0.177711
-0.154326
-0.139106
-0.132298
-0.133056
-0.140611
-0.1552
-0.177992
-0.208299
-0.240612
-0.265185
-0.272724
-0.260093
-0.2318
-0.196456
-0.161894
-0.132684
-0.110296
-0.0944691
-0.084394
-0.079218
-0.0783709
-0.0819291
-0.0903773
-0.103057
-0.312006
-0.301304
-0.280075
-0.249254
-0.215226
-0.183451
-0.158593
-0.142163
-0.134351
-0.134269
-0.141092
-0.154982
-0.177045
-0.206623
-0.238317
-0.262521
-0.270021
-0.257664
-0.229839
-0.195015
-0.160936
-0.132148
-0.110123
-0.0946223
-0.0848621
-0.0800056
-0.0795007
-0.0834611
-0.0923912
-0.105577
-0.324525
-0.313421
-0.290942
-0.258419
-0.222518
-0.189028
-0.162704
-0.145069
-0.136252
-0.135324
-0.141408
-0.154585
-0.175903
-0.204734
-0.235799
-0.259642
-0.267129
-0.255081
-0.227761
-0.193489
-0.159919
-0.131568
-0.109916
-0.0947484
-0.0853083
-0.0807753
-0.0806161
-0.0849825
-0.0943982
-0.108092
-0.336869
-0.325327
-0.301612
-0.267393
-0.229629
-0.194436
-0.166656
-0.147822
-0.138004
-0.136227
-0.141563
-0.154016
-0.174572
-0.202639
-0.233065
-0.256553
-0.264051
-0.252347
-0.225568
-0.191879
-0.15884
-0.130942
-0.109673
-0.0948456
-0.0857304
-0.0815246
-0.0817142
-0.0864901
-0.0963946
-0.1106
-0.348919
-0.336991
-0.312058
-0.276158
-0.236551
-0.199671
-0.170448
-0.150424
-0.139608
-0.13698
-0.141562
-0.15328
-0.17306
-0.200347
-0.230124
-0.25326
-0.260792
-0.249465
-0.223261
-0.190185
-0.157699
-0.130269
-0.109394
-0.0949117
-0.0861263
-0.0822511
-0.0827925
-0.0879807
-0.0983768
-0.113097
-0.360716
-0.348386
-0.322255
-0.284698
-0.243271
-0.204727
-0.174078
-0.152877
-0.141068
-0.137589
-0.141412
-0.152386
-0.171374
-0.197866
-0.226982
-0.249771
-0.257359
-0.246438
-0.220842
-0.188406
-0.156496
-0.129548
-0.109075
-0.0949449
-0.0864937
-0.0829523
-0.083848
-0.0894512
-0.100341
-0.115576
-0.372216
-0.359479
-0.332179
-0.292996
-0.249783
-0.209601
-0.177547
-0.155182
-0.142388
-0.138058
-0.141117
-0.151339
-0.169523
-0.195204
-0.22365
-0.246093
-0.253755
-0.243269
-0.218311
-0.186543
-0.155229
-0.128777
-0.108715
-0.0949432
-0.0868305
-0.0836257
-0.084878
-0.0908982
-0.102283
-0.118036
-0.383372
-0.37024
-0.341808
-0.301039
-0.256078
-0.214289
-0.180855
-0.157342
-0.143571
-0.138394
-0.140686
-0.150148
-0.167516
-0.192371
-0.220137
-0.242235
-0.249986
-0.239963
-0.215672
-0.184597
-0.153898
-0.127956
-0.108313
-0.0949046
-0.0871344
-0.084269
-0.0858798
-0.0923184
-0.104199
-0.12047
-0.394146
-0.380639
-0.35112
-0.308812
-0.262148
-0.218789
-0.184001
-0.159359
-0.144623
-0.138601
-0.140124
-0.148821
-0.165362
-0.189378
-0.216453
-0.238204
-0.246059
-0.236523
-0.212927
-0.182568
-0.152502
-0.127083
-0.107866
-0.0948274
-0.0874032
-0.0848795
-0.0868504
-0.0937084
-0.106085
-0.122875
-0.404504
-0.39065
-0.360097
-0.316304
-0.267988
-0.223099
-0.186989
-0.161237
-0.145548
-0.138686
-0.139439
-0.147365
-0.163071
-0.186235
-0.212608
-0.234011
-0.241982
-0.232954
-0.210077
-0.180457
-0.151042
-0.126157
-0.107375
-0.0947096
-0.0876349
-0.0854549
-0.087787
-0.0950647
-0.107937
-0.125246
-0.414418
-0.40025
-0.36872
-0.323504
-0.273592
-0.227219
-0.189818
-0.162979
-0.146351
-0.138654
-0.138638
-0.145791
-0.160653
-0.182954
-0.208614
-0.229665
-0.23776
-0.229261
-0.207125
-0.178265
-0.149518
-0.125177
-0.106836
-0.0945494
-0.0878273
-0.0859928
-0.0886868
-0.0963841
-0.109751
-0.127578
-0.42386
-0.409416
-0.376973
-0.330402
-0.278956
-0.231147
-0.192492
-0.164591
-0.147037
-0.138514
-0.137729
-0.144107
-0.158119
-0.179546
-0.204482
-0.225177
-0.233404
-0.225449
-0.204074
-0.175992
-0.147928
-0.124143
-0.10625
-0.0943452
-0.0879783
-0.0864908
-0.089547
-0.0976629
-0.111522
-0.129866
)
;

boundaryField
{
    inlet
    {
        type            zeroGradient;
    }
    outlet
    {
        type            fixedValue;
        value           nonuniform 0();
    }
    cylinder
    {
        type            zeroGradient;
    }
    top
    {
        type            symmetryPlane;
    }
    bottom
    {
        type            symmetryPlane;
    }
    frontAndBack
    {
        type            empty;
    }
    procBoundary5to4
    {
        type            processor;
        value           nonuniform List<scalar> 
257
(
-0.430744
-0.438816
-0.446348
-0.453323
-0.459731
-0.465562
-0.470814
-0.475486
-0.479584
-0.483114
-0.486087
-0.488518
-0.490422
-0.491819
-0.492728
-0.493173
-0.493179
-0.492772
-0.491988
-0.490876
-0.489484
-0.487774
-0.497081
-0.497081
-0.495059
-0.492756
-0.490195
-0.487393
-0.484368
-0.481134
-0.477706
-0.474098
-0.47032
-0.466385
-0.462302
-0.45808
-0.453727
-0.449251
-0.444658
-0.438729
-0.438729
-0.434195
-0.429557
-0.424826
-0.420011
-0.415119
-0.410165
-0.405176
-0.400155
-0.394992
-0.389631
-0.372411
-0.372411
-0.364056
-0.340487
-0.317694
-0.295558
-0.27424
-0.25411
-0.235348
-0.217995
-0.202018
-0.187334
-0.17384
-0.161424
-0.149981
-0.139414
-0.129634
-0.120564
-0.112135
-0.104287
-0.0969664
-0.0901266
-0.0837255
-0.077726
-0.0720949
-0.0668026
-0.0618227
-0.0571313
-0.052707
-0.0485305
-0.0445844
-0.0408531
-0.0373221
-0.0339785
-0.0308107
-0.0278077
-0.0249599
-0.0222583
-0.0196946
-0.0172612
-0.0149514
-0.0127585
-0.0106768
-0.00870076
-0.00682526
-0.00504559
-0.00335734
-0.00175639
-0.000238883
0.00119878
0.00256002
0.00384802
0.00506578
0.00621616
0.00730182
0.0083253
0.00928901
0.0101952
0.0110459
0.0118432
0.0125888
0.0132846
0.0139322
0.0145329
0.0150881
0.0155991
0.0160668
0.016492
0.0168753
0.0172176
0.0175191
0.0177798
0.0179993
0.0181774
0.0183132
0.0184056
0.0184528
0.00461307
0.00456857
0.00457125
0.00457125
0.00444731
0.00428525
0.00408616
0.00385091
0.00358018
0.00327447
0.00293416
0.00255949
0.00215064
0.00170795
0.00123365
0.000723497
0.000179494
-0.000398015
-0.00100887
-0.00165286
-0.00232964
-0.00303878
-0.00377968
-0.00455157
-0.00535345
-0.00618412
-0.00704209
-0.00792551
-0.00883228
-0.0097598
-0.0107051
-0.0116646
-0.0126342
-0.0136095
-0.0145849
-0.0155545
-0.0165115
-0.0174481
-0.0183557
-0.0192246
-0.0200441
-0.0208025
-0.0214869
-0.0220832
-0.0225759
-0.0229487
-0.0231839
-0.0232626
-0.023165
-0.0228703
-0.0223568
-0.021602
-0.0205836
-0.0192798
-0.017669
-0.0157308
-0.0134458
-0.010797
-0.00777175
-0.00436093
-0.000561602
0.00362311
0.00818168
0.01309
0.0183086
0.0237796
0.0294
0.0350392
0.0405089
0.0455555
0.0498627
0.053025
0.0545186
0.0538388
0.0508142
0.0452183
0.0351204
0.0351204
0.00481856
0.00596034
0.00616498
0.00538744
0.00410882
0.00238391
0.000132768
-0.00267677
-0.00604667
-0.00997793
-0.0144723
-0.0144723
-0.0425628
-0.0468653
-0.051833
-0.0574873
-0.0632548
-0.0696697
-0.0767035
-0.0842963
-0.0924264
-0.101073
-0.110214
-0.119824
-0.129877
-0.140342
-0.151192
-0.162398
-0.162398
-0.18457
-0.195338
-0.206422
-0.217787
-0.229398
-0.241213
-0.253193
-0.265292
-0.277465
-0.289671
-0.301863
-0.313996
-0.326017
-0.337887
-0.349627
-0.361106
-0.372301
-0.383192
-0.393537
-0.403511
-0.413065
-0.422152
)
;
    }
    procBoundary5to6
    {
        type            processor;
        value           nonuniform List<scalar> 
252
(
-0.150896
-0.153516
-0.15608
-0.158582
-0.161019
-0.163386
-0.165677
-0.167888
-0.170015
-0.172054
-0.173999
-0.175848
-0.177597
-0.179241
-0.180778
-0.182203
-0.183516
-0.184712
-0.185789
-0.186745
-0.187579
-0.188288
-0.188872
-0.189329
-0.189659
-0.189862
-0.189937
-0.189885
-0.189706
-0.189401
-0.188972
-0.188418
-0.188418
-0.2118
-0.211489
-0.211061
-0.210517
-0.20986
-0.20909
-0.208211
-0.207224
-0.206132
-0.204937
-0.203641
-0.202246
-0.200755
-0.199181
-0.197522
-0.195644
-0.193411
-0.192205
-0.197325
-0.191855
-0.184376
-0.177477
-0.170191
-0.161735
-0.152198
-0.141818
-0.130727
-0.119054
-0.106974
-0.0946937
-0.0824203
-0.070346
-0.0586276
-0.0473786
-0.0366805
-0.0266133
-0.0172836
-0.00882127
-0.00134733
0.00506944
0.0104363
0.0148271
0.0183566
0.0211515
0.023333
0.0250095
0.0262722
0.027198
0.0278496
0.0282779
0.0285255
0.0286281
0.0286144
0.0284776
0.0282973
0.0280582
0.0277743
0.0274577
0.0271179
0.0267621
0.0263974
0.0260295
0.0256627
0.0253006
0.0249463
0.024602
0.0242696
0.0239506
0.0236461
0.0233568
0.0230833
0.0228258
0.0225844
0.0223591
0.0221496
0.0219557
0.021777
0.0216129
0.021463
0.0213267
0.0212033
0.0210922
0.0209929
0.0209046
0.0208268
0.020759
0.0207006
0.0206512
0.0206103
0.0205777
0.0205532
0.0205368
0.0205284
0.0133936
0.0134076
0.0134349
0.0134751
0.0135278
0.0135929
0.0136701
0.0137595
0.0138611
0.0139748
0.0141008
0.0142392
0.0143901
0.0145537
0.0147301
0.0149194
0.0151217
0.0153373
0.015566
0.015808
0.0160633
0.0163317
0.0166132
0.0169075
0.0172145
0.0175338
0.017865
0.0182075
0.0185608
0.0189241
0.0192964
0.0196769
0.0200643
0.0204572
0.0208541
0.0212534
0.0216528
0.0220504
0.0224435
0.0228296
0.0232053
0.0235673
0.0239118
0.0242347
0.0245311
0.024796
0.0250235
0.0252076
0.0253412
0.0254166
0.0254254
0.0253586
0.0252065
0.024959
0.0246061
0.0241371
0.0235408
0.0228049
0.021915
0.0208552
0.0196073
0.0181521
0.0164696
0.01454
0.0123449
0.00986784
0.00709538
0.00401744
0.000627931
-0.00307558
-0.00709357
-0.0114226
-0.0160361
-0.0208377
-0.0259325
-0.0315942
-0.0337929
-0.0354741
-0.0371571
-0.0389581
-0.0408242
-0.0427305
-0.0446806
-0.0466791
-0.0487269
-0.050824
-0.0529702
-0.0551657
-0.0574106
-0.0597046
-0.0620475
-0.0644387
-0.0668777
-0.0629355
-0.0629355
-0.0652735
-0.0676584
-0.0700892
-0.0725648
-0.0750842
-0.0776458
-0.0802483
-0.0828898
-0.0855686
-0.0882828
-0.0910301
-0.0938083
-0.0966149
-0.0994474
-0.102303
-0.105178
-0.108071
-0.110977
-0.113893
-0.116816
-0.119741
-0.122666
-0.125585
-0.128495
-0.131391
-0.134269
-0.137124
-0.139952
-0.142748
-0.145507
-0.148225
)
;
    }
}


// ************************************************************************* //
