/*--------------------------------*- C++ -*----------------------------------*\
  =========                 |
  \\      /  F ield         | OpenFOAM: The Open Source CFD Toolbox
   \\    /   O peration     | Website:  https://openfoam.org
    \\  /    A nd           | Version:  7
     \\/     M anipulation  |
\*---------------------------------------------------------------------------*/
FoamFile
{
    version     2.0;
    format      ascii;
    class       volScalarField;
    location    "240";
    object      p;
}
// * * * * * * * * * * * * * * * * * * * * * * * * * * * * * * * * * * * * * //

dimensions      [0 2 -2 0 0 0 0];

internalField   nonuniform List<scalar> 
4575
(
-0.380143
-0.380813
-0.381359
-0.381833
-0.382272
-0.3827
-0.38313
-0.383572
-0.384024
-0.384484
-0.384949
-0.385417
-0.385888
-0.386376
-0.38691
-0.38744
-0.38805
-0.383461
-0.384212
-0.384855
-0.385446
-0.38602
-0.386603
-0.387208
-0.38784
-0.3885
-0.389181
-0.389879
-0.390587
-0.391304
-0.392036
-0.392805
-0.393559
-0.394373
-0.386885
-0.387715
-0.388455
-0.389162
-0.389873
-0.390613
-0.391394
-0.392221
-0.393091
-0.393997
-0.394932
-0.395885
-0.396852
-0.397834
-0.398845
-0.39983
-0.400851
-0.390412
-0.391318
-0.392153
-0.392976
-0.393825
-0.394723
-0.395682
-0.396705
-0.397789
-0.398923
-0.400097
-0.401299
-0.402518
-0.403754
-0.405012
-0.406234
-0.407463
-0.394039
-0.395017
-0.395945
-0.396883
-0.397869
-0.398926
-0.400064
-0.401285
-0.402583
-0.403946
-0.40536
-0.406812
-0.408286
-0.409775
-0.411284
-0.412744
-0.414179
-0.397761
-0.398806
-0.399824
-0.400876
-0.401998
-0.403213
-0.404531
-0.405949
-0.407462
-0.409053
-0.410708
-0.412407
-0.414133
-0.415875
-0.417634
-0.41933
-0.420965
-0.401571
-0.402679
-0.403784
-0.404946
-0.406203
-0.407575
-0.40907
-0.410685
-0.41241
-0.414228
-0.41612
-0.418063
-0.420037
-0.422027
-0.424031
-0.425957
-0.427781
-0.405462
-0.406627
-0.407813
-0.409083
-0.410472
-0.411998
-0.413668
-0.415478
-0.417412
-0.419453
-0.421577
-0.423759
-0.425973
-0.4282
-0.430442
-0.432585
-0.434583
-0.410639
-0.411903
-0.413276
-0.414792
-0.41647
-0.418312
-0.420311
-0.422451
-0.424709
-0.427057
-0.429468
-0.431911
-0.434364
-0.436829
-0.439174
-0.441322
-0.414705
-0.41604
-0.417511
-0.419151
-0.420975
-0.422983
-0.425167
-0.427506
-0.429973
-0.432538
-0.435166
-0.437823
-0.440483
-0.443153
-0.44568
-0.447946
-0.418812
-0.420213
-0.421776
-0.423533
-0.425497
-0.427666
-0.430027
-0.432557
-0.435224
-0.437993
-0.440824
-0.443678
-0.446524
-0.449375
-0.452057
-0.454402
-0.422948
-0.424406
-0.426054
-0.427922
-0.430019
-0.432341
-0.434872
-0.437583
-0.440439
-0.443398
-0.446416
-0.449445
-0.452452
-0.455455
-0.458261
-0.460635
-0.427096
-0.428605
-0.430331
-0.432301
-0.434523
-0.43699
-0.43968
-0.442562
-0.445594
-0.448728
-0.451913
-0.455094
-0.458233
-0.461354
-0.464249
-0.466593
-0.431244
-0.432794
-0.434588
-0.436652
-0.43899
-0.441591
-0.44443
-0.44747
-0.450664
-0.453956
-0.457288
-0.460596
-0.463833
-0.467034
-0.469983
-0.472225
-0.435375
-0.436957
-0.43881
-0.440958
-0.443401
-0.446125
-0.4491
-0.452285
-0.455625
-0.459058
-0.462514
-0.465922
-0.469224
-0.472461
-0.475426
-0.477482
-0.439473
-0.441077
-0.442979
-0.445199
-0.447736
-0.45057
-0.453669
-0.456984
-0.460454
-0.464008
-0.467566
-0.471046
-0.474376
-0.477602
-0.480549
-0.482323
-0.445139
-0.447078
-0.449358
-0.451976
-0.454907
-0.458114
-0.461544
-0.465127
-0.468783
-0.47242
-0.475944
-0.479265
-0.482428
-0.485324
-0.486712
-0.449125
-0.45109
-0.453417
-0.456101
-0.459115
-0.462415
-0.465942
-0.469621
-0.473358
-0.477052
-0.480593
-0.483869
-0.486914
-0.489728
-0.490582
-0.453022
-0.454998
-0.457359
-0.460094
-0.463174
-0.46655
-0.470158
-0.473913
-0.477713
-0.481441
-0.484975
-0.488173
-0.491051
-0.493785
-0.493837
-0.456815
-0.458789
-0.461167
-0.463937
-0.467066
-0.470501
-0.47417
-0.477982
-0.481824
-0.485566
-0.489068
-0.492164
-0.494841
-0.497477
-0.496792
-0.462447
-0.464826
-0.467614
-0.470773
-0.474248
-0.47796
-0.481809
-0.485673
-0.489407
-0.492856
-0.495834
-0.498302
-0.500614
-0.499475
-0.465961
-0.468324
-0.471111
-0.474282
-0.477775
-0.481509
-0.485375
-0.48924
-0.492946
-0.496321
-0.499159
-0.501408
-0.503327
-0.501633
-0.46932
-0.47165
-0.474416
-0.477577
-0.481068
-0.484802
-0.488663
-0.492508
-0.496166
-0.499445
-0.502121
-0.504114
-0.50566
-0.503225
-0.472516
-0.474793
-0.477519
-0.480648
-0.484116
-0.487827
-0.49166
-0.495463
-0.499051
-0.502215
-0.504707
-0.506407
-0.507585
-0.504295
-0.477748
-0.480412
-0.483488
-0.486908
-0.490574
-0.494356
-0.498093
-0.501589
-0.504618
-0.506908
-0.508282
-0.509097
-0.504852
-0.480512
-0.483092
-0.486093
-0.489441
-0.493036
-0.496743
-0.500391
-0.503772
-0.506644
-0.508713
-0.509736
-0.510196
-0.504902
-0.483083
-0.485558
-0.48846
-0.491713
-0.495212
-0.498818
-0.502352
-0.505595
-0.508289
-0.51012
-0.510767
-0.51088
-0.504454
-0.487813
-0.490592
-0.493725
-0.497105
-0.500585
-0.50398
-0.50706
-0.509551
-0.511126
-0.511374
-0.511151
-0.503523
-0.489863
-0.492497
-0.495486
-0.498721
-0.50205
-0.505281
-0.508172
-0.510438
-0.511736
-0.511561
-0.511009
-0.502125
-0.491718
-0.494184
-0.497007
-0.500072
-0.503226
-0.506268
-0.508945
-0.51096
-0.51196
-0.511338
-0.510459
-0.500283
-0.495668
-0.498302
-0.501176
-0.50413
-0.506958
-0.509397
-0.511135
-0.511813
-0.510722
-0.509506
-0.498028
-0.496966
-0.499391
-0.502052
-0.504785
-0.507375
-0.509552
-0.510987
-0.511318
-0.509738
-0.50816
-0.495399
-0.500297
-0.502725
-0.505215
-0.507547
-0.509436
-0.510544
-0.5105
-0.508416
-0.506432
-0.492443
-0.501044
-0.503221
-0.50545
-0.507502
-0.509082
-0.50984
-0.50939
-0.506796
-0.504338
-0.48922
-0.50166
-0.503571
-0.505521
-0.507273
-0.508523
-0.508909
-0.508021
-0.504925
-0.501901
-0.485822
-0.503804
-0.505459
-0.506893
-0.507791
-0.507786
-0.506426
-0.502851
-0.499149
-0.482355
-0.503951
-0.505296
-0.506395
-0.506923
-0.506507
-0.504643
-0.500619
-0.496056
-0.478786
-0.505061
-0.505809
-0.505948
-0.505108
-0.502722
-0.498303
-0.492527
-0.474745
-0.504783
-0.505161
-0.504895
-0.503622
-0.500732
-0.496043
-0.488674
-0.470438
-0.504476
-0.503786
-0.50207
-0.498717
-0.493921
-0.48525
-0.469907
-0.503771
-0.502633
-0.500453
-0.49665
-0.491732
-0.482889
-0.479586
-0.501444
-0.498767
-0.494489
-0.48931
-0.480328
-0.479148
-0.497002
-0.492198
-0.486561
-0.477236
-0.475493
-0.495156
-0.489765
-0.483511
-0.473701
-0.470571
-0.487191
-0.480211
-0.469823
-0.464995
-0.476716
-0.465701
-0.459168
-0.473076
-0.461422
-0.453319
-0.457059
-0.447573
-0.441992
-0.28329
-0.286273
-0.285036
-0.291671
-0.286262
-0.286739
-0.290965
-0.285963
-0.28832
-0.293143
-0.29
-0.285319
-0.289632
-0.295768
-0.291667
-0.288752
-0.284266
-0.290427
-0.294175
-0.290069
-0.287199
-0.282742
-0.290356
-0.296722
-0.292578
-0.288387
-0.285318
-0.280669
-0.289056
-0.299494
-0.295238
-0.291017
-0.286673
-0.283106
-0.277802
-0.283813
-0.298165
-0.293855
-0.289539
-0.285018
-0.280784
-0.274359
-0.262826
-0.301275
-0.296969
-0.292604
-0.288198
-0.283531
-0.278679
-0.27242
-0.256998
-0.300277
-0.295927
-0.29151
-0.287036
-0.282307
-0.277154
-0.271717
-0.256848
-0.303731
-0.299449
-0.295057
-0.290596
-0.286076
-0.281347
-0.276121
-0.271298
-0.25709
-0.303117
-0.298805
-0.294376
-0.289878
-0.285328
-0.280622
-0.275429
-0.270959
-0.257478
-0.306839
-0.302694
-0.298358
-0.293899
-0.289371
-0.284801
-0.280123
-0.275026
-0.270792
-0.258363
-0.30662
-0.30247
-0.298118
-0.293638
-0.289089
-0.284509
-0.279864
-0.274902
-0.270852
-0.259723
-0.310456
-0.306595
-0.30245
-0.298095
-0.293604
-0.289044
-0.284464
-0.279859
-0.275057
-0.271159
-0.261435
-0.3106
-0.306765
-0.302637
-0.298291
-0.293804
-0.289247
-0.28468
-0.280125
-0.275494
-0.271739
-0.263414
-0.310927
-0.307129
-0.303032
-0.298711
-0.294242
-0.289703
-0.285164
-0.280672
-0.276219
-0.272613
-0.265603
-0.314811
-0.311431
-0.307683
-0.303631
-0.29935
-0.294918
-0.290415
-0.285923
-0.281509
-0.277236
-0.273791
-0.267955
-0.315425
-0.312107
-0.308421
-0.30443
-0.300206
-0.295829
-0.291381
-0.286954
-0.282635
-0.278544
-0.27527
-0.270432
-0.316194
-0.312948
-0.309337
-0.305421
-0.301271
-0.296967
-0.292594
-0.288251
-0.284044
-0.280134
-0.277035
-0.273005
-0.319866
-0.317111
-0.313947
-0.310421
-0.306594
-0.302535
-0.298322
-0.294043
-0.289803
-0.285721
-0.28199
-0.279063
-0.275656
-0.320842
-0.318168
-0.315094
-0.311666
-0.307941
-0.303987
-0.299882
-0.295715
-0.291594
-0.287649
-0.284091
-0.281326
-0.278375
-0.321945
-0.319358
-0.316382
-0.313061
-0.30945
-0.305615
-0.301632
-0.297592
-0.293605
-0.289804
-0.286414
-0.283798
-0.281163
-0.32526
-0.323169
-0.320674
-0.317803
-0.314597
-0.31111
-0.307405
-0.303558
-0.299658
-0.295815
-0.292165
-0.288935
-0.286453
-0.284024
-0.326518
-0.324507
-0.322109
-0.319348
-0.316265
-0.312911
-0.309347
-0.305646
-0.301895
-0.298204
-0.294708
-0.29163
-0.289268
-0.286968
-0.327882
-0.325955
-0.323656
-0.321011
-0.318057
-0.314842
-0.311427
-0.30788
-0.304287
-0.300753
-0.297411
-0.294479
-0.292224
-0.290001
-0.329348
-0.327507
-0.325312
-0.322785
-0.319965
-0.316896
-0.313634
-0.310247
-0.306817
-0.303444
-0.300257
-0.297465
-0.295308
-0.293132
-0.332316
-0.330912
-0.329159
-0.32707
-0.324666
-0.321982
-0.319062
-0.31596
-0.312737
-0.309472
-0.306262
-0.303228
-0.300572
-0.298507
-0.296366
-0.333903
-0.332571
-0.330909
-0.328927
-0.326647
-0.324103
-0.321336
-0.318394
-0.315339
-0.312241
-0.309195
-0.306312
-0.303788
-0.301812
-0.299706
-0.33558
-0.334323
-0.332752
-0.33088
-0.328727
-0.326324
-0.323711
-0.320932
-0.318044
-0.315115
-0.312232
-0.3095
-0.307106
-0.305218
-0.303154
-0.337346
-0.336165
-0.334688
-0.332926
-0.330901
-0.328641
-0.326182
-0.323568
-0.320848
-0.318087
-0.315366
-0.312784
-0.31052
-0.308719
-0.30671
-0.34002
-0.3392
-0.338097
-0.336714
-0.335065
-0.333168
-0.331051
-0.328748
-0.326298
-0.323747
-0.321154
-0.318594
-0.316161
-0.314026
-0.312315
-0.310372
-0.341894
-0.34114
-0.340117
-0.338831
-0.337294
-0.335527
-0.333554
-0.331407
-0.329121
-0.326738
-0.324312
-0.321914
-0.319629
-0.317624
-0.316006
-0.314141
-0.343851
-0.343166
-0.342226
-0.341038
-0.339615
-0.337978
-0.33615
-0.334159
-0.332036
-0.329821
-0.327563
-0.325326
-0.32319
-0.321315
-0.319794
-0.318017
-0.345891
-0.345278
-0.344423
-0.343335
-0.342028
-0.340522
-0.338839
-0.337004
-0.335046
-0.332999
-0.330909
-0.328833
-0.326848
-0.325103
-0.323685
-0.322004
-0.348016
-0.347478
-0.34671
-0.345724
-0.344534
-0.34316
-0.341623
-0.339945
-0.338152
-0.336274
-0.334352
-0.33244
-0.330607
-0.328994
-0.327688
-0.326095
-0.350226
-0.349766
-0.349088
-0.348206
-0.347135
-0.345895
-0.344505
-0.342985
-0.341357
-0.33965
-0.337899
-0.336153
-0.334474
-0.332997
-0.33182
-0.330258
-0.352524
-0.352145
-0.351559
-0.350783
-0.349833
-0.348729
-0.347487
-0.346127
-0.344667
-0.343133
-0.341555
-0.339979
-0.33846
-0.33713
-0.336067
-0.334512
-0.354912
-0.354616
-0.354125
-0.353457
-0.352631
-0.351664
-0.350574
-0.349376
-0.348087
-0.346728
-0.345328
-0.343925
-0.342573
-0.341396
-0.340427
-0.339174
-0.357393
-0.357391
-0.357181
-0.356788
-0.356231
-0.355531
-0.354705
-0.353768
-0.352735
-0.35162
-0.350441
-0.349222
-0.347999
-0.346821
-0.345805
-0.344948
-0.343961
-0.359886
-0.359964
-0.359843
-0.35955
-0.359107
-0.358536
-0.357853
-0.357074
-0.35621
-0.355273
-0.354278
-0.353247
-0.352209
-0.351212
-0.350362
-0.349633
-0.348868
-0.362473
-0.362634
-0.362604
-0.362414
-0.362088
-0.361649
-0.361114
-0.360496
-0.359805
-0.359051
-0.358245
-0.357407
-0.356561
-0.355752
-0.355073
-0.354487
-0.353926
-0.365159
-0.365404
-0.365467
-0.365382
-0.365177
-0.364873
-0.364489
-0.364036
-0.363523
-0.362957
-0.362347
-0.361708
-0.361062
-0.360447
-0.359948
-0.359518
-0.359152
-0.367945
-0.368276
-0.368433
-0.368456
-0.368374
-0.36821
-0.367981
-0.367697
-0.367367
-0.366994
-0.366587
-0.366154
-0.365716
-0.365305
-0.364993
-0.364731
-0.364558
-0.370835
-0.371251
-0.371505
-0.371638
-0.371682
-0.371661
-0.371591
-0.371481
-0.371339
-0.371166
-0.370967
-0.370749
-0.370526
-0.370327
-0.370212
-0.37013
-0.370149
-0.37383
-0.374332
-0.374682
-0.374928
-0.375101
-0.375226
-0.375319
-0.375389
-0.37544
-0.375473
-0.375488
-0.375492
-0.375493
-0.375514
-0.375606
-0.375717
-0.37593
-0.376933
-0.377519
-0.377967
-0.378327
-0.378632
-0.378906
-0.379167
-0.37942
-0.379669
-0.379913
-0.38015
-0.380383
-0.380615
-0.380866
-0.381174
-0.381489
-0.381898
-0.391999
-0.390755
-0.400432
-0.409177
-0.430537
-0.453318
-0.478559
-0.490675
-0.481825
-0.440946
-0.398313
-0.395751
-0.403184
-0.408531
-0.425994
-0.445234
-0.467701
-0.478158
-0.468869
-0.429065
-0.404902
-0.400945
-0.406092
-0.407869
-0.421183
-0.436618
-0.456112
-0.464841
-0.455148
-0.416536
-0.411755
-0.406336
-0.409178
-0.407235
-0.416172
-0.427549
-0.443878
-0.450777
-0.440719
-0.403401
-0.41885
-0.411917
-0.412458
-0.406672
-0.411028
-0.418107
-0.431072
-0.436025
-0.425656
-0.389704
-0.426159
-0.417675
-0.415939
-0.406216
-0.405818
-0.408378
-0.417782
-0.42066
-0.409992
-0.375494
-0.433642
-0.423585
-0.419622
-0.405899
-0.400609
-0.398448
-0.404102
-0.404817
-0.393731
-0.360821
-0.441253
-0.429618
-0.423497
-0.405746
-0.39546
-0.388404
-0.390129
-0.388561
-0.377115
-0.34574
-0.448936
-0.435734
-0.427548
-0.405773
-0.390428
-0.378331
-0.375965
-0.371992
-0.359993
-0.330311
-0.45663
-0.441888
-0.431747
-0.405986
-0.385562
-0.368312
-0.36171
-0.355217
-0.342593
-0.314605
-0.464269
-0.448028
-0.43606
-0.406385
-0.380901
-0.358423
-0.347462
-0.338338
-0.324992
-0.298673
-0.471783
-0.454095
-0.440444
-0.406959
-0.37648
-0.348738
-0.333319
-0.321448
-0.3076
-0.282254
-0.479101
-0.460031
-0.444853
-0.407691
-0.372321
-0.339322
-0.319372
-0.304639
-0.290139
-0.265784
-0.486155
-0.465774
-0.449233
-0.408557
-0.36844
-0.330235
-0.305706
-0.288003
-0.272678
-0.249334
-0.492879
-0.471262
-0.453531
-0.409526
-0.364844
-0.321526
-0.292402
-0.271633
-0.255314
-0.232937
-0.499213
-0.476436
-0.457691
-0.410566
-0.361535
-0.31324
-0.279536
-0.255616
-0.238132
-0.216514
-0.505105
-0.481244
-0.46166
-0.411641
-0.358507
-0.305413
-0.267177
-0.240036
-0.221195
-0.199935
-0.510525
-0.485636
-0.465388
-0.412716
-0.355751
-0.298072
-0.255387
-0.224969
-0.204581
-0.184386
-0.515458
-0.489554
-0.468822
-0.413753
-0.353258
-0.291242
-0.244224
-0.210491
-0.188387
-0.16786
-0.519775
-0.492952
-0.471927
-0.414723
-0.351014
-0.284937
-0.233737
-0.196671
-0.172716
-0.151947
-0.523319
-0.495956
-0.474692
-0.415595
-0.349005
-0.279172
-0.22397
-0.183578
-0.157643
-0.136864
-0.526267
-0.498471
-0.477111
-0.416322
-0.347221
-0.273952
-0.214959
-0.171272
-0.143223
-0.122201
-0.528699
-0.500459
-0.479144
-0.416849
-0.345666
-0.269279
-0.206736
-0.159809
-0.129515
-0.107958
-0.530605
-0.501896
-0.480402
-0.417538
-0.344339
-0.265161
-0.199323
-0.149241
-0.116584
-0.0942285
-0.531977
-0.502808
-0.481259
-0.418049
-0.343149
-0.261625
-0.192739
-0.13961
-0.104492
-0.0811068
-0.532821
-0.503222
-0.481686
-0.418361
-0.342098
-0.258653
-0.187016
-0.130951
-0.0932967
-0.0686492
-0.0524071
-0.533147
-0.50316
-0.481669
-0.418468
-0.341244
-0.256161
-0.18216
-0.123296
-0.0830452
-0.0569199
-0.0454275
-0.532961
-0.502645
-0.481207
-0.418375
-0.340546
-0.254269
-0.178028
-0.116698
-0.0737835
-0.0459172
-0.0326993
-0.532263
-0.501702
-0.480308
-0.418083
-0.34
-0.252937
-0.174622
-0.111146
-0.0655645
-0.0357525
-0.0210222
-0.53105
-0.500359
-0.478984
-0.417596
-0.3396
-0.252091
-0.172248
-0.106348
-0.0584247
-0.0264647
-0.0104093
-0.529315
-0.498642
-0.47725
-0.416915
-0.339333
-0.251712
-0.170666
-0.102573
-0.0522794
-0.0181051
-0.000676821
-0.527045
-0.496576
-0.475124
-0.416042
-0.339182
-0.251776
-0.169813
-0.0998979
-0.0471305
-0.0108867
0.0083962
-0.524226
-0.494183
-0.472629
-0.414981
-0.339134
-0.252256
-0.169664
-0.0981619
-0.043212
-0.00461677
0.0165701
-0.520841
-0.491482
-0.469794
-0.413746
-0.339186
-0.253134
-0.170194
-0.0973324
-0.0403524
0.000561335
0.0237805
-0.516874
-0.488486
-0.466646
-0.412342
-0.339319
-0.254367
-0.171347
-0.097361
-0.0384921
0.00465752
0.0300232
-0.512311
-0.485187
-0.463182
-0.410718
-0.339425
-0.255802
-0.17295
-0.0980815
-0.0375055
0.00777576
0.035322
-0.507174
-0.481609
-0.459449
-0.408881
-0.339465
-0.257365
-0.174917
-0.0994105
-0.0373308
0.00995066
0.0396696
-0.501551
-0.477917
-0.455765
-0.407318
-0.34011
-0.259832
-0.178029
-0.102046
-0.0385567
0.0107111
0.0426868
0.0585741
-0.49527
-0.474025
-0.452168
-0.406291
-0.341817
-0.263786
-0.182884
-0.106505
-0.0415615
0.00981209
0.0442265
0.0631396
-0.487289
-0.468522
-0.446414
-0.40222
-0.339703
-0.263631
-0.183839
-0.107612
-0.0417663
0.0111019
0.0474607
0.0681962
-0.468588
-0.456111
-0.432046
-0.387456
-0.324991
-0.250327
-0.172106
-0.0971152
-0.0310469
0.022995
0.0621534
0.0872798
-0.439055
-0.424842
-0.39729
-0.354221
-0.296585
-0.228342
-0.156263
-0.0865454
-0.0242457
0.0273461
0.0649659
0.0848417
-0.410655
-0.39398
-0.364375
-0.323765
-0.271423
-0.209596
-0.143777
-0.0794424
-0.0210256
0.0282332
0.0654432
0.0885054
-0.382379
-0.363963
-0.333608
-0.295735
-0.248626
-0.193119
-0.133594
-0.0748505
-0.0208249
0.0254324
0.0613283
0.0842626
-0.354076
-0.335285
-0.305332
-0.270321
-0.228189
-0.178719
-0.125301
-0.0721496
-0.0227961
0.0199455
0.0536219
0.0758297
-0.326546
-0.308388
-0.279712
-0.247564
-0.209991
-0.166103
-0.118438
-0.0706765
-0.0259783
0.013117
0.0442531
0.0652498
-0.30034
-0.283425
-0.256593
-0.227239
-0.193768
-0.154941
-0.112593
-0.0698948
-0.0296681
0.00579686
0.0342911
0.0538514
-0.275742
-0.260374
-0.235689
-0.209035
-0.179242
-0.144956
-0.107455
-0.0694336
-0.0334063
-0.00144142
0.0244662
0.0425418
-0.252865
-0.239131
-0.216718
-0.192652
-0.166162
-0.135924
-0.102802
-0.0690512
-0.036902
-0.00823433
0.0152256
0.0318707
-0.231715
-0.219571
-0.199432
-0.177824
-0.154309
-0.127672
-0.0984783
-0.068597
-0.0399918
-0.0143482
0.00682421
0.0221288
-0.212214
-0.201568
-0.183624
-0.164326
-0.143495
-0.120059
-0.0943752
-0.0679801
-0.04259
-0.0196941
-0.000615862
0.0134407
-0.194275
-0.184981
-0.169123
-0.151971
-0.133567
-0.112977
-0.0904177
-0.0671479
-0.0446587
-0.024244
-0.00707094
0.00582929
-0.177802
-0.169926
-0.155807
-0.140611
-0.124395
-0.106337
-0.0865544
-0.0660762
-0.0461951
-0.0280095
-0.0125635
-0.000732089
-0.162634
-0.155874
-0.143515
-0.130118
-0.115875
-0.10007
-0.0827512
-0.0647575
-0.0471714
-0.0310209
-0.0171411
-0.0062977
-0.148685
-0.142947
-0.132196
-0.120395
-0.10793
-0.0941228
-0.078987
-0.0632053
-0.0476901
-0.0333348
-0.0208676
-0.0109365
-0.135862
-0.131033
-0.121709
-0.111445
-0.100503
-0.0884566
-0.0752491
-0.0614169
-0.0477546
-0.0350068
-0.0238134
-0.0147245
-0.124072
-0.120045
-0.111983
-0.103038
-0.0935298
-0.0830463
-0.0715282
-0.0594313
-0.0474068
-0.0360964
-0.0260519
-0.0177406
-0.11323
-0.109905
-0.10296
-0.0951971
-0.0869503
-0.0778542
-0.0678377
-0.0572654
-0.0466922
-0.0366654
-0.0276567
-0.0200637
-0.103259
-0.100542
-0.0945857
-0.0878726
-0.0807398
-0.072868
-0.064173
-0.0549465
-0.0456584
-0.0367753
-0.0287002
-0.0217707
-0.0940838
-0.0918946
-0.0868063
-0.0810217
-0.0748707
-0.0680756
-0.0605419
-0.0525017
-0.0443503
-0.0364857
-0.029252
-0.0229355
-0.0856393
-0.0839028
-0.079575
-0.074608
-0.06932
-0.0634691
-0.0569543
-0.0499579
-0.0428112
-0.0358533
-0.0293777
-0.0236274
-0.0778637
-0.076514
-0.0728495
-0.0685997
-0.064068
-0.0590433
-0.0534209
-0.0473416
-0.0410822
-0.0349311
-0.0291386
-0.023911
-0.0707009
-0.0696798
-0.0665919
-0.062969
-0.059098
-0.0547946
-0.0499525
-0.044678
-0.0392014
-0.033768
-0.028591
-0.0238453
-0.0640997
-0.063356
-0.0607675
-0.057691
-0.0543957
-0.0507206
-0.0465594
-0.0419903
-0.037204
-0.0324086
-0.027786
-0.0234848
-0.0580134
-0.0575025
-0.0553451
-0.0527432
-0.0499482
-0.0468191
-0.0432513
-0.0392997
-0.0351215
-0.0308932
-0.0267696
-0.0228779
-0.0523993
-0.0520825
-0.0502962
-0.0481055
-0.045744
-0.0430884
-0.0400368
-0.0366251
-0.0329824
-0.0292577
-0.025583
-0.0220672
-0.0472189
-0.0470625
-0.0455946
-0.0437592
-0.0417725
-0.0395267
-0.0369232
-0.0339832
-0.0308115
-0.027534
-0.0242623
-0.0210875
-0.0424369
-0.0424119
-0.0412165
-0.0396872
-0.0380237
-0.0361317
-0.0339169
-0.0313883
-0.0286308
-0.0257503
-0.0228421
-0.0199837
-0.0380211
-0.0381027
-0.0371397
-0.0358736
-0.0344882
-0.032901
-0.0310226
-0.0288526
-0.026459
-0.023931
-0.0213496
-0.0187815
-0.0339425
-0.0341093
-0.0333441
-0.0323036
-0.0311569
-0.0298318
-0.028244
-0.0263862
-0.0243121
-0.0220965
-0.0198087
-0.0175061
-0.0301745
-0.0304083
-0.0298107
-0.0289634
-0.028021
-0.0269208
-0.0255838
-0.0239972
-0.0222033
-0.0202646
-0.0182398
-0.0161784
-0.0266928
-0.0269784
-0.0265224
-0.0258398
-0.025072
-0.0241642
-0.0230432
-0.0216921
-0.0201438
-0.0184501
-0.0166609
-0.0148172
-0.0234755
-0.0237998
-0.0234631
-0.0229207
-0.0223016
-0.0215582
-0.0206227
-0.0194758
-0.0181423
-0.0166654
-0.0150873
-0.0134424
-0.0205025
-0.0208546
-0.0206179
-0.0201944
-0.0197016
-0.0190983
-0.0183221
-0.0173518
-0.0162062
-0.0149208
-0.0135312
-0.0120668
-0.0177554
-0.0181263
-0.0179729
-0.0176501
-0.0172643
-0.01678
-0.01614
-0.0153225
-0.0143408
-0.0132244
-0.0120031
-0.0107017
-0.0152176
-0.0155996
-0.0155154
-0.0152774
-0.014982
-0.0145985
-0.0140749
-0.0133891
-0.0125504
-0.0115827
-0.0105113
-0.009357
-0.0128736
-0.0132606
-0.0132333
-0.0130667
-0.0128473
-0.0125489
-0.0121245
-0.0115522
-0.0108378
-0.0100011
-0.009063
-0.00804111
-0.0107097
-0.0110964
-0.0111158
-0.0110087
-0.010853
-0.0106263
-0.0102862
-0.00981127
-0.00920504
-0.00848333
-0.00766365
-0.00676076
-0.00871281
-0.00909525
-0.00915237
-0.00909488
-0.00899229
-0.00882564
-0.00855683
-0.00816554
-0.00765311
-0.00703229
-0.0063176
-0.0055214
-0.00687135
-0.00724622
-0.00733355
-0.00731702
-0.00725851
-0.00714196
-0.00693338
-0.00661357
-0.00618237
-0.0056499
-0.00502814
-0.00432736
-0.00517454
-0.00553928
-0.00565041
-0.0056675
-0.00564534
-0.00557037
-0.00541242
-0.00515359
-0.00479257
-0.00433732
-0.00379765
-0.00318207
-0.00361251
-0.00396518
-0.00409471
-0.00413913
-0.00414671
-0.00410605
-0.00399048
-0.00378351
-0.00348299
-0.00309509
-0.00262779
-0.0020881
-0.00217623
-0.0025154
-0.00265878
-0.00272519
-0.00275689
-0.00274433
-0.00266408
-0.00250105
-0.00225255
-0.00192327
-0.00151964
-0.00104736
-0.000857406
-0.00118211
-0.00133553
-0.00141939
-0.00147044
-0.0014807
-0.0014297
-0.00130378
-0.00109989
-0.000821508
-0.000473758
-6.1219e-05
0.000351536
4.18989e-05
-0.000118387
-0.000215855
-0.000282233
-0.000310841
-0.000283914
-0.000189186
-2.34252e-05
0.000210881
0.000509697
0.0008694
0.00145753
0.00116324
0.000998706
0.000890854
0.00081255
0.000769359
0.00077662
0.000845245
0.000978522
0.00117476
0.00143085
0.00174398
0.00246691
0.00218797
0.00202132
0.00190578
0.00181839
0.00176378
0.00175511
0.00180201
0.00190771
0.00207118
0.00229008
0.00256227
0.00338542
0.00312159
0.00295453
0.00283355
0.00273942
0.00267604
0.00265459
0.00268352
0.00276592
0.00290128
0.0030879
0.00332421
0.00421824
0.0039691
0.00380299
0.00367838
0.00357947
0.00350949
0.00347792
0.00349206
0.00355486
0.00366619
0.0038249
0.0040299
0.00497004
0.00473499
0.00457083
0.00444409
0.00434196
0.00426718
0.00422769
0.00422977
0.00427615
0.00436705
0.00450174
0.00467953
0.00564495
0.00542324
0.00526178
0.00513406
0.00502997
0.00495183
0.00490625
0.00489856
0.00493129
0.0050049
0.00511901
0.00527327
0.00624656
0.00603731
0.00587904
0.00575125
0.00564616
0.00556581
0.00551562
0.00550011
0.00552156
0.0055806
0.0056772
0.00581126
0.00677793
0.00658016
0.00642534
0.00629812
0.00619279
0.00611111
0.00605752
0.00603579
0.00604798
0.00609486
0.00617665
0.00629353
0.00724156
0.00705416
0.00690287
0.00677668
0.00667161
0.00658927
0.00653324
0.00650664
0.0065113
0.00654808
0.0066173
0.00671912
0.00763936
0.00746114
0.00731328
0.00718836
0.0070839
0.00700137
0.00694365
0.0069133
0.00691198
0.0069406
0.00699971
0.00708983
0.00797256
0.00780225
0.00765756
0.00753399
0.00743032
0.0073479
0.00728906
0.0072559
0.00724989
0.00727201
0.00732294
0.00740328
0.00824171
0.00807794
0.00793602
0.00781375
0.0077109
0.00762876
0.00756921
0.00753397
0.0075244
0.00754147
0.00758596
0.00765854
0.00844655
0.00828783
0.00814815
0.008027
0.00792488
0.00784307
0.0077831
0.00774642
0.00773427
0.00774763
0.00778735
0.00785413
0.0085858
0.0084306
0.0082925
0.00817217
0.0080706
0.00798905
0.00792885
0.00789125
0.0078774
0.0078883
0.00792483
0.00798774
0.00865741
0.00850393
0.00836667
0.00824679
0.00814552
0.00806412
0.0080038
0.00796574
0.00795104
0.0079607
0.0079956
0.00805654
-0.410424
-0.415421
-0.420691
-0.426309
-0.432383
-0.439068
-0.44658
-0.455331
-0.465357
-0.479287
-0.383836
-0.388978
-0.39439
-0.400108
-0.406166
-0.4126
-0.419384
-0.426664
-0.433775
-0.443762
-0.355796
-0.360324
-0.364983
-0.369792
-0.374769
-0.379955
-0.38536
-0.391215
-0.397082
-0.405298
-0.328829
-0.332942
-0.337168
-0.341527
-0.346037
-0.350731
-0.3556
-0.360773
-0.365914
-0.372437
-0.303667
-0.307428
-0.311265
-0.315186
-0.319199
-0.323317
-0.327535
-0.331932
-0.336345
-0.341634
-0.279926
-0.283326
-0.286777
-0.290286
-0.293862
-0.297516
-0.301249
-0.305109
-0.309021
-0.313465
-0.25779
-0.260885
-0.264017
-0.267193
-0.270418
-0.273697
-0.277033
-0.28045
-0.283921
-0.287723
-0.23721
-0.240026
-0.24287
-0.245745
-0.248655
-0.251604
-0.254596
-0.257643
-0.260744
-0.264064
-0.21809
-0.220654
-0.223239
-0.225847
-0.228482
-0.231147
-0.233844
-0.236582
-0.239364
-0.242301
-0.200364
-0.202699
-0.20505
-0.20742
-0.209809
-0.212222
-0.214659
-0.217127
-0.219631
-0.222251
-0.183948
-0.186074
-0.188212
-0.190364
-0.192532
-0.194718
-0.196923
-0.199152
-0.201409
-0.203757
-0.168762
-0.170697
-0.172641
-0.174597
-0.176565
-0.178548
-0.180546
-0.182564
-0.184602
-0.186712
-0.154726
-0.156486
-0.158255
-0.160032
-0.16182
-0.16362
-0.165432
-0.16726
-0.169106
-0.171006
-0.141758
-0.143359
-0.144967
-0.146582
-0.148206
-0.149839
-0.151482
-0.153138
-0.154808
-0.15652
-0.129783
-0.131239
-0.132701
-0.134168
-0.135643
-0.137125
-0.138616
-0.140117
-0.141629
-0.14317
-0.118728
-0.120052
-0.121381
-0.122715
-0.124054
-0.1254
-0.126753
-0.128114
-0.129484
-0.130873
-0.108525
-0.10973
-0.110938
-0.11215
-0.113367
-0.11459
-0.115818
-0.117053
-0.118295
-0.119548
-0.0991085
-0.100204
-0.101304
-0.102406
-0.103513
-0.104623
-0.105739
-0.10686
-0.107988
-0.109119
-0.090418
-0.0914154
-0.0924155
-0.0934185
-0.0944248
-0.0954348
-0.096449
-0.0974676
-0.0984917
-0.0995139
-0.0823967
-0.0833049
-0.0842152
-0.085128
-0.0860436
-0.0869624
-0.0878847
-0.0888107
-0.0897414
-0.090666
-0.0749921
-0.0758193
-0.0766482
-0.0774793
-0.0783128
-0.079149
-0.0799882
-0.0808304
-0.0816767
-0.0825137
-0.0689092
-0.0696644
-0.0704214
-0.0711804
-0.0719418
-0.0727057
-0.0734721
-0.0742421
-0.0750004
-0.062529
-0.0632172
-0.063907
-0.0645985
-0.065292
-0.0659877
-0.0666854
-0.0673864
-0.0680739
-0.0566366
-0.0572641
-0.0578928
-0.0585231
-0.059155
-0.0597887
-0.0604242
-0.0610625
-0.0616863
-0.0511935
-0.0517657
-0.052339
-0.0529136
-0.0534895
-0.0540671
-0.054646
-0.0552275
-0.0557938
-0.0461642
-0.0466862
-0.0472091
-0.047733
-0.0482581
-0.0487845
-0.0493121
-0.0498419
-0.0503564
-0.0415161
-0.0419924
-0.0424695
-0.0429474
-0.0434262
-0.0439061
-0.044387
-0.0448697
-0.0453375
-0.0372196
-0.0376543
-0.0380896
-0.0385255
-0.0389622
-0.0393998
-0.0398382
-0.0402781
-0.0407035
-0.0332474
-0.0336441
-0.0340414
-0.0344391
-0.0348374
-0.0352364
-0.0356361
-0.036037
-0.036424
-0.0295744
-0.0299366
-0.0302991
-0.030662
-0.0310253
-0.0313892
-0.0317535
-0.0321189
-0.0324711
-0.0261779
-0.0265085
-0.0268393
-0.0271704
-0.0275018
-0.0278336
-0.0281657
-0.0284987
-0.0288194
-0.0230368
-0.0233387
-0.0236406
-0.0239426
-0.0242449
-0.0245474
-0.0248501
-0.0251534
-0.0254455
-0.0201321
-0.0204076
-0.0206831
-0.0209587
-0.0212343
-0.0215101
-0.0217859
-0.0220622
-0.0223282
-0.0174462
-0.0176976
-0.017949
-0.0182003
-0.0184516
-0.018703
-0.0189543
-0.0192059
-0.0194482
-0.0149629
-0.0151924
-0.0154217
-0.0156509
-0.01588
-0.016109
-0.0163379
-0.016567
-0.0167876
-0.0126676
-0.012877
-0.0130861
-0.013295
-0.0135038
-0.0137124
-0.0139208
-0.0141293
-0.0143302
-0.0105467
-0.0107377
-0.0109284
-0.0111188
-0.0113089
-0.0114989
-0.0116886
-0.0118783
-0.0120612
-0.00858783
-0.00876195
-0.00893574
-0.00910922
-0.00928241
-0.00945531
-0.00962794
-0.00980038
-0.00996694
-0.00677954
-0.00693825
-0.00709661
-0.0072546
-0.00741225
-0.00756957
-0.00772657
-0.0078833
-0.00803487
-0.00511139
-0.00525602
-0.00540025
-0.00554408
-0.00568753
-0.00583061
-0.00597333
-0.0061157
-0.00625359
-0.00357378
-0.00370553
-0.00383684
-0.00396773
-0.0040982
-0.00422827
-0.00435794
-0.00448721
-0.00461261
-0.00215789
-0.00227785
-0.00239736
-0.00251643
-0.00263505
-0.00275323
-0.00287099
-0.00298831
-0.00310229
-0.000855608
-0.000964809
-0.00107354
-0.0011818
-0.0012896
-0.00139695
-0.00150384
-0.00161026
-0.00171382
0.000340493
0.000241117
0.000142225
4.38137e-05
-5.41199e-05
-0.000151579
-0.000248571
-0.000345069
-0.000439112
0.00143724
0.00134682
0.00125689
0.00116746
0.00107851
0.000990054
0.000902075
0.000814606
0.000729235
0.00244085
0.00235859
0.00227682
0.00219555
0.00211478
0.00203451
0.00195472
0.00187545
0.00179798
0.00335703
0.00328218
0.00320782
0.00313397
0.00306062
0.00298777
0.00291541
0.00284358
0.00277328
0.00419094
0.0041228
0.00405516
0.00398803
0.0039214
0.00385527
0.00378963
0.00372452
0.00366073
0.00494727
0.0048852
0.00482363
0.00476256
0.00470199
0.00464192
0.00458235
0.0045233
0.00446538
0.0056302
0.00557359
0.00551748
0.00546186
0.00540674
0.00535212
0.00529799
0.00524439
0.00519175
0.00624347
0.00619175
0.00614052
0.00608978
0.00603953
0.00598978
0.00594051
0.00589176
0.00584387
0.00674291
0.00669602
0.00664961
0.00660369
0.00655826
0.00651332
0.00646887
0.00642518
0.00722992
0.00718684
0.00714425
0.00710213
0.0070605
0.00701934
0.00697868
0.0069387
0.00765497
0.00761521
0.00757593
0.00753712
0.00749878
0.00746092
0.00742354
0.00738678
0.00801986
0.00798294
0.00794648
0.00791049
0.00787496
0.00783991
0.00780532
0.0077713
0.00832564
0.00829108
0.00825698
0.00822334
0.00819015
0.00815742
0.00812516
0.00809342
0.00857288
0.0085402
0.00850798
0.00847621
0.00844489
0.00841402
0.0083836
0.00835368
0.00876133
0.00873007
0.00869925
0.00866887
0.00863894
0.00860944
0.0085804
0.00855182
0.00888959
0.00885927
0.00882938
0.00879992
0.0087709
0.00874232
0.00871417
0.00868648
0.00895661
0.00892668
0.00889717
0.00886808
0.00883942
0.00881118
0.00878337
0.008756
0.0214764
0.0214237
0.0213714
0.0213195
0.0212681
0.021217
0.0211663
0.021116
0.0210661
0.021415
0.0213619
0.0213092
0.0212569
0.0212051
0.0211536
0.0211026
0.021052
0.0210018
0.0212994
0.0212452
0.0211914
0.021138
0.0210851
0.0210326
0.0209805
0.0209289
0.0208777
0.0211294
0.0210735
0.021018
0.020963
0.0209084
0.0208543
0.0208006
0.0207474
0.0206947
0.0209064
0.0208482
0.0207905
0.0207332
0.0206764
0.0206201
0.0205642
0.0205088
0.0204539
0.0206301
0.0205691
0.0205085
0.0204484
0.0203887
0.0203296
0.0202709
0.0202128
0.0201551
0.0202999
0.0202353
0.0201713
0.0201077
0.0200446
0.0199821
0.01992
0.0198585
0.0197975
0.0199142
0.0198456
0.0197775
0.0197098
0.0196427
0.0195761
0.01951
0.0194444
0.0193795
0.0194713
0.0193979
0.019325
0.0192526
0.0191808
0.0191095
0.0190387
0.0189684
0.0188989
0.0189686
0.0188897
0.0188114
0.0187336
0.0186564
0.0185797
0.0185035
0.0184279
0.018353
0.0184033
0.0183182
0.0182338
0.0181498
0.0180664
0.0179835
0.0179012
0.0178195
0.0177386
0.0177721
0.0176801
0.0175886
0.0174977
0.0174073
0.0173175
0.0172282
0.0171396
0.0170518
0.0170712
0.0169714
0.0168721
0.0167733
0.0166751
0.0165775
0.0164804
0.0163839
0.0162885
0.0162965
0.0161879
0.0160799
0.0159724
0.0158654
0.0157591
0.0156532
0.0155479
0.0154439
0.0154435
0.0153252
0.0152074
0.0150901
0.0149734
0.0148572
0.0147415
0.0146265
0.0145128
0.0145072
0.014378
0.0142493
0.0141212
0.0139936
0.0138665
0.0137399
0.0136139
0.0134894
0.0134821
0.0133409
0.0132002
0.01306
0.0129203
0.012781
0.0126423
0.0125041
0.0123677
0.0123626
0.0122081
0.012054
0.0119003
0.0117472
0.0115945
0.0114422
0.0112905
0.0111407
0.0111423
0.010973
0.0108041
0.0106356
0.0104675
0.0102999
0.0101326
0.00996575
0.00980123
0.00981436
0.00962874
0.00944347
0.00925855
0.00907397
0.00888972
0.00870582
0.00852226
0.00834137
0.00837164
0.00816799
0.00796461
0.0077615
0.00755865
0.00735606
0.00715371
0.0069516
0.00675258
0.00703004
0.0068063
0.00658274
0.00635936
0.00613615
0.00591309
0.00569018
0.00546742
0.00524475
0.00502566
0.00535554
0.00510996
0.00486445
0.00461898
0.00437357
0.00412818
0.0038828
0.00363744
0.00339201
0.00315072
0.0035433
0.00327364
0.00300392
0.0027341
0.00246417
0.00219411
0.00192391
0.00165356
0.00138293
0.00111711
0.00158389
0.00128772
0.000991313
0.000694634
0.000397664
0.000100379
-0.000197245
-0.000495209
-0.000793716
-0.00108663
-0.000532791
-0.000858136
-0.00118393
-0.00151021
-0.001837
-0.00216433
-0.00249223
-0.0028207
-0.00315003
-0.00347288
-0.00281754
-0.00317499
-0.00353313
-0.00389201
-0.00425166
-0.00461212
-0.00497343
-0.00533559
-0.00569898
-0.00605486
-0.00528191
-0.00567465
-0.00606838
-0.00646315
-0.00685899
-0.00725596
-0.00765411
-0.00805343
-0.00845443
-0.00884674
-0.00793821
-0.00836973
-0.00880257
-0.00923679
-0.00967246
-0.0101096
-0.0105484
-0.0109886
-0.0114311
-0.0118636
-0.0107996
-0.0112737
-0.0117495
-0.0122271
-0.0127065
-0.0131879
-0.0136713
-0.0141567
-0.0146449
-0.0151216
-0.0138802
-0.014401
-0.0149239
-0.0154491
-0.0159766
-0.0165066
-0.0170391
-0.0175741
-0.0181127
-0.018638
-0.017195
-0.0177669
-0.0183415
-0.0189189
-0.0194992
-0.0200826
-0.0206691
-0.0212587
-0.0218527
-0.0224314
-0.02076
-0.0213879
-0.0220191
-0.0226537
-0.0232919
-0.0239338
-0.0245796
-0.0252291
-0.025884
-0.0265214
-0.0245921
-0.0252812
-0.0259742
-0.0266714
-0.027373
-0.028079
-0.0287898
-0.029505
-0.0302268
-0.0309286
-0.0287092
-0.029465
-0.0302256
-0.0309913
-0.031762
-0.0325382
-0.03332
-0.0341072
-0.0349023
-0.0356746
-0.0331302
-0.0339587
-0.0347929
-0.0356331
-0.0364794
-0.0373321
-0.0381915
-0.0390572
-0.0399324
-0.0407818
-0.0378747
-0.0387823
-0.0396966
-0.0406179
-0.0415464
-0.0424825
-0.0434264
-0.0443777
-0.0453402
-0.0462736
-0.0429637
-0.043957
-0.0449581
-0.0459674
-0.0469851
-0.0480117
-0.0490475
-0.0500918
-0.0511493
-0.0521741
-0.0484186
-0.0495046
-0.0505996
-0.0517041
-0.0528184
-0.0539429
-0.0550781
-0.0562233
-0.0573838
-0.0585077
-0.0542618
-0.0554476
-0.0566438
-0.0578509
-0.0590694
-0.0602995
-0.0615421
-0.0627961
-0.0640677
-0.0652987
-0.0605161
-0.061809
-0.0631139
-0.0644312
-0.0657614
-0.0671051
-0.068463
-0.0698339
-0.071225
-0.0725712
-0.0672048
-0.0686122
-0.0700331
-0.0714681
-0.0729178
-0.0743828
-0.0758639
-0.0773597
-0.0788786
-0.0803481
-0.0743512
-0.0758801
-0.0774242
-0.0789843
-0.0805608
-0.0821546
-0.0837666
-0.085395
-0.0870498
-0.0886504
-0.0819781
-0.0836353
-0.0853094
-0.0870013
-0.0887116
-0.0904412
-0.0921912
-0.0939594
-0.0957572
-0.0974962
-0.0901075
-0.0918989
-0.093709
-0.0955387
-0.0973889
-0.0992603
-0.101154
-0.103069
-0.105016
-0.106899
-0.0987599
-0.10069
-0.102641
-0.104614
-0.106608
-0.108626
-0.110669
-0.112734
-0.114835
-0.116868
-0.107953
-0.110026
-0.112121
-0.114238
-0.116381
-0.118548
-0.120742
-0.122959
-0.125217
-0.127402
-0.117702
-0.119918
-0.122157
-0.124421
-0.126711
-0.129027
-0.131373
-0.133742
-0.136156
-0.138491
-0.128016
-0.130373
-0.132755
-0.135162
-0.137596
-0.140059
-0.142551
-0.145069
-0.147633
-0.150115
-0.1389
-0.141393
-0.143911
-0.146455
-0.149026
-0.151626
-0.154258
-0.156914
-0.15962
-0.162239
-0.15035
-0.152969
-0.155613
-0.158283
-0.16098
-0.163706
-0.166462
-0.169244
-0.172075
-0.17482
-0.162358
-0.165088
-0.167841
-0.17062
-0.173425
-0.176259
-0.179123
-0.182013
-0.184948
-0.187811
-0.174907
-0.177729
-0.180573
-0.183441
-0.186334
-0.189254
-0.192201
-0.195178
-0.198188
-0.201173
-0.187945
-0.190832
-0.193742
-0.196675
-0.199635
-0.202624
-0.205638
-0.208691
-0.211746
-0.214888
-0.201479
-0.204397
-0.207333
-0.210292
-0.213275
-0.216291
-0.219335
-0.22245
-0.225518
-0.228912
-0.215387
-0.21833
-0.221299
-0.224296
-0.22732
-0.230379
-0.233451
-0.236624
-0.239647
-0.243422
-0.229264
-0.232105
-0.234986
-0.237925
-0.240936
-0.244046
-0.247235
-0.250637
-0.25379
-0.258313
-0.243902
-0.246652
-0.249418
-0.252207
-0.25503
-0.257925
-0.260902
-0.264203
-0.267311
-0.272921
-0.257632
-0.260452
-0.263426
-0.266581
-0.269938
-0.273512
-0.277268
-0.281289
-0.284956
-0.291473
-0.26622
-0.2678
-0.269493
-0.27139
-0.273622
-0.276383
-0.279949
-0.284746
-0.291131
-0.301544
0.0208851
0.0205866
0.0203006
0.0200285
0.0197718
0.0195317
0.0193097
0.019107
0.0189249
0.0187645
0.0186268
0.0185128
0.0208184
0.0205174
0.0202297
0.0199564
0.0196986
0.0194576
0.0192351
0.0190322
0.0188504
0.0186907
0.0185543
0.0184419
0.0206889
0.0203827
0.0200918
0.019816
0.019556
0.0193134
0.0190897
0.0188866
0.0187053
0.0185472
0.0184132
0.0183042
0.020498
0.0201843
0.0198886
0.0196093
0.0193463
0.0191012
0.0188759
0.0186724
0.0184921
0.0183364
0.0182061
0.018102
0.0202467
0.0199232
0.0196213
0.0193374
0.0190705
0.0188222
0.018595
0.0183911
0.0182123
0.0180599
0.0179346
0.0178374
0.0199347
0.0195991
0.0192898
0.0190004
0.0187288
0.0184768
0.0182473
0.0180432
0.0178665
0.0177183
0.0175996
0.017511
0.019561
0.0192111
0.0188933
0.0185975
0.0183206
0.0180642
0.0178324
0.0176283
0.0174543
0.0173117
0.0172012
0.0171233
0.0191241
0.0187576
0.01843
0.0181272
0.0178442
0.0175832
0.0173488
0.0171452
0.016975
0.0168394
0.0167389
0.0166738
0.0186216
0.0182362
0.0178978
0.0175872
0.0172977
0.0170316
0.0167948
0.0165923
0.016427
0.0163002
0.0162125
0.0161645
0.0180504
0.0176439
0.0172936
0.0169748
0.0166782
0.0164068
0.0161678
0.0159671
0.015808
0.0156918
0.0156188
0.015589
0.0174072
0.0169771
0.0166141
0.0162864
0.0159824
0.0157056
0.0154646
0.0152666
0.0151155
0.0150122
0.0149572
0.0149489
0.0166878
0.0162317
0.015855
0.0155181
0.0152064
0.0149241
0.0146817
0.0144877
0.0143463
0.0142585
0.0142239
0.0142416
0.0158878
0.015403
0.0150119
0.0146654
0.0143457
0.014058
0.0138149
0.0136263
0.0134969
0.0134279
0.0134172
0.013465
0.015002
0.0144859
0.0140795
0.0137231
0.0133954
0.0131025
0.0128595
0.0126781
0.0125633
0.0125156
0.0125335
0.0126163
0.0140249
0.0134746
0.0130522
0.0126859
0.01235
0.0120523
0.0118105
0.0116382
0.0115414
0.0115187
0.0115696
0.0116927
0.0129502
0.0123628
0.0119238
0.0115473
0.0112034
0.0109013
0.0106622
0.0105015
0.010425
0.0104322
0.0105215
0.0106911
0.0117714
0.0111437
0.0106874
0.0103008
0.00994898
0.00964323
0.00940821
0.00926203
0.00920976
0.00925167
0.0093852
0.00960812
0.0104811
0.00980974
0.00933561
0.00893901
0.00857951
0.00827093
0.00804221
0.00791276
0.00788941
0.00797169
0.00815628
0.00844006
0.00907141
0.00835289
0.00786046
0.00745406
0.00708724
0.00677657
0.00655608
0.00644732
0.00645808
0.00658688
0.0068298
0.00718291
0.00753391
0.00676441
0.00625323
0.00583733
0.00546383
0.00515275
0.00494221
0.00485799
0.00490856
0.00509127
0.00540076
0.00583248
0.00585937
0.00503489
0.0045046
0.00407959
0.00369975
0.0033891
0.00319232
0.0031377
0.00323407
0.00347822
0.00386348
0.00438422
0.00403786
0.00315415
0.00260448
0.00217094
0.00178577
0.00147757
0.00129721
0.00127744
0.00142687
0.00174104
0.00221207
0.00283324
0.0020587
0.00111118
0.000541946
0.000100467
-0.000288998
-0.000592667
-0.000753005
-0.000732527
-0.000522012
-0.000127945
0.000440115
0.00117435
-8.95794e-05
-0.00110573
-0.00169473
-0.00214361
-0.00253684
-0.00283371
-0.00296894
-0.00290132
-0.00262124
-0.00213676
-0.00145932
-0.000598085
-0.00241934
-0.00350916
-0.00411787
-0.00457324
-0.00497
-0.0052571
-0.0053625
-0.0052401
-0.00488059
-0.004294
-0.00349361
-0.00249009
-0.00494395
-0.00611275
-0.00674065
-0.00720036
-0.00759581
-0.00787417
-0.00794559
-0.0077605
-0.00731078
-0.00660908
-0.00567081
-0.00450821
-0.00767768
-0.00893134
-0.0095785
-0.0100425
-0.010438
-0.0107004
-0.010731
-0.0104744
-0.00992293
-0.00909201
-0.00799954
-0.00665952
-0.0106358
-0.0119806
-0.0126469
-0.0131135
-0.0135066
-0.0137502
-0.0137333
-0.0133953
-0.0127293
-0.0117537
-0.0104892
-0.00895177
-0.0138345
-0.0152767
-0.0159621
-0.0164305
-0.0168185
-0.0170398
-0.0169683
-0.0165378
-0.0157431
-0.0146061
-0.0131502
-0.0113934
-0.0172911
-0.018837
-0.0195401
-0.0200132
-0.0203918
-0.0205858
-0.0204514
-0.0199168
-0.0189785
-0.017662
-0.0159935
-0.0139938
-0.0210243
-0.02268
-0.0233974
-0.0238611
-0.0242401
-0.0244047
-0.0241998
-0.0235492
-0.0224511
-0.0209353
-0.0190315
-0.0167632
-0.0250541
-0.0268271
-0.0275594
-0.0280208
-0.0283878
-0.028517
-0.028233
-0.0274529
-0.0261777
-0.0244415
-0.0222778
-0.019713
-0.0294014
-0.0312992
-0.0320447
-0.0325002
-0.0328546
-0.0329437
-0.0325711
-0.0316474
-0.0301765
-0.0281975
-0.0257474
-0.0228561
-0.0340881
-0.0361178
-0.0368742
-0.037322
-0.0376622
-0.0377064
-0.0372355
-0.0361536
-0.0344676
-0.0322217
-0.0294568
-0.0262066
-0.0391372
-0.0413057
-0.0420706
-0.0425087
-0.0428333
-0.0428279
-0.0422493
-0.0409942
-0.0390728
-0.0365346
-0.0334246
-0.0297806
-0.0445724
-0.0468864
-0.0476569
-0.0480836
-0.0483917
-0.0483329
-0.0476373
-0.0461939
-0.0440161
-0.0411589
-0.0376714
-0.0335961
-0.0504183
-0.0528841
-0.0536567
-0.0540705
-0.0543622
-0.0542471
-0.053426
-0.0517794
-0.0493239
-0.0461198
-0.0422204
-0.0376733
-0.0566999
-0.0593228
-0.0600937
-0.0604939
-0.0607704
-0.0605977
-0.0596438
-0.0577798
-0.0550253
-0.0514454
-0.0470975
-0.0420352
-0.0634424
-0.0662266
-0.0669912
-0.0673778
-0.0676425
-0.067413
-0.0663211
-0.0642271
-0.0611527
-0.0571671
-0.0523319
-0.0467075
-0.0706703
-0.0736189
-0.0743718
-0.0747464
-0.075005
-0.0747228
-0.0734908
-0.0711562
-0.0677418
-0.0633203
-0.0579567
-0.0517195
-0.0784075
-0.081521
-0.0822571
-0.082623
-0.0828853
-0.0825586
-0.0811883
-0.0786057
-0.0748331
-0.0699448
-0.0640092
-0.0571041
-0.0866759
-0.0899522
-0.0906661
-0.0910296
-0.0913101
-0.090953
-0.0894515
-0.086618
-0.0824714
-0.0770857
-0.0705317
-0.0628988
-0.0954947
-0.0989286
-0.0996144
-0.0999858
-0.100306
-0.09994
-0.098322
-0.0952406
-0.0907077
-0.0847942
-0.0775725
-0.0691459
-0.104879
-0.108461
-0.109113
-0.109508
-0.109898
-0.109555
-0.107845
-0.104526
-0.0995997
-0.0931288
-0.0851863
-0.0758931
-0.114838
-0.118554
-0.119169
-0.11961
-0.120111
-0.119836
-0.118069
-0.114534
-0.109213
-0.102157
-0.0934358
-0.0831944
-0.125373
-0.129203
-0.129779
-0.1303
-0.130969
-0.130821
-0.129049
-0.125331
-0.119624
-0.111955
-0.102393
-0.091111
-0.136478
-0.140393
-0.140933
-0.141582
-0.142493
-0.142552
-0.140844
-0.136995
-0.130918
-0.122612
-0.112139
-0.099712
-0.148133
-0.152094
-0.152608
-0.153451
-0.154704
-0.155071
-0.153522
-0.149612
-0.143199
-0.134234
-0.122771
-0.109075
-0.160301
-0.16426
-0.16477
-0.165899
-0.167618
-0.168425
-0.167157
-0.163285
-0.156586
-0.146942
-0.134396
-0.11929
-0.172924
-0.176818
-0.17737
-0.178909
-0.18125
-0.182661
-0.181835
-0.178135
-0.17122
-0.160878
-0.147143
-0.130455
-0.185911
-0.189669
-0.190345
-0.19246
-0.19561
-0.197827
-0.197652
-0.194301
-0.187268
-0.176212
-0.161157
-0.142684
-0.199118
-0.202669
-0.203612
-0.206517
-0.210695
-0.213966
-0.214714
-0.211946
-0.204925
-0.19314
-0.176608
-0.156105
-0.212314
-0.215621
-0.21706
-0.221004
-0.22647
-0.231109
-0.233129
-0.231248
-0.224413
-0.211888
-0.193689
-0.170858
-0.225138
-0.228255
-0.230542
-0.235791
-0.242816
-0.249241
-0.252986
-0.25238
-0.245966
-0.232701
-0.212611
-0.187096
-0.237032
-0.240194
-0.243835
-0.250606
-0.259491
-0.268229
-0.274291
-0.275472
-0.269798
-0.255823
-0.233584
-0.204972
-0.247255
-0.250935
-0.256535
-0.264973
-0.276093
-0.287752
-0.296841
-0.300495
-0.296041
-0.281452
-0.256791
-0.224616
-0.254918
-0.259891
-0.267965
-0.278158
-0.291962
-0.30718
-0.320097
-0.327082
-0.324558
-0.309642
-0.282359
-0.246123
-0.259268
-0.266574
-0.277152
-0.289066
-0.306115
-0.325367
-0.342964
-0.354345
-0.354716
-0.340005
-0.310142
-0.269539
-0.261143
-0.270435
-0.282874
-0.296687
-0.316974
-0.341291
-0.364411
-0.381402
-0.385814
-0.371907
-0.339466
-0.294178
-0.262081
-0.270798
-0.284432
-0.300618
-0.325772
-0.356029
-0.385042
-0.40869
-0.418492
-0.406492
-0.371942
-0.321758
-0.27759
-0.272432
-0.284557
-0.300763
-0.326898
-0.357814
-0.388846
-0.41558
-0.428781
-0.419859
-0.386926
-0.336547
-0.281743
-0.272724
-0.285622
-0.302786
-0.330623
-0.363117
-0.395023
-0.422594
-0.436571
-0.42723
-0.392797
-0.340566
-0.283782
-0.272856
-0.287443
-0.305911
-0.335521
-0.369121
-0.402555
-0.431143
-0.444982
-0.4338
-0.396399
-0.285169
-0.272999
-0.289261
-0.308869
-0.340017
-0.374671
-0.409457
-0.439124
-0.452954
-0.440311
-0.400396
-0.28607
-0.273272
-0.291167
-0.311825
-0.344426
-0.380171
-0.416211
-0.446735
-0.460702
-0.446868
-0.404743
-0.286541
-0.273737
-0.29324
-0.314903
-0.348899
-0.385687
-0.423033
-0.454276
-0.468397
-0.453373
-0.409011
-0.286732
-0.274445
-0.295477
-0.318099
-0.353418
-0.391192
-0.429858
-0.461733
-0.476002
-0.459777
-0.413142
-0.286785
-0.275434
-0.297872
-0.321407
-0.357984
-0.39672
-0.436557
-0.469014
-0.483465
-0.466059
-0.417178
-0.286824
-0.276726
-0.300424
-0.324832
-0.362602
-0.402294
-0.442973
-0.476112
-0.490762
-0.472198
-0.421114
-0.286954
-0.278326
-0.303131
-0.328381
-0.367283
-0.407878
-0.44885
-0.483082
-0.497881
-0.478168
-0.424927
-0.287257
-0.280228
-0.305988
-0.332051
-0.372028
-0.413472
-0.455146
-0.489952
-0.50481
-0.483945
-0.428595
-0.287796
-0.282419
-0.308986
-0.335842
-0.376837
-0.419074
-0.461515
-0.496716
-0.511529
-0.489506
-0.432101
-0.288615
-0.284877
-0.31212
-0.339747
-0.381705
-0.424684
-0.46781
-0.503348
-0.518018
-0.494824
-0.435425
-0.289739
-0.287578
-0.315378
-0.343757
-0.386625
-0.430296
-0.474029
-0.509825
-0.524255
-0.499876
-0.43855
-0.291178
-0.290495
-0.31875
-0.347861
-0.391581
-0.435896
-0.480167
-0.516125
-0.530218
-0.504636
-0.441455
-0.292929
-0.293599
-0.322223
-0.352041
-0.396558
-0.441465
-0.486206
-0.522227
-0.535883
-0.509079
-0.294981
-0.296862
-0.325785
-0.356278
-0.401532
-0.446978
-0.492119
-0.528104
-0.541225
-0.513181
-0.297313
-0.300259
-0.329418
-0.360548
-0.406477
-0.452406
-0.497876
-0.533725
-0.546214
-0.516914
-0.299899
-0.303765
-0.333107
-0.364826
-0.411362
-0.457715
-0.503442
-0.539057
-0.550822
-0.520251
-0.30271
-0.307357
-0.336832
-0.369082
-0.416153
-0.462865
-0.508777
-0.544061
-0.555014
-0.523167
-0.305718
-0.311015
-0.340574
-0.373286
-0.420811
-0.467814
-0.513837
-0.548694
-0.558755
-0.525631
-0.308894
-0.314723
-0.344314
-0.377404
-0.425296
-0.472514
-0.518572
-0.552911
-0.562007
-0.527615
-0.312212
-0.318466
-0.348031
-0.381405
-0.429565
-0.476916
-0.52293
-0.556662
-0.56473
-0.52909
-0.315651
-0.322231
-0.351704
-0.385253
-0.433574
-0.480967
-0.526855
-0.559896
-0.566882
-0.530027
-0.319194
-0.326009
-0.355315
-0.388917
-0.437278
-0.484612
-0.530287
-0.562559
-0.568421
-0.530395
-0.322827
-0.329792
-0.358846
-0.392366
-0.440632
-0.487797
-0.533169
-0.564597
-0.569303
-0.530165
-0.326543
-0.333576
-0.362281
-0.395568
-0.443592
-0.490466
-0.535439
-0.565956
-0.569486
-0.529309
-0.330338
-0.33736
-0.365609
-0.398499
-0.446118
-0.492567
-0.537037
-0.566582
-0.568928
-0.527798
-0.334216
-0.341145
-0.36882
-0.401137
-0.448171
-0.494048
-0.537907
-0.566426
-0.567589
-0.525607
-0.338191
-0.344935
-0.371907
-0.403462
-0.449718
-0.494863
-0.537992
-0.565432
-0.565431
-0.522712
-0.342279
-0.348728
-0.374875
-0.405463
-0.450728
-0.494968
-0.537245
-0.563565
-0.562416
-0.519093
-0.346406
-0.352512
-0.377739
-0.407134
-0.451179
-0.494328
-0.535623
-0.560783
-0.558515
-0.514729
-0.350669
-0.3563
-0.380514
-0.408474
-0.451055
-0.492914
-0.533085
-0.556924
-0.553704
-0.509606
-0.355091
-0.360255
-0.383078
-0.409486
-0.450348
-0.490704
-0.529604
-0.552105
-0.547971
-0.503714
-0.359688
-0.364266
-0.385566
-0.410179
-0.449068
-0.487688
-0.525163
-0.54631
-0.541301
-0.497045
-0.364477
-0.368354
-0.388005
-0.410565
-0.44723
-0.483867
-0.519751
-0.539511
-0.533689
-0.489596
-0.369479
-0.372546
-0.390419
-0.410677
-0.444851
-0.479246
-0.513369
-0.5317
-0.525136
-0.481372
-0.374717
-0.376863
-0.392836
-0.410553
-0.441955
-0.473845
-0.50603
-0.522886
-0.515652
-0.472379
-0.380207
-0.381325
-0.395289
-0.410233
-0.438573
-0.467686
-0.497766
-0.513088
-0.505253
-0.46263
-0.385965
-0.38595
-0.397811
-0.409759
-0.434749
-0.460802
-0.488618
-0.502337
-0.493967
-0.452145
)
;

boundaryField
{
    inlet
    {
        type            zeroGradient;
    }
    outlet
    {
        type            fixedValue;
        value           nonuniform 0();
    }
    cylinder
    {
        type            zeroGradient;
    }
    top
    {
        type            symmetryPlane;
    }
    bottom
    {
        type            symmetryPlane;
    }
    frontAndBack
    {
        type            empty;
    }
    procBoundary4to3
    {
        type            processor;
        value           nonuniform List<scalar> 
257
(
-0.379319
-0.382569
-0.385928
-0.389397
-0.392971
-0.396646
-0.400415
-0.404273
-0.409423
-0.409423
-0.413445
-0.417516
-0.421623
-0.425751
-0.429887
-0.434015
-0.438121
-0.443523
-0.443523
-0.44751
-0.451419
-0.455236
-0.460491
-0.460491
-0.464037
-0.467445
-0.470707
-0.475543
-0.475543
-0.478399
-0.481082
-0.485465
-0.485465
-0.487663
-0.489686
-0.493389
-0.493389
-0.494894
-0.498099
-0.498099
-0.49909
-0.499964
-0.502173
-0.502173
-0.502612
-0.504041
-0.504041
-0.504101
-0.504486
-0.504486
-0.50419
-0.503058
-0.503058
-0.50022
-0.50022
-0.498963
-0.493228
-0.493228
-0.484487
-0.484487
-0.481669
-0.469339
-0.469339
-0.452666
-0.452666
-0.436606
-0.436606
-0.281543
-0.281543
-0.286046
-0.286046
-0.292143
-0.292143
-0.295641
-0.294473
-0.294473
-0.297325
-0.297325
-0.299875
-0.298277
-0.298277
-0.300935
-0.300935
-0.303713
-0.302426
-0.302426
-0.305485
-0.304524
-0.304524
-0.307841
-0.307248
-0.307248
-0.310719
-0.310495
-0.310495
-0.313963
-0.314075
-0.314359
-0.314359
-0.31777
-0.318323
-0.319024
-0.319024
-0.32218
-0.323086
-0.324114
-0.324114
-0.326935
-0.328128
-0.329425
-0.330822
-0.330822
-0.333374
-0.334906
-0.336525
-0.33823
-0.33823
-0.340565
-0.342383
-0.344281
-0.346259
-0.348317
-0.350457
-0.352682
-0.354993
-0.354993
-0.357185
-0.3596
-0.362109
-0.364715
-0.367422
-0.370234
-0.373153
-0.376181
-0.405645
-0.378926
-0.351387
-0.324811
-0.299974
-0.276571
-0.254729
-0.234417
-0.215543
-0.198043
-0.181833
-0.166836
-0.152973
-0.140163
-0.128331
-0.117408
-0.107323
-0.0980152
-0.0894227
-0.0814905
-0.0741666
-0.0681556
-0.0681556
-0.0618421
-0.0560103
-0.0506222
-0.0456429
-0.0410405
-0.0367854
-0.032851
-0.0292125
-0.0258474
-0.0227351
-0.0198566
-0.0171946
-0.0147333
-0.012458
-0.0103555
-0.00841337
-0.00662044
-0.00496635
-0.0034416
-0.00203747
-0.000745932
0.000440356
0.00152815
0.00252361
0.00343238
0.00425957
0.00500983
0.0056873
0.00629568
0.00679029
0.00679029
0.00727347
0.00769519
0.00805724
0.00836066
0.008606
0.00879303
0.00892035
0.00898696
0.0215294
0.0214685
0.021354
0.0211857
0.020965
0.0206917
0.0203649
0.0199834
0.0195452
0.019048
0.0184888
0.0178646
0.0171716
0.0164056
0.0155624
0.0146369
0.0136238
0.0125176
0.011312
0.0100003
0.00857557
0.00857557
0.00725397
0.0056012
0.00381289
0.00187982
-0.000207868
-0.00246075
-0.0048901
-0.00750796
-0.0103272
-0.0133616
-0.0166257
-0.0201354
-0.0239069
-0.027958
-0.0323071
-0.0369736
-0.0419779
-0.0473414
-0.053086
-0.0592346
-0.0658104
-0.0728368
-0.0803371
-0.088334
-0.0968489
-0.105901
-0.115508
-0.125682
-0.13643
-0.147755
-0.159651
-0.172106
-0.185079
-0.198577
-0.212467
-0.226451
-0.241165
-0.254934
-0.264688
)
;
    }
    procBoundary4to5
    {
        type            processor;
        value           nonuniform List<scalar> 
204
(
-0.376734
-0.367182
-0.357114
-0.34655
-0.335516
-0.324037
-0.312143
-0.299864
-0.287233
-0.274284
-0.261054
-0.247577
-0.233889
-0.220022
-0.206008
-0.191874
-0.177654
-0.1634
-0.149178
-0.13499
-0.120639
-0.106496
-0.0926491
-0.0791158
-0.0657412
-0.0657412
-0.0480431
-0.0366583
-0.025464
-0.0145336
-0.00391195
0.00632124
0.0160799
0.0252821
0.0338473
0.0416939
0.0487817
0.0550223
0.0550223
0.0593209
0.0650076
0.0711995
0.0896969
0.0947773
0.0965472
0.0927475
0.0845577
0.0739689
0.0624658
0.0510203
0.0402023
0.0302955
0.0214105
0.0135679
0.00674363
0.000887994
-0.00406229
-0.00817752
-0.0115314
-0.0141983
-0.0162515
-0.017761
-0.0187934
-0.0194104
-0.0196695
-0.0196234
-0.0193213
-0.0188083
-0.0180776
-0.0172375
-0.0162798
-0.0152319
-0.0141165
-0.012953
-0.0117598
-0.0105515
-0.00934032
-0.00813676
-0.0069497
-0.00578661
-0.00465365
-0.0035559
-0.00249747
-0.00148167
-0.000511047
0.000412353
0.00128699
0.0021118
0.00288595
0.00360889
0.00428027
0.00489982
0.00546733
0.0059826
0.0064453
0.00685488
0.0072114
0.00751344
0.00775969
0.00794854
0.00807763
0.00814412
0.0184231
0.0183544
0.0182208
0.0180249
0.0177688
0.017453
0.0170786
0.0166456
0.0161541
0.0156017
0.0149881
0.0143116
0.0135706
0.0127632
0.0118869
0.0109395
0.00991827
0.00882039
0.00764282
0.00638235
0.00503552
0.00359864
0.00206778
0.000438722
-0.00129309
-0.00313259
-0.00508518
-0.00715675
-0.00935384
-0.0116837
-0.0141545
-0.0167752
-0.0195562
-0.022509
-0.0256468
-0.0289845
-0.0325389
-0.0363293
-0.0403772
-0.0447073
-0.0493472
-0.0543281
-0.059685
-0.0654571
-0.0716882
-0.0784268
-0.085727
-0.0936484
-0.102257
-0.111625
-0.121832
-0.132963
-0.145112
-0.158372
-0.172838
-0.188588
-0.205652
-0.224154
-0.243522
-0.265204
-0.278347
-0.280724
-0.34127
-0.34127
-0.342732
-0.344812
-0.346804
-0.348629
-0.350387
-0.352098
-0.353742
-0.355302
-0.35677
-0.358139
-0.359399
-0.360538
-0.44412
-0.44412
-0.446526
-0.448651
-0.450475
-0.451977
-0.453137
-0.453933
-0.454344
-0.45435
-0.45393
-0.453064
-0.451732
-0.449917
-0.447602
-0.444768
-0.441403
-0.437493
-0.433026
-0.427994
-0.42239
-0.416209
-0.409452
-0.402119
-0.394216
-0.385751
)
;
    }
}


// ************************************************************************* //
