/*--------------------------------*- C++ -*----------------------------------*\
  =========                 |
  \\      /  F ield         | OpenFOAM: The Open Source CFD Toolbox
   \\    /   O peration     | Website:  https://openfoam.org
    \\  /    A nd           | Version:  7
     \\/     M anipulation  |
\*---------------------------------------------------------------------------*/
FoamFile
{
    version     2.0;
    format      ascii;
    class       volScalarField;
    location    "200";
    object      p;
}
// * * * * * * * * * * * * * * * * * * * * * * * * * * * * * * * * * * * * * //

dimensions      [0 2 -2 0 0 0 0];

internalField   nonuniform List<scalar> 
4575
(
0.212174
0.222513
0.232623
0.248004
0.242495
0.258206
0.252119
0.268145
0.261485
0.27781
0.270584
0.296002
0.287187
0.279404
0.305603
0.296265
0.287936
0.314877
0.305033
0.29617
0.32381
0.313478
0.304096
0.342849
0.332391
0.321591
0.311703
0.35158
0.340607
0.329359
0.318984
0.359913
0.348448
0.336772
0.325928
0.367834
0.355903
0.343821
0.332528
0.375333
0.362961
0.350496
0.338774
0.395225
0.3824
0.369613
0.356787
0.34466
0.402265
0.389023
0.375849
0.362686
0.350177
0.408824
0.395195
0.381661
0.368185
0.355318
0.414892
0.400906
0.387041
0.373276
0.360078
0.42046
0.406148
0.391981
0.377952
0.364451
0.425521
0.410915
0.396474
0.382207
0.36843
0.430067
0.415198
0.400514
0.386036
0.372012
0.434092
0.418994
0.404097
0.389433
0.375191
0.43759
0.422295
0.407216
0.392394
0.377964
0.440558
0.425099
0.409868
0.394914
0.380327
0.44299
0.427402
0.41205
0.396991
0.382279
0.460744
0.444884
0.4292
0.413759
0.398623
0.383817
0.462162
0.446237
0.430492
0.414994
0.399808
0.384942
0.463003
0.447049
0.431276
0.415752
0.400544
0.385651
0.463265
0.447319
0.431552
0.416033
0.400831
0.385942
0.46295
0.447047
0.43132
0.415839
0.400669
0.385814
0.462057
0.446234
0.430582
0.415169
0.400058
0.38527
0.444883
0.429339
0.414025
0.399002
0.384312
0.442996
0.427594
0.412411
0.397502
0.382943
0.440577
0.425351
0.410329
0.395562
0.381164
0.437631
0.422613
0.407784
0.393184
0.378978
0.434164
0.419386
0.404779
0.390374
0.37639
0.43018
0.415676
0.401321
0.387136
0.373403
0.425689
0.411489
0.397416
0.383476
0.370023
0.420697
0.406832
0.393069
0.3794
0.366254
0.415212
0.401713
0.388289
0.374916
0.362103
0.409245
0.396141
0.383083
0.370029
0.357576
0.402806
0.390126
0.377461
0.36475
0.352679
0.383676
0.371431
0.359085
0.347421
0.376803
0.365003
0.353045
0.341809
0.369518
0.358187
0.346639
0.335851
0.361832
0.350995
0.339876
0.329556
0.353757
0.343437
0.332768
0.322933
0.335526
0.325326
0.315991
0.327272
0.31756
0.308741
0.318691
0.309482
0.301192
0.309792
0.301105
0.293354
0.292439
0.285238
0.283499
0.276855
0.274295
0.268215
0.259329
0.250206
0.240857
0.109138
0.110153
0.11207
0.114783
0.118166
0.122175
0.126692
0.131675
0.136977
0.142531
0.148122
0.153639
0.158755
0.163297
0.166771
0.168961
0.169118
0.167083
0.16168
0.15312
0.139272
0.108101
0.109064
0.110875
0.113432
0.116603
0.120336
0.124504
0.129054
0.133825
0.138733
0.143553
0.148154
0.152201
0.155509
0.157591
0.158234
0.156736
0.152962
0.145883
0.135699
0.12085
0.10699
0.107897
0.109595
0.111984
0.11493
0.11837
0.122173
0.126271
0.130496
0.13475
0.138799
0.142499
0.145516
0.147665
0.148474
0.147758
0.144874
0.139742
0.13151
0.120424
0.105496
0.105803
0.10665
0.108229
0.110443
0.113152
0.11629
0.119716
0.123352
0.127022
0.130618
0.133899
0.136715
0.138736
0.139781
0.139412
0.13746
0.133377
0.1271
0.118011
0.106311
0.0914773
0.104539
0.105323
0.106779
0.10881
0.111277
0.114104
0.117145
0.120314
0.12343
0.126372
0.128903
0.130865
0.131944
0.131962
0.13053
0.127489
0.122402
0.115211
0.105509
0.0934355
0.078753
0.103198
0.103917
0.105245
0.107089
0.109308
0.111817
0.114471
0.117171
0.119736
0.122038
0.123844
0.124994
0.125197
0.12428
0.121911
0.117941
0.112046
0.104167
0.0940708
0.0818538
0.0674601
0.10178
0.102432
0.10363
0.105282
0.107247
0.109435
0.1117
0.113934
0.115959
0.117639
0.118753
0.11914
0.118539
0.116784
0.113604
0.108863
0.102337
0.0939768
0.0836744
0.0715136
0.0575599
0.100285
0.100869
0.101934
0.10339
0.1051
0.106966
0.108843
0.110618
0.112116
0.113199
0.113659
0.113338
0.11201
0.109517
0.105648
0.100286
0.0932883
0.0846233
0.0742751
0.0623273
0.0489218
0.0987152
0.0992283
0.100159
0.101418
0.102871
0.104416
0.105911
0.107237
0.108227
0.108742
0.108592
0.107624
0.105646
0.102516
0.0980754
0.0922296
0.0849033
0.0760842
0.0658222
0.0542034
0.0414129
0.0970709
0.0975129
0.0983084
0.0993695
0.100567
0.101794
0.102914
0.103806
0.104311
0.104292
0.103579
0.102027
0.0994789
0.0958098
0.0909091
0.0847052
0.0771762
0.0683294
0.0582591
0.0470532
0.0349186
0.0953543
0.0957247
0.0963849
0.097249
0.0981933
0.0991095
0.0998659
0.10034
0.100387
0.0998716
0.0986451
0.096575
0.0935354
0.0894217
0.0841642
0.0777148
0.0700921
0.0613214
0.0515255
0.0407919
0.0293363
0.0935675
0.0938665
0.0943924
0.0950617
0.0957575
0.096371
0.0967773
0.096856
0.0964738
0.0955023
0.0938142
0.0912913
0.0878369
0.0833678
0.0778481
0.0712523
0.063629
0.0550184
0.0455598
0.0353387
0.0245699
0.0917133
0.0919415
0.0923349
0.0928132
0.0932671
0.0935886
0.093661
0.0933675
0.092588
0.0912035
0.0891066
0.0861956
0.0824001
0.0776582
0.0719618
0.0653056
0.0577596
0.0493754
0.0403002
0.0306157
0.0205295
0.089795
0.0899536
0.0902173
0.0905098
0.0907298
0.0907723
0.0905292
0.0898896
0.0887466
0.0869928
0.08454
0.0813037
0.0772368
0.0722977
0.0665006
0.0598575
0.0524529
0.0443461
0.0356863
0.0265495
0.017132
0.0878164
0.087907
0.0880447
0.0881579
0.088154
0.0879322
0.0873941
0.0864361
0.084965
0.0828862
0.0801295
0.0766278
0.0723545
0.0672864
0.0614551
0.0548869
0.0476752
0.0398838
0.0316593
0.0230711
0.0143016
0.0857817
0.0858066
0.0858227
0.0857644
0.0855479
0.0850785
0.0842673
0.0830201
0.0812571
0.0788972
0.0758871
0.0721767
0.0677567
0.0626202
0.0568122
0.0503699
0.0433914
0.0359424
0.0281633
0.0201166
0.0119695
0.0836955
0.0836575
0.0835574
0.0833366
0.0829202
0.0822211
0.0811603
0.079654
0.0776354
0.0750374
0.0718223
0.0679558
0.0634432
0.0582916
0.0525558
0.0462808
0.0395659
0.0324768
0.0251455
0.0176271
0.0100736
0.081563
0.0814653
0.0812552
0.0808817
0.0802796
0.0793698
0.0780838
0.0763488
0.0741107
0.0713163
0.067942
0.0639676
0.0594109
0.0542904
0.0486675
0.0425924
0.0361633
0.0294436
0.0225561
0.0155485
0.00855762
0.0793898
0.0792359
0.0789227
0.0784075
0.0776345
0.076534
0.0750478
0.0731145
0.0706923
0.0677413
0.0642503
0.060212
0.0556541
0.050604
0.0451273
0.0392772
0.0331485
0.0268015
0.020349
0.0138316
0.00737133
0.0771816
0.0769756
0.0765668
0.0759215
0.0749934
0.0737228
0.0720617
0.0699601
0.067388
0.0643179
0.0607495
0.0566867
0.0521648
0.0472181
0.0419142
0.0363074
0.0304878
0.0245117
0.0184817
0.0124315
0.00646958
0.0749448
0.0746908
0.0741945
0.0734313
0.0723645
0.0709446
0.0691338
0.0668933
0.0642039
0.0610495
0.0574396
0.0533871
0.0489332
0.0441171
0.0390066
0.0336556
0.0281487
0.0225376
0.0169147
0.0113076
0.00581209
0.0726857
0.0723883
0.071813
0.0709446
0.0697558
0.0682075
0.0662717
0.0639205
0.0611445
0.0579382
0.0543189
0.0503072
0.0459483
0.0412846
0.0363828
0.0312953
0.0261005
0.0208452
0.0156122
0.0104233
0.00536298
0.070411
0.070075
0.0694295
0.0684687
0.0671748
0.0655187
0.063482
0.061047
0.0582133
0.0549843
0.0513841
0.0474394
0.0431978
0.0387037
0.0340213
0.0292007
0.024314
0.0194031
0.0145414
0.00974583
0.00509039
0.0681276
0.0677577
0.0670511
0.066011
0.0646287
0.062885
0.0607705
0.0582769
0.0554119
0.0521867
0.0486307
0.0447752
0.0406691
0.0363572
0.0319009
0.0273474
0.0227621
0.0181822
0.0136726
0.00924566
0.0049661
0.0658423
0.0654434
0.0646848
0.0635783
0.0621241
0.0603123
0.058142
0.0556134
0.0527412
0.0495433
0.0460531
0.0423051
0.0383487
0.0342283
0.0300014
0.0257122
0.0214195
0.0171561
0.0129789
0.0088965
0.00496518
0.0635622
0.063139
0.0623374
0.0611774
0.0596672
0.057806
0.0556004
0.0530584
0.0502007
0.0470506
0.0436446
0.0400193
0.0362234
0.0323
0.0283032
0.0242731
0.0202629
0.0163006
0.0124362
0.00867494
0.00506572
0.061294
0.0608514
0.0600157
0.0588144
0.0572636
0.0553705
0.0531488
0.0506132
0.0477893
0.0447048
0.0413981
0.0379073
0.0342795
0.0305563
0.0267876
0.0230099
0.0192705
0.0155937
0.0120227
0.00856024
0.00524849
0.0590445
0.0585871
0.0577261
0.0564954
0.0549185
0.0530099
0.0507895
0.0482779
0.0455047
0.0425008
0.0393061
0.0359586
0.032504
0.0289816
0.0254371
0.0219036
0.0184229
0.0150156
0.0117192
0.00853407
0.00549668
0.0568203
0.0563526
0.0554744
0.0542258
0.0526363
0.0507274
0.0485242
0.0460522
0.0433442
0.0404335
0.0373604
0.0341628
0.030884
0.027561
0.0242353
0.0209367
0.017702
0.0145484
0.0115084
0.00858031
0.00579569
0.0546278
0.0541541
0.0532666
0.0520104
0.050421
0.0485255
0.0463536
0.0439348
0.0413043
0.038497
0.035553
0.0325094
0.0294071
0.0262804
0.023167
0.0200933
0.0170915
0.0141762
0.0113749
0.00868485
0.0061329
0.0524732
0.0519973
0.0511077
0.0498539
0.048276
0.0464062
0.0442781
0.0419242
0.0393813
0.0366854
0.0338758
0.0309883
0.0280614
0.0251266
0.0222179
0.0193586
0.0165769
0.0138847
0.0113055
0.00883539
0.00649743
0.050362
0.0498876
0.0490028
0.0477603
0.0462042
0.0443711
0.0422974
0.0400181
0.0375711
0.0349925
0.0323206
0.0295898
0.0268357
0.0240873
0.0213751
0.0187195
0.016145
0.0136612
0.0112883
0.00902128
0.00687999
0.0482997
0.0478303
0.0469563
0.045733
0.0442079
0.0424208
0.0404107
0.038214
0.0358692
0.0334121
0.0308796
0.0283045
0.0257195
0.0231512
0.0206267
0.018164
0.0157841
0.0134947
0.011313
0.00923334
0.00727268
0.0462913
0.0458298
0.044972
0.0437751
0.042289
0.040556
0.0386168
0.0365091
0.0342711
0.031938
0.0295452
0.0271234
0.0247029
0.0223077
0.019962
0.0176812
0.0154836
0.0133753
0.0113706
0.00946369
0.00766888
0.0443412
0.0438903
0.0430535
0.0418891
0.0404487
0.0387765
0.0369143
0.0349003
0.0327721
0.0305642
0.02831
0.0260382
0.0237768
0.0215473
0.019371
0.0172616
0.0152344
0.0132944
0.0114535
0.00970567
0.00806305
0.0424536
0.0420155
0.0412038
0.0400772
0.0386881
0.037082
0.0353014
0.0333843
0.0313677
0.0292847
0.0271669
0.0250411
0.0229327
0.0208611
0.0188451
0.0168965
0.0150284
0.0132446
0.011555
0.00995366
0.00845065
0.040632
0.0402087
0.0394255
0.0383408
0.0370075
0.0354718
0.033776
0.0319579
0.0300533
0.028094
0.0261095
0.0241248
0.0221629
0.0202412
0.0183764
0.0165784
0.0148585
0.0132195
0.0116697
0.010203
0.00882799
0.0388795
0.0384725
0.0377206
0.0366812
0.0354073
0.0339448
0.0323359
0.0306176
0.0288244
0.0269865
0.0251315
0.0232825
0.0214604
0.0196806
0.0179578
0.0163006
0.0147186
0.0132136
0.0117926
0.0104498
0.00919214
0.0371987
0.0368093
0.0360907
0.0350993
0.0338871
0.0324998
0.0309788
0.02936
0.0276767
0.0259571
0.0242273
0.0225081
0.0208187
0.0191728
0.0175832
0.0160574
0.0146033
0.0132223
0.01192
0.0106909
0.00954083
0.0355917
0.0352208
0.0345371
0.0335953
0.0324464
0.0311353
0.0297021
0.0281818
0.0266059
0.0250011
0.0233913
0.021796
0.0202321
0.0187121
0.0172472
0.0158435
0.0145081
0.0132416
0.0120486
0.0109239
0.00987236
0.0340603
0.0337084
0.0330606
0.0321695
0.0310846
0.0298496
0.0285035
0.0270797
0.0256081
0.0241137
0.0226188
0.0211409
0.0196955
0.0182936
0.0169449
0.0156548
0.0144291
0.0132682
0.0121758
0.0111469
0.0101855
0.0326056
0.0322731
0.0316616
0.0308216
0.0298006
0.0286411
0.0273804
0.0260505
0.0246795
0.023291
0.0219052
0.0205383
0.0192042
0.0179127
0.0166722
0.0154874
0.0143631
0.0132995
0.0122995
0.0113584
0.0104795
0.0312285
0.0309155
0.0303402
0.029551
0.0285933
0.0275078
0.0263302
0.0250911
0.0238166
0.0225289
0.0212464
0.0199841
0.0187542
0.0175655
0.0164256
0.0153382
0.0143075
0.0133333
0.012418
0.0115574
0.0107539
0.0299294
0.0296357
0.0290963
0.0283571
0.0274614
0.0264479
0.0253506
0.0241985
0.0230161
0.0218238
0.0206388
0.0194744
0.0183418
0.0172488
0.0162019
0.0152045
0.0142599
0.0133678
0.0125303
0.0117432
0.0110087
0.0287085
0.0284337
0.0279295
0.027239
0.0264033
0.0254593
0.0244391
0.0233699
0.0222748
0.0211726
0.0200789
0.0190061
0.017964
0.0169596
0.0159987
0.0150841
0.0142186
0.0134018
0.0126353
0.0119155
0.0112438
0.0275656
0.0273092
0.0268389
0.0261955
0.0254177
0.0245402
0.0235934
0.0226028
0.0215899
0.0205721
0.0195638
0.0185761
0.0176179
0.0166954
0.0158137
0.0149751
0.0141821
0.0134343
0.0127327
0.0120741
0.0114597
0.0265003
0.0262615
0.0258239
0.0252256
0.0245029
0.0236886
0.0228112
0.0218946
0.0209588
0.0200198
0.0190908
0.0181819
0.0173012
0.0164541
0.015645
0.0148761
0.0141494
0.0134644
0.012822
0.0122192
0.0116568
0.0255119
0.0252899
0.0248834
0.0243279
0.0236574
0.0229027
0.0220905
0.0212431
0.0203791
0.0195132
0.0186576
0.0178214
0.0170118
0.0162338
0.0154912
0.0147859
0.0141196
0.0134918
0.0129031
0.0123509
0.0118358
0.0245998
0.0243937
0.0240164
0.0235012
0.0228797
0.0221808
0.0214293
0.0206462
0.0198486
0.0190503
0.0182621
0.0174926
0.0167481
0.0160331
0.0153511
0.0147037
0.0140922
0.0135162
0.0129762
0.0124698
0.0119973
0.0237631
0.0235718
0.0232219
0.0227442
0.0221684
0.0215212
0.0208259
0.0201021
0.0193656
0.0186291
0.0179026
0.0171938
0.0165085
0.0158508
0.0152237
0.0146286
0.0140666
0.0135375
0.0130413
0.0125762
0.0121421
0.023001
0.0228235
0.0224988
0.0220558
0.021522
0.0209224
0.0202787
0.019609
0.0189283
0.018248
0.0175775
0.0169238
0.016292
0.015686
0.0151083
0.0145602
0.0140428
0.0135556
0.0130988
0.0126707
0.0122711
0.0223128
0.0221479
0.0218463
0.021435
0.0209395
0.0203832
0.0197863
0.0191658
0.0185353
0.0179058
0.0172857
0.0166813
0.0160976
0.0155378
0.0150043
0.0144983
0.0140206
0.0135708
0.0131491
0.0127538
0.0123849
0.0216978
0.0215443
0.0212636
0.0208809
0.0204199
0.0199025
0.0193476
0.0187711
0.0181857
0.0176014
0.0170261
0.0164657
0.0159245
0.0154057
0.0149114
0.0144425
0.0139999
0.0135833
0.0131925
0.0128263
0.0124843
0.0211558
0.0210123
0.0207502
0.0203929
0.0199626
0.0194797
0.0189619
0.0184242
0.0178784
0.017334
0.0167981
0.0162762
0.0157724
0.0152895
0.0148293
0.014393
0.013981
0.0135932
0.0132294
0.0128885
0.0125701
0.0206866
0.0205519
0.020306
0.0199708
0.0195672
0.0191142
0.0186287
0.0181246
0.0176132
0.0171031
0.0166013
0.0161126
0.0156409
0.0151889
0.0147581
0.0143497
0.0139641
0.013601
0.0132604
0.0129411
0.0126429
0.0202906
0.0201634
0.0199312
0.0196148
0.0192337
0.0188062
0.018348
0.0178723
0.0173898
0.0169087
0.0164354
0.0159747
0.0155301
0.0151039
0.0146978
0.0143128
0.0139492
0.0136069
0.0132856
0.0129846
0.0127032
0.0199686
0.0198476
0.0196267
0.0193255
0.0189629
0.0185561
0.01812
0.0176674
0.0172084
0.0167509
0.0163008
0.0158627
0.01544
0.0150347
0.0146487
0.0142825
0.0139367
0.0136112
0.0133056
0.0130192
0.0127515
0.0197224
0.0196061
0.0193938
0.0191044
0.0187559
0.0183649
0.0179459
0.017511
0.0170699
0.0166303
0.016198
0.0157772
0.015371
0.0149818
0.0146109
0.0142592
0.013927
0.0136141
0.0133204
0.0130452
0.0127879
0.0195543
0.0194412
0.0192348
0.0189535
0.0186148
0.0182346
0.0178272
0.0174043
0.0169755
0.0165481
0.0161278
0.0157188
0.015324
0.0149456
0.0145851
0.0142431
0.0139201
0.013616
0.0133304
0.0130627
0.0128124
0.0194679
0.0193564
0.019153
0.0188759
0.0185423
0.0181677
0.0177662
0.0173495
0.016927
0.0165059
0.0160918
0.0156887
0.0152998
0.014927
0.0145718
0.0142349
0.0139166
0.0136169
0.0133354
0.0130717
0.012825
0.117072
0.118232
0.1205
0.12373
0.127846
0.132854
0.138674
0.145397
0.152903
0.161378
0.170682
0.181036
0.192263
0.204623
0.217931
0.232472
0.247985
0.264884
0.282733
0.302051
0.322175
0.343911
0.366028
0.11701
0.118169
0.120434
0.123661
0.127771
0.132772
0.138585
0.1453
0.152793
0.161256
0.170546
0.180884
0.192095
0.204428
0.217706
0.232222
0.247696
0.264546
0.28236
0.301637
0.321712
0.343419
0.365414
0.116942
0.118099
0.120361
0.123583
0.127687
0.132681
0.138485
0.14519
0.152668
0.161117
0.170389
0.180705
0.191886
0.204188
0.217411
0.231906
0.247359
0.264155
0.281874
0.301062
0.321021
0.342593
0.364428
0.116866
0.118021
0.12028
0.123497
0.127594
0.13258
0.138375
0.145068
0.152529
0.16096
0.170206
0.180497
0.191632
0.203924
0.217121
0.23154
0.246911
0.263609
0.281232
0.300304
0.320105
0.341496
0.363099
0.116784
0.117937
0.120191
0.123403
0.127493
0.132469
0.138254
0.144935
0.152375
0.160779
0.169999
0.180276
0.19139
0.203614
0.216723
0.231088
0.246373
0.262967
0.280459
0.299375
0.318972
0.340133
0.36143
0.116694
0.117845
0.120095
0.123301
0.127383
0.132349
0.138123
0.14479
0.152201
0.160569
0.169836
0.18003
0.191069
0.203249
0.216291
0.230577
0.245755
0.262229
0.279554
0.298277
0.317623
0.338499
0.359416
0.116597
0.117746
0.119992
0.123192
0.127265
0.13222
0.137981
0.144634
0.152007
0.160466
0.169588
0.17974
0.190729
0.20285
0.215819
0.230005
0.245057
0.261384
0.278514
0.297009
0.316057
0.336594
0.357059
0.116494
0.11764
0.119881
0.123074
0.127139
0.132081
0.137829
0.144467
0.151919
0.160216
0.169316
0.179429
0.190367
0.202414
0.215296
0.229369
0.244275
0.260433
0.277338
0.29557
0.314276
0.33442
0.354362
0.116383
0.117527
0.119762
0.122949
0.127004
0.131934
0.137669
0.144289
0.151687
0.159961
0.169032
0.179097
0.189974
0.201939
0.21472
0.228668
0.243411
0.259377
0.276028
0.293963
0.312279
0.331979
0.351327
0.116266
0.117406
0.119637
0.122815
0.126861
0.131777
0.137498
0.144096
0.151448
0.159699
0.168729
0.178741
0.189549
0.201425
0.214093
0.227902
0.242464
0.258215
0.274584
0.292187
0.310069
0.329273
0.347958
0.116142
0.117279
0.119504
0.122674
0.126709
0.131611
0.137317
0.143876
0.151206
0.159423
0.168407
0.178359
0.189091
0.200871
0.213415
0.227072
0.241435
0.25695
0.273007
0.290245
0.307648
0.326304
0.344257
0.116011
0.117145
0.119364
0.122526
0.12655
0.131437
0.137145
0.143651
0.150952
0.159131
0.168064
0.177952
0.188602
0.200277
0.212687
0.226178
0.240324
0.25558
0.271298
0.288136
0.305016
0.323074
0.340229
0.115873
0.117004
0.119217
0.12237
0.126382
0.131254
0.136937
0.143418
0.150686
0.158823
0.167702
0.177521
0.188081
0.199644
0.211908
0.225221
0.239131
0.254108
0.269458
0.285863
0.302176
0.319586
0.335878
0.115728
0.116856
0.119063
0.122206
0.126207
0.131062
0.136711
0.143175
0.150406
0.158498
0.16732
0.177064
0.18753
0.198971
0.211079
0.2242
0.237858
0.252533
0.267487
0.283426
0.299129
0.315843
0.331207
0.115577
0.116701
0.118901
0.122035
0.126024
0.130858
0.136482
0.142921
0.150114
0.158157
0.166918
0.176584
0.186947
0.19826
0.2102
0.223116
0.236504
0.250857
0.265386
0.280828
0.295878
0.311848
0.326223
0.115419
0.11654
0.118733
0.121857
0.125833
0.130643
0.136247
0.142657
0.149808
0.157801
0.166497
0.176078
0.186334
0.19751
0.209273
0.221969
0.235071
0.249079
0.263157
0.27807
0.292426
0.307606
0.32093
0.115254
0.116372
0.118558
0.121671
0.125636
0.130489
0.136002
0.142381
0.14949
0.157429
0.166056
0.175549
0.185691
0.196721
0.208296
0.22076
0.233558
0.247202
0.260801
0.275152
0.288774
0.303118
0.315334
0.115083
0.116197
0.118376
0.121478
0.12543
0.130249
0.135748
0.142094
0.149159
0.157041
0.165597
0.174996
0.185017
0.195895
0.207271
0.21949
0.231967
0.245225
0.258319
0.272079
0.284925
0.298391
0.30944
0.114906
0.116016
0.118187
0.121278
0.125217
0.130001
0.135485
0.141797
0.148816
0.156638
0.165118
0.174418
0.184314
0.19503
0.206198
0.218158
0.230298
0.24315
0.255712
0.26885
0.280883
0.293426
0.303255
0.114722
0.115828
0.117991
0.121071
0.124994
0.129753
0.135213
0.141488
0.14846
0.156219
0.164621
0.173818
0.183581
0.194127
0.205077
0.216765
0.228551
0.240978
0.252981
0.265469
0.276648
0.288229
0.296786
0.114531
0.115634
0.117789
0.120857
0.124763
0.129498
0.134932
0.141169
0.148091
0.155786
0.164105
0.173194
0.182819
0.193188
0.203909
0.215312
0.226728
0.238709
0.250129
0.261936
0.272226
0.282805
0.290039
0.114334
0.115433
0.117581
0.120637
0.12454
0.129235
0.134642
0.14084
0.14771
0.155337
0.163571
0.172547
0.182029
0.192211
0.202695
0.213799
0.22483
0.236345
0.247156
0.258255
0.267618
0.277157
0.283021
0.114131
0.115226
0.117365
0.12041
0.124296
0.128965
0.134344
0.1405
0.147318
0.154874
0.163019
0.171877
0.181209
0.191198
0.201434
0.212227
0.222856
0.233885
0.244064
0.254428
0.262828
0.271291
0.27574
0.113922
0.115014
0.117144
0.120176
0.124037
0.128687
0.134037
0.140151
0.146913
0.154397
0.162449
0.171185
0.180362
0.190149
0.200128
0.210597
0.220809
0.231332
0.240854
0.250456
0.257859
0.265211
0.268203
0.113706
0.114795
0.116916
0.119932
0.123776
0.128402
0.133721
0.139791
0.146496
0.153905
0.161862
0.170471
0.179486
0.189064
0.198776
0.208907
0.218689
0.228687
0.237528
0.246342
0.252715
0.258924
0.260418
0.113485
0.114569
0.116683
0.119678
0.12351
0.12811
0.133396
0.139422
0.146068
0.1534
0.161257
0.169735
0.178583
0.187943
0.19738
0.207161
0.216496
0.225949
0.234089
0.242088
0.247397
0.252434
0.252392
0.113257
0.114338
0.116444
0.119463
0.123237
0.127811
0.133064
0.139042
0.145629
0.15288
0.160635
0.168978
0.177653
0.186788
0.195939
0.205357
0.214232
0.223121
0.230537
0.237696
0.241911
0.245747
0.244133
0.113024
0.114102
0.116198
0.119197
0.122957
0.127505
0.132723
0.138654
0.145179
0.152347
0.159996
0.168199
0.176695
0.185598
0.194455
0.203497
0.211898
0.220203
0.226874
0.233169
0.236259
0.238868
0.235648
0.112784
0.113859
0.115946
0.118926
0.122671
0.127192
0.132374
0.138256
0.144717
0.1518
0.15934
0.167399
0.175712
0.184374
0.192928
0.20158
0.209494
0.217196
0.223103
0.22851
0.230444
0.231803
0.226946
0.112539
0.113611
0.115687
0.118653
0.122379
0.126871
0.132018
0.137849
0.144245
0.151241
0.158668
0.166578
0.174701
0.183116
0.191357
0.199609
0.207021
0.214101
0.219225
0.223718
0.22447
0.224558
0.218032
0.112288
0.113357
0.11543
0.118375
0.122081
0.126544
0.131653
0.137434
0.143762
0.150668
0.157981
0.165737
0.173666
0.181824
0.189744
0.197582
0.20448
0.210919
0.215242
0.218798
0.218341
0.217139
0.208913
0.112032
0.113098
0.11516
0.11809
0.121777
0.126211
0.131282
0.137009
0.143269
0.150083
0.157277
0.164877
0.172604
0.1805
0.18809
0.195502
0.201873
0.207651
0.211156
0.21375
0.212061
0.209551
0.199595
0.11177
0.112833
0.114885
0.117801
0.121467
0.125871
0.130903
0.136576
0.142766
0.149486
0.156558
0.163996
0.171517
0.179143
0.186394
0.193368
0.199199
0.204298
0.206969
0.208577
0.205633
0.201799
0.190081
0.111502
0.112562
0.114605
0.117506
0.121151
0.125525
0.130516
0.136135
0.142253
0.148877
0.155824
0.163096
0.170406
0.177754
0.184657
0.191181
0.19646
0.200861
0.202684
0.203278
0.199062
0.193889
0.180375
0.111229
0.112289
0.11432
0.117206
0.120829
0.125172
0.130123
0.135686
0.14173
0.148255
0.155074
0.162177
0.16927
0.176334
0.182879
0.188942
0.193655
0.197339
0.198301
0.197855
0.19235
0.185823
0.110951
0.112008
0.11403
0.1169
0.120502
0.124813
0.129722
0.135228
0.141196
0.14762
0.154307
0.161236
0.168105
0.174877
0.181056
0.186646
0.190781
0.19373
0.193818
0.192306
0.185503
0.177603
0.110667
0.111722
0.113735
0.116589
0.120169
0.124448
0.129314
0.134761
0.140652
0.146972
0.153525
0.160276
0.166916
0.173389
0.179193
0.184299
0.187845
0.190044
0.189249
0.186646
0.178542
0.169248
0.110378
0.111432
0.113436
0.116277
0.119836
0.124085
0.12891
0.134301
0.140117
0.146335
0.152755
0.159327
0.165738
0.171909
0.177333
0.181947
0.184891
0.186323
0.184626
0.1809
0.171481
0.160772
0.110085
0.111139
0.113136
0.115964
0.119505
0.123727
0.128515
0.133853
0.139598
0.145719
0.152008
0.158404
0.164583
0.170446
0.175476
0.179577
0.18189
0.182512
0.179866
0.174943
0.164152
0.151944
0.109785
0.110834
0.112817
0.115623
0.119133
0.123312
0.128043
0.133304
0.138949
0.144938
0.151057
0.15723
0.163128
0.168628
0.17321
0.17674
0.178374
0.178137
0.174534
0.168375
0.156303
0.113919
0.115052
0.11722
0.120295
0.124157
0.128767
0.134006
0.139854
0.14616
0.152894
0.159837
0.166923
0.173813
0.180399
0.18615
0.190944
0.19393
0.195145
0.193094
0.188591
0.178335
0.114122
0.115258
0.117437
0.120529
0.124414
0.129058
0.134343
0.140253
0.146643
0.15349
0.160581
0.167863
0.175006
0.181922
0.188084
0.193409
0.197028
0.19905
0.197904
0.194566
0.185529
0.175083
0.114318
0.115453
0.117635
0.120732
0.124626
0.129285
0.134594
0.140541
0.146983
0.153907
0.161106
0.168539
0.175885
0.183077
0.189597
0.195394
0.199602
0.202381
0.202131
0.199918
0.192191
0.18313
0.114509
0.115643
0.11783
0.120934
0.12484
0.129519
0.134855
0.140843
0.147344
0.154351
0.16166
0.169247
0.176796
0.18426
0.191127
0.197379
0.202149
0.205647
0.20625
0.205094
0.198626
0.190879
0.114694
0.115828
0.118021
0.121134
0.125054
0.129754
0.135121
0.141153
0.147714
0.154805
0.162228
0.16997
0.177721
0.185453
0.192663
0.199361
0.204681
0.208882
0.210322
0.210193
0.20497
0.198524
0.114874
0.116008
0.118206
0.121328
0.125262
0.129983
0.135379
0.141454
0.148074
0.155246
0.16278
0.170672
0.178619
0.186614
0.194158
0.201293
0.207151
0.21204
0.214308
0.215182
0.211203
0.206043
0.115047
0.116182
0.118386
0.121516
0.125463
0.130204
0.135628
0.141744
0.148421
0.155673
0.163313
0.171351
0.179489
0.187739
0.195608
0.203168
0.209553
0.215113
0.218197
0.220051
0.217305
0.213419
0.115215
0.116351
0.118561
0.121698
0.125657
0.130418
0.13587
0.142026
0.148757
0.156087
0.163831
0.17201
0.180334
0.188831
0.197018
0.204991
0.211891
0.218104
0.221992
0.224799
0.223271
0.220651
0.210696
0.115377
0.116513
0.118724
0.121875
0.125845
0.130625
0.136104
0.142299
0.149084
0.156488
0.164333
0.172649
0.181154
0.189892
0.198386
0.206762
0.214165
0.221013
0.22569
0.229429
0.2291
0.227734
0.219456
0.115532
0.11667
0.118886
0.122044
0.126027
0.130825
0.13633
0.142563
0.149399
0.156877
0.164819
0.173269
0.181948
0.190921
0.199714
0.20848
0.216374
0.223839
0.229291
0.233936
0.234785
0.234662
0.228032
0.115682
0.11682
0.119043
0.122208
0.126201
0.131017
0.136548
0.142817
0.149703
0.157252
0.165288
0.173868
0.182717
0.191916
0.201
0.210144
0.218517
0.226581
0.23279
0.238321
0.240323
0.241431
0.236418
0.115825
0.116965
0.119193
0.122367
0.126369
0.131203
0.136757
0.143062
0.149997
0.157613
0.165741
0.174446
0.183459
0.192878
0.202244
0.211755
0.220593
0.229237
0.236188
0.242581
0.245711
0.248033
0.244609
0.115962
0.117103
0.119335
0.122521
0.12653
0.13138
0.136958
0.143297
0.150279
0.157961
0.166177
0.175003
0.184175
0.193806
0.203445
0.21331
0.222601
0.231807
0.23948
0.246714
0.250944
0.254463
0.252599
0.116093
0.117235
0.119471
0.122645
0.126685
0.13155
0.13715
0.143522
0.150549
0.158295
0.166596
0.175539
0.184864
0.194699
0.204603
0.214811
0.22454
0.23429
0.242666
0.250717
0.25602
0.260714
0.260379
0.116217
0.117361
0.119601
0.122785
0.126832
0.131712
0.137334
0.143738
0.150807
0.158615
0.166998
0.176053
0.185526
0.195558
0.205717
0.216255
0.22641
0.236684
0.245743
0.254589
0.260933
0.26678
0.267944
0.116335
0.11748
0.119725
0.122918
0.126971
0.131866
0.137509
0.143943
0.151054
0.15892
0.167382
0.176546
0.18616
0.196382
0.206787
0.217642
0.228209
0.23899
0.24871
0.258327
0.265683
0.272655
0.275284
0.116446
0.117593
0.119842
0.123042
0.127103
0.132013
0.137674
0.144138
0.151288
0.159211
0.167748
0.177016
0.186766
0.19717
0.207813
0.218973
0.229936
0.241205
0.251564
0.261928
0.270263
0.278334
0.282393
0.116551
0.1177
0.119952
0.123159
0.127227
0.13215
0.137831
0.144322
0.15151
0.159487
0.168096
0.177463
0.187345
0.197923
0.208793
0.220245
0.231591
0.243328
0.254304
0.26539
0.274672
0.28381
0.289261
0.116649
0.1178
0.120055
0.123268
0.127343
0.13228
0.137978
0.144496
0.15172
0.159748
0.168425
0.177887
0.187894
0.198639
0.209728
0.221459
0.233173
0.24536
0.256929
0.268711
0.278906
0.289079
0.295882
0.116741
0.117893
0.120152
0.123369
0.127453
0.132402
0.138116
0.144658
0.151917
0.159994
0.168737
0.178289
0.188415
0.199319
0.210616
0.222615
0.23468
0.247298
0.259436
0.271888
0.282962
0.294136
0.302247
0.116826
0.117979
0.120241
0.123463
0.127543
0.132515
0.138244
0.14481
0.152101
0.160224
0.169029
0.178667
0.188907
0.199961
0.211458
0.223711
0.236113
0.249141
0.261824
0.274918
0.286836
0.298974
0.308349
0.116904
0.118059
0.120324
0.123549
0.127638
0.13262
0.138363
0.144951
0.152272
0.160439
0.169302
0.179022
0.189369
0.200566
0.212253
0.224746
0.237469
0.250889
0.264092
0.277801
0.290525
0.303589
0.31418
0.116975
0.118132
0.120399
0.123629
0.127731
0.132716
0.138472
0.145081
0.15243
0.160638
0.169557
0.179352
0.189802
0.201134
0.213
0.225722
0.238749
0.252541
0.266238
0.280533
0.294027
0.307977
0.319734
0.11704
0.118198
0.120468
0.123701
0.127812
0.132802
0.138571
0.145199
0.152574
0.160821
0.169792
0.179659
0.190204
0.201663
0.213699
0.226636
0.239951
0.254095
0.26826
0.283112
0.297338
0.312133
0.325004
0.117098
0.118257
0.120529
0.123765
0.127882
0.13288
0.13866
0.145306
0.152705
0.160988
0.170007
0.179941
0.190576
0.202155
0.21435
0.227489
0.241075
0.255551
0.270158
0.285537
0.300455
0.316052
0.329982
0.117148
0.118309
0.120583
0.123822
0.127943
0.132948
0.138739
0.145401
0.152823
0.161138
0.170202
0.180199
0.190918
0.202607
0.214952
0.22828
0.242121
0.256908
0.27193
0.287805
0.303375
0.319731
0.334663
0.117192
0.118354
0.12063
0.123871
0.127996
0.133007
0.138808
0.145485
0.152927
0.161273
0.170378
0.180433
0.191229
0.203021
0.215504
0.229008
0.243086
0.258165
0.273574
0.289914
0.306097
0.323165
0.33904
0.11723
0.118392
0.120669
0.123913
0.128041
0.133057
0.138866
0.145557
0.153017
0.161391
0.170534
0.180641
0.191509
0.203396
0.216008
0.229674
0.243972
0.259321
0.275091
0.291864
0.308617
0.326351
0.343109
0.11726
0.118423
0.120701
0.123946
0.128077
0.133098
0.138915
0.145617
0.153094
0.161492
0.170669
0.180825
0.191758
0.203731
0.216461
0.230277
0.244777
0.260375
0.276478
0.293652
0.310933
0.329286
0.346864
0.117283
0.118447
0.120726
0.123972
0.128105
0.133129
0.138953
0.145665
0.153156
0.161576
0.170784
0.180983
0.191976
0.204027
0.216864
0.230816
0.245501
0.261326
0.277734
0.295276
0.313042
0.331965
0.3503
0.117299
0.118463
0.120743
0.12399
0.128124
0.133151
0.13898
0.145702
0.153205
0.161644
0.170879
0.181116
0.192162
0.204283
0.217217
0.231291
0.246143
0.262175
0.27886
0.296736
0.314944
0.334387
0.353413
0.117308
0.118473
0.120753
0.124
0.128135
0.133163
0.138997
0.145726
0.153239
0.161694
0.170953
0.181224
0.192316
0.2045
0.217518
0.231702
0.246703
0.26292
0.279853
0.29803
0.316636
0.336547
0.356198
0.11731
0.118475
0.120755
0.124002
0.128137
0.133166
0.139004
0.145738
0.153259
0.161728
0.171006
0.181306
0.192438
0.204676
0.217769
0.232049
0.247181
0.263561
0.280713
0.299157
0.318115
0.338445
0.358652
0.117305
0.11847
0.12075
0.123996
0.12813
0.13316
0.139
0.145738
0.153265
0.161745
0.171039
0.181362
0.192529
0.204812
0.217969
0.23233
0.247575
0.264097
0.281439
0.300116
0.319382
0.340077
0.360771
0.117293
0.118458
0.120737
0.123982
0.128116
0.133145
0.138985
0.145726
0.153256
0.161744
0.171051
0.181393
0.192587
0.204907
0.218118
0.232547
0.247886
0.264528
0.282031
0.300905
0.320434
0.341442
0.362553
0.117274
0.118438
0.120716
0.12396
0.128092
0.13312
0.13896
0.145702
0.153234
0.161726
0.171042
0.181399
0.192613
0.204962
0.218215
0.232698
0.248114
0.264853
0.282488
0.301525
0.321269
0.342537
0.363995
0.117248
0.118412
0.120688
0.123931
0.128061
0.133086
0.138924
0.145665
0.153196
0.161691
0.171012
0.181378
0.192607
0.204976
0.21826
0.232784
0.248257
0.265073
0.28281
0.301974
0.321888
0.343361
0.365095
0.117214
0.118378
0.120652
0.123893
0.12802
0.133042
0.138878
0.145616
0.153145
0.161639
0.170961
0.181331
0.192569
0.20495
0.218255
0.232805
0.248317
0.265187
0.282996
0.302252
0.32229
0.343914
0.365851
0.117174
0.118336
0.120609
0.123847
0.127971
0.132989
0.138821
0.145556
0.153079
0.161569
0.170889
0.181259
0.192499
0.204882
0.218198
0.23276
0.248293
0.265196
0.283047
0.302358
0.322473
0.344194
0.366263
0.117127
0.118288
0.120558
0.123792
0.127913
0.132927
0.138753
0.145483
0.152998
0.161482
0.170796
0.18116
0.192396
0.204774
0.218091
0.23265
0.248184
0.2651
0.282962
0.302293
0.322436
0.344195
0.366324
0.0303381
0.0302155
0.0299914
0.0296852
0.0293157
0.0288999
0.0284529
0.0279875
0.0275138
0.0270399
0.026572
0.0261147
0.0256716
0.0252452
0.0248372
0.0244486
0.0240799
0.0237313
0.0234026
0.0230933
0.0228029
0.0304333
0.0303091
0.0300821
0.0297719
0.0293975
0.0289763
0.0285235
0.0280521
0.0275722
0.0270921
0.026618
0.0261547
0.0257057
0.0252736
0.0248601
0.0244663
0.0240928
0.0237395
0.0234065
0.0230931
0.0227988
0.0306181
0.0304909
0.0302582
0.0299403
0.0295566
0.0291249
0.0286609
0.0281777
0.0276858
0.0271936
0.0267074
0.0262323
0.0257719
0.0253287
0.0249047
0.0245008
0.0241177
0.0237554
0.0234139
0.0230925
0.0227908
0.0308883
0.0307567
0.0305158
0.0301868
0.0297895
0.0293426
0.0288621
0.0283617
0.0278522
0.0273422
0.0268385
0.0263461
0.0258688
0.0254095
0.0249699
0.0245512
0.024154
0.0237785
0.0234245
0.0230914
0.0227786
0.031241
0.0311035
0.0308521
0.0305085
0.0300937
0.0296269
0.0291251
0.0286022
0.0280697
0.0275366
0.0270098
0.0264948
0.0259955
0.0255149
0.025055
0.0246169
0.0242013
0.0238083
0.0234379
0.0230894
0.0227622
0.0316736
0.0315292
0.0312648
0.0309036
0.0304673
0.0299763
0.0294482
0.0288978
0.0283371
0.0277756
0.0272205
0.0266777
0.0261513
0.0256445
0.0251595
0.0246974
0.0242591
0.0238446
0.0234539
0.0230863
0.0227413
0.0321847
0.032032
0.0317526
0.0313706
0.0309092
0.0303896
0.0298307
0.029248
0.028654
0.0280588
0.0274703
0.0268944
0.026336
0.0257981
0.0252831
0.0247925
0.0243271
0.023887
0.0234722
0.0230817
0.0227154
0.0327731
0.0326111
0.0323144
0.0319087
0.0314186
0.0308665
0.0302722
0.0296523
0.02902
0.0283861
0.027759
0.0271451
0.0265494
0.0259755
0.0254259
0.0249022
0.0244053
0.0239354
0.0234925
0.0230754
0.0226843
0.0334381
0.0332656
0.0329497
0.0325176
0.0319953
0.0314067
0.0307727
0.0301109
0.0294355
0.0287578
0.0280869
0.0274298
0.0267919
0.026177
0.025588
0.0250265
0.0244937
0.0239897
0.0235146
0.0230672
0.0226476
0.0341793
0.0339953
0.0336583
0.0331971
0.0326394
0.0320105
0.0313326
0.0306244
0.029901
0.0291745
0.0284548
0.0277494
0.0270641
0.0264032
0.0257698
0.0251658
0.0245925
0.0240499
0.0235385
0.0230568
0.022605
0.0349965
0.0348001
0.0344401
0.0339474
0.0333512
0.0326784
0.0319526
0.0311934
0.0304173
0.0296372
0.0288635
0.0281046
0.0273668
0.0266547
0.025972
0.0253205
0.024702
0.0241164
0.0235643
0.0230441
0.0225562
0.0358896
0.0356799
0.0352954
0.0347689
0.0341313
0.0334111
0.0326334
0.0318192
0.0309857
0.0301469
0.0293143
0.0284966
0.0277011
0.0269327
0.0261954
0.0254915
0.0248228
0.0241894
0.0235922
0.0230291
0.022501
0.0368586
0.0366348
0.0362243
0.0356619
0.0349803
0.0342096
0.0333764
0.0325029
0.0316075
0.0307053
0.0298086
0.028927
0.0280684
0.0272383
0.0264412
0.0256796
0.0249557
0.0242697
0.0236226
0.023012
0.0224395
0.0379033
0.0376648
0.0372271
0.0366269
0.0358989
0.0350749
0.0341827
0.033246
0.0322844
0.031314
0.0303482
0.0293975
0.0284704
0.0275731
0.0267108
0.0258861
0.0251018
0.0243579
0.0236559
0.0229932
0.0223716
0.0390236
0.0387699
0.0383039
0.0376645
0.0368881
0.0360081
0.0350539
0.0340502
0.0330183
0.0319751
0.0309352
0.02991
0.0289091
0.0279391
0.0270059
0.0261125
0.0252622
0.0244551
0.0236931
0.0229731
0.0222976
0.0402192
0.0399498
0.0394548
0.038775
0.0379486
0.0370104
0.0359913
0.0349175
0.0338112
0.0326908
0.0315719
0.0304671
0.0293867
0.0283383
0.0273285
0.0263607
0.0254387
0.0245626
0.0237351
0.0229525
0.022218
0.0414895
0.0412043
0.0406799
0.0399588
0.0390812
0.0380831
0.0369967
0.0358497
0.0346654
0.0334635
0.032261
0.0310712
0.029906
0.0287734
0.027681
0.0266327
0.025633
0.0246821
0.0237832
0.0229324
0.0221335
0.0428338
0.0425327
0.0419787
0.0412161
0.0402865
0.0392272
0.0380718
0.0368489
0.0355833
0.034296
0.0330052
0.0317255
0.0304698
0.0292472
0.0280662
0.0269312
0.0258475
0.0248156
0.0238392
0.0229141
0.022045
0.0442509
0.0439343
0.0433509
0.0425469
0.0415652
0.0404441
0.0392183
0.0379174
0.0365677
0.0351913
0.0338078
0.0324332
0.0310815
0.029763
0.0284871
0.027259
0.0260848
0.0249653
0.023905
0.0228992
0.0219537
0.0457396
0.0454077
0.0447956
0.043951
0.0429177
0.0417348
0.0404378
0.0390575
0.0376212
0.0361525
0.0346723
0.0331979
0.0317449
0.0303244
0.0289473
0.0276195
0.026348
0.025134
0.023983
0.0228897
0.0218613
0.0472979
0.0469515
0.0463119
0.045428
0.0443442
0.0431002
0.0417321
0.0402715
0.0387469
0.037183
0.0356024
0.0340238
0.032464
0.0309357
0.0294509
0.0280164
0.0266407
0.0253249
0.0240759
0.022888
0.0217695
0.0489238
0.0485638
0.0478984
0.0469771
0.0458448
0.0445412
0.0431028
0.0415618
0.0399478
0.0382865
0.0366023
0.034915
0.0332434
0.0316012
0.0300022
0.0284541
0.0269667
0.0255417
0.0241871
0.0228969
0.0216809
0.0506147
0.0502424
0.0495532
0.0485973
0.0474192
0.0460585
0.0445515
0.0429308
0.041227
0.0394669
0.0376762
0.0358764
0.034088
0.0323262
0.0306064
0.0289375
0.0273308
0.0257885
0.0243203
0.0229197
0.0215982
0.0523676
0.0519845
0.0512744
0.0502873
0.0490671
0.0476525
0.0460796
0.044381
0.0425878
0.0407281
0.0388289
0.0369132
0.0350033
0.0331161
0.031269
0.0294718
0.027738
0.0260702
0.0244799
0.0229602
0.0215246
0.0541792
0.0537871
0.0530594
0.0520453
0.0507876
0.0493235
0.0476885
0.0459146
0.0440336
0.0420743
0.0400652
0.0380307
0.0359952
0.0339772
0.031996
0.0300633
0.0281942
0.0263922
0.0246709
0.0230229
0.0214641
0.0560455
0.0556467
0.0549053
0.0538692
0.0525796
0.0510715
0.0493792
0.0475339
0.0455677
0.0435098
0.0413903
0.0392348
0.03707
0.0349159
0.0327944
0.0307184
0.0287057
0.0267605
0.0248987
0.0231127
0.0214209
0.0579624
0.0575593
0.0568087
0.0557566
0.0544415
0.0528961
0.0511526
0.0492411
0.0471935
0.0450392
0.0428097
0.0405319
0.0382345
0.0359396
0.0336714
0.0314447
0.0292798
0.0271821
0.0251699
0.0232354
0.0214001
0.0599252
0.0595207
0.058766
0.0577045
0.0563717
0.0547966
0.0530093
0.051038
0.0489142
0.046667
0.044329
0.0419285
0.0394961
0.037056
0.0346352
0.0322503
0.0299244
0.0276643
0.0254913
0.0233976
0.0214076
0.0619288
0.0615261
0.060773
0.0597097
0.0583677
0.056772
0.0549496
0.0529265
0.050733
0.0483978
0.0459541
0.0434314
0.0408626
0.0382736
0.0356945
0.0331439
0.0306483
0.0282158
0.0258711
0.0236064
0.0214499
0.0639679
0.0635703
0.0628251
0.0617683
0.0604268
0.0588208
0.0569736
0.0549081
0.0526529
0.050236
0.047691
0.045048
0.0423422
0.0396013
0.0368588
0.0341354
0.0314612
0.028846
0.0263181
0.0238701
0.0215343
0.0660367
0.065648
0.0649175
0.0638763
0.062546
0.060941
0.0590806
0.0569837
0.0546768
0.0521863
0.0495457
0.0467857
0.0439436
0.0410489
0.0381385
0.0352354
0.0323737
0.029565
0.0268421
0.0241978
0.0216691
0.0681294
0.0677534
0.0670449
0.0660291
0.0647215
0.0631304
0.0612698
0.0591542
0.0568072
0.0542528
0.0515243
0.0486523
0.0456759
0.0426266
0.0395445
0.0364553
0.0333974
0.0303845
0.0274542
0.0245998
0.0218636
0.0702396
0.0698806
0.0692016
0.0682216
0.0669494
0.0653859
0.0635397
0.0614197
0.0590461
0.0564397
0.0536328
0.0506556
0.0475487
0.0443452
0.0410887
0.0378076
0.0345449
0.031317
0.0281663
0.0250875
0.0221283
0.072361
0.0720231
0.0713818
0.0704486
0.069225
0.0677042
0.0658884
0.0637801
0.0613953
0.0587507
0.0558772
0.0528035
0.0495717
0.046216
0.0427837
0.0393058
0.0358303
0.0323762
0.028992
0.0256735
0.0224748
0.0744871
0.0741747
0.0735792
0.0727042
0.0715433
0.0700812
0.0683131
0.0662344
0.0638558
0.0611892
0.0582629
0.0551039
0.051755
0.048251
0.0446429
0.0409642
0.0372684
0.0335774
0.029946
0.026372
0.0229161
0.0766111
0.0763288
0.0757875
0.0749824
0.0738988
0.0725123
0.0708106
0.0687809
0.066428
0.0637578
0.0607954
0.0575647
0.0541087
0.0504625
0.0466804
0.0427984
0.0388755
0.0349371
0.0310448
0.0271985
0.0234668
0.0787266
0.0784788
0.0780002
0.0772768
0.0762856
0.0749925
0.0733769
0.0714174
0.0691118
0.0664587
0.0634793
0.0601933
0.0566431
0.0528632
0.0489111
0.0448248
0.0406694
0.0364735
0.0323062
0.0281705
0.024143
0.0808269
0.080618
0.0802104
0.0795808
0.0786974
0.0775159
0.0760074
0.0741406
0.0719058
0.0692932
0.0663187
0.0629968
0.0593683
0.0554662
0.0513505
0.0470611
0.0426689
0.0382062
0.0337502
0.0293071
0.0249629
0.0829055
0.0827399
0.0824115
0.0818876
0.0811273
0.0800762
0.0786965
0.0769466
0.0748079
0.0722616
0.0693169
0.0659817
0.0622941
0.0582846
0.0540148
0.0495258
0.0448945
0.0401568
0.0353985
0.0306298
0.0259466
0.0849561
0.0848379
0.0845966
0.08419
0.0835682
0.0826666
0.0814381
0.0798301
0.077815
0.0753631
0.0724761
0.0691537
0.06543
0.0613314
0.0569204
0.0522385
0.047368
0.0423487
0.0372752
0.0321624
0.0271168
0.0869725
0.0869058
0.0867592
0.0864811
0.0860129
0.0852797
0.0842251
0.0827853
0.0809226
0.0785958
0.0757974
0.0725176
0.0687847
0.0646195
0.0600842
0.0552195
0.0501128
0.0448071
0.0394065
0.0339311
0.0284988
0.0889491
0.0889375
0.0888924
0.0887537
0.0884535
0.0879075
0.0870498
0.0858052
0.0841253
0.0819563
0.0792805
0.0760767
0.0723659
0.0681613
0.0635231
0.05849
0.0531534
0.0475595
0.0418213
0.0359651
0.030121
0.0908801
0.090927
0.0909899
0.0910006
0.0908823
0.0905418
0.0899038
0.0888817
0.087416
0.0854398
0.0829235
0.079833
0.0761801
0.0719684
0.0672539
0.0620718
0.056516
0.0506352
0.0445513
0.038297
0.0320151
0.0927605
0.0928689
0.0930455
0.0932149
0.0932913
0.0931739
0.0927777
0.0920058
0.0907866
0.0890398
0.0867227
0.0837867
0.0802322
0.0760511
0.0712929
0.0659868
0.0602279
0.0540658
0.0476308
0.0409626
0.034217
0.0945855
0.0947579
0.0950532
0.0953896
0.0956726
0.0957948
0.095662
0.0951674
0.0942275
0.0927482
0.0906724
0.0879361
0.0845254
0.0804185
0.0756554
0.0702571
0.0643171
0.0578849
0.0510975
0.0440019
0.0367669
0.0963508
0.0965893
0.0970074
0.097518
0.0980181
0.0983954
0.0985461
0.0983557
0.0977276
0.096555
0.094765
0.0922768
0.0890603
0.0850775
0.0803554
0.0749043
0.0688127
0.062128
0.0549919
0.0474588
0.0397098
0.0980524
0.0983586
0.0989028
0.0995938
0.10032
0.100966
0.10142
0.101559
0.101275
0.100449
0.0989901
0.0968022
0.093835
0.0900326
0.0854051
0.0799491
0.0737438
0.0668323
0.0593578
0.051382
0.0430963
0.099687
0.100062
0.100735
0.101611
0.102571
0.103498
0.104271
0.104764
0.104855
0.104415
0.103336
0.101503
0.0988444
0.0952854
0.0908141
0.0854106
0.0791393
0.0720365
0.0642421
0.0558246
0.0469833
0.101252
0.101696
0.102499
0.103564
0.104763
0.105982
0.10709
0.107959
0.108454
0.10844
0.107786
0.106366
0.10408
0.100834
0.0965888
0.0913055
0.0850272
0.07778
0.0696945
0.0608449
0.051434
0.102744
0.103257
0.104191
0.105447
0.106891
0.108409
0.109864
0.11113
0.112057
0.112505
0.112325
0.111375
0.109529
0.106672
0.102731
0.0976474
0.0914333
0.0841022
0.0757669
0.0665059
0.0565191
0.104162
0.104744
0.105808
0.107255
0.108946
0.110769
0.112582
0.114262
0.115646
0.116593
0.116931
0.116512
0.115175
0.112789
0.109239
0.104446
0.0983807
0.091042
0.0825129
0.072875
0.0623161
0.105504
0.106154
0.107348
0.108985
0.110923
0.113056
0.115234
0.117341
0.119204
0.120683
0.121584
0.121755
0.120997
0.119168
0.116104
0.111704
0.105888
0.0986362
0.0899868
0.0800236
0.0689089
0.106769
0.107485
0.108807
0.110633
0.112817
0.11526
0.117809
0.120354
0.122714
0.124753
0.126259
0.127076
0.12697
0.125788
0.12331
0.11942
0.113967
0.106918
0.0982428
0.088028
0.0763888
0.107957
0.108737
0.110184
0.112196
0.114623
0.117375
0.120297
0.123287
0.126159
0.128783
0.13093
0.132447
0.133063
0.13262
0.130836
0.127583
0.122623
0.115915
0.107332
0.0969698
0.0848614
0.109067
0.109909
0.111478
0.11367
0.116337
0.119394
0.122688
0.126127
0.12952
0.132749
0.13557
0.137835
0.139242
0.139629
0.13865
0.136172
0.131851
0.125648
0.117302
0.106935
0.0944516
0.110099
0.111001
0.112688
0.115055
0.117956
0.121312
0.124975
0.12886
0.132782
0.136629
0.140152
0.143208
0.14547
0.146776
0.146719
0.145161
0.141643
0.136133
0.128195
0.118006
0.10528
0.111055
0.112013
0.113814
0.11635
0.119476
0.123124
0.127149
0.131478
0.135929
0.140402
0.144648
0.148532
0.151708
0.154015
0.154995
0.154505
0.151971
0.147365
0.140033
0.130228
0.11737
0.111935
0.112946
0.114855
0.117551
0.120895
0.124824
0.129202
0.133967
0.138943
0.144044
0.149026
0.153761
0.157899
0.161275
0.163399
0.164111
0.162742
0.15925
0.152748
0.14354
0.130579
0.112741
0.113799
0.11581
0.118657
0.122206
0.126404
0.13112
0.136305
0.141795
0.147515
0.153232
0.158826
0.163955
0.168446
0.171801
0.173824
0.173798
0.171614
0.166224
0.157872
0.144964
0.113474
0.114577
0.116683
0.119669
0.123409
0.127858
0.132894
0.138479
0.144463
0.150788
0.157233
0.163696
0.169845
0.175518
0.180211
0.183721
0.185291
0.184779
0.181003
0.174201
0.162244
)
;

boundaryField
{
    inlet
    {
        type            zeroGradient;
    }
    outlet
    {
        type            fixedValue;
        value           nonuniform 0();
    }
    cylinder
    {
        type            zeroGradient;
    }
    top
    {
        type            symmetryPlane;
    }
    bottom
    {
        type            symmetryPlane;
    }
    frontAndBack
    {
        type            empty;
    }
    procBoundary0to1
    {
        type            processor;
        value           nonuniform List<scalar> 
216
(
0.16868
0.179863
0.190843
0.201615
0.201615
0.215941
0.22686
0.237552
0.237552
0.254574
0.265358
0.275866
0.286085
0.286085
0.304179
0.314382
0.324236
0.33373
0.33373
0.353178
0.362461
0.371319
0.379741
0.387713
0.387713
0.408062
0.415543
0.422512
0.428957
0.43487
0.440242
0.445066
0.449333
0.45304
0.45618
0.458749
0.458749
0.476697
0.478185
0.479055
0.479309
0.478946
0.477968
0.46059
0.46059
0.458552
0.455947
0.452779
0.449055
0.444782
0.439967
0.434618
0.428745
0.422359
0.415469
0.395904
0.395904
0.388552
0.380762
0.372547
0.363919
0.345308
0.345308
0.336495
0.327334
0.317839
0.300591
0.300591
0.291101
0.281334
0.264841
0.264841
0.255149
0.245231
0.231293
0.231293
0.22152
0.211548
0.201383
0.121516
0.102541
0.0877334
0.0741123
0.0618367
0.0511845
0.042061
0.0342588
0.0276078
0.0219766
0.0172493
0.0133179
0.0100832
0.00745615
0.00535703
0.00371492
0.00246674
0.00155649
0.00093458
0.000557193
0.000385683
0.000386034
0.000528373
0.000786536
0.00113768
0.00156191
0.002042
0.00256308
0.00311237
0.00367898
0.00425369
0.00482873
0.00539767
0.00595518
0.00649699
0.00701968
0.00752061
0.00799782
0.0084499
0.00887595
0.00927551
0.00964845
0.00999493
0.0103154
0.0106104
0.0108808
0.0111274
0.0113512
0.0115532
0.0117345
0.011896
0.0120388
0.0121638
0.0122719
0.0123637
0.01244
0.0125011
0.0125473
0.0125785
0.0125945
0.170473
0.170473
0.160374
0.150092
0.139613
0.128645
0.142397
0.142397
0.16632
0.16632
0.154016
0.164136
0.173815
0.183309
0.192624
0.201752
0.201752
0.0225304
0.0225228
0.0225077
0.0224851
0.022455
0.022417
0.0223709
0.0223162
0.0222524
0.022179
0.0220957
0.0220021
0.0218979
0.0217829
0.0216571
0.0215207
0.021374
0.0212176
0.0210523
0.0208792
0.0207
0.0205163
0.0203304
0.020145
0.0199634
0.0197893
0.019627
0.0194815
0.0193584
0.0192643
0.0192065
0.0191933
0.0192339
0.0193387
0.0195195
0.0197894
0.0201631
0.020657
0.0212897
0.0220821
0.0230575
0.0242425
0.0256672
0.0273657
0.0293769
0.0317449
0.0345202
0.0377602
0.0415305
0.045906
0.0509711
0.056819
0.0635512
0.0712875
0.0801896
0.0904528
0.102149
0.114983
0.128815
0.146595
)
;
    }
}


// ************************************************************************* //
