/*--------------------------------*- C++ -*----------------------------------*\
  =========                 |
  \\      /  F ield         | OpenFOAM: The Open Source CFD Toolbox
   \\    /   O peration     | Website:  https://openfoam.org
    \\  /    A nd           | Version:  7
     \\/     M anipulation  |
\*---------------------------------------------------------------------------*/
FoamFile
{
    version     2.0;
    format      ascii;
    class       volScalarField;
    location    "300";
    object      p;
}
// * * * * * * * * * * * * * * * * * * * * * * * * * * * * * * * * * * * * * //

dimensions      [0 2 -2 0 0 0 0];

internalField   nonuniform List<scalar> 
4575
(
-0.0963424
-0.0830629
-0.0764256
-0.0754838
-0.0814748
-0.0945693
-0.109926
-0.119089
-0.115975
-0.102472
-0.0859709
-0.0723336
-0.0632296
-0.0584862
-0.0589354
-0.0644129
-0.0709212
-0.0732243
-0.0690444
-0.0612135
-0.0535681
-0.0480075
-0.0449058
-0.0450765
-0.0953181
-0.0826819
-0.0766084
-0.0762088
-0.0828028
-0.0965269
-0.112408
-0.121824
-0.118603
-0.104672
-0.0875543
-0.0732641
-0.0635641
-0.0582645
-0.0581356
-0.0630339
-0.0690739
-0.0711555
-0.0670834
-0.0596274
-0.0524819
-0.0474312
-0.0448578
-0.0455623
-0.0942436
-0.0822528
-0.0767456
-0.0768902
-0.084086
-0.0984377
-0.114845
-0.124524
-0.121207
-0.106853
-0.0891199
-0.0741743
-0.0638784
-0.0580265
-0.0573262
-0.0616531
-0.0672331
-0.0690981
-0.065133
-0.0580441
-0.0513894
-0.0468443
-0.0448007
-0.0460453
-0.0931181
-0.0817738
-0.0768347
-0.0775249
-0.0853203
-0.100297
-0.117233
-0.127183
-0.123783
-0.109014
-0.0906671
-0.075065
-0.0641737
-0.0577742
-0.0565097
-0.0602734
-0.0654016
-0.0670546
-0.063195
-0.0564646
-0.050291
-0.0462463
-0.044734
-0.0465243
-0.0919411
-0.0812433
-0.0768734
-0.0781093
-0.0865011
-0.102099
-0.119565
-0.129798
-0.126328
-0.111154
-0.0921955
-0.0759366
-0.0644512
-0.0575091
-0.0556883
-0.0588976
-0.0635822
-0.0650274
-0.0612709
-0.0548896
-0.0491867
-0.045637
-0.0446567
-0.046998
-0.0907119
-0.0806598
-0.0768593
-0.0786405
-0.0876245
-0.10384
-0.121839
-0.132364
-0.128838
-0.113269
-0.0937049
-0.0767899
-0.0647122
-0.0572329
-0.0548642
-0.0575283
-0.0617778
-0.0630189
-0.0593624
-0.05332
-0.048077
-0.0450162
-0.044568
-0.0474654
-0.0894306
-0.080022
-0.0767904
-0.0791153
-0.0886864
-0.105515
-0.124048
-0.134877
-0.131312
-0.115359
-0.095195
-0.0776255
-0.064958
-0.0569475
-0.0540396
-0.0561679
-0.0599909
-0.0610312
-0.0574711
-0.0517566
-0.0469619
-0.0443835
-0.044467
-0.0479251
-0.0880969
-0.0793288
-0.0766646
-0.0795309
-0.089683
-0.107119
-0.12619
-0.137334
-0.133745
-0.117423
-0.0966654
-0.0784442
-0.0651898
-0.0566543
-0.0532164
-0.0548189
-0.058224
-0.0590666
-0.0555983
-0.0502004
-0.0458419
-0.0437386
-0.044353
-0.0483759
-0.086711
-0.0785792
-0.0764801
-0.0798844
-0.0906104
-0.108648
-0.128258
-0.13973
-0.136136
-0.119458
-0.0981159
-0.0792469
-0.0654088
-0.056355
-0.0523966
-0.0534835
-0.0564794
-0.0571271
-0.0537457
-0.0486521
-0.0447173
-0.0430815
-0.044225
-0.0488164
-0.0852734
-0.0777726
-0.0762353
-0.0801732
-0.0914653
-0.110099
-0.130249
-0.142062
-0.138481
-0.121463
-0.0995464
-0.0800341
-0.0656165
-0.0560512
-0.0515821
-0.0521638
-0.0547594
-0.0552148
-0.0519148
-0.0471127
-0.0435885
-0.0424118
-0.0440824
-0.0492454
-0.0769082
-0.0759288
-0.080395
-0.0922442
-0.111467
-0.132159
-0.144326
-0.140777
-0.123436
-0.100957
-0.0808069
-0.065814
-0.0557443
-0.0507745
-0.0508617
-0.0530661
-0.0533315
-0.0501068
-0.0455831
-0.042456
-0.0417295
-0.0439241
-0.0496614
-0.0759859
-0.0755593
-0.0805474
-0.092944
-0.112748
-0.133984
-0.146519
-0.143022
-0.125377
-0.102346
-0.0815659
-0.0660026
-0.0554358
-0.0499755
-0.0495792
-0.0514013
-0.0514791
-0.0483232
-0.0440643
-0.0413201
-0.0410343
-0.0437494
-0.0500632
-0.0750056
-0.0751256
-0.0806286
-0.0935618
-0.113939
-0.135721
-0.148638
-0.145213
-0.127284
-0.103715
-0.0823121
-0.0661836
-0.0551271
-0.0491867
-0.0483179
-0.0497669
-0.0496592
-0.0465655
-0.0425571
-0.0401813
-0.0403263
-0.0435576
-0.0504493
-0.0739674
-0.0746271
-0.0806366
-0.094095
-0.115036
-0.137365
-0.150678
-0.147348
-0.129155
-0.105064
-0.0830461
-0.0663582
-0.0548196
-0.0484095
-0.0470793
-0.0481645
-0.0478735
-0.0448348
-0.0410626
-0.0390403
-0.0396053
-0.0433478
-0.0508185
-0.0728716
-0.074063
-0.0805699
-0.0945411
-0.116037
-0.138915
-0.152637
-0.149423
-0.130989
-0.106391
-0.0837688
-0.0665276
-0.0545145
-0.047645
-0.0458648
-0.0465954
-0.0461233
-0.0431325
-0.0395818
-0.0378976
-0.0388713
-0.0431193
-0.0511692
-0.0717188
-0.073433
-0.0804272
-0.0948979
-0.116939
-0.140366
-0.154512
-0.151436
-0.132785
-0.107697
-0.0844809
-0.0666931
-0.0542131
-0.0468947
-0.0446757
-0.0450611
-0.0444101
-0.0414598
-0.0381155
-0.0367538
-0.0381243
-0.0428714
-0.0515002
-0.0705099
-0.0727369
-0.0802074
-0.0951636
-0.11774
-0.141716
-0.156301
-0.153386
-0.134542
-0.108981
-0.0851833
-0.0668558
-0.0539166
-0.0461595
-0.043513
-0.0435626
-0.0427352
-0.039818
-0.0366648
-0.0356094
-0.0373645
-0.0426034
-0.05181
-0.069246
-0.0719748
-0.0799096
-0.0953365
-0.118436
-0.142963
-0.158
-0.155269
-0.136257
-0.110244
-0.0858766
-0.0670168
-0.0536261
-0.0454406
-0.0423777
-0.042101
-0.0410996
-0.0382082
-0.0352307
-0.0344653
-0.0365918
-0.0423145
-0.0520975
-0.0679284
-0.071147
-0.0795334
-0.0954151
-0.119026
-0.144104
-0.159608
-0.157083
-0.13793
-0.111485
-0.0865614
-0.0671772
-0.0533427
-0.0447387
-0.0412705
-0.040677
-0.0395044
-0.0366344
-0.0338141
-0.0333221
-0.0358065
-0.0420043
-0.0523612
-0.0665586
-0.0702541
-0.0790783
-0.0953986
-0.119509
-0.145137
-0.161121
-0.158827
-0.13956
-0.112703
-0.0872385
-0.0673382
-0.0530674
-0.0440547
-0.0401922
-0.0392914
-0.0379506
-0.0350946
-0.032416
-0.0321806
-0.0350088
-0.0416721
-0.0525998
-0.0651384
-0.0692968
-0.0785443
-0.0952859
-0.119883
-0.14606
-0.162539
-0.160497
-0.141144
-0.113899
-0.0879084
-0.0675007
-0.0528012
-0.0433894
-0.0391433
-0.0379446
-0.0364387
-0.033582
-0.0310374
-0.0310414
-0.0341989
-0.0413174
-0.0528122
-0.0636698
-0.0682763
-0.0779317
-0.0950766
-0.120147
-0.146873
-0.163859
-0.162093
-0.142683
-0.115073
-0.0885717
-0.0676657
-0.0525449
-0.0427435
-0.0381241
-0.0366369
-0.0349694
-0.0321043
-0.0296795
-0.0299054
-0.033377
-0.0409397
-0.0529971
-0.0621551
-0.0671937
-0.0772409
-0.0947705
-0.1203
-0.147574
-0.16508
-0.163611
-0.144174
-0.116223
-0.0892288
-0.0678342
-0.0522996
-0.0421174
-0.037135
-0.0353688
-0.0335431
-0.0306643
-0.0283432
-0.0287734
-0.0325436
-0.0405386
-0.0531532
-0.0605967
-0.0660506
-0.0764727
-0.0943676
-0.120342
-0.148162
-0.1662
-0.165051
-0.145617
-0.117349
-0.0898802
-0.068007
-0.0520659
-0.0415118
-0.0361761
-0.0341401
-0.0321604
-0.029263
-0.0270295
-0.0276463
-0.031699
-0.0401139
-0.0532796
-0.0589972
-0.0648488
-0.075628
-0.0938681
-0.120271
-0.148636
-0.167218
-0.16641
-0.14701
-0.118452
-0.0905263
-0.0681851
-0.0518447
-0.0409271
-0.0352476
-0.0329508
-0.0308215
-0.0279002
-0.0257393
-0.0265249
-0.0308436
-0.039665
-0.0533751
-0.0573596
-0.0635902
-0.0747082
-0.0932727
-0.120089
-0.148996
-0.168134
-0.167687
-0.148351
-0.11953
-0.0911672
-0.0683691
-0.0516367
-0.0403638
-0.0343493
-0.0318009
-0.0295265
-0.0265764
-0.0244735
-0.0254101
-0.029978
-0.0391919
-0.0534387
-0.0556867
-0.062277
-0.0737148
-0.0925822
-0.119796
-0.149242
-0.168947
-0.168879
-0.14964
-0.120583
-0.0918034
-0.0685599
-0.0514425
-0.039822
-0.0334812
-0.0306899
-0.0282754
-0.0252923
-0.023233
-0.0243029
-0.0291026
-0.0386944
-0.0534695
-0.053982
-0.0609117
-0.0726494
-0.0917978
-0.119392
-0.149375
-0.169656
-0.169987
-0.150875
-0.12161
-0.0924349
-0.0687581
-0.0512629
-0.0393023
-0.032643
-0.0296174
-0.0270679
-0.0240484
-0.0220189
-0.0232041
-0.0282182
-0.0381723
-0.0534667
-0.0522486
-0.0594969
-0.0715142
-0.0909207
-0.118877
-0.149395
-0.170261
-0.171008
-0.152054
-0.122611
-0.0930619
-0.0689642
-0.0510984
-0.0388048
-0.0318346
-0.028583
-0.0259039
-0.0228452
-0.0208319
-0.0221147
-0.0273252
-0.0376256
-0.0534293
-0.0504901
-0.0580353
-0.0703114
-0.0899526
-0.118254
-0.149302
-0.170762
-0.17194
-0.153177
-0.123586
-0.0936844
-0.0691789
-0.0509495
-0.0383297
-0.0310556
-0.0275859
-0.0247828
-0.021683
-0.0196731
-0.0210357
-0.0264244
-0.0370544
-0.0533567
-0.0487102
-0.05653
-0.0690433
-0.0888953
-0.117522
-0.149097
-0.171161
-0.172784
-0.154242
-0.124532
-0.0943023
-0.0694025
-0.0508167
-0.0378773
-0.0303056
-0.0266254
-0.0237042
-0.0205616
-0.0185431
-0.0199681
-0.0255165
-0.0364588
-0.0532482
-0.0469125
-0.0549841
-0.0677127
-0.0877509
-0.116685
-0.148782
-0.171456
-0.173521
-0.155246
-0.12545
-0.0949154
-0.0696355
-0.0507006
-0.0374478
-0.0295845
-0.0257008
-0.0226675
-0.019481
-0.017443
-0.0189129
-0.0246024
-0.035839
-0.0531033
-0.0451011
-0.0534011
-0.0663225
-0.0865217
-0.115742
-0.148358
-0.17165
-0.174157
-0.156189
-0.126339
-0.0955244
-0.0698792
-0.0506023
-0.0370419
-0.028892
-0.0248114
-0.0216723
-0.0184415
-0.0163737
-0.0178714
-0.0236828
-0.0351952
-0.0529215
-0.04328
-0.0517844
-0.0648757
-0.0852102
-0.114696
-0.147826
-0.171742
-0.175273
-0.157069
-0.127199
-0.09613
-0.0701343
-0.0505225
-0.0366596
-0.0282277
-0.0239559
-0.0207177
-0.0174432
-0.0153362
-0.0168446
-0.0227588
-0.0345278
-0.0527024
-0.0414534
-0.0501377
-0.0633757
-0.0838191
-0.113549
-0.147188
-0.171729
-0.175694
-0.157886
-0.128029
-0.0967281
-0.0703961
-0.050457
-0.0362977
-0.0275886
-0.0231312
-0.0198006
-0.0164841
-0.0143302
-0.0158333
-0.0218311
-0.0338372
-0.0524457
-0.0396243
-0.048464
-0.0618255
-0.0823516
-0.112304
-0.146448
-0.171619
-0.176039
-0.158644
-0.128819
-0.0973063
-0.0706539
-0.0503984
-0.0359516
-0.0269719
-0.022334
-0.018917
-0.0155605
-0.0133533
-0.0148367
-0.0208999
-0.0331238
-0.0521517
-0.0377954
-0.0467662
-0.0602279
-0.0808105
-0.110965
-0.145609
-0.171413
-0.176311
-0.159315
-0.129559
-0.0978714
-0.0709237
-0.0503644
-0.0356366
-0.0263905
-0.0215762
-0.0180786
-0.0146824
-0.012413
-0.0138596
-0.0199676
-0.0323886
-0.0518204
-0.0359876
-0.0450614
-0.0585947
-0.0791965
-0.109516
-0.144629
-0.171018
-0.17636
-0.159843
-0.130288
-0.0985121
-0.0712992
-0.0504319
-0.0354069
-0.0258806
-0.0208909
-0.0173255
-0.0138954
-0.0115503
-0.0129312
-0.019051
-0.0316358
-0.051445
-0.0342527
-0.0433891
-0.0569555
-0.0775132
-0.107918
-0.143417
-0.170344
-0.176141
-0.160321
-0.131125
-0.099307
-0.0718124
-0.0506001
-0.0352414
-0.025408
-0.0202369
-0.0166218
-0.0131795
-0.0107627
-0.012057
-0.0181568
-0.030864
-0.0510111
-0.0324537
-0.0416133
-0.0552066
-0.0758074
-0.106436
-0.142569
-0.170386
-0.17682
-0.16128
-0.131949
-0.0997862
-0.0719057
-0.0503665
-0.0347482
-0.0246711
-0.0193113
-0.015602
-0.0121216
-0.00966141
-0.010942
-0.0170962
-0.0300179
-0.0506015
-0.0356362
-0.0494185
-0.0715666
-0.105411
-0.145592
-0.176339
-0.183781
-0.165516
-0.133664
-0.0997544
-0.0707945
-0.0487026
-0.0328575
-0.0225073
-0.0166486
-0.0123633
-0.00837347
-0.00557411
-0.0069654
-0.0135557
-0.0276535
-0.0501569
-0.0308014
-0.0452252
-0.0682115
-0.102964
-0.143812
-0.174772
-0.181871
-0.163992
-0.13174
-0.0975172
-0.0684623
-0.0463477
-0.0304473
-0.0199401
-0.0139283
-0.00965796
-0.00577311
-0.00334678
-0.00434288
-0.0111378
-0.0259904
-0.0498058
-0.0267831
-0.0418083
-0.0650941
-0.0995694
-0.140075
-0.171582
-0.179685
-0.161818
-0.129294
-0.0949557
-0.0659244
-0.043866
-0.0280012
-0.0174375
-0.0113363
-0.00709036
-0.00329099
-0.000860285
-0.00203204
-0.00912425
-0.0245803
-0.0493306
-0.0223992
-0.037712
-0.0610433
-0.0952914
-0.136063
-0.168495
-0.176898
-0.158655
-0.125964
-0.0917564
-0.0630174
-0.0412174
-0.0255186
-0.0149857
-0.00884723
-0.00461956
-0.000861776
0.00163775
0.000422199
-0.00687608
-0.0228927
-0.0485878
-0.0177352
-0.0330288
-0.0562722
-0.0905208
-0.131698
-0.164391
-0.172596
-0.154263
-0.121705
-0.0879612
-0.0597734
-0.0384165
-0.0230078
-0.0125903
-0.00647061
-0.00230238
0.0013782
0.00396502
0.00283857
-0.00454368
-0.0210313
-0.0476537
-0.0131033
-0.0281782
-0.0511778
-0.0852215
-0.126205
-0.158657
-0.166813
-0.148604
-0.116532
-0.0835798
-0.0562012
-0.0354753
-0.020481
-0.010261
-0.00421338
-0.000146084
0.0034279
0.00609288
0.00508963
-0.00230385
-0.0191426
-0.0465423
-0.0086455
-0.023345
-0.0458126
-0.0790927
-0.119276
-0.151324
-0.15952
-0.141679
-0.110467
-0.0786425
-0.0523256
-0.0324114
-0.0179515
-0.00800695
-0.00207857
0.00185716
0.00529943
0.00802132
0.00714824
-0.00020605
-0.0172554
-0.0451925
-0.00436232
-0.0185053
-0.0400572
-0.0720389
-0.111035
-0.142477
-0.150619
-0.133516
-0.103562
-0.0731976
-0.0481795
-0.0292446
-0.0154323
-0.00583608
-6.86873e-05
0.00371222
0.00699648
0.00975193
0.00901526
0.00175222
-0.0153498
-0.0435597
-0.000211332
-0.0136026
-0.0338911
-0.0641835
-0.101619
-0.132167
-0.140312
-0.124204
-0.0958981
-0.0673105
-0.0438048
-0.0259975
-0.012936
-0.00375569
0.00181288
0.00542174
0.00852393
0.0112871
0.010688
0.00356897
-0.013423
-0.0416422
0.0038367
-0.0086407
-0.0273994
-0.0556467
-0.091104
-0.120504
-0.128712
-0.113877
-0.0875882
-0.0610631
-0.0392521
-0.0226952
-0.0104749
-0.00177195
0.00356273
0.00698748
0.00988739
0.0126264
0.0121574
0.00522746
-0.0114965
-0.0394507
0.00778853
-0.00365337
-0.0206513
-0.0464987
-0.0796239
-0.107694
-0.116015
-0.102718
-0.0787714
-0.0545514
-0.0345789
-0.0193655
-0.00806022
0.000110546
0.00517826
0.00841024
0.0110917
0.0137683
0.0134111
0.00670391
-0.00959709
-0.0369898
0.0116473
0.00135308
-0.0136722
-0.0368399
-0.0674077
-0.0940272
-0.102495
-0.0909545
-0.06961
-0.0478813
-0.0298482
-0.0160381
-0.00570252
0.00188917
0.00665855
0.00969029
0.0121411
0.0147109
0.0144363
0.00797505
-0.00774805
-0.0342657
0.0154299
0.00640539
-0.00648997
-0.0268385
-0.0547646
-0.0798583
-0.0884753
-0.0788447
-0.0602828
-0.0411648
-0.0251253
-0.0127441
-0.00341131
0.00356339
0.00800519
0.0108285
0.0130398
0.0154526
0.0152205
0.00902024
-0.00597178
-0.0312959
0.0191682
0.0115421
0.000840803
-0.016722
-0.0420619
-0.0655858
-0.0743203
-0.0666706
-0.0509759
-0.0345137
-0.020475
-0.00951506
-0.00119523
0.00513478
0.00922287
0.0118281
0.0137938
0.0159946
0.0157537
0.00982091
-0.00429339
-0.0281084
0.0228978
0.0167994
0.00823578
-0.00676984
-0.0297088
-0.0516273
-0.060404
-0.0547168
-0.0418732
-0.0280351
-0.0159585
-0.00638195
0.000937858
0.00660689
0.0103196
0.0126957
0.0144121
0.0163438
0.0160305
0.010362
-0.00273777
-0.0247373
0.0266261
0.0221679
0.0155481
0.0026801
-0.0181237
-0.0383714
-0.0470668
-0.0432489
-0.0331454
-0.0218253
-0.0116299
-0.00337359
0.00298074
0.00798498
0.0113068
0.0134426
0.0149091
0.0165168
0.0160553
0.0106368
-0.00132398
-0.0212201
0.0302695
0.0274891
0.022496
0.0112511
-0.0076515
-0.0261147
-0.0345927
-0.0324985
-0.0249412
-0.0159663
-0.00753442
-0.000515404
0.00492671
0.00927552
0.0121983
0.0140847
0.0153051
0.016542
0.015848
0.0106546
-5.93216e-05
-0.0175954
0.0336114
0.0323867
0.0286472
0.0186058
0.00151975
-0.0150424
-0.0232079
-0.022655
-0.0173801
-0.0105223
-0.00370657
0.00217181
0.00676951
0.0104856
0.0130103
0.0146422
0.0156261
0.016463
0.0154511
0.0104498
0.00106718
-0.0138995
0.0363723
0.0363903
0.0335695
0.024552
0.00934944
-0.00526997
-0.0130833
-0.0138559
-0.0105467
-0.00553835
-0.000169824
0.00467269
0.00850334
0.0116222
0.0137591
0.0151385
0.0159025
0.0163356
0.0149194
0.0100925
0.00209241
-0.0101636
0.038342
0.0391871
0.0370456
0.0290789
0.0158541
0.00310923
-0.00433431
-0.00617852
-0.00448632
-0.00103942
0.00306296
0.00697772
0.010123
0.0126912
0.0144602
0.0155976
0.0161666
0.0162262
0.0143907
0.00969638
0.00308542
-0.00641141
0.0394735
0.0407618
0.0391411
0.0322967
0.0210478
0.0100338
0.00299711
0.00036537
0.000794539
0.00296812
0.00598821
0.009083
0.0116243
0.0136972
0.0151264
0.016041
0.0164489
0.0162044
0.0139826
0.00940925
0.00414658
-0.00266057
0.0398665
0.0413177
0.0400949
0.0343673
0.0249693
0.015521
0.008957
0.00582556
0.00532376
0.00649382
0.00860979
0.0109897
0.0130043
0.0146428
0.015767
0.0164848
0.0167718
0.0163263
0.0138187
0.00940009
0.00539545
0.00107221
0.039678
0.0411185
0.0401896
0.0354859
0.027734
0.0196897
0.013671
0.0102979
0.00915381
0.00955931
0.0109371
0.0127029
0.0142622
0.0155286
0.0163875
0.016939
0.0171454
0.016618
0.0140007
0.009826
0.00694533
0.00476144
0.039063
0.0404008
0.0396859
0.0358693
0.0295313
0.0227335
0.0173106
0.0139019
0.012351
0.0121944
0.0129835
0.0142306
0.0153997
0.0163539
0.0169898
0.0174073
0.0175706
0.017074
0.0145692
0.010783
0.00886783
0.00836375
0.0381529
0.039352
0.038798
0.0357245
0.0305732
0.024869
0.0200606
0.0167627
0.0149869
0.0144338
0.0147651
0.0155825
0.0164208
0.0171173
0.0175726
0.0178876
0.0180389
0.0176627
0.0154884
0.0122658
0.0111571
0.0118114
0.0370517
0.0381101
0.0376846
0.0352231
0.0310534
0.0262967
0.0220898
0.0189982
0.017132
0.0163145
0.0162999
0.0167691
0.0173312
0.0178179
0.0181323
0.018373
0.0185335
0.0183307
0.016648
0.0141503
0.0137033
0.0150067
0.0358381
0.0367713
0.0364541
0.0344933
0.03113
0.0271846
0.0235422
0.0207134
0.0188529
0.0178741
0.0176071
0.0178013
0.0181371
0.0184552
0.0186635
0.0188541
0.0190345
0.0190148
0.0178967
0.0162095
0.0162918
0.0178222
0.0345694
0.0353996
0.0351778
0.0336262
0.030922
0.027666
0.0245412
0.0220005
0.0202109
0.0191493
0.0187067
0.01869
0.0188449
0.0190296
0.01916
0.0193192
0.0195228
0.0196667
0.0190878
0.0181736
0.0186531
0.0201262
0.0332868
0.0340367
0.0339009
0.0326852
0.0305197
0.027845
0.0251854
0.0229375
0.021261
0.0201751
0.0196186
0.0194461
0.0194606
0.0195415
0.0196158
0.0197563
0.0199804
0.0202534
0.0201194
0.0198374
0.0205632
0.021835
0.0320195
0.0327092
0.032652
0.0317129
0.0299892
0.027802
0.0255556
0.0235901
0.0220518
0.0209842
0.0203627
0.0200803
0.0199896
0.0199915
0.0200255
0.0201545
0.0203919
0.020751
0.0209397
0.0210929
0.0219247
0.0229545
0.0307874
0.0314336
0.0314482
0.0307378
0.0293767
0.0275986
0.0257175
0.0240148
0.0226262
0.0216066
0.0209576
0.0206033
0.0204372
0.0203807
0.0203853
0.0205047
0.0207465
0.0211504
0.0215365
0.0219391
0.0227719
0.0235732
0.0296042
0.0302197
0.0302993
0.0297784
0.0287155
0.0272816
0.0257208
0.0242573
0.0230212
0.0220692
0.0214212
0.0210253
0.0208086
0.0207102
0.020693
0.020802
0.0210387
0.0214513
0.0218699
0.0224422
0.0232121
0.0238165
0.0284784
0.0290728
0.0292107
0.0288476
0.0280302
0.0268851
0.0256016
0.0243554
0.0232685
0.0223962
0.02177
0.0213565
0.021109
0.0209821
0.0209483
0.0210449
0.0212676
0.0216667
0.0221044
0.0226966
0.0233649
0.0238043
0.0274153
0.0279951
0.0281847
0.0279532
0.0273386
0.026435
0.02539
0.0243394
0.0233952
0.022609
0.0220192
0.0216062
0.0213435
0.0211989
0.0211521
0.0212344
0.0214358
0.0218046
0.0222233
0.0227766
0.0233283
0.023631
0.0264173
0.0269868
0.0272214
0.0270999
0.0266534
0.0259514
0.02511
0.0242346
0.0234244
0.0227264
0.0221826
0.0217837
0.0215177
0.0213637
0.0213064
0.0213729
0.0215487
0.0218761
0.0222519
0.0227378
0.0231734
0.0233636
0.0254853
0.0260469
0.0263202
0.0262905
0.0259832
0.0254495
0.0247819
0.0240618
0.0233754
0.0227648
0.0222727
0.0218975
0.0216374
0.0214802
0.0214147
0.0214643
0.0216116
0.0218924
0.0222135
0.0226201
0.0229481
0.0230466
0.0225041
0.0246183
0.0251733
0.0254793
0.0255258
0.0253338
0.0249415
0.0244219
0.0238382
0.0232647
0.0227384
0.0223008
0.0219555
0.0217079
0.0215523
0.0214808
0.0215134
0.0216307
0.0218637
0.0221262
0.0224514
0.0226842
0.0227085
0.0222192
0.0238151
0.0243636
0.0246967
0.024806
0.0247094
0.024436
0.0240422
0.0235776
0.023106
0.0226593
0.0222768
0.0219654
0.0217349
0.0215844
0.0215088
0.021525
0.021613
0.0217987
0.0220033
0.0222513
0.0224021
0.0223667
0.0219203
0.0230733
0.0236152
0.0239698
0.0241309
0.0241131
0.0239388
0.0236516
0.023291
0.0229108
0.0225382
0.0222096
0.021934
0.0217236
0.0215811
0.0215029
0.0215041
0.0215644
0.0217045
0.0218554
0.0220333
0.0221149
0.0220316
0.0216192
0.0223904
0.0229252
0.0232964
0.0234994
0.0235465
0.0234528
0.0232575
0.0229874
0.0226885
0.0223841
0.0221072
0.0218678
0.0216792
0.0215465
0.0214675
0.0214552
0.0214901
0.0215875
0.0216909
0.0218067
0.0218306
0.0217094
0.0213236
0.0217634
0.0222904
0.0226739
0.0229106
0.0230109
0.0229858
0.0228665
0.0226743
0.0224472
0.0222048
0.0219764
0.0217726
0.0216067
0.0214851
0.0214068
0.021383
0.0213954
0.0214564
0.0215161
0.021578
0.0215543
0.021403
0.0210381
0.0211899
0.021708
0.0220997
0.022363
0.0225064
0.0225382
0.0224829
0.0223576
0.0221934
0.0220068
0.0218235
0.0216537
0.0215105
0.0214009
0.0213246
0.0212912
0.0212843
0.0213136
0.0213355
0.0213514
0.0212888
0.0211139
0.0207652
0.0206714
0.0211754
0.0215711
0.0218548
0.0220331
0.0221118
0.0221103
0.0220421
0.0219326
0.0217958
0.0216537
0.021516
0.0213951
0.0212978
0.0212246
0.0211837
0.0211605
0.0211626
0.0211525
0.0211297
0.0210355
0.0208422
0.0205063
0.0202012
0.0206893
0.0210856
0.0213848
0.0215907
0.0217078
0.0217512
0.0217315
0.0216695
0.0215766
0.0214718
0.021364
0.0212643
0.0211794
0.0211103
0.0210637
0.0210272
0.0210063
0.0209695
0.0209148
0.0207951
0.0205876
0.0202617
0.0197686
0.0202458
0.0206411
0.0209511
0.0211787
0.0213269
0.0214076
0.0214288
0.0214076
0.0213533
0.021282
0.0212015
0.0211218
0.0210492
0.0209848
0.0209343
0.0208872
0.0208473
0.0207884
0.0207077
0.0205678
0.0203494
0.0200315
0.0193778
0.0198425
0.0202349
0.0205521
0.0207964
0.0209696
0.0210809
0.0211366
0.0211502
0.0211295
0.0210878
0.0210321
0.0209711
0.0209103
0.0208512
0.0207983
0.020743
0.0206876
0.0206109
0.0205093
0.0203535
0.0201268
0.0198156
0.0190259
0.0194771
0.0198648
0.0201863
0.020443
0.0206359
0.0207723
0.0208566
0.0208998
0.0209081
0.0208926
0.020859
0.0208152
0.0207657
0.0207122
0.0206583
0.0205967
0.0205292
0.0204383
0.02032
0.0201518
0.0199192
0.0196135
0.0187101
0.0191473
0.0195289
0.0198521
0.0201177
0.020326
0.0204825
0.0205905
0.0206587
0.0206918
0.020699
0.0206852
0.0206569
0.0206182
0.0205703
0.0205164
0.0204506
0.0203736
0.0202715
0.0201403
0.0199626
0.0197258
0.0194248
0.0184281
0.018851
0.0192253
0.0195481
0.0198196
0.0200397
0.0202123
0.0203397
0.0204286
0.0204828
0.0205098
0.0205133
0.020499
0.0204701
0.020428
0.020375
0.0203063
0.0202222
0.0201117
0.0199705
0.0197857
0.0195462
0.0192492
0.0181773
0.018586
0.0189522
0.019273
0.0195481
0.0197768
0.019962
0.020105
0.0202112
0.0202832
0.020327
0.0203457
0.0203438
0.020324
0.0202875
0.020236
0.0201657
0.0200765
0.0199596
0.0198111
0.0196211
0.0193799
0.0190865
0.0179556
0.0183505
0.0187081
0.0190256
0.0193023
0.0195372
0.019732
0.0198876
0.0200079
0.0200947
0.0201528
0.0201845
0.0201936
0.0201821
0.0201509
0.0201013
0.0200305
0.0199376
0.0198163
0.0196623
0.0194687
0.0192267
0.0189365
0.0177611
0.0181427
0.0184915
0.0188049
0.0190817
0.0193206
0.0195227
0.0196881
0.0198198
0.0199189
0.019989
0.0200319
0.0200505
0.0200463
0.0200202
0.0199728
0.0199021
0.0198069
0.0196825
0.0195247
0.0193287
0.0190866
0.0187993
0.017592
0.0179609
0.0183011
0.0186098
0.0188855
0.0191269
0.0193343
0.0195073
0.0196481
0.0197572
0.0198373
0.0198896
0.0199164
0.0199187
0.0198972
0.0198522
0.0197821
0.0196857
0.0195592
0.0193989
0.0192014
0.0189596
0.018675
0.0174467
0.0178038
0.0181357
0.0184394
0.0187135
0.0189561
0.0191671
0.019346
0.0194939
0.019611
0.0196993
0.0197595
0.0197932
0.0198011
0.0197838
0.0197412
0.0196721
0.019575
0.0194474
0.0192856
0.0190872
0.0188461
0.0185638
0.0173238
0.0176703
0.0179944
0.0182933
0.0185651
0.0188081
0.0190216
0.0192047
0.0193581
0.0194816
0.0195766
0.0196432
0.0196827
0.0196954
0.0196817
0.0196413
0.0195734
0.0194762
0.0193481
0.0191854
0.0189867
0.0187465
0.0184663
0.0172222
0.0175594
0.0178766
0.0181709
0.0184404
0.0186831
0.0188981
0.0190843
0.0192419
0.0193704
0.0194705
0.0195422
0.0195865
0.0196031
0.0195926
0.0195542
0.0194875
0.0193906
0.0192623
0.0190992
0.0189006
0.0186612
0.0183828
0.0171411
0.0174706
0.0177818
0.0180721
0.0183393
0.0185814
0.0187973
0.0189857
0.0191463
0.0192785
0.0193826
0.0194583
0.0195063
0.0195261
0.0195181
0.0194815
0.0194158
0.0193193
0.0191911
0.019028
0.0188296
0.0185911
0.0183142
0.0170799
0.0174033
0.0177099
0.0179969
0.0182622
0.0185036
0.01872
0.0189098
0.0190725
0.0192073
0.0193143
0.019393
0.0194437
0.0194659
0.0194599
0.0194246
0.0193599
0.0192639
0.0191358
0.0189729
0.0187747
0.018537
0.0182612
0.0170387
0.0173578
0.0176611
0.0179458
0.0182096
0.0184505
0.0186671
0.0188577
0.0190218
0.0191583
0.0192672
0.0193478
0.0194004
0.0194242
0.0194195
0.0193852
0.0193212
0.0192255
0.0190977
0.0189348
0.0187368
0.0184997
0.0182248
0.0170176
0.0173346
0.0176362
0.0179195
0.0181827
0.0184232
0.0186398
0.0188308
0.0189956
0.0191329
0.0192428
0.0193244
0.0193779
0.0194026
0.0193985
0.0193648
0.0193011
0.0192056
0.0190779
0.0189151
0.0187173
0.0184805
0.0182059
0.0168831
0.0172496
0.0176079
0.0179562
0.0182921
0.0186138
0.0189189
0.0192055
0.0194711
0.0197137
0.0199309
0.020121
0.0202816
0.0204115
0.0205087
0.0205731
0.0206029
0.0205994
0.0205614
0.0204912
0.0203881
0.0202547
0.0200901
0.0168979
0.0172661
0.0176261
0.0179758
0.0183131
0.018636
0.0189422
0.0192298
0.0194962
0.0197395
0.0199572
0.0201476
0.0203081
0.0204378
0.0205344
0.020598
0.0206266
0.0206217
0.0205821
0.0205103
0.0204055
0.0202708
0.0201051
0.0169266
0.0172982
0.0176613
0.0180138
0.0183537
0.018679
0.0189874
0.0192768
0.0195449
0.0197895
0.0200082
0.0201991
0.0203597
0.0204889
0.0205843
0.0206461
0.0206723
0.0206647
0.020622
0.0205471
0.0204392
0.0203018
0.0201339
0.0169687
0.0173453
0.0177127
0.0180693
0.0184129
0.0187416
0.019053
0.0193453
0.0196158
0.0198624
0.0200825
0.0202742
0.0204349
0.0205633
0.020657
0.0207162
0.0207389
0.0207272
0.0206798
0.0206002
0.0204877
0.0203463
0.0201752
0.017024
0.0174066
0.0177797
0.0181414
0.0184897
0.0188227
0.0191382
0.019434
0.0197077
0.019957
0.020179
0.0203719
0.0205326
0.0206601
0.0207514
0.0208071
0.0208251
0.0208079
0.0207542
0.0206684
0.0205497
0.020403
0.0202276
0.0170921
0.0174819
0.0178615
0.0182292
0.0185831
0.0189213
0.0192417
0.019542
0.0198197
0.0200722
0.0202968
0.0204911
0.0206521
0.0207783
0.0208667
0.020918
0.0209299
0.0209058
0.0208441
0.0207503
0.0206237
0.0204704
0.0202897
0.017173
0.0175708
0.0179577
0.0183322
0.0186924
0.0190367
0.0193627
0.0196682
0.0199507
0.0202073
0.0204351
0.0206313
0.0207926
0.0209174
0.0210022
0.0210481
0.0210526
0.0210198
0.0209483
0.0208448
0.0207091
0.0205473
0.02036
0.0172666
0.0176729
0.0180677
0.0184496
0.0188168
0.0191677
0.0195002
0.0198119
0.0200999
0.0203613
0.0205929
0.0207917
0.0209536
0.0210767
0.0211574
0.0211968
0.0211923
0.021149
0.0210655
0.0209501
0.0208031
0.0206318
0.020437
0.0173726
0.0177879
0.0181909
0.0185806
0.0189554
0.0193137
0.0196534
0.019972
0.0202666
0.0205338
0.0207701
0.0209719
0.0211347
0.021256
0.0213318
0.0213636
0.0213483
0.0212926
0.0211948
0.0210651
0.0209047
0.0207223
0.0205189
0.0174911
0.0179153
0.0183268
0.0187245
0.0191073
0.0194736
0.0198213
0.0201478
0.02045
0.020724
0.0209661
0.0211718
0.0213358
0.0214553
0.0215255
0.0215483
0.0215202
0.0214496
0.021335
0.0211897
0.0210127
0.0208172
0.020604
0.0176217
0.0180547
0.0184745
0.0188804
0.0192716
0.0196463
0.0200029
0.0203382
0.0206492
0.0209316
0.0211807
0.021391
0.0215568
0.0216744
0.0217384
0.0217507
0.0217075
0.0216193
0.0214847
0.02132
0.0211247
0.0209145
0.0206904
0.0177639
0.0182053
0.0186332
0.0190473
0.0194471
0.0198309
0.0201972
0.0205424
0.0208636
0.0211557
0.0214132
0.0216295
0.0217979
0.0219139
0.0219706
0.0219706
0.0219096
0.0218007
0.0216425
0.0214553
0.021239
0.0210123
0.020776
0.0179173
0.0183663
0.0188018
0.019224
0.0196325
0.020026
0.0204029
0.0207594
0.0210923
0.0213957
0.0216635
0.0218873
0.0220594
0.0221739
0.0222227
0.0222084
0.0221263
0.0219928
0.0218071
0.0215939
0.0213535
0.0211082
0.0208587
0.0180811
0.0185366
0.0189791
0.019409
0.0198266
0.0202303
0.0206188
0.020988
0.0213346
0.0216512
0.0219312
0.0221645
0.0223418
0.0224552
0.022495
0.0224641
0.0223572
0.0221948
0.0219766
0.0217334
0.0214656
0.0211997
0.0209361
0.0182541
0.0187149
0.0191636
0.019601
0.0200276
0.0204421
0.0208434
0.0212269
0.0215892
0.0219214
0.0222162
0.0224613
0.0226456
0.0227585
0.0227883
0.022738
0.0226018
0.0224052
0.0221492
0.0218715
0.0215727
0.0212842
0.0210056
0.018435
0.0188997
0.0193535
0.0197979
0.0202338
0.0206597
0.021075
0.0214746
0.0218549
0.0222055
0.0225183
0.0227781
0.0229716
0.0230849
0.0231036
0.0230305
0.0228596
0.0226226
0.0223224
0.0220051
0.0216716
0.0213585
0.0210641
0.0186222
0.0190889
0.0195469
0.0199977
0.020443
0.0208812
0.0213119
0.0217295
0.0221304
0.0225026
0.0228369
0.023115
0.0233205
0.0234355
0.0234418
0.023342
0.0231301
0.0228451
0.0224929
0.0221306
0.0217585
0.021419
0.0211086
0.0188134
0.0192804
0.0197413
0.0201982
0.020653
0.0211042
0.0215517
0.0219894
0.0224139
0.0228113
0.0231715
0.0234722
0.0236934
0.0238116
0.0238043
0.023673
0.0234122
0.0230702
0.0226569
0.0222436
0.0218292
0.0214617
0.0211353
0.0190061
0.0194714
0.0199341
0.0203967
0.0208612
0.0213263
0.0217922
0.0222523
0.0227034
0.0231301
0.0235213
0.0238496
0.024091
0.0242146
0.0241921
0.0240236
0.0237046
0.0232949
0.0228096
0.0223391
0.0218789
0.0214822
0.0211401
0.0191973
0.0196588
0.0201222
0.0205902
0.0210649
0.0215448
0.0220306
0.0225153
0.0229965
0.0234571
0.023885
0.0242471
0.0245144
0.0246463
0.024607
0.0243939
0.0240054
0.0235149
0.022944
0.0224114
0.0219018
0.0214753
0.0211186
0.0193832
0.0198391
0.0203022
0.0207755
0.0212609
0.0217566
0.0222638
0.0227754
0.0232903
0.0237897
0.0242607
0.024664
0.0249639
0.0251079
0.0250501
0.0247838
0.0243118
0.0237256
0.0230512
0.0224535
0.0218916
0.0214351
0.0210657
0.0195597
0.0200081
0.0204704
0.0209491
0.0214458
0.0219583
0.0224884
0.0230291
0.0235812
0.0241246
0.024646
0.0250989
0.02544
0.0256009
0.0255224
0.0251919
0.0246196
0.0239218
0.0231217
0.0224585
0.0218406
0.0213552
0.0209758
0.0197217
0.0201613
0.0206225
0.0211071
0.021616
0.0221464
0.0227007
0.0232724
0.0238648
0.0244575
0.0250373
0.0255497
0.0259422
0.0261263
0.0260244
0.0256157
0.0249229
0.0240982
0.0232325
0.0224195
0.0217397
0.0212283
0.0208429
0.0198636
0.0202934
0.0207539
0.0212454
0.0217678
0.0223172
0.0228965
0.0235007
0.0241359
0.024783
0.0254297
0.026013
0.026469
0.0266845
0.0265561
0.0260515
0.0252115
0.0242292
0.0232114
0.0223114
0.0215772
0.0210461
0.0206608
0.0199788
0.0203987
0.0208595
0.0213598
0.0218973
0.0224667
0.0230715
0.0237084
0.0243883
0.0250944
0.0258168
0.0264836
0.0270176
0.0272744
0.0271158
0.0264934
0.0254732
0.0243013
0.0231162
0.0221212
0.0213412
0.0207997
0.0204229
0.0200598
0.0204706
0.020934
0.0214456
0.0220004
0.0225909
0.0232208
0.0238897
0.0246144
0.0253832
0.02619
0.0269536
0.0275826
0.0278934
0.0276998
0.026932
0.0256918
0.0242951
0.0229257
0.0218315
0.0210181
0.0204797
0.0201222
0.0200982
0.020502
0.0209715
0.0214981
0.0220729
0.0226857
0.0233397
0.0240379
0.0248055
0.025639
0.0265379
0.0274121
0.0281548
0.0285352
0.0283014
0.0273535
0.0258446
0.0241836
0.0226125
0.021421
0.0205928
0.020076
0.0197523
0.0200845
0.0204852
0.0209658
0.0215123
0.0221109
0.0227468
0.023423
0.0241464
0.0249524
0.0258493
0.0268463
0.0278436
0.0287199
0.0291888
0.0289085
0.0277372
0.0259016
0.0239317
0.0221423
0.020864
0.0200484
0.0195777
0.0193066
0.0200079
0.0204115
0.0209104
0.0214833
0.0221102
0.0227706
0.0234657
0.0242077
0.0250447
0.0259995
0.0270966
0.0282263
0.0292555
0.0298351
0.0295006
0.028053
0.0258218
0.023494
0.0214741
0.0201307
0.0193657
0.0189732
0.0187792
0.0198568
0.0202716
0.0207981
0.021406
0.0220671
0.0227535
0.0234637
0.024215
0.0250708
0.0260723
0.027266
0.0285299
0.0297276
0.0304429
0.030046
0.0282571
0.0255485
0.0228136
0.0205607
0.0191873
0.0185237
0.0182499
0.0181648
0.0196179
0.0200555
0.0206215
0.0212752
0.0219782
0.0226927
0.0234138
0.0241626
0.02502
0.0260475
0.0273264
0.0287128
0.0300851
0.0309623
0.030495
0.0282878
0.025008
0.0218186
0.019344
0.0179949
0.017499
0.0173942
0.0174594
0.0192768
0.0197521
0.020373
0.0210857
0.0218402
0.0225859
0.0233127
0.0240465
0.0248844
0.0259037
0.0272448
0.0287178
0.0302522
0.031316
0.0307723
0.0280606
0.0241064
0.0204196
0.0177551
0.0165096
0.0162664
0.0163918
0.0166605
0.0188178
0.0193499
0.0200443
0.0208323
0.0216499
0.0224312
0.0231592
0.0238645
0.0246622
0.0256202
0.0269841
0.0284693
0.0301202
0.0313871
0.0307691
0.0274641
0.022726
0.0185112
0.0157171
0.0146838
0.0147984
0.0152279
0.0157675
0.0182237
0.0188364
0.0196269
0.0205096
0.0214045
0.0222279
0.0229536
0.0236157
0.0243588
0.0254027
0.0265109
0.027873
0.0295426
0.0310104
0.0303368
0.0263627
0.0207306
0.0159753
0.0131473
0.0124677
0.0130663
0.0138886
0.0147817
0.0174762
0.0181986
0.0191121
0.0201122
0.0211013
0.0219751
0.0226971
0.0233003
0.0239479
0.0248234
0.0257679
0.0268287
0.0283474
0.029978
0.0292867
0.0246017
0.0179807
0.0126912
0.00995989
0.00981063
0.0110412
0.0123625
0.0137064
0.0165556
0.0174226
0.0184906
0.0196345
0.0207372
0.0216723
0.0223922
0.0229255
0.023449
0.0241257
0.0247557
0.0252713
0.0263907
0.0280842
0.0274097
0.0220118
0.0143385
0.00855012
0.00607845
0.00666629
0.00869691
0.0106423
0.0125462
0.0154416
0.0164945
0.0177532
0.0190706
0.0203086
0.0213184
0.0220422
0.0225008
0.0228845
0.0233337
0.0235168
0.0232362
0.0236618
0.0252232
0.0245232
0.0184149
0.0096682
0.00346301
0.00144334
0.00299723
0.00601273
0.00872658
0.0113061
0.0141126
0.0153996
0.0168905
0.0184144
0.0198111
0.0209117
0.0216506
0.0220373
0.0222766
0.0224789
0.0221223
0.0208968
0.0203694
0.0214895
0.0205341
0.0136381
0.00383948
-0.00263831
-0.0039883
-0.0012219
0.00297723
0.00662022
0.00999037
0.0125469
0.0141236
0.0158931
0.0176593
0.0192391
0.0204495
0.0212207
0.0215457
0.0216453
0.0215971
0.0206472
0.0185205
0.0168903
0.0171709
0.0154808
0.00755561
-0.00326088
-0.00979169
-0.0102341
-0.00599909
-0.000408729
0.00433423
0.00860159
0.0107226
0.0126525
0.0147522
0.0167982
0.018586
0.0199286
0.0207543
0.0210328
0.0210088
0.0207414
0.0193468
0.0163868
0.0136075
0.0126074
0.00951521
0.000150799
-0.0116784
-0.0179872
-0.0172856
-0.0113213
-0.00412941
0.00188464
0.00714092
0.00861818
0.0109731
0.0134593
0.015823
0.0178442
0.0193459
0.020251
0.0205009
0.0203791
0.0199471
0.0182379
0.014652
0.010743
0.00804279
0.00284376
-0.00844848
-0.0213417
-0.0271312
-0.0250988
-0.0171501
-0.00815336
-0.0007087
0.00560811
0.00621356
0.00907384
0.0120061
0.0147248
0.0170064
0.0186978
0.0197067
0.0199469
0.0197558
0.0192226
0.0173487
0.0133333
0.00832619
0.0035838
-0.00431967
-0.0179933
-0.0320657
-0.0370799
-0.0335831
-0.0234171
-0.0124336
-0.00342314
0.00400194
0.00349068
0.00694505
0.0103848
0.0134942
0.0160658
0.0179801
0.019113
0.0193596
0.0191257
0.0185541
0.0166533
0.0123411
0.00626032
-0.00075296
-0.011773
-0.0281634
-0.0435734
-0.0494255
-0.0426157
-0.0300245
-0.0169092
-0.00623411
0.00232131
0.000434758
0.00457927
0.0085875
0.0121222
0.0150168
0.0171861
0.0184567
0.0187196
0.018466
0.0179092
0.0160503
0.0115255
0.00439964
-0.0049887
-0.0193329
-0.0386175
-0.0553742
-0.0604842
-0.0518961
-0.0368469
-0.021509
-0.00911573
0.000566401
-0.00296462
0.0019715
0.00660707
0.0106007
0.0138546
0.0163058
0.0177191
0.0180012
0.0177473
0.0172386
0.0154397
0.0107333
0.00260106
-0.00915381
-0.026838
-0.049041
-0.0671418
-0.0716009
-0.0612382
-0.0437474
-0.0261565
-0.0120413
-0.00126052
-0.00671243
-0.000880677
0.0044373
0.008924
0.0125738
0.0153253
0.0168774
0.0171748
0.0169367
0.0164903
0.0147338
0.00984129
0.000749805
-0.0132724
-0.0341519
-0.0591621
-0.0785767
-0.0825109
-0.0704395
-0.0505843
-0.0307741
-0.0149839
-0.00315464
-0.0108072
-0.00397676
0.00207399
0.00708828
0.0111676
0.0142279
0.0159054
0.0162107
0.0160046
0.0156208
0.0138692
0.00876646
-0.00123069
-0.0173536
-0.0411649
-0.0687593
-0.0894169
-0.0929504
-0.0793041
-0.0572191
-0.0352878
-0.0179167
-0.00510833
-0.0152404
-0.00731287
-0.000484212
0.00509201
0.00962797
0.0129942
0.0147756
0.0150827
0.0149266
0.0145981
0.0128067
0.00746241
-0.00337914
-0.0213897
-0.0477917
-0.0776648
-0.0994535
-0.102697
-0.0876533
-0.0635246
-0.03963
-0.0208138
-0.00711118
-0.019995
-0.010881
-0.00323495
0.00293535
0.00794492
0.0116032
0.0134615
0.0137697
0.0136829
0.0133996
0.0115249
0.00590883
-0.0057055
-0.0253582
-0.0539647
-0.0857616
-0.108533
-0.111575
-0.0953343
-0.0693899
-0.0437423
-0.0236502
-0.00915032
-0.0250456
-0.0146683
-0.00617158
0.000619697
0.00610773
0.0100335
0.0119393
0.0122534
0.0122554
0.0120091
0.0100131
0.00410179
-0.00820307
-0.0292311
-0.0596319
-0.0929754
-0.116553
-0.119459
-0.102225
-0.074725
-0.0475768
-0.0264021
-0.0112111
-0.018656
-0.00928305
-0.00185271
0.00410541
0.0082644
0.0101876
0.0105168
0.0106253
0.0104087
0.00826579
0.0020495
-0.0108535
-0.0329835
-0.0647601
-0.0992652
-0.123455
-0.126265
-0.108237
-0.0794621
-0.0510965
-0.0290479
-0.0132777
-0.0228194
-0.0125541
-0.00447879
0.00192751
0.00627629
0.00818714
0.00854182
0.00877095
0.00858071
0.00627893
-0.000230573
-0.0136225
-0.036589
-0.0693402
-0.104621
-0.129216
-0.131951
-0.113311
-0.0835557
-0.0542752
-0.0315679
-0.0153339
-0.0271272
-0.0159656
-0.00725442
-0.000435199
0.00405174
0.00592023
0.0063081
0.00666835
0.00650567
0.00404812
-0.00271901
-0.0164657
-0.040003
-0.0733714
-0.109063
-0.13384
-0.13654
-0.117419
-0.0869816
-0.0570966
-0.0339449
-0.0173641
-0.031542
-0.0194957
-0.0101741
-0.00299012
0.00157586
0.0033698
0.00379229
0.00429185
0.0041638
0.00156757
-0.00540527
-0.0193545
-0.0431753
-0.0768251
-0.112625
-0.137359
-0.139946
-0.120555
-0.0897348
-0.0595531
-0.0361643
-0.0193537
-0.0360214
-0.0231197
-0.0132304
-0.00574229
-0.00116366
0.000519265
0.000970716
0.00161768
0.00153543
-0.001172
-0.00829283
-0.0222974
-0.0461039
-0.0796613
-0.115298
-0.139821
-0.14224
-0.12274
-0.0918266
-0.061645
-0.0382146
-0.0212895
-0.0405195
-0.0268113
-0.0164137
-0.00869377
-0.00417696
-0.00264931
-0.00218075
-0.00136875
-0.00139656
-0.00417714
-0.0113783
-0.0253041
-0.0488448
-0.0819321
-0.117057
-0.141233
-0.143504
-0.124014
-0.0932824
-0.0633785
-0.0400874
-0.0231605
-0.0449869
-0.0305424
-0.0197118
-0.0118424
-0.00746935
-0.00615465
-0.00570135
-0.00468532
-0.00462945
-0.00740891
-0.0145755
-0.028276
-0.0513945
-0.0838111
-0.118072
-0.141614
-0.143789
-0.124427
-0.0941379
-0.0647656
-0.0417772
-0.0249576
-0.0493792
-0.0342835
-0.0231089
-0.0151807
-0.011036
-0.00999398
-0.00960823
-0.00842288
-0.00809419
-0.0106963
-0.0176347
-0.0309365
-0.0535693
-0.0853992
-0.118782
-0.141295
-0.143085
-0.124043
-0.0944296
-0.0658209
-0.0432821
-0.026674
-0.0536529
-0.0380234
-0.0266049
-0.0187105
-0.014875
-0.0141047
-0.0136764
-0.0124924
-0.0116354
-0.0138356
-0.020385
-0.0331526
-0.0552244
-0.0865463
-0.119321
-0.140904
-0.140997
-0.123009
-0.0942313
-0.0665599
-0.0446
-0.0283057
-0.0578128
-0.0416962
-0.0301568
-0.022453
-0.0190083
-0.0184632
-0.0178694
-0.015874
-0.0153911
-0.0174566
-0.0237315
-0.03588
-0.0569474
-0.0870359
-0.118693
-0.139555
-0.140854
-0.121482
-0.0937005
-0.0670875
-0.0457751
-0.0298845
-0.083493
-0.0608863
-0.0446561
-0.0330321
-0.0255885
-0.0230291
-0.0236132
-0.0237846
-0.0226636
-0.0207288
-0.0224844
-0.0285503
-0.0398965
-0.0591549
-0.0866183
-0.115589
-0.134665
-0.134659
-0.117799
-0.0919129
-0.0668169
-0.0463306
-0.0309063
-0.0839295
-0.0614822
-0.045398
-0.0339538
-0.0268138
-0.0246341
-0.0254569
-0.0256324
-0.0239508
-0.0221862
-0.0238631
-0.029889
-0.0411323
-0.0601616
-0.0871855
-0.115489
-0.133834
-0.133537
-0.116519
-0.0910096
-0.0664073
-0.0463107
-0.0311731
-0.0834687
-0.061334
-0.0455463
-0.0344165
-0.0276743
-0.025857
-0.0268247
-0.0269615
-0.0250633
-0.0233541
-0.0250234
-0.0310418
-0.0422468
-0.0611496
-0.0878648
-0.115674
-0.133457
-0.132846
-0.115491
-0.0901057
-0.0658453
-0.0461077
-0.0312811
-0.0832254
-0.0613417
-0.0458063
-0.0349541
-0.0285747
-0.0271018
-0.0282402
-0.0283847
-0.0264099
-0.0246365
-0.0262643
-0.0322382
-0.043357
-0.0620759
-0.0884259
-0.115698
-0.132924
-0.131935
-0.114471
-0.0892743
-0.0653613
-0.0459626
-0.0314279
-0.0831947
-0.0615303
-0.0462188
-0.0356218
-0.0295902
-0.0284617
-0.0297899
-0.0299493
-0.0278799
-0.0260058
-0.0275565
-0.0334525
-0.0444488
-0.0629477
-0.0889027
-0.115612
-0.132261
-0.130897
-0.113389
-0.0884482
-0.0649189
-0.045864
-0.0316162
-0.0831887
-0.0617564
-0.046678
-0.0363464
-0.0306733
-0.0298958
-0.0314175
-0.0315858
-0.0293974
-0.027415
-0.028867
-0.0346619
-0.0455113
-0.063767
-0.089311
-0.115452
-0.131526
-0.129807
-0.112263
-0.0876032
-0.0644771
-0.0457744
-0.0318187
-0.0831674
-0.0619849
-0.047155
-0.037104
-0.0318027
-0.031383
-0.0331017
-0.0332764
-0.0309609
-0.0288577
-0.030192
-0.0358635
-0.0465425
-0.0645321
-0.0896493
-0.115218
-0.130725
-0.128667
-0.111108
-0.0867441
-0.0640313
-0.0456868
-0.0320286
-0.083153
-0.0622316
-0.0476602
-0.0379009
-0.0329817
-0.0329261
-0.034847
-0.0350267
-0.0325763
-0.0303352
-0.0315311
-0.0370564
-0.0475411
-0.0652417
-0.0899162
-0.114908
-0.129855
-0.127474
-0.109925
-0.0858759
-0.0635865
-0.0456047
-0.0322482
-0.0831563
-0.0625052
-0.0482003
-0.0387422
-0.0342145
-0.0345296
-0.0366579
-0.0368392
-0.0342434
-0.031846
-0.0328824
-0.0382386
-0.0485054
-0.0658947
-0.090111
-0.114521
-0.128916
-0.126226
-0.108713
-0.0849996
-0.0631441
-0.0455297
-0.032479
-0.0831757
-0.0628048
-0.0487749
-0.0396281
-0.0355017
-0.036195
-0.0385348
-0.0387131
-0.0359599
-0.0333873
-0.0342436
-0.0394081
-0.0494341
-0.0664902
-0.0902336
-0.114059
-0.127908
-0.124927
-0.107474
-0.0841151
-0.0627036
-0.0454615
-0.0327213
-0.0832082
-0.0631283
-0.0493822
-0.0405575
-0.0368429
-0.0379222
-0.0404774
-0.0406469
-0.0377239
-0.034957
-0.0356124
-0.0405628
-0.0503255
-0.0670275
-0.0902838
-0.11352
-0.126834
-0.123577
-0.106208
-0.0832228
-0.0622645
-0.0453996
-0.0329746
-0.0832527
-0.0634748
-0.0500215
-0.0415299
-0.0382379
-0.0397114
-0.042485
-0.0426394
-0.0395335
-0.0365531
-0.0369869
-0.0417009
-0.0511784
-0.0675059
-0.0902616
-0.112907
-0.125693
-0.122178
-0.104917
-0.0823232
-0.0618265
-0.0453437
-0.033239
-0.0833085
-0.0638437
-0.0506922
-0.0425448
-0.0396866
-0.0415626
-0.0445571
-0.0446893
-0.0413868
-0.0381733
-0.0383651
-0.0428208
-0.0519918
-0.0679251
-0.0901672
-0.11222
-0.124488
-0.120733
-0.103603
-0.0814166
-0.0613893
-0.0452937
-0.0335146
-0.0833749
-0.0642341
-0.0513935
-0.0436019
-0.0411888
-0.0434756
-0.0466929
-0.0467953
-0.0432819
-0.0398158
-0.0397449
-0.0439209
-0.0527646
-0.0682849
-0.0900011
-0.11146
-0.12322
-0.119243
-0.102265
-0.0805034
-0.0609527
-0.0452494
-0.0338013
-0.0834508
-0.064645
-0.0521245
-0.0447004
-0.042744
-0.0454497
-0.0488912
-0.0489556
-0.0452168
-0.0414785
-0.0411244
-0.0449995
-0.0534959
-0.068585
-0.0897637
-0.110627
-0.12189
-0.117709
-0.100906
-0.0795838
-0.0605162
-0.0452104
-0.0340991
-0.0835349
-0.0650752
-0.0528841
-0.0458394
-0.0443516
-0.0474841
-0.0511505
-0.0511684
-0.0471895
-0.0431594
-0.0425018
-0.0460554
-0.0541852
-0.0688257
-0.0894559
-0.109723
-0.1205
-0.116134
-0.0995262
-0.078658
-0.0600797
-0.0451765
-0.034408
-0.0836259
-0.0655235
-0.0536711
-0.0470181
-0.0460105
-0.0495774
-0.0534693
-0.0534321
-0.0491978
-0.0448567
-0.0438753
-0.0470871
-0.0548317
-0.0690072
-0.0890785
-0.10875
-0.119051
-0.114519
-0.0981271
-0.0777262
-0.0596427
-0.0451475
-0.0347279
-0.0837226
-0.0659885
-0.0544844
-0.0482352
-0.0477198
-0.0517284
-0.0558456
-0.0557452
-0.0512399
-0.0465682
-0.045243
-0.0480936
-0.0554351
-0.0691298
-0.0886327
-0.107709
-0.117547
-0.112867
-0.0967096
-0.0767886
-0.0592048
-0.045123
-0.0350589
-0.0838235
-0.0664686
-0.0553223
-0.0494895
-0.049478
-0.053935
-0.0582771
-0.0581061
-0.0533135
-0.0482922
-0.0466034
-0.0490736
-0.0559951
-0.0691943
-0.0881198
-0.106603
-0.115988
-0.111179
-0.0952749
-0.0758452
-0.0587658
-0.0451028
-0.0354007
-0.0839269
-0.0669623
-0.0561834
-0.0507795
-0.0512834
-0.0561953
-0.0607615
-0.0605128
-0.0554166
-0.0500267
-0.0479546
-0.0500263
-0.0565117
-0.0692013
-0.0875413
-0.105432
-0.114377
-0.109457
-0.0938239
-0.0748961
-0.0583253
-0.0450865
-0.0357533
-0.0840314
-0.0674676
-0.0570661
-0.0521035
-0.0531342
-0.058507
-0.0632961
-0.0629655
-0.0575471
-0.0517697
-0.0492953
-0.0509509
-0.0569847
-0.0691518
-0.0868988
-0.104199
-0.112717
-0.107703
-0.0923576
-0.0739413
-0.0578828
-0.0450739
-0.0361166
-0.084135
-0.0679827
-0.0579684
-0.0534597
-0.0550282
-0.0608672
-0.0658777
-0.0654608
-0.059703
-0.0535194
-0.0506239
-0.0518464
-0.0574145
-0.0690469
-0.0861943
-0.102907
-0.111009
-0.105919
-0.0908772
-0.0729809
-0.057438
-0.0450645
-0.0364903
-0.0842359
-0.0685056
-0.0588884
-0.0548461
-0.0569629
-0.0632733
-0.0685031
-0.0679891
-0.0618819
-0.0552741
-0.0519391
-0.0527125
-0.0578013
-0.0688878
-0.0854296
-0.101557
-0.109256
-0.104107
-0.0893835
-0.0720147
-0.0569905
-0.0450581
-0.0368743
-0.0843322
-0.0690343
-0.059824
-0.0562603
-0.0589355
-0.0657221
-0.0711694
-0.0705162
-0.064081
-0.0570319
-0.0532395
-0.0535485
-0.0581455
-0.068676
-0.084607
-0.100153
-0.107461
-0.10227
-0.0878774
-0.0710428
-0.0565399
-0.0450542
-0.0372684
-0.0844219
-0.0695663
-0.060773
-0.0577
-0.0609431
-0.0682103
-0.0738734
-0.0730871
-0.0662979
-0.0587911
-0.054524
-0.054354
-0.0584478
-0.068413
-0.0837288
-0.0986974
-0.105627
-0.100408
-0.08636
-0.0700651
-0.0560857
-0.0450525
-0.0376723
-0.0845028
-0.0700995
-0.061733
-0.0591624
-0.0629825
-0.0707342
-0.0766115
-0.0756882
-0.0685307
-0.0605501
-0.0557914
-0.0551289
-0.0587089
-0.0681005
-0.0827973
-0.0971927
-0.103755
-0.0985256
-0.0848322
-0.0690815
-0.0556277
-0.0450525
-0.0380857
-0.0845727
-0.0706313
-0.0627016
-0.0606448
-0.0650501
-0.0732901
-0.0793799
-0.0783139
-0.0707771
-0.0623072
-0.0570408
-0.055873
-0.0589295
-0.0677403
-0.0818153
-0.0956419
-0.10185
-0.096623
-0.0832947
-0.0680919
-0.0551654
-0.0450538
-0.0385082
-0.0846293
-0.0711594
-0.0636759
-0.0621441
-0.0671422
-0.075874
-0.082175
-0.0809618
-0.0730352
-0.0640609
-0.0582713
-0.0565863
-0.0591108
-0.0673344
-0.0807854
-0.0940482
-0.0999134
-0.0947029
-0.0817485
-0.0670962
-0.0546983
-0.045056
-0.0389394
-0.0846703
-0.071681
-0.0646534
-0.0636569
-0.069255
-0.0784817
-0.0849929
-0.0836288
-0.0753026
-0.0658097
-0.059482
-0.0572688
-0.0592537
-0.0668848
-0.0797105
-0.0924147
-0.0979484
-0.0927672
-0.0801943
-0.0660944
-0.054226
-0.0450584
-0.0393789
-0.0846934
-0.0721935
-0.0656312
-0.06518
-0.0713842
-0.0811089
-0.0878295
-0.0863115
-0.0775771
-0.0675521
-0.0606725
-0.0579208
-0.0593595
-0.0663936
-0.0785934
-0.0907447
-0.095958
-0.090818
-0.0786331
-0.0650864
-0.0537482
-0.0450607
-0.0398262
-0.104092
-0.0846961
-0.0726943
-0.0666061
-0.0667096
-0.0735257
-0.0837509
-0.0906811
-0.0890069
-0.0798567
-0.0692868
-0.0618419
-0.0585425
-0.0594293
-0.0658632
-0.0774371
-0.0890414
-0.0939452
-0.0888573
-0.0770656
-0.064072
-0.0532644
-0.0450624
-0.0402809
-0.103498
-0.084676
-0.0731804
-0.0675752
-0.0682421
-0.0756748
-0.0864033
-0.0935433
-0.091712
-0.0821392
-0.0710126
-0.06299
-0.0591344
-0.0594646
-0.0652959
-0.0762448
-0.0873082
-0.0919128
-0.086887
-0.0754926
-0.0630512
-0.0527743
-0.0450627
-0.0407422
-0.102869
-0.0846305
-0.0736491
-0.0685352
-0.0697733
-0.0778271
-0.0890612
-0.0964121
-0.0944236
-0.0844225
-0.0727282
-0.0641163
-0.059697
-0.0594668
-0.064694
-0.0750195
-0.0855484
-0.0898638
-0.0849093
-0.0739148
-0.0620239
-0.0522773
-0.0450613
-0.0412096
-0.102202
-0.0845572
-0.0740975
-0.0694829
-0.0712994
-0.0799777
-0.0917197
-0.0992833
-0.0971386
-0.0867044
-0.0744326
-0.0652206
-0.0602308
-0.0594375
-0.06406
-0.0737644
-0.0837654
-0.0878012
-0.0829259
-0.0723331
-0.0609901
-0.0517731
-0.0450574
-0.0416824
-0.101495
-0.0844537
-0.0745227
-0.070415
-0.0728161
-0.0821218
-0.094374
-0.102153
-0.0998539
-0.0889829
-0.0761247
-0.0663028
-0.0607366
-0.0593782
-0.0633964
-0.0724827
-0.0819628
-0.0857279
-0.0809389
-0.0707482
-0.0599496
-0.0512612
-0.0450504
-0.04216
-0.100748
-0.0843174
-0.0749218
-0.0713279
-0.0743191
-0.0842544
-0.0970189
-0.105016
-0.102566
-0.091256
-0.0778035
-0.0673627
-0.061215
-0.0592904
-0.0627057
-0.0711777
-0.0801438
-0.0836469
-0.0789501
-0.0691608
-0.0589026
-0.0507413
-0.0450397
-0.0426414
-0.0999581
-0.084146
-0.0752919
-0.0722182
-0.0758041
-0.0863706
-0.0996494
-0.107868
-0.105273
-0.0935218
-0.0794682
-0.0684005
-0.0616671
-0.0591761
-0.0619905
-0.0698524
-0.0783118
-0.0815609
-0.0769615
-0.0675717
-0.0578488
-0.050213
-0.0450246
-0.0431259
-0.099124
-0.0839371
-0.0756302
-0.0730825
-0.0772666
-0.0884653
-0.10226
-0.110706
-0.10797
-0.0957781
-0.081118
-0.0694162
-0.0620935
-0.0590367
-0.0612533
-0.0685102
-0.0764703
-0.0794729
-0.0749748
-0.0659817
-0.0567885
-0.0496759
-0.0450044
-0.0436126
-0.0982442
-0.0836885
-0.0759338
-0.0739172
-0.0787022
-0.0905334
-0.104847
-0.113525
-0.110655
-0.0980231
-0.0827521
-0.0704101
-0.0624954
-0.0588741
-0.0604968
-0.0671541
-0.0746225
-0.0773856
-0.0729919
-0.0643915
-0.0557215
-0.0491295
-0.0449784
-0.0441005
-0.0973174
-0.0833978
-0.0761998
-0.0747188
-0.0801064
-0.0925697
-0.107404
-0.116321
-0.113324
-0.100255
-0.08437
-0.0713824
-0.0628737
-0.05869
-0.0597233
-0.0657873
-0.0727717
-0.0753019
-0.0710145
-0.0628018
-0.054648
-0.0485735
-0.0449458
-0.0445889
)
;

boundaryField
{
    inlet
    {
        type            zeroGradient;
    }
    outlet
    {
        type            fixedValue;
        value           nonuniform 0();
    }
    cylinder
    {
        type            zeroGradient;
    }
    top
    {
        type            symmetryPlane;
    }
    bottom
    {
        type            symmetryPlane;
    }
    frontAndBack
    {
        type            empty;
    }
    procBoundary6to5
    {
        type            processor;
        value           nonuniform List<scalar> 
205
(
-0.116974
-0.11523
-0.113434
-0.111587
-0.109689
-0.107743
-0.105748
-0.103706
-0.101618
-0.0994869
-0.0837847
-0.0837847
-0.0822456
-0.0806572
-0.0790209
-0.0773381
-0.0756105
-0.0738402
-0.0720294
-0.0701803
-0.0682957
-0.0663784
-0.0644312
-0.0624575
-0.0604605
-0.0584436
-0.0564104
-0.0543647
-0.0523101
-0.0502505
-0.0481897
-0.0461316
-0.0440801
-0.0420392
-0.0400132
-0.0380061
-0.0360196
-0.0340566
-0.0321555
-0.0303864
-0.0284634
-0.0264729
-0.0264729
-0.0211849
-0.0165971
-0.0118987
-0.00723828
-0.00282162
0.00128956
0.00511795
0.00871202
0.0121167
0.0153604
0.0184535
0.0213979
0.0241978
0.0268564
0.0293592
0.0316559
0.0336619
0.0352891
0.0364673
0.0371731
0.0374303
0.0372923
0.0368281
0.0361109
0.0352097
0.0341842
0.0330829
0.0319444
0.0307983
0.0296672
0.0285676
0.0275113
0.0265063
0.0255576
0.024668
0.0238385
0.0230689
0.0223576
0.0217022
0.0210997
0.0205447
0.0200787
0.0196217
0.0192117
0.0188437
0.0185143
0.0182205
0.0179595
0.017729
0.0175265
0.0173499
0.0171973
0.0170671
0.0169576
0.0168676
0.0167961
0.0167424
0.0167064
0.016688
0.0165107
0.0165235
0.0165484
0.0165852
0.0166336
0.0166939
0.0167659
0.01685
0.0169463
0.0170549
0.0171759
0.0173092
0.0174545
0.0176115
0.0177794
0.0179572
0.0181436
0.0183366
0.018534
0.0187329
0.0189297
0.0191203
0.0192995
0.0194612
0.0195984
0.0197029
0.019765
0.0197737
0.0197164
0.0195788
0.0193446
0.0189956
0.0185115
0.0178697
0.0170454
0.0160118
0.0147396
0.0131981
0.0113549
0.00917656
0.00662921
0.00367942
0.000295123
-0.00355311
-0.00789035
-0.0127352
-0.0180973
-0.0239739
-0.0303467
-0.0371782
-0.0303568
-0.0303568
-0.0358836
-0.0415715
-0.0473577
-0.053173
-0.058945
-0.0645952
-0.0700677
-0.0752542
-0.0803195
-0.0803195
-0.113684
-0.113953
-0.113258
-0.112841
-0.112643
-0.112444
-0.112209
-0.111964
-0.111724
-0.111483
-0.111241
-0.110995
-0.110746
-0.110491
-0.110231
-0.109964
-0.109688
-0.109403
-0.109106
-0.108798
-0.108475
-0.108136
-0.10778
-0.107405
-0.107009
-0.10659
-0.106147
-0.105678
-0.10518
-0.104652
-0.104652
-0.131583
-0.130349
-0.129066
-0.127733
-0.126351
-0.124918
-0.123433
-0.121896
-0.120308
-0.118667
)
;
    }
    procBoundary6to7
    {
        type            processor;
        value           nonuniform List<scalar> 
201
(
-0.046774
-0.0477355
-0.0487028
-0.0496747
-0.0506499
-0.051627
-0.0526047
-0.0535815
-0.054556
-0.0555266
-0.0564918
-0.0574499
-0.0583994
-0.0593385
-0.0602658
-0.0611793
-0.0620775
-0.0629586
-0.063821
-0.0646628
-0.0654824
-0.0662782
-0.0670484
-0.0677913
-0.0685055
-0.0691892
-0.0698409
-0.0704593
-0.0710427
-0.0715898
-0.0720994
-0.0725701
-0.0730008
-0.0733903
-0.0737376
-0.0740431
-0.0743054
-0.0745055
-0.07462
-0.0748711
-0.0767421
-0.0780353
-0.0788038
-0.0794095
-0.0798206
-0.0798299
-0.0792965
-0.0781792
-0.0764588
-0.0741027
-0.0710832
-0.0673943
-0.0630529
-0.0580968
-0.0525826
-0.0465844
-0.0401929
-0.0335134
-0.0266658
-0.019783
-0.0130099
-0.00650259
-0.000422856
0.00507382
0.00985526
0.0138331
0.0169812
0.019338
0.0209929
0.022067
0.0226909
0.0229839
0.0230447
0.0229503
0.0227568
0.0227568
0.0213082
0.0211975
0.0210385
0.0208493
0.0206429
0.0204284
0.0202121
0.0199984
0.0197901
0.0195891
0.0193968
0.0192139
0.019041
0.0188785
0.0187265
0.0185856
0.0184559
0.0183379
0.018232
0.0181388
0.0180589
0.0179931
0.0179422
0.0179072
0.0178891
0.0198967
0.0199109
0.0199382
0.0199772
0.0200267
0.0200851
0.020151
0.0202231
0.0202994
0.0203787
0.0204588
0.0205378
0.0206139
0.0206849
0.0207483
0.0208016
0.0208421
0.0208664
0.020871
0.0208521
0.0208053
0.0207259
0.0206089
0.0204487
0.0202404
0.0199787
0.0196592
0.0192786
0.0188351
0.0183293
0.0177635
0.0171419
0.0164704
0.0157557
0.0150056
0.0142275
0.0134271
0.0126069
0.0117655
0.0108977
0.0099937
0.00904156
0.00802923
0.00694599
0.00578335
0.00453592
0.00320184
0.00178268
0.000283216
-0.00128906
-0.00292472
-0.00461321
-0.00634369
-0.00810582
-0.00989034
-0.0116895
-0.0134962
-0.0153041
-0.017111
-0.0189519
-0.0204688
-0.0209417
-0.0212387
-0.0215659
-0.0219379
-0.0223296
-0.0227337
-0.0231521
-0.0235869
-0.0240385
-0.0245071
-0.024993
-0.0254966
-0.026018
-0.0265577
-0.0271157
-0.0276922
-0.0282875
-0.0289016
-0.0295346
-0.0301865
-0.0308572
-0.0315468
-0.032255
-0.0329817
-0.0337267
-0.0344897
-0.0352704
-0.0360684
-0.0368832
-0.0377144
-0.0385613
-0.0394235
-0.0403001
-0.0411905
-0.0420939
-0.0430095
-0.0439363
-0.0448733
-0.0458196
)
;
    }
}


// ************************************************************************* //
