/*--------------------------------*- C++ -*----------------------------------*\
  =========                 |
  \\      /  F ield         | OpenFOAM: The Open Source CFD Toolbox
   \\    /   O peration     | Website:  https://openfoam.org
    \\  /    A nd           | Version:  7
     \\/     M anipulation  |
\*---------------------------------------------------------------------------*/
FoamFile
{
    version     2.0;
    format      ascii;
    class       volScalarField;
    location    "160";
    object      p;
}
// * * * * * * * * * * * * * * * * * * * * * * * * * * * * * * * * * * * * * //

dimensions      [0 2 -2 0 0 0 0];

internalField   nonuniform List<scalar> 
4575
(
-0.0926669
-0.0963602
-0.0832982
-0.113829
-0.0996244
-0.0864315
-0.0737498
-0.11818
-0.102867
-0.0891092
-0.0763159
-0.0640295
-0.122971
-0.106523
-0.0916877
-0.0783984
-0.0660217
-0.0541458
-0.128273
-0.110571
-0.0946374
-0.0803024
-0.0675016
-0.0555583
-0.0441076
-0.134177
-0.115072
-0.0979279
-0.0825335
-0.0687219
-0.0564296
-0.0449361
-0.0339251
-0.14077
-0.120115
-0.101614
-0.0850544
-0.070224
-0.0569585
-0.045194
-0.0341666
-0.0236098
-0.14813
-0.125781
-0.105778
-0.0879113
-0.071964
-0.0577221
-0.0450251
-0.0338076
-0.0232625
-0.0131749
-0.156309
-0.132148
-0.110501
-0.0911845
-0.0739803
-0.0586711
-0.0450418
-0.0329353
-0.0222839
-0.0122379
-0.00263589
-0.165275
-0.13927
-0.11586
-0.094951
-0.0763499
-0.0598362
-0.0451906
-0.0321975
-0.0207037
-0.0106375
-0.0011083
0.00798928
-0.174833
-0.147124
-0.121909
-0.0992871
-0.079148
-0.0612919
-0.0454953
-0.0315379
-0.0192041
-0.0083452
0.00111659
0.0101095
0.0186794
-0.184488
-0.155532
-0.128635
-0.10425
-0.0824506
-0.0631124
-0.0460289
-0.0309746
-0.0177287
-0.0060767
0.00412497
0.0129628
0.0213973
0.0294081
-0.193278
-0.164023
-0.135873
-0.109833
-0.0863166
-0.0653729
-0.0468643
-0.0305793
-0.0162909
-0.00377872
0.00716958
0.0166918
0.0248857
0.0327346
0.0401401
-0.171672
-0.143181
-0.115888
-0.0907471
-0.0681347
-0.0480771
-0.0304251
-0.0149625
-0.00146193
0.0102962
0.0205201
0.029341
0.0368708
0.0441003
0.0508342
-0.176953
-0.149672
-0.121999
-0.0956084
-0.0714055
-0.0497302
-0.0305871
-0.0138163
0.000801941
0.0134948
0.0244804
0.0339608
0.0420591
0.048906
0.0554779
0.0614552
-0.177707
-0.153861
-0.127315
-0.10051
-0.0750663
-0.0518378
-0.0311302
-0.0129275
0.00293961
0.0166937
0.0285613
0.0387582
0.0474777
0.0548336
0.0609835
0.0668622
0.0719692
-0.153629
-0.1304
-0.104642
-0.0787527
-0.0542951
-0.0320745
-0.0123624
0.00487634
0.0198196
0.032692
0.0437193
0.0531142
0.0610576
0.0676547
0.0731047
0.0782471
0.0822698
-0.146534
-0.129176
-0.106614
-0.0816932
-0.0567632
-0.0333289
-0.0121466
0.00654482
0.0227984
0.0367998
0.0487755
0.0589503
0.0675328
0.0746888
0.0805225
0.0852888
0.0895969
0.0920932
-0.130657
-0.121234
-0.104395
-0.0825469
-0.0585095
-0.0345795
-0.0122024
0.00791414
0.0255623
0.0408121
0.053856
0.064922
0.0742345
0.0819975
0.0883623
0.0934517
0.0975779
0.100877
0.101217
-0.104633
-0.0956167
-0.0793356
-0.0582451
-0.0351335
-0.0122405
0.00904922
0.0280754
0.0446605
0.05889
0.0709628
0.0811084
0.0895508
0.0964892
0.102068
0.106454
0.109988
0.11213
0.110302
-0.0780091
-0.0783241
-0.069733
-0.0540459
-0.0337544
-0.0116078
0.0102148
0.03039
0.0483043
0.0638089
0.0770041
0.0880944
0.0973106
0.104876
0.110986
0.115788
0.119499
0.122411
0.123285
0.121928
-0.0509543
-0.0517801
-0.0436343
-0.0285755
-0.00912135
0.0120247
0.0327467
0.0517837
0.0685675
0.082977
0.0951261
0.105224
0.113504
0.120186
0.125466
0.129494
0.13252
0.134753
0.134881
0.134192
-0.0237145
-0.0250556
-0.0173738
-0.00297494
0.0156069
0.0357202
0.0553155
0.0731936
0.0888314
0.102134
0.113227
0.122326
0.129662
0.135458
0.139903
0.143159
0.145481
0.147014
0.146537
0.145912
0.00365401
0.00179515
0.00899525
0.022705
0.0403828
0.0594351
0.0778808
0.0945831
0.109062
0.121248
0.131278
0.139371
0.14576
0.150665
0.154275
0.156756
0.158362
0.159199
0.158165
0.157321
0.0310951
0.0287172
0.0354192
0.0484132
0.0651589
0.0831254
0.100402
0.115915
0.129225
0.140288
0.14925
0.156334
0.161773
0.165785
0.168558
0.170261
0.171142
0.171287
0.169694
0.168493
0.0585523
0.0556554
0.0618442
0.0740987
0.0898874
0.106747
0.12284
0.137152
0.149288
0.159222
0.167113
0.173187
0.177674
0.180792
0.182728
0.183651
0.183803
0.183254
0.181087
0.17945
0.0859691
0.0825543
0.0882164
0.0997103
0.114521
0.130256
0.145153
0.158258
0.169214
0.178019
0.184839
0.189902
0.193439
0.195664
0.196763
0.196904
0.196324
0.195081
0.192326
0.190204
0.113289
0.109358
0.114482
0.125197
0.139011
0.153609
0.167302
0.179195
0.188971
0.196647
0.202399
0.206453
0.209042
0.210376
0.21064
0.210001
0.208687
0.206748
0.203396
0.200759
0.140455
0.136012
0.140587
0.150508
0.163312
0.176763
0.189246
0.199927
0.208525
0.215076
0.219762
0.222813
0.224458
0.224906
0.224339
0.222921
0.220875
0.218241
0.214287
0.211114
0.167412
0.16246
0.166479
0.175593
0.187376
0.199673
0.210946
0.220418
0.227843
0.233274
0.236902
0.238956
0.239663
0.239231
0.237837
0.235645
0.232871
0.229545
0.224987
0.221266
0.194103
0.188648
0.192103
0.200402
0.211157
0.222298
0.232363
0.240631
0.24689
0.251211
0.253789
0.254855
0.254633
0.253328
0.251115
0.248155
0.244657
0.240644
0.235486
0.220473
0.214521
0.217409
0.224885
0.234609
0.244596
0.253458
0.260531
0.265635
0.268857
0.270396
0.270484
0.269344
0.267176
0.264153
0.260433
0.256218
0.251524
0.245771
0.246469
0.240026
0.242344
0.248994
0.257687
0.266524
0.274192
0.280082
0.284045
0.286181
0.286696
0.285819
0.283772
0.280753
0.276931
0.272461
0.267538
0.262172
0.255833
0.272035
0.265109
0.266857
0.272681
0.280346
0.288042
0.294529
0.299251
0.302088
0.303155
0.30266
0.300834
0.297895
0.294038
0.289429
0.284221
0.2786
0.272574
0.297119
0.28972
0.290898
0.295899
0.302543
0.309109
0.314431
0.318003
0.319733
0.319749
0.318263
0.315505
0.31169
0.30701
0.301628
0.295695
0.28939
0.282717
0.321669
0.313806
0.314419
0.318601
0.324235
0.329687
0.333863
0.336305
0.33695
0.335936
0.333479
0.329807
0.325134
0.319649
0.313511
0.306868
0.299892
0.292586
0.345634
0.337318
0.337371
0.340743
0.34538
0.349737
0.352789
0.354125
0.353708
0.351687
0.348282
0.343718
0.338208
0.331935
0.325059
0.317723
0.310091
0.302168
0.368964
0.360207
0.359707
0.362281
0.365939
0.369221
0.371174
0.371431
0.369979
0.366977
0.362647
0.357215
0.350888
0.34385
0.336254
0.328243
0.319973
0.391612
0.382425
0.381382
0.383172
0.38587
0.388104
0.388985
0.388192
0.385733
0.381778
0.37655
0.370274
0.363155
0.355373
0.34708
0.338413
0.329524
0.41353
0.403928
0.402352
0.403375
0.405137
0.40635
0.40619
0.404378
0.400944
0.396066
0.389969
0.382876
0.37499
0.366487
0.357518
0.348216
0.338728
0.434673
0.424669
0.422574
0.42285
0.423701
0.423925
0.422758
0.419961
0.415585
0.409815
0.402879
0.394998
0.386372
0.377175
0.367553
0.35764
0.347573
0.454997
0.444607
0.442008
0.441557
0.441528
0.440796
0.438658
0.434913
0.42963
0.423003
0.41526
0.406621
0.397283
0.387418
0.37717
0.366668
0.47446
0.463699
0.460612
0.459461
0.458583
0.456931
0.453862
0.449207
0.443055
0.435607
0.42709
0.417725
0.407705
0.3972
0.386352
0.375287
0.493022
0.481906
0.478351
0.476526
0.474833
0.472302
0.468341
0.462817
0.455836
0.447604
0.43835
0.428291
0.417622
0.406507
0.395086
0.383484
0.510644
0.499191
0.495187
0.492718
0.490248
0.486878
0.482069
0.475719
0.46795
0.458973
0.449019
0.438303
0.427016
0.415321
0.403357
0.391245
0.52729
0.515518
0.511086
0.508004
0.504796
0.500632
0.495021
0.48789
0.479377
0.469696
0.45908
0.447742
0.435872
0.42363
0.411153
0.398559
0.542924
0.530853
0.526016
0.522355
0.518452
0.513539
0.507173
0.499308
0.490095
0.479753
0.468515
0.456594
0.444176
0.43142
0.41846
0.557515
0.545163
0.539946
0.535742
0.531187
0.525574
0.518502
0.509952
0.500085
0.489127
0.477309
0.464842
0.451913
0.438677
0.425267
0.571033
0.558419
0.552849
0.548139
0.542978
0.536715
0.528989
0.519804
0.509331
0.497801
0.485445
0.472474
0.45907
0.44539
0.431563
0.583448
0.570594
0.564696
0.55952
0.553801
0.546941
0.538613
0.528844
0.517815
0.50576
0.49291
0.479475
0.465636
0.451548
0.437338
0.594734
0.581661
0.575465
0.569864
0.563636
0.556232
0.547357
0.537057
0.525522
0.51299
0.499691
0.485834
0.471599
0.457139
0.442581
0.604869
0.591598
0.585133
0.579148
0.572463
0.56457
0.555204
0.544427
0.532439
0.519477
0.505775
0.49154
0.47695
0.462156
0.447284
0.613831
0.600383
0.593679
0.587355
0.580266
0.57194
0.562139
0.550941
0.538551
0.525211
0.511153
0.496582
0.481678
0.466588
0.45144
0.621599
0.607998
0.601087
0.594468
0.587027
0.578327
0.56815
0.556587
0.54385
0.530181
0.515813
0.500953
0.485775
0.47043
0.455041
0.628159
0.614427
0.60734
0.600472
0.592735
0.583719
0.573225
0.561354
0.548324
0.534378
0.519749
0.504643
0.489235
0.473674
0.458082
0.633494
0.619655
0.612424
0.605355
0.597378
0.588105
0.577354
0.565233
0.551965
0.537794
0.522953
0.507647
0.492052
0.476314
0.460557
0.637595
0.62367
0.61633
0.609105
0.600945
0.591477
0.580529
0.568217
0.554766
0.540422
0.525419
0.50996
0.49422
0.478346
0.462461
0.64045
0.626464
0.619047
0.611716
0.60343
0.593827
0.582743
0.570299
0.556722
0.542258
0.527142
0.511576
0.495735
0.479766
0.642053
0.62803
0.62057
0.613181
0.604826
0.59515
0.583992
0.571476
0.557829
0.543298
0.528118
0.512492
0.496594
0.480571
0.6424
0.628363
0.620895
0.613496
0.605131
0.595443
0.584273
0.571744
0.558083
0.54354
0.528346
0.512707
0.496796
0.480761
0.641489
0.627461
0.620019
0.61266
0.604342
0.594705
0.583584
0.571102
0.557485
0.542982
0.527825
0.51222
0.49634
0.480333
0.639321
0.625326
0.617943
0.610672
0.60246
0.592935
0.581926
0.569551
0.556034
0.541625
0.526555
0.51103
0.495225
0.479288
0.635898
0.621959
0.61467
0.607537
0.599488
0.590137
0.579301
0.567092
0.553733
0.53947
0.524537
0.50914
0.493454
0.477628
0.631225
0.617367
0.610205
0.603257
0.59543
0.586314
0.575713
0.56373
0.550584
0.536521
0.521775
0.506552
0.491029
0.475354
0.459652
0.625312
0.611558
0.604556
0.597841
0.590292
0.581473
0.571167
0.559468
0.546592
0.532782
0.518272
0.50327
0.487953
0.472471
0.456948
0.618169
0.604541
0.597733
0.591298
0.584084
0.57562
0.565671
0.554315
0.541764
0.528259
0.514035
0.499299
0.484231
0.468982
0.453676
0.609808
0.59633
0.589748
0.583639
0.576815
0.568767
0.559233
0.548278
0.536107
0.522958
0.509068
0.494645
0.479869
0.464892
0.449842
0.600246
0.586939
0.580614
0.574878
0.568498
0.560924
0.551864
0.541367
0.52963
0.516889
0.503381
0.489315
0.474873
0.460209
0.44545
0.5895
0.576387
0.57035
0.565029
0.559147
0.552104
0.543577
0.533594
0.522343
0.510061
0.496982
0.483318
0.469251
0.454938
0.440507
0.577589
0.564692
0.558973
0.554112
0.548779
0.542324
0.534385
0.524971
0.51426
0.502485
0.489882
0.476663
0.463012
0.449088
0.435022
0.564538
0.551878
0.546506
0.542145
0.537412
0.531599
0.524303
0.515512
0.505392
0.494174
0.482091
0.46936
0.456166
0.442669
0.429002
0.550371
0.537968
0.53297
0.52915
0.525067
0.519948
0.51335
0.505234
0.495755
0.48514
0.473623
0.461421
0.448723
0.435689
0.422456
0.535114
0.52299
0.518392
0.515152
0.511764
0.507392
0.501544
0.494154
0.485365
0.475399
0.464491
0.452859
0.440695
0.428161
0.415395
0.518798
0.506972
0.5028
0.500175
0.497528
0.493951
0.488904
0.48229
0.474238
0.464967
0.45471
0.443688
0.432094
0.420095
0.407829
0.501454
0.489944
0.486222
0.484248
0.482385
0.479651
0.475452
0.469662
0.462394
0.45386
0.444296
0.433922
0.422935
0.411504
0.39977
0.387857
0.483116
0.471941
0.46869
0.467399
0.466361
0.464515
0.461213
0.456292
0.449851
0.442097
0.433265
0.423577
0.413232
0.402401
0.39123
0.379844
0.463819
0.452996
0.450238
0.44966
0.449486
0.448571
0.446209
0.442203
0.436632
0.429698
0.421635
0.412669
0.402999
0.392802
0.382222
0.371391
0.443601
0.433148
0.430901
0.431065
0.431789
0.431847
0.430467
0.427417
0.422758
0.416683
0.409426
0.401215
0.392254
0.382719
0.37276
0.36251
0.422502
0.412434
0.410716
0.411648
0.413304
0.414371
0.414015
0.411961
0.408251
0.403072
0.396657
0.389235
0.381012
0.372169
0.362858
0.353216
0.400563
0.390896
0.389722
0.391445
0.394064
0.396177
0.396881
0.395861
0.393138
0.38889
0.383349
0.376747
0.369292
0.361169
0.352532
0.343521
0.334287
0.377828
0.368576
0.36796
0.370494
0.374104
0.377294
0.379094
0.379144
0.377442
0.374158
0.369524
0.363771
0.357113
0.349735
0.341797
0.33344
0.324824
0.354341
0.345518
0.345472
0.348835
0.353461
0.357758
0.360686
0.361839
0.36119
0.358902
0.355203
0.350328
0.344492
0.337885
0.330668
0.322988
0.31501
0.330148
0.321768
0.322302
0.32651
0.332172
0.337603
0.341689
0.343975
0.34441
0.343147
0.340411
0.336439
0.33145
0.325637
0.319164
0.312181
0.304859
0.305299
0.297372
0.298494
0.303559
0.310277
0.316866
0.322136
0.325583
0.32713
0.326918
0.325171
0.322127
0.318007
0.313009
0.3073
0.301033
0.294387
0.287366
0.279842
0.272381
0.274096
0.280027
0.287816
0.295582
0.30206
0.306694
0.309378
0.310242
0.309507
0.307413
0.304185
0.300022
0.295096
0.289562
0.283607
0.277238
0.253828
0.246842
0.249155
0.25596
0.26483
0.273792
0.281498
0.28734
0.291185
0.293147
0.293446
0.292323
0.290004
0.286694
0.282567
0.277783
0.272535
0.266832
0.22731
0.220808
0.223721
0.231402
0.241363
0.251533
0.260485
0.267556
0.27258
0.275661
0.277013
0.276878
0.275487
0.273047
0.269735
0.265714
0.261186
0.256162
0.250101
0.20034
0.19433
0.197843
0.206401
0.217458
0.228846
0.239058
0.247374
0.253596
0.257813
0.260235
0.261105
0.260657
0.2591
0.256616
0.253371
0.249575
0.245243
0.239786
0.172972
0.167463
0.171573
0.181006
0.193159
0.205772
0.217255
0.22683
0.234264
0.239632
0.243139
0.245028
0.245535
0.244875
0.243232
0.240773
0.237718
0.234088
0.229243
0.145262
0.140259
0.144963
0.155264
0.168513
0.182353
0.195115
0.205958
0.214617
0.221148
0.225752
0.228672
0.230147
0.230394
0.2296
0.227938
0.225632
0.222712
0.218486
0.215079
0.117265
0.112775
0.118065
0.129227
0.143565
0.158632
0.172675
0.184794
0.194687
0.202391
0.208103
0.212064
0.214515
0.215678
0.215742
0.214883
0.213332
0.211129
0.207526
0.204688
0.0890385
0.0850643
0.090934
0.102944
0.118361
0.13465
0.149976
0.163376
0.174508
0.183393
0.19022
0.195229
0.198664
0.20075
0.201679
0.201627
0.200836
0.199352
0.196374
0.194095
0.0606386
0.0571845
0.0636234
0.0764672
0.0929501
0.110453
0.127058
0.141739
0.154114
0.164185
0.172132
0.178195
0.182619
0.185632
0.18743
0.18819
0.18816
0.187398
0.185043
0.183306
0.0321231
0.0291916
0.0361879
0.0498472
0.0673794
0.0860835
0.103961
0.11992
0.13354
0.144798
0.153868
0.160988
0.166405
0.170349
0.173017
0.17459
0.175323
0.175282
0.173544
0.172327
0.00354977
0.00114229
0.00868244
0.0231364
0.0416972
0.0615866
0.0807261
0.097958
0.112819
0.125264
0.135457
0.143636
0.150047
0.154923
0.158464
0.160849
0.162342
0.163022
0.16189
0.161159
-0.0250235
-0.0269065
-0.0188379
-0.00361317
0.0159521
0.0370069
0.0573941
0.0758897
0.0919858
0.105615
0.11693
0.126166
0.133571
0.139378
0.143791
0.146987
0.149236
0.150635
0.150097
0.1498
-0.0535388
-0.0548981
-0.0463178
-0.030349
-0.00980712
0.0123893
0.0340063
0.0537529
0.0710761
0.0858835
0.0983164
0.108606
0.117002
0.123739
0.129022
0.133026
0.136027
0.138145
0.138187
0.138242
-0.0819382
-0.082776
-0.0737021
-0.0570188
-0.0355317
-0.0122213
0.0106038
0.0315856
0.0501243
0.066101
0.0796451
0.0909841
0.100367
0.108031
0.114181
0.11899
0.122732
0.125574
0.126201
0.126469
-0.110164
-0.110484
-0.100936
-0.0835703
-0.0611729
-0.03678
-0.0127721
0.00942542
0.029165
0.0463
0.0609463
0.0733274
0.0836914
0.0922775
0.099293
0.104903
0.109374
0.112945
0.114219
0.114421
-0.138159
-0.137966
-0.127965
-0.109952
-0.0866822
-0.061242
-0.0360804
-0.0126899
0.00823295
0.0265122
0.0422497
0.0556637
0.0670016
0.0765039
0.0843811
0.0907913
0.0959715
0.10025
0.102334
0.101869
-0.165168
-0.154733
-0.13611
-0.112011
-0.0855625
-0.0592802
-0.034723
-0.0126376
0.00676933
0.0235845
0.0380203
0.0503233
0.0607346
0.0694694
0.076684
0.0825593
0.0874823
0.0909239
0.0900582
-0.192036
-0.18119
-0.161996
-0.137112
-0.109698
-0.082331
-0.0566367
-0.0334126
-0.0128972
0.00497973
0.0204243
0.0336816
0.0449938
0.0545812
0.062608
0.0692071
0.07473
0.0793635
0.0807737
-0.207281
-0.187559
-0.161937
-0.133603
-0.105193
-0.0783945
-0.0540585
-0.0324566
-0.0135362
0.00290182
0.0171013
0.029305
0.0397385
0.0485811
0.0559451
0.062114
0.0677642
0.0714128
-0.212748
-0.186439
-0.157237
-0.127826
-0.0999602
-0.0745422
-0.0518786
-0.0319354
-0.0145214
0.000605701
0.0136896
0.0249604
0.0346136
0.0427623
0.0496267
0.0561189
0.0613407
-0.237517
-0.210574
-0.180555
-0.150191
-0.121298
-0.0948313
-0.0711334
-0.0501906
-0.0318205
-0.0157826
-0.00183231
0.0102639
0.0207151
0.0296432
0.0372231
0.0444641
0.050803
-0.234294
-0.203516
-0.172251
-0.142374
-0.114894
-0.0901921
-0.0682754
-0.0489713
-0.032042
-0.0172419
-0.00433513
0.00689706
0.0165869
0.0248796
0.0328276
0.040067
-0.22608
-0.193968
-0.163153
-0.134699
-0.109026
-0.0861638
-0.0659503
-0.0481513
-0.0325209
-0.0188212
-0.00682704
0.00360283
0.0125932
0.0212113
0.0292333
-0.215305
-0.183602
-0.154217
-0.127608
-0.103831
-0.0827348
-0.0640901
-0.0476511
-0.0331787
-0.0204434
-0.00929644
0.000371309
0.00961915
0.0183326
-0.236227
-0.203689
-0.173417
-0.145911
-0.121252
-0.0993027
-0.0798384
-0.0626145
-0.0473918
-0.0339379
-0.0220976
-0.0117742
-0.00193259
0.00740063
-0.223382
-0.192271
-0.16391
-0.138404
-0.115632
-0.0953765
-0.0773936
-0.0614447
-0.0472959
-0.0347865
-0.0238291
-0.0134228
-0.00352019
-0.210752
-0.181578
-0.155264
-0.131703
-0.110686
-0.0919711
-0.0753214
-0.0605024
-0.0473482
-0.0357781
-0.0248314
-0.0143941
-0.198893
-0.171809
-0.147495
-0.125747
-0.10633
-0.0890061
-0.0735421
-0.0597674
-0.0476058
-0.0361401
-0.0251944
-0.188019
-0.162988
-0.140544
-0.120454
-0.102483
-0.0864001
-0.0720291
-0.0592971
-0.0473319
-0.0358993
-0.178164
-0.155057
-0.134326
-0.115738
-0.0990618
-0.0841189
-0.0708373
-0.0583914
-0.0464905
-0.169273
-0.147932
-0.128756
-0.111513
-0.0960229
-0.082213
-0.0693044
-0.0569523
-0.161258
-0.141523
-0.123741
-0.107728
-0.0934113
-0.0800582
-0.0672713
-0.154026
-0.135733
-0.119222
-0.104421
-0.0906411
-0.0774358
-0.147477
-0.130495
-0.11523
-0.101043
-0.0874359
-0.141534
-0.12583
-0.111254
-0.0972623
-0.121266
-0.106907
-0.116362
0.10306
0.0939964
0.0843123
0.0749538
0.0653483
0.055464
0.0455195
0.0355921
0.0256855
0.0158209
0.00602859
-0.00367115
-0.0132659
-0.0227454
-0.0321006
-0.0413235
-0.0504079
-0.0593479
-0.0681387
-0.0767758
-0.0852553
0.0916097
0.0820278
0.0714133
0.0621237
0.0532011
0.0440803
0.0349415
0.0259471
0.0170878
0.00833481
-0.000308219
-0.00883148
-0.0172327
-0.0255123
-0.0336696
-0.0417029
-0.0496107
-0.0573913
-0.0650432
-0.0725648
-0.0799545
0.0786243
0.0694042
0.0594086
0.0510094
0.0432164
0.0352654
0.0272466
0.0193566
0.0116083
0.00395661
-0.00361018
-0.0110834
-0.0184576
-0.0257322
-0.0329061
-0.0399773
-0.046943
-0.0538011
-0.0605494
-0.0671862
-0.0737095
0.0664926
0.0580945
0.0491815
0.0417482
0.0348951
0.0278945
0.020797
0.0137969
0.00692837
0.00015269
-0.00654596
-0.0131601
-0.0196823
-0.0261108
-0.0324456
-0.0386856
-0.0448297
-0.0508769
-0.0568268
-0.0626788
-0.0684328
0.0561552
0.0486575
0.0408189
0.0342474
0.028176
0.0219836
0.0157043
0.00950776
0.00343244
-0.00255315
-0.00846644
-0.0143036
-0.0200587
-0.0257307
-0.0313202
-0.0368277
-0.0422529
-0.0475957
-0.052856
-0.0580339
-0.0631295
0.0474753
0.04078
0.033894
0.0280747
0.0226704
0.0171724
0.0116079
0.00611686
0.000733428
-0.00456783
-0.00980311
-0.0149708
-0.0200665
-0.0250891
-0.0300398
-0.0349191
-0.0397274
-0.0444646
-0.0491312
-0.0537274
-0.0582537
0.0401679
0.0341772
0.0281393
0.0229982
0.0181904
0.0133086
0.00838007
0.00351786
-0.00125082
-0.0059467
-0.0105836
-0.015161
-0.0196758
-0.0241274
-0.0285168
-0.0328449
-0.0371123
-0.0413192
-0.0454663
-0.049554
-0.053583
0.0340423
0.0286847
0.0234012
0.0188682
0.0145934
0.0102569
0.00588896
0.00158062
-0.00264788
-0.00681364
-0.0109279
-0.0149905
-0.0189992
-0.0229538
-0.0268552
-0.0307042
-0.0345016
-0.0382477
-0.0419432
-0.0455886
-0.0491846
0.0289569
0.0241709
0.0195514
0.0155555
0.0117531
0.00789716
0.0040218
0.000199929
-0.00355424
-0.00725498
-0.0109112
-0.0145228
-0.0180882
-0.0216074
-0.0250812
-0.0285105
-0.031896
-0.035238
-0.0385373
-0.0417944
-0.0450098
0.0247761
0.0205024
0.0164625
0.0129374
0.00955176
0.00611911
0.00267619
-0.000718804
-0.00405669
-0.00734949
-0.0106041
-0.0138205
-0.0169975
-0.0201352
-0.0232344
-0.026296
-0.0293204
-0.0323083
-0.0352601
-0.0381765
-0.0410579
0.0213721
0.0175554
0.0140194
0.0109063
0.00788842
0.00482877
0.00176583
-0.0012543
-0.00422648
-0.0071609
-0.0100628
-0.0129321
-0.015768
-0.0185705
-0.0213406
-0.0240788
-0.0267857
-0.0294618
-0.0321076
-0.0347235
-0.0373101
0.0186317
0.0152216
0.012123
0.0093702
0.00667714
0.00394645
0.00121758
-0.00147315
-0.0041238
-0.00674305
-0.00933483
-0.0118989
-0.0144346
-0.0169423
-0.0194225
-0.021876
-0.0243031
-0.0267042
-0.0290799
-0.0314305
-0.0337566
0.0164567
0.0134081
0.0106888
0.00825096
0.0058448
0.0034044
0.00096944
-0.00143163
-0.00379933
-0.00614109
-0.00845974
-0.0107549
-0.0130262
-0.0152739
-0.0174986
-0.0197008
-0.0218808
-0.024039
-0.026176
-0.0282919
-0.0303872
0.0147621
0.0120345
0.00964394
0.00748151
0.00532882
0.00314477
0.000968613
-0.0011775
-0.00329593
-0.00539303
-0.00747081
-0.00952881
-0.0115667
-0.0135848
-0.0155837
-0.0175636
-0.019525
-0.0214681
-0.0233934
-0.0253011
-0.0271915
0.0134741
0.0110316
0.0089259
0.00700427
0.00507567
0.0031182
0.00117016
-0.000751294
-0.00264983
-0.00453095
-0.00639599
-0.00824441
-0.010076
-0.011891
-0.0136899
-0.015473
-0.0172406
-0.0189929
-0.0207303
-0.022453
-0.0241612
0.012529
0.0103394
0.00848082
0.00676993
0.0050396
0.00328258
0.00153585
-0.000187392
-0.00189171
-0.0035819
-0.00525877
-0.00692172
-0.00857059
-0.0102057
-0.0118273
-0.0134357
-0.0150312
-0.016614
-0.0181843
-0.0197423
-0.0212883
0.0118719
0.0099068
0.00826255
0.00673625
0.00518148
0.00360199
0.00203313
0.000484986
-0.00104758
-0.00256875
-0.00407893
-0.00557752
-0.00706437
-0.00853975
-0.010004
-0.0114572
-0.0128997
-0.0143315
-0.015753
-0.0171643
-0.0185655
0.0114553
0.00968959
0.00823151
0.00686707
0.00546791
0.00404582
0.00263432
0.00124106
-0.000139396
-0.00151072
-0.00287306
-0.00422575
-0.00556869
-0.00690213
-0.00822631
-0.00954139
-0.0108475
-0.0121449
-0.0134335
-0.0147137
-0.0159856
0.0112385
0.00965001
0.00835377
0.00713144
0.00587036
0.00458797
0.00331587
0.00205981
0.000814246
-0.000424068
-0.00165505
-0.00287806
-0.004093
-0.00530009
-0.00649952
-0.00769144
-0.00887595
-0.0100532
-0.0112232
-0.0123862
-0.0135423
0.0111867
0.00975566
0.00860031
0.00750289
0.00636446
0.00520623
0.00405779
0.00292343
0.00179765
0.000677588
-0.000436547
-0.00154411
-0.00264502
-0.00373946
-0.00482761
-0.00590956
-0.0069854
-0.00805521
-0.0091191
-0.0101772
-0.0112295
0.0112697
0.00997882
0.00894629
0.00795884
0.00692946
0.00588171
0.00484311
0.00381687
0.00279762
0.00178283
0.0007728
-0.000231844
-0.00123102
-0.0022249
-0.00321361
-0.00419724
-0.00517584
-0.00614949
-0.00711825
-0.0080822
-0.00904144
0.0114619
0.0102958
0.00937048
0.00847998
0.00754771
0.00659838
0.00565749
0.00472744
0.00380308
0.00288215
0.00196501
0.00105226
0.000143983
-0.000759966
-0.0016597
-0.00255528
-0.00344673
-0.00433412
-0.00521749
-0.00609691
-0.00697244
0.0117411
0.0106863
0.0098548
0.00904993
0.00820421
0.00734268
0.00648887
0.00564453
0.00480481
0.00396769
0.00313356
0.002303
0.00147608
0.00065267
-0.00016731
-0.0009839
-0.00179713
-0.00260702
-0.00341363
-0.00421699
-0.00501716
0.0120886
0.0111332
0.0103839
0.00965474
0.00888629
0.0081032
0.00732709
0.00655925
0.00579515
0.00503299
0.00427317
0.00351621
0.00276221
0.00201105
0.00126267
0.000517037
-0.000225859
-0.00096604
-0.00170353
-0.00243838
-0.0031706
0.0124884
0.0116218
0.0109446
0.0102826
0.00958324
0.00887034
0.00816367
0.00746423
0.00676781
0.0060728
0.00537959
0.00468868
0.00400014
0.0033139
0.00262989
0.0019481
0.00126853
0.000591169
-8.40063e-05
-0.000757015
-0.00142788
0.0129268
0.0121397
0.011526
0.0109237
0.0102861
0.00963607
0.00899159
0.0083534
0.00771765
0.00708289
0.0064495
0.00581794
0.00518828
0.00456045
0.00393442
0.00331018
0.00268772
0.00206706
0.00144817
0.000831045
0.000215673
0.0133922
0.0126764
0.0121188
0.0115695
0.0109873
0.0103937
0.00980503
0.00922179
0.00864052
0.00805992
0.00748034
0.00690219
0.00632556
0.0057504
0.00517666
0.00460434
0.00403347
0.00346404
0.00289604
0.00232948
0.00176433
0.013875
0.0132231
0.0127151
0.0122131
0.0116807
0.0111379
0.0105993
0.0100654
0.00953319
0.00900136
0.00847026
0.00794029
0.00741152
0.00688391
0.00635743
0.00583209
0.0053079
0.00478487
0.00426301
0.00374231
0.00322276
0.0143668
0.0137724
0.0133085
0.0128488
0.0123612
0.011864
0.0113706
0.0108812
0.0103931
0.00990529
0.00941797
0.00893152
0.00844601
0.00796142
0.00747772
0.00699493
0.00651306
0.00603212
0.00555213
0.00507307
0.00459496
0.0148609
0.0143184
0.0138936
0.0134717
0.0130246
0.0125686
0.0121158
0.0116666
0.0112184
0.0107704
0.0103226
0.00987557
0.00942925
0.00898364
0.00853874
0.00809455
0.0076511
0.00720841
0.00676647
0.0063253
0.0058849
0.0153516
0.0148558
0.014466
0.0140782
0.0136675
0.0132487
0.0128328
0.0124198
0.0120078
0.0115957
0.0111838
0.0107725
0.0103617
0.00995149
0.00954182
0.00913273
0.00872422
0.00831632
0.00790904
0.00750238
0.00709635
0.0158342
0.0153806
0.0150221
0.0146651
0.0142873
0.0139023
0.0135196
0.0131396
0.0127602
0.0123808
0.0120015
0.0116226
0.0112441
0.0108661
0.0104885
0.0101113
0.00973465
0.00935846
0.00898277
0.0086076
0.00823295
0.0163049
0.0158896
0.0155592
0.0152298
0.0148819
0.0145275
0.0141751
0.0138249
0.0134752
0.0131255
0.0127758
0.0124264
0.0120774
0.0117286
0.0113803
0.0110323
0.0106846
0.0103374
0.00999055
0.00964414
0.00929818
0.0167606
0.01638
0.016075
0.0157707
0.0154499
0.0151233
0.0147983
0.0144753
0.0141527
0.01383
0.0135073
0.0131848
0.0128626
0.0125406
0.0122189
0.0118975
0.0115764
0.0112556
0.0109352
0.0106151
0.0102954
0.017199
0.0168498
0.0165678
0.0162863
0.0159902
0.0156889
0.0153889
0.0150906
0.0147927
0.0144946
0.0141966
0.0138986
0.0136009
0.0133034
0.0130061
0.012709
0.0124122
0.0121156
0.0118194
0.0115234
0.0112278
0.0176181
0.0172976
0.0170364
0.0167757
0.0165021
0.0162238
0.0159467
0.015671
0.0153956
0.01512
0.0148445
0.014569
0.0142937
0.0140185
0.0137436
0.0134688
0.0131942
0.0129199
0.0126458
0.012372
0.0120985
0.0180167
0.0177222
0.01748
0.0172383
0.0169852
0.016728
0.0164717
0.0162167
0.0159619
0.015707
0.015452
0.0151971
0.0149423
0.0146877
0.0144332
0.0141789
0.0139248
0.0136708
0.0134171
0.0131636
0.0129104
0.0183937
0.018123
0.0178982
0.0176737
0.0174394
0.0172015
0.0169644
0.0167282
0.0164923
0.0162563
0.0160202
0.0157842
0.0155483
0.0153125
0.0150768
0.0148413
0.0146059
0.0143707
0.0141357
0.0139009
0.0136663
0.0187485
0.0184996
0.0182906
0.0180821
0.017865
0.0176448
0.0174251
0.0172063
0.0169878
0.0167691
0.0165503
0.0163317
0.0161131
0.0158946
0.0156762
0.0154579
0.0152398
0.0150218
0.014804
0.0145864
0.014369
0.0190809
0.0188518
0.0186575
0.0184635
0.0182623
0.0180582
0.0178546
0.0176518
0.0174492
0.0172464
0.0170436
0.0168409
0.0166382
0.0164356
0.0162331
0.0160308
0.0158285
0.0156264
0.0154245
0.0152227
0.0150212
0.0193909
0.0191799
0.018999
0.0188185
0.0186318
0.0184426
0.0182538
0.0180656
0.0178776
0.0176895
0.0175014
0.0173133
0.0171253
0.0169373
0.0167495
0.0165618
0.0163742
0.0161867
0.0159993
0.0158122
0.0156252
0.0196785
0.0194841
0.0193156
0.0191475
0.0189741
0.0187986
0.0186234
0.0184487
0.0182742
0.0180996
0.017925
0.0177504
0.0175759
0.0174014
0.0172271
0.0170528
0.0168787
0.0167047
0.0165308
0.0163571
0.0161836
0.0199442
0.0197651
0.019608
0.0194513
0.0192902
0.0191273
0.0189646
0.0188023
0.0186402
0.018478
0.0183158
0.0181537
0.0179916
0.0178296
0.0176676
0.0175058
0.0173441
0.0171825
0.017021
0.0168597
0.0166985
0.0201885
0.0200233
0.0198768
0.0197307
0.0195809
0.0194295
0.0192783
0.0191275
0.0189768
0.0188261
0.0186753
0.0185246
0.018374
0.0182234
0.0180729
0.0179225
0.0177722
0.017622
0.017472
0.0173221
0.0171724
0.0204121
0.0202596
0.0201228
0.0199865
0.0198471
0.0197064
0.0195658
0.0194255
0.0192853
0.0191451
0.0190049
0.0188647
0.0187246
0.0185845
0.0184446
0.0183047
0.018165
0.0180253
0.0178858
0.0177464
0.0176072
0.0206157
0.0204748
0.020347
0.0202198
0.0200899
0.0199589
0.0198281
0.0196975
0.0195669
0.0194364
0.0193059
0.0191754
0.019045
0.0189146
0.0187844
0.0186542
0.0185241
0.0183941
0.0182643
0.0181346
0.0180051
0.0208001
0.0206698
0.0205504
0.0204314
0.0203103
0.0201883
0.0200664
0.0199447
0.0198231
0.0197014
0.0195798
0.0194582
0.0193367
0.0192152
0.0190939
0.0189726
0.0188514
0.0187303
0.0186094
0.0184885
0.0183679
0.0209663
0.0208456
0.0207339
0.0206225
0.0205095
0.0203957
0.020282
0.0201684
0.0200549
0.0199414
0.0198279
0.0197145
0.0196011
0.0194878
0.0193746
0.0192615
0.0191484
0.0190355
0.0189227
0.01881
0.0186974
0.0211151
0.0210032
0.0208985
0.0207942
0.0206885
0.0205822
0.0204759
0.0203698
0.0202637
0.0201577
0.0200517
0.0199457
0.0198397
0.0197339
0.0196281
0.0195224
0.0194168
0.0193113
0.0192059
0.0191007
0.0212476
0.0211435
0.0210453
0.0209473
0.0208483
0.0207489
0.0206494
0.0205501
0.0204508
0.0203515
0.0202522
0.020153
0.0200539
0.0199548
0.0198557
0.0197568
0.019658
0.0195592
0.0194606
0.0193621
0.0213646
0.0212676
0.0211752
0.0210831
0.0209902
0.0208968
0.0208035
0.0207103
0.0206171
0.020524
0.0204309
0.0203378
0.0202448
0.0201518
0.0200589
0.0199661
0.0198734
0.0197807
0.0196882
0.0195958
0.0214671
0.0213764
0.0212893
0.0212024
0.0211149
0.0210271
0.0209394
0.0208516
0.020764
0.0206763
0.0205887
0.0205011
0.0204136
0.0203261
0.0202387
0.0201514
0.0200642
0.0199771
0.0198901
0.0198032
0.0215559
0.0214709
0.0213885
0.0213063
0.0212236
0.0211408
0.0210579
0.0209751
0.0208923
0.0208095
0.0207268
0.0206441
0.0205615
0.0204789
0.0203964
0.020314
0.0202317
0.0201494
0.0200673
0.0199853
0.021632
0.0215518
0.0214735
0.0213955
0.0213171
0.0212385
0.0211599
0.0210814
0.0210029
0.0209244
0.020846
0.0207676
0.0206893
0.020611
0.0205328
0.0204547
0.0203767
0.0202987
0.0202209
0.0201432
0.0216961
0.02162
0.0215454
0.0214708
0.0213961
0.0213212
0.0212463
0.0211715
0.0210967
0.021022
0.0209472
0.0208726
0.0207979
0.0207234
0.0206489
0.0205745
0.0205002
0.020426
0.0203519
0.0202779
0.0217488
0.0216761
0.0216044
0.0215328
0.0214611
0.0213893
0.0213175
0.0212458
0.0211741
0.0211024
0.0210308
0.0209593
0.0208878
0.0208163
0.020745
0.0206737
0.0206025
0.0205314
0.0204604
0.0203896
0.0217907
0.0217208
0.0216515
0.0215823
0.0215131
0.0214437
0.0213745
0.0213052
0.021236
0.0211668
0.0210977
0.0210287
0.0209597
0.0208908
0.020822
0.0207532
0.0206846
0.0206161
0.0205476
0.0204793
0.0218219
0.0217539
0.0216863
0.0216189
0.0215514
0.0214839
0.0214165
0.0213491
0.0212817
0.0212144
0.0211472
0.02108
0.0210129
0.0209459
0.020879
0.0208122
0.0207455
0.0206789
0.0206125
0.0205461
0.0218434
0.0217767
0.0217103
0.0216439
0.0215776
0.0215113
0.0214451
0.0213789
0.0213128
0.0212467
0.0211808
0.0211149
0.0210491
0.0209834
0.0209178
0.0208523
0.0207869
0.0207217
0.0206565
0.0205915
0.0218535
0.0217872
0.021721
0.021655
0.0215891
0.0215232
0.0214574
0.0213916
0.021326
0.0212604
0.021195
0.0211296
0.0210644
0.0209993
0.0209343
0.0208694
0.0208047
0.0207401
0.0206757
0.0206114
0.143398
0.11874
0.125622
0.104775
0.111017
0.0917055
0.0974427
0.0789827
0.0852795
0.0677673
0.0747213
0.0582672
0.0656134
0.0502271
0.0577479
0.0434028
0.0509698
0.0376365
0.0451571
0.0328005
0.0401984
0.028775
0.03599
0.0254499
0.0324378
0.0227279
0.0294576
0.0205239
0.0269747
0.0187634
0.0249229
0.0173814
0.0232435
0.0163214
0.021885
0.015534
0.0208019
0.0149767
0.0199542
0.0146123
0.019307
0.0144088
0.0188297
0.0143385
0.0184957
0.0143774
0.0182816
0.014505
0.0181671
0.0147034
0.0181348
0.0149575
0.0181693
0.0152543
0.0182575
0.0155826
0.018388
0.0159331
0.0185512
0.0162977
0.0187387
0.0166697
0.0189434
0.0170435
0.0191592
0.0174145
0.0193813
0.0177787
0.0196052
0.0181332
0.0198276
0.0184753
0.0200455
0.0188032
0.0202567
0.0191153
0.0204593
0.0194106
0.020652
0.0196884
0.0208338
0.0199482
0.0210038
0.0201899
0.0211617
0.0204135
0.0213073
0.0206193
0.0214406
0.0208077
0.0215618
0.0209792
0.0216711
0.0211343
0.0217689
0.0212739
0.0218559
0.0213987
0.0219325
0.0215095
0.0219994
0.021607
0.0220573
0.0216922
0.0221067
0.0217659
0.0221484
0.0218287
0.022183
0.0218814
0.022211
0.0219245
0.0222329
0.0219588
0.0222492
0.0219844
0.02226
0.0220017
0.0222654
0.0220102
0.19105
0.181546
0.171861
0.161993
0.151703
0.163959
0.140842
0.147932
0.122543
0.133847
0.144577
0.154861
0.164952
0.174857
0.184568
0.0164233
0.0162073
0.0164054
0.0161862
0.0163703
0.0161444
0.0163184
0.016083
0.01625
0.0160019
0.0161648
0.0159011
0.0160625
0.01578
0.0159428
0.0156383
0.0158049
0.0154751
0.0156483
0.0152897
0.0154722
0.0150811
0.015276
0.0148485
0.0150589
0.0145909
0.0148205
0.0143075
0.0145602
0.0139973
0.0142775
0.0136597
0.0139725
0.0132942
0.013645
0.0129002
0.0132953
0.0124776
0.012924
0.0120264
0.012532
0.011547
0.0121206
0.0110401
0.0116916
0.0105066
0.0112471
0.00994821
0.0107899
0.00936684
0.0103235
0.00876507
0.00985191
0.00814607
0.00937998
0.00751371
0.00891338
0.0068726
0.00845873
0.00622821
0.00802361
0.00558691
0.00761677
0.0049561
0.00724814
0.00434428
0.00692903
0.00376118
0.00667224
0.00321793
0.00649223
0.00272713
0.00640531
0.00230312
0.00642984
0.0019621
0.00658651
0.00172243
0.00689861
0.00160488
0.00739236
0.00163297
0.00809734
0.0018334
0.00904692
0.00223651
0.0102789
0.00287689
0.0118359
0.00379407
0.0137664
0.00503335
0.0161254
0.00664678
0.0189751
0.00869416
0.0223861
0.0112444
0.0264388
0.014377
0.0312238
0.0181841
0.0368414
0.0227707
0.0433996
0.028251
0.0510199
0.0347479
0.0598642
0.0424223
0.0701514
0.0515331
0.0820234
0.0623261
0.0952308
0.074514
0.109386
0.0868301
0.126974
0.100025
0.0160754
0.0160198
0.0159644
0.0159091
0.0158541
0.0157991
0.0157443
0.0156897
0.0156353
0.015581
0.0155269
0.0154731
0.0154194
0.0153659
0.0153126
0.0152595
0.0152066
0.015154
0.0151016
0.0160526
0.0159965
0.0159408
0.0158852
0.0158297
0.0157743
0.0157191
0.0156641
0.0156091
0.0155544
0.0154998
0.0154454
0.0153911
0.0153371
0.0152832
0.0152295
0.015176
0.0151227
0.0150697
0.0160066
0.0159492
0.0158925
0.0158358
0.0157792
0.0157227
0.0156663
0.0156101
0.015554
0.015498
0.0154422
0.0153866
0.0153311
0.0152758
0.0152207
0.0151657
0.015111
0.0150565
0.0150021
0.0159394
0.0158801
0.0158217
0.0157634
0.0157051
0.0156468
0.0155886
0.0155306
0.0154727
0.015415
0.0153574
0.0152999
0.0152427
0.0151856
0.0151286
0.0150719
0.0150153
0.014959
0.0149028
0.0158503
0.0157883
0.0157277
0.0156672
0.0156065
0.0155458
0.0154853
0.0154249
0.0153646
0.0153045
0.0152445
0.0151847
0.015125
0.0150655
0.0150062
0.014947
0.014888
0.0148293
0.0147707
0.0157397
0.0156743
0.015611
0.0155477
0.015484
0.0154204
0.0153568
0.0152935
0.0152302
0.0151672
0.0151042
0.0150414
0.0149788
0.0149163
0.014854
0.0147919
0.01473
0.0146683
0.0146068
0.0145455
0.0156068
0.0155373
0.0154707
0.0154041
0.0153369
0.0152697
0.0152026
0.0151357
0.0150689
0.0150023
0.0149358
0.0148694
0.0148033
0.0147372
0.0146714
0.0146058
0.0145403
0.0144751
0.0144101
0.0143452
0.0154511
0.0153769
0.0153065
0.015236
0.0151647
0.0150933
0.0150221
0.014951
0.0148801
0.0148094
0.0147387
0.0146683
0.014598
0.0145279
0.0144579
0.0143882
0.0143186
0.0142493
0.0141802
0.0141113
0.0152719
0.0151922
0.0151174
0.0150424
0.0149665
0.0148903
0.0148143
0.0147385
0.0146629
0.0145874
0.0145121
0.0144369
0.0143619
0.0142871
0.0142125
0.014138
0.0140638
0.0139898
0.013916
0.0138424
0.0150682
0.0149822
0.0149025
0.0148226
0.0147414
0.0146598
0.0145784
0.0144973
0.0144163
0.0143355
0.0142549
0.0141744
0.014094
0.0140139
0.0139339
0.0138542
0.0137747
0.0136953
0.0136163
0.0135374
0.014839
0.0147459
0.0146608
0.0145753
0.0144881
0.0144005
0.0143131
0.014226
0.0141391
0.0140523
0.0139657
0.0138792
0.0137929
0.0137068
0.013621
0.0135353
0.0134498
0.0133646
0.0132796
0.0131948
0.0145831
0.0144821
0.014391
0.0142994
0.0142056
0.0141113
0.0140172
0.0139235
0.0138299
0.0137365
0.0136432
0.0135501
0.0134572
0.0133645
0.013272
0.0131797
0.0130877
0.0129958
0.0129042
0.0128129
0.0142996
0.0141898
0.0140921
0.0139937
0.0138927
0.0137908
0.0136894
0.0135883
0.0134874
0.0133867
0.013286
0.0131856
0.0130854
0.0129853
0.0128855
0.0127859
0.0126865
0.0125874
0.0124885
0.0123898
0.0139873
0.0138677
0.0137628
0.013657
0.0135479
0.0134379
0.0133282
0.0132191
0.0131101
0.0130013
0.0128926
0.012784
0.0126757
0.0125676
0.0124597
0.012352
0.0122445
0.0121373
0.0120304
0.0119237
0.0136452
0.0135147
0.013402
0.0132881
0.0131702
0.0130511
0.0129325
0.0128144
0.0126966
0.0125788
0.0124612
0.0123438
0.0122266
0.0121095
0.0119927
0.0118762
0.0117598
0.0116438
0.011528
0.0114124
0.0132722
0.0131299
0.0130085
0.0128858
0.0127582
0.0126292
0.0125007
0.0123729
0.0122453
0.0121178
0.0119904
0.0118632
0.0117362
0.0116094
0.0114829
0.0113565
0.0112304
0.0111046
0.0109791
0.0108538
0.0128677
0.0127121
0.0125814
0.012449
0.0123108
0.0121709
0.0120317
0.0118932
0.0117549
0.0116166
0.0114785
0.0113406
0.0112029
0.0110654
0.0109281
0.0107911
0.0106543
0.0105178
0.0103816
0.0102456
0.0124308
0.0122607
0.0121198
0.0119769
0.0118271
0.0116752
0.0115241
0.0113739
0.0112239
0.0110739
0.0109241
0.0107744
0.010625
0.0104757
0.0103267
0.010178
0.0100294
0.00988119
0.00973322
0.00958555
0.011961
0.011775
0.011623
0.0114685
0.0113059
0.011141
0.010977
0.0108139
0.0106511
0.0104883
0.0103256
0.010163
0.0100007
0.00983861
0.00967674
0.00951511
0.00935374
0.00919264
0.00903183
0.00887132
0.0114581
0.0112545
0.0110903
0.0109233
0.0107468
0.0105675
0.0103893
0.0102121
0.0100352
0.00985836
0.00968156
0.00950493
0.00932852
0.00915233
0.00897636
0.00880065
0.00862519
0.00845001
0.00827513
0.00810055
0.010922
0.010699
0.0105216
0.0103407
0.0101489
0.00995392
0.00976015
0.0095676
0.00937533
0.00918303
0.00899078
0.00879871
0.00860686
0.00841523
0.00822383
0.00803268
0.0078418
0.00765119
0.00746089
0.0072709
0.0103529
0.0101087
0.00991667
0.00972076
0.00951218
0.00929989
0.00908905
0.00887962
0.00867048
0.00846127
0.00825209
0.00804309
0.00783431
0.00762576
0.00741744
0.00720937
0.00700158
0.00679407
0.00658686
0.00637997
0.00975165
0.00948402
0.00927592
0.00906345
0.00883644
0.0086052
0.00837563
0.00814767
0.00792003
0.00769226
0.00746452
0.00723695
0.00700961
0.00678251
0.00655565
0.00632904
0.00610271
0.00587667
0.00565095
0.00542555
0.00911913
0.0088257
0.00859993
0.00836926
0.00812199
0.00786991
0.00761978
0.00737148
0.00712351
0.00687538
0.00662725
0.0063793
0.0061316
0.00588414
0.00563693
0.00538998
0.00514331
0.00489695
0.00465091
0.00440521
0.00845689
0.00813503
0.00788974
0.00763903
0.00736947
0.00709448
0.00682174
0.00655108
0.00628078
0.00601028
0.00573976
0.00546944
0.00519938
0.00492957
0.00466002
0.00439074
0.00412177
0.00385311
0.00358479
0.00331682
0.00776694
0.00741374
0.00714683
0.00687401
0.00657991
0.00627969
0.00598207
0.00568683
0.00539196
0.00509685
0.00480172
0.00450681
0.00421218
0.00391783
0.00362374
0.00332995
0.00303648
0.00274335
0.00245057
0.00215816
0.00705188
0.0066641
0.00637318
0.00607593
0.00575477
0.00542677
0.00510175
0.00477943
0.00445753
0.00413534
0.00381313
0.00349117
0.00316953
0.00284819
0.00252715
0.00220642
0.00188604
0.00156602
0.00124639
0.000927149
0.00631494
0.005889
0.00557133
0.00524703
0.00489604
0.00453739
0.00418217
0.00383
0.00347832
0.00312631
0.00277429
0.00242256
0.00207119
0.00172016
0.00136947
0.00101913
0.000669176
0.000319618
-2.95252e-05
-0.000378239
0.00556007
0.00509197
0.00474446
0.00439016
0.00400621
0.00361376
0.00322521
0.00284012
0.00245558
0.00207071
0.00168583
0.00130132
0.00091722
0.000533518
0.0001502
-0.000232714
-0.0006152
-0.000997238
-0.00137882
-0.00175992
-0.00214054
0.00479199
0.0042773
0.00389641
0.00350879
0.00308842
0.00265863
0.00223327
0.00181183
0.00139104
0.000969906
0.000548811
0.00012815
-0.000292006
-0.000711696
-0.00113094
-0.00154971
-0.00196798
-0.00238575
-0.002803
-0.00321971
-0.00363589
0.00401632
0.00345009
0.00303178
0.00260709
0.00214643
0.0016754
0.00120935
0.000747734
0.000286903
-0.000174268
-0.000635331
-0.00109586
-0.00155577
-0.00201512
-0.00247393
-0.00293219
-0.00338987
-0.00384695
-0.00430344
-0.00475932
-0.00521459
0.00323958
0.00261632
0.00215597
0.00168999
0.00118475
0.000668097
0.000157041
-0.000349007
-0.000854104
-0.0013595
-0.00186469
-0.00236921
-0.00287298
-0.00337606
-0.00387849
-0.00438025
-0.00488132
-0.0053817
-0.00588137
-0.00638034
-0.00687861
0.00246938
0.00178295
0.0012753
0.000763275
0.000208654
-0.000358487
-0.000919371
-0.0014746
-0.00202867
-0.00258295
-0.0031369
-0.00369
-0.00424217
-0.0047935
-0.00534402
-0.00589372
-0.0064426
-0.00699064
-0.00753786
-0.00808425
-0.00862981
0.00171446
0.000958022
0.000397061
-0.000166394
-0.000775748
-0.00139879
-0.00201488
-0.0026246
-0.00323288
-0.00384124
-0.00444909
-0.00505586
-0.00566149
-0.00626606
-0.00686963
-0.0074722
-0.00807376
-0.00867432
-0.00927387
-0.00987244
-0.01047
0.000984844
0.000150751
-0.00047039
-0.00109134
-0.0017614
-0.00244639
-0.00312371
-0.00379384
-0.00446217
-0.0051304
-0.00579788
-0.006464
-0.00712868
-0.00779206
-0.00845418
-0.00911507
-0.00977471
-0.0104331
-0.0110903
-0.0117463
-0.0124011
0.000291974
-0.000628317
-0.00131749
-0.00200281
-0.00274025
-0.00349393
-0.0042392
-0.00497638
-0.0057113
-0.00644586
-0.00717936
-0.00791115
-0.00864115
-0.00936953
-0.0100963
-0.0108216
-0.0115454
-0.0122676
-0.0129883
-0.0137076
-0.0144255
-0.000351104
-0.00136715
-0.00213333
-0.00289077
-0.00370305
-0.00453296
-0.00535372
-0.00616537
-0.00697419
-0.00778228
-0.00858892
-0.00939342
-0.0101957
-0.0109959
-0.0117943
-0.0125906
-0.0133852
-0.0141778
-0.0149686
-0.0157577
-0.0165451
-0.000929568
-0.00205209
-0.00290554
-0.00374389
-0.00463934
-0.00555391
-0.0064586
-0.00735303
-0.00824392
-0.00913359
-0.0100213
-0.0109064
-0.0117887
-0.0126685
-0.0135458
-0.0144208
-0.0152934
-0.0161638
-0.017032
-0.017898
-0.0187619
-0.00142659
-0.0026676
-0.00362008
-0.0045493
-0.00553727
-0.00654594
-0.00754402
-0.00853057
-0.00951267
-0.0104929
-0.0114706
-0.012445
-0.013416
-0.0143838
-0.0153486
-0.0163104
-0.0172694
-0.0182256
-0.0191791
-0.0201299
-0.0210782
-0.00182307
-0.00319606
-0.00426105
-0.00529244
-0.00638342
-0.00749678
-0.0085989
-0.00968805
-0.0107716
-0.0118526
-0.0129301
-0.0140036
-0.0150729
-0.0161382
-0.0171999
-0.0182579
-0.0193123
-0.0203633
-0.0214109
-0.0224553
-0.0234966
-0.00209729
-0.00361746
-0.00481044
-0.00595685
-0.00716263
-0.00839257
-0.00961073
-0.0108143
-0.0120109
-0.0132038
-0.0143925
-0.015576
-0.0167544
-0.0179279
-0.0190968
-0.0202612
-0.0214212
-0.022577
-0.0237287
-0.0248764
-0.0260203
-0.00222453
-0.00390899
-0.00524776
-0.00652384
-0.00785771
-0.00921764
-0.0105654
-0.0118967
-0.0132194
-0.014537
-0.0158492
-0.0171551
-0.0184547
-0.0197484
-0.0210362
-0.0223186
-0.0235955
-0.0248673
-0.0261339
-0.0273957
-0.0286529
-0.00217654
-0.00404463
-0.0055497
-0.00697217
-0.00844913
-0.0099542
-0.0114469
-0.012921
-0.0143844
-0.0158412
-0.0172911
-0.0187333
-0.0201678
-0.0215948
-0.0230148
-0.024428
-0.0258346
-0.0272347
-0.0286287
-0.0300166
-0.0313988
-0.00192097
-0.00399455
-0.00568958
-0.0072776
-0.00891464
-0.010582
-0.012237
-0.0138712
-0.015492
-0.0171041
-0.0187077
-0.0203018
-0.0218865
-0.0234621
-0.025029
-0.0265875
-0.0281379
-0.0296804
-0.0312153
-0.0327429
-0.0342634
-0.00142064
-0.00372444
-0.00563681
-0.00741235
-0.00922875
-0.0110779
-0.0129151
-0.0147287
-0.0165259
-0.0183119
-0.0200872
-0.021851
-0.0236033
-0.0253445
-0.027075
-0.0287952
-0.0305055
-0.0322061
-0.0338973
-0.0355796
-0.0372532
-0.000632605
-0.00319463
-0.00535607
-0.00734441
-0.00936213
-0.0114152
-0.0134572
-0.0154726
-0.0174677
-0.0194486
-0.0214163
-0.02337
-0.0253097
-0.0272358
-0.0291488
-0.0310492
-0.0329374
-0.0348138
-0.0366787
-0.0385327
-0.0403759
0.00049286
-0.00235913
-0.00480642
-0.0070367
-0.00928077
-0.011563
-0.0138357
-0.0160784
-0.0182962
-0.0204961
-0.0226797
-0.0248464
-0.026996
-0.029129
-0.0312461
-0.0333478
-0.0354345
-0.0375068
-0.0395651
-0.0416099
-0.0436416
0.00201351
-0.00116435
-0.00394019
-0.00644602
-0.00894504
-0.0114855
-0.0140187
-0.016518
-0.0189868
-0.0214332
-0.0238597
-0.0262658
-0.0286511
-0.0310163
-0.0333621
-0.035689
-0.0379978
-0.0402888
-0.0425627
-0.04482
-0.0470614
0.00399644
0.000452163
-0.00270172
-0.00552187
-0.00830855
-0.0111403
-0.0139682
-0.0167579
-0.0195103
-0.022235
-0.0249355
-0.0276114
-0.0302622
-0.0328886
-0.0354913
-0.0380712
-0.0406288
-0.0431647
-0.0456797
-0.0481744
-0.0506494
0.00651979
0.00256329
-0.00102594
-0.00420501
-0.00731672
-0.0104778
-0.0136399
-0.0167587
-0.0198325
-0.0228721
-0.0258824
-0.0288632
-0.0318139
-0.0347349
-0.0376273
-0.0404919
-0.0433295
-0.0461407
-0.0489263
-0.0516871
-0.0544238
0.0096749
0.00525462
0.00116375
-0.00242561
-0.0059051
-0.00943919
-0.0129807
-0.0164737
-0.0199121
-0.0233089
-0.0266705
-0.029997
-0.0332873
-0.0365419
-0.0397618
-0.0429481
-0.0461016
-0.049223
-0.0523133
-0.0553732
-0.0584036
0.0135687
0.0086274
0.00395857
-0.000100303
-0.00399669
-0.00795405
-0.0119275
-0.0158462
-0.0196995
-0.0235024
-0.0272635
-0.0309828
-0.034659
-0.0382922
-0.0418837
-0.0454346
-0.0489459
-0.0524183
-0.0558527
-0.05925
-0.0626111
0.0183226
0.0127986
0.00746611
0.00287051
-0.00149902
-0.00593771
-0.0104037
-0.0148082
-0.0191344
-0.0234003
-0.0276169
-0.0317842
-0.0359002
-0.039965
-0.0439798
-0.0479458
-0.051864
-0.0557353
-0.0595604
-0.0633404
-0.0670763
0.0240645
0.017893
0.0118048
0.00660072
0.00169629
-0.00328957
-0.00831742
-0.0132762
-0.018142
-0.0229367
-0.0276739
-0.0323534
-0.0369721
-0.0415298
-0.0460279
-0.0504677
-0.0548501
-0.0591758
-0.0634456
-0.0676605
-0.0718214
0.0309312
0.0240334
0.017093
0.0112092
0.00570544
0.000100102
-0.00556621
-0.0111551
-0.0166358
-0.0220351
-0.0273691
-0.0326363
-0.0378323
-0.0429567
-0.0480108
-0.0529958
-0.0579122
-0.0627605
-0.0675416
-0.0722561
-0.076905
0.0391221
0.0313891
0.0234837
0.0168403
0.0106612
0.00435358
-0.00203383
-0.0083329
-0.0145092
-0.0205955
-0.0266092
-0.0325463
-0.038401
-0.0441724
-0.049862
-0.0554704
-0.0609977
-0.0664441
-0.0718101
-0.0770963
-0.0823032
0.0489386
0.0402712
0.0312718
0.0237472
0.0167676
0.00963729
0.0024221
-0.00468701
-0.0116612
-0.0185408
-0.0253416
-0.032056
-0.0386769
-0.0452032
-0.0516352
-0.0579722
-0.0642133
-0.070358
-0.0764061
-0.0823576
-0.0882127
0.0604758
0.0509767
0.0408825
0.0323573
0.0243959
0.0162785
0.00811151
8.5881e-05
-0.00779123
-0.015566
-0.0232495
-0.0308335
-0.0383134
-0.0456894
-0.0529612
-0.0601273
-0.0671857
-0.0741347
-0.0809729
-0.0876989
-0.0943116
0.072675
0.0628655
0.0522129
0.0428132
0.0337181
0.0244241
0.0151258
0.00597834
-0.00303102
-0.0119294
-0.0207111
-0.029366
-0.0378919
-0.0462896
-0.0545588
-0.0626981
-0.0707064
-0.0785826
-0.0863257
-0.0939347
-0.101409
0.0830454
0.0736747
0.0639145
0.0544206
0.0446301
0.0345671
0.0244562
0.0143655
0.00429741
-0.00572405
-0.0156667
-0.0255095
-0.0352398
-0.0448472
-0.054322
-0.0636566
-0.0728447
-0.0818807
-0.0907599
-0.0994783
-0.108032
)
;

boundaryField
{
    inlet
    {
        type            zeroGradient;
    }
    outlet
    {
        type            fixedValue;
        value           nonuniform 0();
    }
    cylinder
    {
        type            zeroGradient;
    }
    top
    {
        type            symmetryPlane;
    }
    bottom
    {
        type            symmetryPlane;
    }
    frontAndBack
    {
        type            empty;
    }
    procBoundary1to0
    {
        type            processor;
        value           nonuniform List<scalar> 
216
(
0.200364
0.20949
0.218429
0.231208
0.227178
0.231208
0.240933
0.250433
0.265657
0.265657
0.275234
0.284549
0.293592
0.311449
0.311449
0.320417
0.329059
0.337363
0.356046
0.356046
0.364133
0.371822
0.379101
0.38596
0.405413
0.405413
0.411798
0.417702
0.423117
0.428033
0.432443
0.436338
0.439714
0.442563
0.444882
0.446666
0.463792
0.463792
0.464546
0.464723
0.464321
0.463341
0.461783
0.461783
0.444025
0.441489
0.438421
0.434824
0.430706
0.426071
0.420926
0.415279
0.40914
0.402516
0.395418
0.395418
0.375888
0.368371
0.360441
0.352109
0.343387
0.343387
0.324839
0.315953
0.306737
0.297204
0.297204
0.279564
0.270003
0.260178
0.260178
0.244959
0.235223
0.22526
0.22526
0.221528
0.212572
0.203425
0.19409
0.159416
0.141941
0.126988
0.113187
0.100658
0.0895258
0.0797209
0.071105
0.0635529
0.0569585
0.0512245
0.0462591
0.041977
0.0382998
0.0351563
0.0324822
0.0302197
0.0283169
0.0267275
0.0254101
0.0243282
0.0234493
0.0227447
0.022189
0.0217602
0.0214385
0.0212069
0.0210505
0.0209562
0.0209127
0.0209102
0.0209403
0.0209956
0.0210701
0.0211583
0.0212558
0.021359
0.0214646
0.0215701
0.0216735
0.0217732
0.0218678
0.0219565
0.0220386
0.0221137
0.0221816
0.0222424
0.022296
0.0223429
0.0223832
0.0224176
0.0224464
0.0224701
0.0224894
0.0225046
0.0225165
0.0225253
0.0225317
0.0225357
0.0225377
0.200364
0.204669
0.196968
0.189132
0.181184
0.172941
0.172941
0.176028
0.161623
0.157223
0.157223
0.165787
0.174051
0.182207
0.190236
0.19812
0.19409
0.0166551
0.0166407
0.0166126
0.0165709
0.016516
0.0164475
0.0163653
0.016269
0.0161582
0.0160322
0.0158907
0.0157331
0.0155592
0.0153685
0.0151609
0.0149365
0.0146953
0.014438
0.0141651
0.0138779
0.0135778
0.0132666
0.0129468
0.0126213
0.0122937
0.0119681
0.0116496
0.0113438
0.0110575
0.0107984
0.0105752
0.0103978
0.0102775
0.0102271
0.0102607
0.0103945
0.0106464
0.0110365
0.0115874
0.0123242
0.0132752
0.0144716
0.0159489
0.0177464
0.0199082
0.0224836
0.0255277
0.0291018
0.0332743
0.0381212
0.0437258
0.0501781
0.0575744
0.0660231
0.0756556
0.0866151
0.0989587
0.112529
0.127232
0.144691
)
;
    }
    procBoundary1to2
    {
        type            processor;
        value           nonuniform List<scalar> 
205
(
-0.101849
-0.106095
-0.106095
-0.124566
-0.109935
-0.109935
-0.129596
-0.129596
-0.135115
-0.135115
-0.141201
-0.141201
-0.147951
-0.147951
-0.155453
-0.155453
-0.163787
-0.163787
-0.173003
-0.173003
-0.18306
-0.18306
-0.193749
-0.193749
-0.204544
-0.204544
-0.21445
-0.21445
-0.221861
-0.199633
-0.199633
-0.201365
-0.201365
-0.195983
-0.171466
-0.171466
-0.156343
-0.156343
-0.131343
-0.104823
-0.104823
-0.165864
-0.165864
-0.193227
-0.218518
-0.218518
-0.232955
-0.232955
-0.258164
-0.261816
-0.261816
-0.257556
-0.257556
-0.248207
-0.248207
-0.269859
-0.2567
-0.2567
-0.24265
-0.24265
-0.228833
-0.228833
-0.21583
-0.21583
-0.203873
-0.203873
-0.193005
-0.193005
-0.183173
-0.183173
-0.174288
-0.174288
-0.166253
-0.166253
-0.158963
-0.158963
-0.152332
-0.136212
-0.136212
-0.131072
-0.131072
-0.12562
-0.0935739
-0.0872108
-0.0801178
-0.0740887
-0.0681431
-0.0627105
-0.0575538
-0.0527317
-0.0481842
-0.0439051
-0.039868
-0.0360585
-0.0324624
-0.029065
-0.0258553
-0.0228224
-0.0199569
-0.0172493
-0.0146916
-0.0122762
-0.00999603
-0.00784415
-0.00581418
-0.00390023
-0.00209663
-0.000397963
0.0012006
0.00270438
0.0041178
0.00544528
0.00669096
0.00785883
0.00895265
0.00997606
0.0109325
0.0118252
0.0126574
0.013432
0.0141519
0.0148198
0.0154384
0.0160102
0.0165376
0.0170228
0.0174682
0.0178757
0.0182473
0.018585
0.0189955
0.0189955
0.0192637
0.0195036
0.0197164
0.0199034
0.0200656
0.020204
0.0203188
0.0204112
0.0204799
0.0205267
0.0205472
0.0150494
0.0150168
0.014948
0.0148469
0.0147124
0.0147124
0.0144844
0.0142806
0.0140426
0.0137691
0.0134588
0.0131103
0.0127218
0.0122915
0.0118173
0.0112972
0.0107288
0.0101099
0.00943819
0.00871112
0.00792629
0.00708123
0.00617342
0.00520049
0.00415986
0.00304922
0.00186614
0.000608319
-0.000726511
-0.000726511
-0.00252066
-0.00405151
-0.00566924
-0.00737618
-0.00917457
-0.0110667
-0.0130548
-0.015142
-0.0173308
-0.0196238
-0.0220241
-0.024535
-0.0271605
-0.0299055
-0.0327756
-0.0357772
-0.0389185
-0.042209
-0.0456608
-0.0492873
-0.0531054
-0.0571371
-0.0614053
-0.065937
-0.070769
-0.0759294
-0.0814892
-0.0874315
-0.0939717
-0.10081
-0.108747
-0.116419
)
;
    }
}


// ************************************************************************* //
