/*--------------------------------*- C++ -*----------------------------------*\
  =========                 |
  \\      /  F ield         | OpenFOAM: The Open Source CFD Toolbox
   \\    /   O peration     | Website:  https://openfoam.org
    \\  /    A nd           | Version:  7
     \\/     M anipulation  |
\*---------------------------------------------------------------------------*/
FoamFile
{
    version     2.0;
    format      ascii;
    class       volScalarField;
    location    "300";
    object      p;
}
// * * * * * * * * * * * * * * * * * * * * * * * * * * * * * * * * * * * * * //

dimensions      [0 2 -2 0 0 0 0];

internalField   nonuniform List<scalar> 
7156
(
-0.109007
-0.126778
-0.144428
-0.155856
-0.156624
-0.146566
-0.129676
-0.111089
-0.0948421
-0.0829074
-0.0755313
-0.0722839
-0.0733508
-0.0792369
-0.0892133
-0.100378
-0.108358
-0.109567
-0.103213
-0.0919632
-0.0799092
-0.0700104
-0.0632763
-0.0600453
-0.0607023
-0.0651
-0.0714996
-0.0768707
-0.0782581
-0.110575
-0.128838
-0.146906
-0.158552
-0.159261
-0.148885
-0.131527
-0.112444
-0.0957361
-0.0833896
-0.0756501
-0.0720629
-0.0727731
-0.0782621
-0.0878205
-0.0986105
-0.106342
-0.107496
-0.101297
-0.0903736
-0.0787263
-0.0692417
-0.0629007
-0.0600586
-0.0611196
-0.0659355
-0.0727247
-0.0783924
-0.0799103
-0.112094
-0.130847
-0.149334
-0.161207
-0.161868
-0.151181
-0.133358
-0.113779
-0.0966088
-0.0838494
-0.0757458
-0.071819
-0.0721731
-0.0772659
-0.0864081
-0.096827
-0.104315
-0.105419
-0.0993778
-0.0887798
-0.0775356
-0.0684608
-0.06251
-0.0600562
-0.0615225
-0.0667593
-0.0739422
-0.0799114
-0.081564
-0.11356
-0.1328
-0.151708
-0.163816
-0.164439
-0.153451
-0.135167
-0.115093
-0.0974603
-0.0842873
-0.0758194
-0.0715534
-0.0715523
-0.0762502
-0.084978
-0.0950293
-0.102279
-0.103337
-0.0974568
-0.0871828
-0.0763372
-0.0676675
-0.0621041
-0.0600374
-0.0619099
-0.06757
-0.0751507
-0.0814264
-0.0832179
-0.114968
-0.134692
-0.154025
-0.166375
-0.166973
-0.155693
-0.136953
-0.116386
-0.0982908
-0.0847039
-0.0758716
-0.0712673
-0.0709123
-0.0752168
-0.0835326
-0.0932198
-0.100236
-0.101253
-0.0955353
-0.0855832
-0.0751315
-0.066862
-0.0616825
-0.0600017
-0.0622807
-0.0683664
-0.0763487
-0.0829359
-0.0848707
-0.116316
-0.136521
-0.15628
-0.168882
-0.169466
-0.157905
-0.138715
-0.117658
-0.0991006
-0.0850998
-0.0759035
-0.0709619
-0.0702546
-0.0741675
-0.0820739
-0.0914006
-0.0981876
-0.0991676
-0.0936144
-0.0839816
-0.0739188
-0.0660441
-0.0612449
-0.0599484
-0.062634
-0.069147
-0.0775347
-0.0844384
-0.0865214
-0.117601
-0.138282
-0.158468
-0.17133
-0.171916
-0.160086
-0.140453
-0.118908
-0.0998899
-0.0854758
-0.0759158
-0.0706384
-0.0695807
-0.0731044
-0.0806041
-0.089574
-0.0961363
-0.0970831
-0.0916952
-0.0823789
-0.0726994
-0.065214
-0.0607911
-0.0598767
-0.0629687
-0.0699106
-0.0787071
-0.0859324
-0.0881685
-0.118818
-0.13997
-0.160585
-0.173718
-0.174319
-0.162234
-0.142166
-0.120136
-0.100659
-0.0858324
-0.0759097
-0.0702979
-0.0688921
-0.0720291
-0.0791252
-0.0877422
-0.0940839
-0.0950009
-0.0897789
-0.0807757
-0.0714737
-0.0643715
-0.0603207
-0.0597862
-0.0632839
-0.0706558
-0.0798644
-0.0874162
-0.0898107
-0.119964
-0.141583
-0.162627
-0.176041
-0.176673
-0.164346
-0.143852
-0.121343
-0.101409
-0.0861705
-0.075886
-0.0699417
-0.0681902
-0.0709435
-0.0776394
-0.0859071
-0.0920325
-0.0929227
-0.0878668
-0.0791728
-0.0702421
-0.063517
-0.0598337
-0.0596762
-0.0635785
-0.0713814
-0.0810051
-0.0888885
-0.0914467
-0.121037
-0.143116
-0.164591
-0.178295
-0.178974
-0.166422
-0.145512
-0.122527
-0.102139
-0.0864908
-0.0758458
-0.069571
-0.0674766
-0.0698494
-0.0761486
-0.084071
-0.0899838
-0.09085
-0.0859598
-0.0775709
-0.069005
-0.0626504
-0.0593297
-0.0595461
-0.0638516
-0.072086
-0.0821276
-0.0903476
-0.0930753
-0.122033
-0.144565
-0.166472
-0.180477
-0.18122
-0.168459
-0.147143
-0.123689
-0.10285
-0.0867939
-0.07579
-0.069187
-0.0667528
-0.0687485
-0.0746549
-0.0822358
-0.0879397
-0.0887842
-0.0840592
-0.0759707
-0.0677628
-0.0617719
-0.0588086
-0.0593954
-0.0641024
-0.0727682
-0.0832305
-0.091792
-0.0946949
-0.12295
-0.145928
-0.168267
-0.182583
-0.183407
-0.170455
-0.148746
-0.124829
-0.103542
-0.0870807
-0.0757197
-0.0687908
-0.0660201
-0.0676426
-0.07316
-0.0804035
-0.0859021
-0.0867269
-0.082166
-0.074373
-0.066516
-0.0608817
-0.0582702
-0.0592236
-0.0643297
-0.0734269
-0.0843121
-0.0932201
-0.0963043
-0.123784
-0.147202
-0.169972
-0.184609
-0.185534
-0.172409
-0.150319
-0.125947
-0.104217
-0.087352
-0.0756358
-0.0683838
-0.06528
-0.0665333
-0.0716661
-0.0785761
-0.0838727
-0.0846795
-0.0802812
-0.0727785
-0.065265
-0.05998
-0.0577145
-0.0590302
-0.0645329
-0.0740607
-0.0853709
-0.0946302
-0.097902
-0.124535
-0.148382
-0.171583
-0.186553
-0.187596
-0.174319
-0.151862
-0.127042
-0.104873
-0.0876086
-0.0755394
-0.067967
-0.0645338
-0.0654222
-0.0701747
-0.0767554
-0.0818532
-0.0826433
-0.078406
-0.0711879
-0.0640104
-0.0590671
-0.0571414
-0.0588148
-0.0647109
-0.0746685
-0.0864055
-0.0960209
-0.0994868
-0.125198
-0.149467
-0.173097
-0.188411
-0.189593
-0.176183
-0.153374
-0.128116
-0.105513
-0.0878512
-0.0754315
-0.0675417
-0.063783
-0.0643109
-0.0686878
-0.0749432
-0.0798452
-0.0806197
-0.0765413
-0.069602
-0.0627526
-0.0581432
-0.0565509
-0.058577
-0.064863
-0.0752488
-0.0874144
-0.0973906
-0.101057
-0.125773
-0.150453
-0.174512
-0.190179
-0.19152
-0.177999
-0.154855
-0.129167
-0.106136
-0.0880807
-0.0753132
-0.067109
-0.0630288
-0.0632009
-0.0672069
-0.0731413
-0.0778504
-0.0786101
-0.0746881
-0.0680215
-0.0614921
-0.0572085
-0.0559429
-0.0583163
-0.0649884
-0.0758007
-0.088396
-0.0987377
-0.102612
-0.126258
-0.151338
-0.175825
-0.191856
-0.193375
-0.179766
-0.156303
-0.130196
-0.106742
-0.0882979
-0.0751854
-0.0666701
-0.0622726
-0.0620937
-0.0657338
-0.0713513
-0.0758703
-0.0766155
-0.0728475
-0.0664472
-0.0602296
-0.0562635
-0.0553176
-0.0580325
-0.0650863
-0.0763229
-0.0893488
-0.100061
-0.104149
-0.12665
-0.15212
-0.177032
-0.193438
-0.195156
-0.181482
-0.157718
-0.131202
-0.107333
-0.0885036
-0.0750491
-0.066226
-0.0615156
-0.0609907
-0.06427
-0.0695749
-0.0739064
-0.0746374
-0.0710203
-0.0648797
-0.0589655
-0.0553086
-0.0546749
-0.0577252
-0.065156
-0.0768143
-0.0902716
-0.101358
-0.105667
-0.126948
-0.152797
-0.178131
-0.194922
-0.196861
-0.183146
-0.1591
-0.132187
-0.107908
-0.0886987
-0.0749053
-0.0657778
-0.0607591
-0.0598932
-0.062817
-0.0678136
-0.0719601
-0.0726768
-0.0692074
-0.0633198
-0.0577005
-0.054344
-0.0540151
-0.0573942
-0.0651969
-0.0772738
-0.0911629
-0.102628
-0.107166
-0.127152
-0.153368
-0.179121
-0.196306
-0.198488
-0.184756
-0.160446
-0.133149
-0.108469
-0.0888838
-0.0747551
-0.0653268
-0.0600041
-0.0588026
-0.0613762
-0.0660688
-0.0700328
-0.0707349
-0.0674099
-0.0617682
-0.0564351
-0.0533703
-0.0533382
-0.0570394
-0.0652082
-0.0777004
-0.0920213
-0.10387
-0.108643
-0.12726
-0.15383
-0.179999
-0.197589
-0.200033
-0.186309
-0.161758
-0.13409
-0.109016
-0.0890599
-0.0745994
-0.0648738
-0.0592519
-0.0577201
-0.0599489
-0.0643421
-0.0681257
-0.0688127
-0.0656284
-0.0602257
-0.05517
-0.0523878
-0.0526444
-0.0566605
-0.0651895
-0.078093
-0.0928455
-0.105081
-0.110098
-0.127271
-0.154183
-0.180763
-0.198767
-0.201495
-0.187806
-0.163034
-0.135008
-0.109548
-0.0892276
-0.0744391
-0.06442
-0.0585035
-0.0566469
-0.0585365
-0.0626346
-0.0662402
-0.0669113
-0.063864
-0.0586928
-0.0539057
-0.0513971
-0.0519341
-0.0562575
-0.0651402
-0.0784508
-0.0936342
-0.106261
-0.111528
-0.127186
-0.154426
-0.181413
-0.199839
-0.202873
-0.189244
-0.164273
-0.135905
-0.110068
-0.0893878
-0.0742753
-0.0639663
-0.05776
-0.055584
-0.0571401
-0.0609476
-0.0643773
-0.0650317
-0.0621173
-0.0571705
-0.052643
-0.0503986
-0.0512074
-0.0558302
-0.0650599
-0.0787728
-0.0943863
-0.107407
-0.112933
-0.127004
-0.154559
-0.181947
-0.200804
-0.204164
-0.190621
-0.165474
-0.136779
-0.110575
-0.0895413
-0.0741087
-0.0635137
-0.0570224
-0.0545326
-0.0557609
-0.0592824
-0.0625383
-0.0631748
-0.0603891
-0.0556592
-0.0513824
-0.0493929
-0.0504648
-0.0553787
-0.064948
-0.0790583
-0.0951005
-0.10852
-0.114311
-0.126724
-0.15458
-0.182364
-0.20166
-0.205367
-0.191937
-0.166638
-0.137631
-0.111069
-0.0896887
-0.0739403
-0.0630631
-0.0562918
-0.0534936
-0.0543999
-0.05764
-0.0607241
-0.0613415
-0.0586803
-0.0541598
-0.0501247
-0.0483806
-0.0497064
-0.0549029
-0.0648043
-0.0793063
-0.0957756
-0.109597
-0.115661
-0.126348
-0.154489
-0.182664
-0.202406
-0.20648
-0.19319
-0.167763
-0.138462
-0.111552
-0.0898307
-0.0737711
-0.0626155
-0.0555689
-0.052468
-0.0530581
-0.0560213
-0.0589358
-0.0595327
-0.0569916
-0.0526729
-0.0488704
-0.0473622
-0.0489328
-0.0544031
-0.0646285
-0.0795163
-0.0964108
-0.110636
-0.116982
-0.125875
-0.154288
-0.182846
-0.20304
-0.207503
-0.194379
-0.168849
-0.139271
-0.112023
-0.0899682
-0.0736017
-0.0621718
-0.0548547
-0.0514567
-0.0517364
-0.0544275
-0.0571743
-0.0577492
-0.0553236
-0.0511991
-0.0476203
-0.0463384
-0.0481443
-0.0538792
-0.0644202
-0.0796874
-0.0970048
-0.111638
-0.118272
-0.125307
-0.153976
-0.18291
-0.203563
-0.208433
-0.195501
-0.169894
-0.140057
-0.112484
-0.0901018
-0.0734331
-0.0617327
-0.0541501
-0.0504605
-0.0504355
-0.0528592
-0.0554404
-0.0559917
-0.0536771
-0.0497391
-0.0463749
-0.0453097
-0.0473415
-0.0533316
-0.0641794
-0.0798193
-0.0975567
-0.1126
-0.11953
-0.124645
-0.153553
-0.182857
-0.203973
-0.209267
-0.196557
-0.170898
-0.140822
-0.112934
-0.090232
-0.073266
-0.0612992
-0.0534558
-0.0494801
-0.0491562
-0.0513174
-0.0537349
-0.0542611
-0.0520526
-0.0482936
-0.0451351
-0.0442768
-0.0465248
-0.0527604
-0.0639058
-0.0799112
-0.0980658
-0.113522
-0.120755
-0.123888
-0.153022
-0.182686
-0.204271
-0.209999
-0.197544
-0.171861
-0.141564
-0.113374
-0.0903597
-0.0731013
-0.060872
-0.0527726
-0.0485162
-0.0478993
-0.0498026
-0.0520586
-0.0525579
-0.0504509
-0.0468632
-0.0439014
-0.0432404
-0.0456947
-0.0521659
-0.0635994
-0.0799628
-0.098531
-0.114402
-0.121945
-0.12304
-0.152382
-0.1824
-0.204457
-0.210626
-0.198461
-0.172781
-0.142285
-0.113804
-0.0904853
-0.0729396
-0.0604518
-0.0521013
-0.0475696
-0.0466652
-0.0483156
-0.050412
-0.0508828
-0.0488725
-0.0454484
-0.0426745
-0.0422012
-0.0448519
-0.0515484
-0.0632603
-0.0799737
-0.0989518
-0.11524
-0.1231
-0.122101
-0.151636
-0.181997
-0.204531
-0.211158
-0.199308
-0.173658
-0.142983
-0.114225
-0.0906094
-0.0727816
-0.0600395
-0.0514424
-0.0466409
-0.0454545
-0.0468568
-0.0487959
-0.0492365
-0.0473181
-0.04405
-0.0414551
-0.0411598
-0.0439968
-0.0509083
-0.0628884
-0.0799435
-0.0993273
-0.116034
-0.124219
-0.150784
-0.181481
-0.204492
-0.2116
-0.200084
-0.17449
-0.143658
-0.114636
-0.0907327
-0.072628
-0.0596356
-0.0507967
-0.0457305
-0.0442676
-0.0454267
-0.0472106
-0.0476194
-0.0457881
-0.0426684
-0.0402439
-0.040117
-0.0431302
-0.0502461
-0.062484
-0.0798719
-0.099657
-0.116783
-0.125301
-0.149829
-0.180852
-0.204343
-0.211952
-0.200788
-0.175278
-0.144311
-0.11504
-0.0908556
-0.0724795
-0.0592409
-0.0501648
-0.0448391
-0.043105
-0.0440257
-0.0456568
-0.0460321
-0.0442831
-0.0413043
-0.0390415
-0.0390734
-0.0422528
-0.0495623
-0.0620471
-0.0797589
-0.0999404
-0.117488
-0.126343
-0.148773
-0.180112
-0.204084
-0.212206
-0.201418
-0.17602
-0.144941
-0.115434
-0.0909787
-0.0723367
-0.0588559
-0.0495471
-0.0439671
-0.0419669
-0.0426541
-0.0441347
-0.0444751
-0.0428037
-0.0399582
-0.0378486
-0.0380299
-0.0413651
-0.0488573
-0.0615781
-0.0796043
-0.100177
-0.118146
-0.127347
-0.147617
-0.179263
-0.203716
-0.212359
-0.201973
-0.176715
-0.145548
-0.115821
-0.0911024
-0.0722001
-0.0584813
-0.0489442
-0.043115
-0.0408538
-0.0413121
-0.0426447
-0.0429487
-0.0413503
-0.0386307
-0.0366659
-0.0369871
-0.0404679
-0.0481317
-0.0610771
-0.079408
-0.100366
-0.118757
-0.128309
-0.146365
-0.178306
-0.203242
-0.212414
-0.202453
-0.177362
-0.146132
-0.116199
-0.0912271
-0.0720703
-0.0581176
-0.0483567
-0.0422831
-0.0397656
-0.04
-0.0411871
-0.0414535
-0.0399235
-0.0373225
-0.0354939
-0.0359458
-0.039562
-0.0473862
-0.0605447
-0.0791701
-0.100508
-0.119321
-0.129231
-0.145018
-0.177245
-0.202661
-0.212372
-0.202857
-0.17796
-0.146691
-0.11657
-0.0913533
-0.0719477
-0.0577653
-0.047785
-0.0414718
-0.0387027
-0.0387176
-0.039762
-0.0399897
-0.0385238
-0.0360339
-0.0343334
-0.0349067
-0.0386481
-0.0466213
-0.0599813
-0.0788907
-0.100601
-0.119837
-0.13011
-0.143579
-0.176082
-0.201976
-0.212235
-0.203183
-0.178509
-0.147226
-0.116934
-0.0914814
-0.0718329
-0.057425
-0.0472295
-0.0406814
-0.0376652
-0.0374652
-0.0383696
-0.0385576
-0.0371516
-0.0347657
-0.0331851
-0.0338707
-0.037727
-0.0458379
-0.0593872
-0.0785699
-0.100647
-0.120304
-0.130946
-0.142051
-0.174818
-0.201188
-0.212002
-0.203431
-0.179007
-0.147737
-0.117289
-0.0916117
-0.0717262
-0.0570971
-0.0466905
-0.0399123
-0.0366532
-0.0362425
-0.0370098
-0.0371574
-0.0358074
-0.0335184
-0.0320495
-0.0328385
-0.0367995
-0.0450366
-0.0587632
-0.0782081
-0.100645
-0.120722
-0.131739
-0.140436
-0.173457
-0.2003
-0.211673
-0.203599
-0.179454
-0.148222
-0.117637
-0.0917444
-0.071628
-0.0567819
-0.0461684
-0.0391646
-0.0356666
-0.0350494
-0.0356827
-0.0357894
-0.0344917
-0.0322926
-0.0309274
-0.0318108
-0.0358665
-0.0442182
-0.0581097
-0.0778055
-0.100594
-0.12109
-0.132487
-0.138738
-0.172002
-0.199314
-0.211248
-0.203688
-0.179847
-0.148681
-0.117978
-0.0918799
-0.0715387
-0.0564799
-0.0456636
-0.0384386
-0.0347057
-0.0338859
-0.0343882
-0.0344537
-0.033205
-0.0310889
-0.0298194
-0.0307885
-0.0349287
-0.0433834
-0.0574274
-0.0773625
-0.100496
-0.121409
-0.13319
-0.136959
-0.170455
-0.198231
-0.210727
-0.203695
-0.180186
-0.149114
-0.118312
-0.0920195
-0.0714596
-0.0561922
-0.045177
-0.037735
-0.0337707
-0.032752
-0.0331264
-0.0331507
-0.0319461
-0.0299081
-0.0287264
-0.0297725
-0.0339871
-0.0425333
-0.0567171
-0.0768796
-0.100349
-0.121678
-0.133847
-0.135103
-0.168819
-0.197052
-0.21011
-0.203618
-0.180469
-0.149521
-0.11864
-0.0921641
-0.0713913
-0.0559193
-0.0447088
-0.0370537
-0.0328614
-0.0316471
-0.0318969
-0.0318806
-0.0307172
-0.028751
-0.0276493
-0.0287637
-0.0330427
-0.0416687
-0.0559794
-0.0763571
-0.100154
-0.121896
-0.134457
-0.133172
-0.167096
-0.19578
-0.2094
-0.203462
-0.180699
-0.1499
-0.118959
-0.0923083
-0.0713287
-0.0556569
-0.0442556
-0.0363922
-0.0319752
-0.0305683
-0.0306966
-0.0306407
-0.0295491
-0.0276174
-0.0265884
-0.0277627
-0.0320962
-0.0407904
-0.0552153
-0.0757959
-0.0999122
-0.122064
-0.135022
-0.131172
-0.165295
-0.194427
-0.208613
-0.203239
-0.180875
-0.150242
-0.119253
-0.0924395
-0.0712621
-0.055398
-0.0438129
-0.0357476
-0.0311105
-0.0295134
-0.0295221
-0.0294267
-0.0283652
-0.0265047
-0.0255422
-0.0267689
-0.0311476
-0.039899
-0.0544257
-0.0751973
-0.0996247
-0.122185
-0.135543
-0.129107
-0.163419
-0.192992
-0.207732
-0.202918
-0.180971
-0.150537
-0.119534
-0.0925767
-0.0712122
-0.055162
-0.0433974
-0.0351348
-0.0302815
-0.028498
-0.0283897
-0.0282534
-0.0272156
-0.0254201
-0.024515
-0.0257852
-0.0301991
-0.038996
-0.0536118
-0.0745622
-0.0992913
-0.122255
-0.136013
-0.126945
-0.161399
-0.191352
-0.206587
-0.202358
-0.180948
-0.150843
-0.119904
-0.0928297
-0.071275
-0.0550255
-0.0430666
-0.0345949
-0.0295215
-0.0275587
-0.027346
-0.0271751
-0.0261595
-0.0244061
-0.0235387
-0.0248357
-0.029268
-0.0380908
-0.052773
-0.0738782
-0.0988864
-0.122235
-0.136384
-0.124627
-0.159125
-0.189381
-0.205119
-0.201603
-0.180926
-0.151273
-0.120434
-0.0932251
-0.071447
-0.0549677
-0.0427885
-0.0340859
-0.0287769
-0.0266327
-0.0263308
-0.0261483
-0.0251824
-0.0234642
-0.0226246
-0.0239337
-0.0283653
-0.0371884
-0.0519036
-0.0731263
-0.0983804
-0.122098
-0.136651
-0.122618
-0.157445
-0.18835
-0.204821
-0.201816
-0.181314
-0.151592
-0.120539
-0.093087
-0.0710977
-0.0544524
-0.0421336
-0.0332685
-0.0277411
-0.0253659
-0.0249022
-0.0246709
-0.023774
-0.0222002
-0.0214728
-0.0228447
-0.0273142
-0.0361907
-0.0510185
-0.0724586
-0.0980735
-0.122276
-0.137312
-0.121206
-0.159415
-0.193252
-0.211077
-0.207071
-0.183966
-0.152084
-0.119581
-0.0913432
-0.0689784
-0.0521948
-0.0398722
-0.0309368
-0.0250213
-0.0219189
-0.0206654
-0.0198905
-0.0187866
-0.0177146
-0.0174145
-0.0190724
-0.0238072
-0.0331798
-0.0489418
-0.0717722
-0.099061
-0.124859
-0.140935
-0.142637
-0.117061
-0.155092
-0.188497
-0.20602
-0.201787
-0.179616
-0.147968
-0.115787
-0.0879462
-0.0659248
-0.0493452
-0.0370648
-0.0280326
-0.0219097
-0.018561
-0.017155
-0.0164035
-0.0154731
-0.0144833
-0.0142873
-0.0161104
-0.0210582
-0.030764
-0.0470296
-0.0705454
-0.0986455
-0.125254
-0.141887
-0.141971
-0.111889
-0.148824
-0.181785
-0.199909
-0.196496
-0.174732
-0.143487
-0.111747
-0.08436
-0.062714
-0.0463727
-0.0341952
-0.0251534
-0.0189075
-0.0153598
-0.0138073
-0.0130495
-0.0121769
-0.0114082
-0.0114759
-0.0135138
-0.0186825
-0.0286481
-0.0452084
-0.0690671
-0.0976053
-0.124809
-0.142114
-0.142865
-0.106103
-0.142485
-0.175545
-0.194008
-0.190761
-0.16916
-0.138344
-0.107207
-0.0804435
-0.0592994
-0.043287
-0.0312845
-0.0222927
-0.0159675
-0.0122386
-0.0105103
-0.00966922
-0.00884607
-0.00826828
-0.0085315
-0.0107371
-0.0160716
-0.0262483
-0.0430809
-0.0673023
-0.096355
-0.124266
-0.14228
-0.143511
-0.0999857
-0.136055
-0.168917
-0.187094
-0.183912
-0.162647
-0.13251
-0.102208
-0.0762347
-0.0557069
-0.0401082
-0.0283492
-0.0194647
-0.0131097
-0.00924016
-0.00736179
-0.00645675
-0.0057197
-0.00524731
-0.00563023
-0.00792903
-0.0133459
-0.0236579
-0.0407184
-0.0652992
-0.0948793
-0.123452
-0.142012
-0.143518
-0.0934503
-0.128909
-0.161151
-0.178982
-0.175965
-0.155251
-0.126037
-0.0967847
-0.0717587
-0.051958
-0.0368537
-0.0254028
-0.0166807
-0.0103455
-0.00637804
-0.00438362
-0.00344274
-0.00278568
-0.00240693
-0.00288091
-0.00522572
-0.010661
-0.0210283
-0.038224
-0.0630575
-0.0930337
-0.122104
-0.141088
-0.142851
-0.0863133
-0.120818
-0.152297
-0.169821
-0.167017
-0.147035
-0.118975
-0.0909767
-0.0670484
-0.048078
-0.0335425
-0.0224591
-0.0139509
-0.00768234
-0.003657
-0.00157492
-0.000613683
-3.01243e-05
0.000252312
-0.000295467
-0.00265482
-0.00805892
-0.0184038
-0.0356185
-0.0605462
-0.0907348
-0.120143
-0.139485
-0.141495
-0.0785699
-0.111937
-0.142563
-0.159708
-0.157145
-0.138074
-0.111388
-0.0848348
-0.0621414
-0.0440946
-0.0301945
-0.0195319
-0.0112844
-0.00512638
-0.00108027
0.00106515
0.00203513
0.00254686
0.00273704
0.00213311
-0.000211548
-0.00553654
-0.0157808
-0.0328938
-0.0577526
-0.0879776
-0.117581
-0.137194
-0.139423
-0.0703545
-0.102444
-0.132061
-0.148732
-0.146457
-0.128468
-0.103357
-0.0784182
-0.0570795
-0.0400375
-0.0268305
-0.016635
-0.0086899
-0.00268271
0.00134959
0.00353647
0.00450553
0.00494672
0.00505035
0.00440613
0.00210421
-0.00309416
-0.0131607
-0.0300552
-0.0546902
-0.084781
-0.114418
-0.134185
-0.136605
-0.0617953
-0.0924447
-0.120893
-0.137027
-0.135091
-0.118336
-0.0949758
-0.071793
-0.051908
-0.0359378
-0.0234714
-0.0137816
-0.00617525
-0.000355363
0.00363097
0.00583967
0.00680065
0.00717292
0.00719451
0.00652216
0.00428716
-0.00074116
-0.0105575
-0.0271222
-0.0513809
-0.0811551
-0.11064
-0.130435
-0.133025
-0.0529863
-0.0820532
-0.109215
-0.124757
-0.123204
-0.107812
-0.086346
-0.0650308
-0.0466748
-0.0318274
-0.0201385
-0.0109848
-0.00374741
0.0018528
0.00576344
0.0079764
0.00892459
0.00923025
0.00917315
0.00848108
0.00633204
0.00151075
-0.0079897
-0.0241182
-0.0478451
-0.0771062
-0.106241
-0.125934
-0.128677
-0.0440349
-0.0714296
-0.0972217
-0.112112
-0.110966
-0.0970416
-0.0775783
-0.058207
-0.0414287
-0.027738
-0.0168524
-0.008257
-0.00141247
0.00394013
0.00774779
0.00994913
0.010882
0.0111245
0.0109916
0.010285
0.0082358
0.0036514
-0.00547531
-0.0210666
-0.0441045
-0.0726493
-0.101229
-0.120686
-0.123567
-0.0350824
-0.0607668
-0.0851225
-0.0992916
-0.09856
-0.086179
-0.0687865
-0.0513979
-0.0362185
-0.0237007
-0.0136332
-0.00561004
0.000824378
0.00590613
0.00958603
0.0117611
0.0126778
0.012862
0.0126565
0.0119382
0.00999763
0.00567249
-0.00303126
-0.0179917
-0.0401872
-0.0678121
-0.0956278
-0.11471
-0.117717
-0.0262925
-0.0502706
-0.0731276
-0.0864963
-0.0861762
-0.0753796
-0.0600838
-0.044679
-0.0310916
-0.0197449
-0.0104993
-0.00305472
0.00295879
0.00775141
0.0112814
0.0134164
0.0143174
0.01445
0.0141758
0.0134465
0.0116186
0.0075671
-0.000674545
-0.014921
-0.0361286
-0.0626322
-0.0894731
-0.108041
-0.111163
-0.0178406
-0.0401461
-0.0614367
-0.0738795
-0.0739949
-0.0647944
-0.0515792
-0.0381218
-0.0260927
-0.0158981
-0.00746788
-0.000600873
0.00498724
0.00947757
0.0128383
0.0149199
0.0158062
0.0158956
0.0155538
0.0148173
0.0131012
0.00932939
0.00157771
-0.011884
-0.0319689
-0.0571561
-0.0828145
-0.100733
-0.10396
-0.00990349
-0.0305752
-0.0502196
-0.0616928
-0.0621892
-0.0545651
-0.0433732
-0.0317917
-0.0212624
-0.0121847
-0.00455374
0.00174292
0.00690695
0.011087
0.0142622
0.0162772
0.0171498
0.0172061
0.0168078
0.016059
0.0144492
0.0109547
0.00370892
-0.00891119
-0.0277521
-0.0514392
-0.0757171
-0.092855
-0.0961824
-0.00263783
-0.0216855
-0.03959
-0.050041
-0.0509138
-0.0448195
-0.0355546
-0.0257458
-0.0166361
-0.00862606
-0.00176956
0.00396945
0.00871584
0.0125827
0.0155594
0.017495
0.0183537
0.018388
0.017942
0.0171799
0.0156675
0.0124396
0.00570401
-0.00603234
-0.0235247
-0.0455458
-0.0682609
-0.0844994
-0.0879216
0.00385426
-0.0135289
-0.0296149
-0.0390448
-0.0403063
-0.0356672
-0.0281972
-0.0200313
-0.0122437
-0.00524004
0.000874405
0.00607303
0.0104125
0.0139682
0.0167372
0.0185807
0.0194235
0.0194466
0.0189636
0.0181879
0.016761
0.0137824
0.00755029
-0.00327536
-0.0193347
-0.0395471
-0.06054
-0.0757738
-0.0792877
0.00955296
-0.00609252
-0.0203402
-0.0288181
-0.0304851
-0.027196
-0.0213575
-0.0146842
-0.00810815
-0.00204077
0.00337032
0.00804964
0.0119962
0.0152471
0.0178029
0.0195426
0.0203654
0.0203866
0.0198785
0.0190899
0.0177352
0.0149831
0.00923841
-0.000664747
-0.0152294
-0.0335201
-0.0526614
-0.0668039
-0.0704056
0.0145122
0.000657907
-0.0118218
-0.0194691
-0.0215445
-0.0194673
-0.0150731
-0.00972862
-0.00424613
0.00096129
0.00571273
0.00989688
0.013467
0.016423
0.0187644
0.0203899
0.0211862
0.021212
0.020691
0.0198916
0.0185954
0.0160439
0.0107634
0.00178009
-0.0112536
-0.027545
-0.0447423
-0.0577306
-0.0614126
0.0188094
0.00672658
-0.00413888
-0.0110922
-0.0135467
-0.0125139
-0.00936241
-0.0051775
-0.000667574
0.00375926
0.00789836
0.011614
0.0148256
0.0174997
0.019629
0.0211321
0.0218935
0.021927
0.0214044
0.0205977
0.0193475
0.0169698
0.012126
0.00404673
-0.00744682
-0.0217022
-0.0369063
-0.048703
-0.052455
0.022492
0.0120724
0.00262404
-0.0037477
-0.00651329
-0.00633902
-0.00422575
-0.00103313
0.00262356
0.00634963
0.00992592
0.0132018
0.0160739
0.0184808
0.0204041
0.0217789
0.0224962
0.0225364
0.0220214
0.0212123
0.0199979
0.0177693
0.0133335
0.00613122
-0.00384199
-0.0160696
-0.0292781
-0.0398737
-0.043684
0.0255668
0.0166409
0.0084153
0.00255518
-0.000424243
-0.000919179
0.00035191
0.00271103
0.00562865
0.00873196
0.0117959
0.0146622
0.0172144
0.0193698
0.021096
0.0223401
0.0230039
0.0230471
0.022546
0.0217398
0.0205549
0.0184556
0.0144008
0.00803898
-0.000463038
-0.0107186
-0.0219792
-0.0313939
-0.0352476
0.028033
0.0204099
0.0132417
0.00786112
0.00477628
0.00378974
0.00439726
0.00606846
0.00835349
0.0109086
0.0135103
0.0159984
0.0182507
0.0201705
0.0217107
0.0228248
0.0234274
0.0234675
0.0229836
0.0221865
0.0210295
0.0190463
0.0153502
0.00978484
0.00267627
-0.00571095
-0.0151221
-0.0234051
-0.0272812
0.0299168
0.0234135
0.0171681
0.012256
0.00916785
0.0078449
0.00794475
0.00905768
0.0108074
0.0128841
0.0150724
0.0172142
0.0191872
0.0208869
0.0222535
0.0232412
0.0237771
0.0238075
0.0233424
0.0225611
0.0214353
0.0195638
0.0162102
0.0113921
0.00557324
-0.00109511
-0.00880323
-0.0160319
-0.019902
0.0312778
0.025732
0.0202982
0.0158481
0.0128409
0.0113096
0.0110331
0.0117005
0.0130023
0.0146652
0.0164868
0.0183143
0.0200287
0.0215235
0.022729
0.0235968
0.0240636
0.0240785
0.0236324
0.0228741
0.0217878
0.0200326
0.0170128
0.0128907
0.00823618
0.00309645
-0.00309783
-0.00937182
-0.0131994
0.0321951
0.0274684
0.022751
0.0187506
0.0158867
0.0142478
0.0137027
0.0140209
0.0149521
0.0162601
0.0177591
0.0193037
0.0207804
0.0220851
0.0231418
0.0238978
0.0242961
0.0242918
0.0238648
0.0231371
0.0221022
0.0204761
0.0177894
0.0143132
0.0106826
0.00684854
0.00194509
-0.00348824
-0.00722986
0.0327514
0.0287265
0.0246417
0.0210712
0.0183916
0.0167211
0.0159937
0.0160436
0.016672
0.0176784
0.0188955
0.0201876
0.0214478
0.0225768
0.0234963
0.0241495
0.0244828
0.0244578
0.0240506
0.023361
0.0223914
0.0209123
0.0185646
0.0156883
0.0129333
0.0101612
0.00630592
0.00159413
-0.00201265
0.033022
0.0295985
0.0260717
0.0229064
0.0204337
0.0187865
0.0179448
0.0177935
0.0181778
0.0189302
0.0199032
0.0209716
0.0220363
0.0230039
0.0237973
0.0243566
0.0246302
0.0245855
0.0241997
0.0235552
0.022664
0.0213504
0.01935
0.0170307
0.0150026
0.0130445
0.00999526
0.00589238
0.00247094
0.0330701
0.0301626
0.0271265
0.0243374
0.0220816
0.0204962
0.0195927
0.0192953
0.0194858
0.0200266
0.0207897
0.0216616
0.022551
0.0233716
0.0240493
0.0245235
0.0247439
0.0246822
0.0243203
0.0237265
0.0229239
0.0217897
0.0201395
0.0183321
0.0168869
0.0155114
0.0130507
0.00946142
0.00627074
0.0329462
0.0304834
0.0278773
0.0254322
0.0233944
0.021897
0.0209717
0.0205727
0.0206121
0.0209786
0.0215628
0.0222635
0.0229973
0.0236848
0.0242572
0.0246543
0.0248281
0.0247533
0.0244183
0.023879
0.0231712
0.0222209
0.0209103
0.0195596
0.0185631
0.0175753
0.0155307
0.0123822
0.00945643
0.0326909
0.0306116
0.0283816
0.026249
0.0244238
0.0230306
0.0221132
0.0216484
0.0215728
0.0217976
0.0222308
0.0227833
0.0233799
0.0239484
0.0244252
0.0247531
0.0248867
0.024803
0.0244976
0.0240146
0.0234031
0.0226301
0.0216302
0.0206672
0.0199993
0.0192537
0.0175065
0.0147461
0.0121041
0.032336
0.0305873
0.028687
0.0268369
0.0252144
0.023934
0.0230461
0.0225438
0.0223831
0.0224944
0.0228016
0.0232271
0.0237039
0.0241667
0.0245578
0.0248237
0.0249228
0.0248338
0.0245513
0.0241334
0.0236153
0.0230031
0.0222687
0.0216139
0.0211736
0.0205745
0.0190538
0.0166424
0.0142859
0.0319067
0.0304444
0.0288327
0.0272359
0.0258039
0.0246399
0.0237967
0.0232789
0.0230579
0.02308
0.0232831
0.0236007
0.0239738
0.0243437
0.0246586
0.0248696
0.0249395
0.0248487
0.024597
0.0242349
0.0238031
0.0233284
0.0228058
0.0223792
0.022087
0.0215785
0.0202454
0.0181501
0.016065
0.0314235
0.0302097
0.0288503
0.0274798
0.0262248
0.0251768
0.0243885
0.0238723
0.0236111
0.0235647
0.0236831
0.0239101
0.0241942
0.0244831
0.0247312
0.0248939
0.024939
0.0248491
0.0246275
0.0243176
0.0239623
0.0235993
0.0232352
0.0229655
0.0227632
0.0223153
0.0211466
0.0193342
0.0174909
0.0309029
0.0299046
0.0287659
0.0275971
0.0265049
0.02557
0.0248428
0.0243408
0.0240558
0.0239584
0.0240091
0.0241608
0.0243693
0.0245885
0.0247783
0.0248991
0.0249235
0.0248359
0.0246425
0.0243798
0.02409
0.0238137
0.0235617
0.0233922
0.0232397
0.0228361
0.0218134
0.0202488
0.0186017
0.0303577
0.0295467
0.028601
0.0276113
0.0266678
0.0258412
0.0251784
0.0247
0.0244043
0.0242706
0.0242682
0.0243582
0.0245033
0.024663
0.0248028
0.0248875
0.0248945
0.0248101
0.0246419
0.0244203
0.0241846
0.0239733
0.0237962
0.0236856
0.0235567
0.0231875
0.0222931
0.0209441
0.0194901
0.0297984
0.0291498
0.0283733
0.0275424
0.026734
0.0260095
0.0254122
0.024964
0.0246678
0.0245099
0.0244671
0.0245075
0.0246
0.0247095
0.0248067
0.0248608
0.0248532
0.0247721
0.0246257
0.0244389
0.0242462
0.0240817
0.0239522
0.0238722
0.0237509
0.023409
0.0226256
0.0214619
0.0201858
0.0292334
0.0287253
0.0280976
0.0274071
0.0267206
0.0260914
0.0255591
0.0251454
0.0248568
0.0246847
0.024612
0.0246133
0.0246629
0.0247308
0.0247922
0.0248205
0.0248008
0.0247226
0.0245943
0.0244358
0.0242765
0.0241445
0.0240431
0.0239753
0.0238524
0.0235324
0.0228433
0.0218369
0.0207182
0.0286695
0.0282833
0.0277812
0.0272179
0.0266419
0.0261014
0.0256323
0.0252558
0.0249806
0.0248024
0.0247091
0.0246804
0.0246956
0.0247293
0.0247611
0.0247679
0.024738
0.0246622
0.0245485
0.0244124
0.0242779
0.0241675
0.0240808
0.024014
0.0238848
0.0235825
0.0229724
0.0220982
0.0211162
0.0281123
0.0278322
0.0274421
0.0269875
0.0265105
0.0260518
0.0256433
0.0253053
0.0250481
0.0248701
0.0247636
0.0247127
0.0247011
0.0247074
0.0247149
0.024704
0.0246656
0.0245916
0.0244892
0.0243701
0.0242536
0.0241565
0.0240758
0.0240036
0.0238661
0.0235782
0.023034
0.02227
0.0214049
0.027566
0.0273775
0.0270849
0.0267261
0.0263374
0.0259534
0.0256022
0.0253031
0.0250668
0.0248943
0.0247808
0.0247144
0.0246823
0.024667
0.0246551
0.0246299
0.0245845
0.0245116
0.0244176
0.024311
0.0242068
0.0241172
0.0240368
0.0239559
0.0238099
0.0235337
0.0230442
0.0223717
0.0216055
0.0270341
0.0269242
0.0267162
0.0264416
0.0261316
0.0258154
0.0255181
0.0252573
0.0250439
0.0248806
0.0247653
0.0246889
0.024642
0.0246103
0.024583
0.0245464
0.0244952
0.0244229
0.0243349
0.0242372
0.0241409
0.0240546
0.023971
0.0238801
0.0237261
0.0234597
0.0230155
0.0224185
0.0217357
0.0265191
0.0264764
0.0263417
0.026141
0.0259007
0.025646
0.0253987
0.025175
0.0249857
0.0248346
0.0247214
0.0246397
0.0245827
0.0245389
0.0245
0.0244545
0.0243985
0.0243264
0.0242426
0.0241508
0.024059
0.023973
0.0238844
0.0237834
0.0236223
0.0233643
0.0229574
0.0224227
0.0218101
0.0260232
0.0260375
0.0259662
0.0258299
0.0256513
0.0254519
0.0252508
0.0250627
0.0248978
0.0247609
0.024653
0.0245699
0.0245068
0.0244546
0.0244071
0.024355
0.0242952
0.024223
0.0241418
0.0240536
0.0239641
0.0238764
0.0237819
0.0236712
0.0235043
0.0232534
0.0228774
0.0223939
0.0218401
0.025548
0.0256109
0.0255935
0.0255131
0.0253888
0.025239
0.0250803
0.0249258
0.0247853
0.0246639
0.0245637
0.0244822
0.0244162
0.0243588
0.0243056
0.0242486
0.0241861
0.0241136
0.0240337
0.0239475
0.0238585
0.023768
0.0236673
0.0235479
0.0233762
0.0231315
0.0227811
0.0223398
0.0218348
0.0250942
0.0251981
0.0252267
0.0251947
0.0251181
0.0250125
0.0248923
0.0247693
0.0246527
0.0245476
0.0244568
0.0243793
0.0243131
0.0242532
0.0241963
0.0241362
0.0240717
0.0239989
0.0239197
0.0238343
0.0237445
0.0236506
0.0235439
0.0234167
0.0232412
0.023002
0.0226729
0.0222662
0.0218019
0.0246629
0.0248008
0.0248684
0.024878
0.024843
0.0247765
0.0246912
0.0245975
0.0245039
0.0244153
0.0243353
0.0242635
0.0241994
0.024139
0.0240804
0.0240186
0.0239529
0.0238797
0.0238008
0.0237153
0.0236241
0.0235264
0.0234141
0.0232803
0.0231019
0.0228675
0.0225562
0.0221778
0.0217473
0.0242544
0.0244203
0.0245207
0.0245658
0.0245668
0.0245349
0.024481
0.0244142
0.0243424
0.0242704
0.0242018
0.0241371
0.0240766
0.0240176
0.0239588
0.0238965
0.0238302
0.023757
0.0236779
0.0235919
0.0234989
0.0233975
0.0232801
0.0231407
0.0229602
0.02273
0.0224335
0.0220785
0.0216762
0.023869
0.0240574
0.024185
0.0242602
0.0242922
0.0242907
0.0242648
0.0242227
0.0241713
0.0241154
0.0240587
0.0240021
0.0239465
0.0238901
0.0238325
0.0237706
0.0237044
0.0236314
0.0235521
0.0234653
0.0233703
0.0232653
0.0231434
0.0229994
0.0228174
0.022591
0.0223068
0.0219712
0.0215923
0.0235064
0.0237128
0.0238627
0.0239631
0.0240217
0.0240465
0.0240456
0.0240258
0.0239935
0.0239531
0.0239082
0.0238602
0.0238104
0.0237578
0.0237023
0.0236417
0.0235762
0.0235035
0.023424
0.0233363
0.0232394
0.0231312
0.0230055
0.0228576
0.0226747
0.0224517
0.0221778
0.0218583
0.021499
0.0231666
0.0233867
0.0235546
0.0236759
0.023757
0.0238047
0.0238256
0.0238259
0.0238112
0.0237855
0.0237523
0.0237132
0.0236699
0.0236217
0.0235691
0.0235105
0.0234461
0.023374
0.0232945
0.023206
0.0231074
0.0229963
0.0228674
0.0227165
0.022533
0.0223129
0.0220479
0.0217416
0.0213987
0.0228492
0.0230794
0.0232614
0.0233998
0.0234998
0.023567
0.0236071
0.0236253
0.0236266
0.0236146
0.0235927
0.0235626
0.023526
0.0234829
0.0234338
0.0233777
0.0233148
0.0232436
0.0231642
0.0230751
0.0229749
0.0228614
0.0227299
0.0225766
0.0223929
0.0221756
0.021918
0.0216228
0.0212935
0.0225535
0.0227907
0.0229836
0.0231356
0.0232513
0.023335
0.0233916
0.0234257
0.0234414
0.0234422
0.0234311
0.0234098
0.0233802
0.0233423
0.0232972
0.0232439
0.0231829
0.0231128
0.0230338
0.0229442
0.0228428
0.0227273
0.0225937
0.0224386
0.022255
0.0220403
0.0217889
0.021503
0.0211852
0.0222791
0.0225205
0.0227212
0.022884
0.0230124
0.0231099
0.0231808
0.0232287
0.0232574
0.0232698
0.0232688
0.0232561
0.0232333
0.023201
0.02316
0.0231098
0.023051
0.0229823
0.0229038
0.022814
0.0227117
0.0225947
0.0224594
0.0223031
0.0221198
0.0219073
0.0216614
0.0213833
0.0210752
0.0220252
0.0222685
0.0224746
0.0226455
0.0227839
0.0228929
0.0229758
0.0230357
0.0230759
0.0230989
0.0231072
0.0231025
0.0230865
0.0230597
0.023023
0.0229762
0.0229197
0.0228526
0.0227749
0.0226851
0.0225822
0.022464
0.0223276
0.0221704
0.0219876
0.0217773
0.0215361
0.0212646
0.0209647
0.0217911
0.0220343
0.0222435
0.0224202
0.0225664
0.0226847
0.0227776
0.0228478
0.0228981
0.0229305
0.0229474
0.0229503
0.0229407
0.0229193
0.022887
0.0228436
0.0227896
0.0227243
0.0226475
0.022558
0.0224547
0.0223358
0.0221987
0.0220409
0.0218588
0.0216505
0.0214134
0.0211476
0.0208546
0.021576
0.0218174
0.0220278
0.0222083
0.0223604
0.0224859
0.0225871
0.022666
0.022725
0.0227658
0.0227905
0.0228003
0.0227969
0.0227806
0.0227526
0.0227126
0.0226612
0.0225978
0.0225221
0.0224332
0.0223299
0.0222105
0.022073
0.0219151
0.0217337
0.0215273
0.0212937
0.0210328
0.0207458
0.021379
0.0216173
0.0218274
0.0220099
0.0221661
0.0222972
0.022405
0.0224911
0.0225575
0.0226056
0.0226373
0.0226535
0.0226557
0.0226444
0.0226205
0.022584
0.0225352
0.0224738
0.0223994
0.0223111
0.022208
0.0220886
0.0219509
0.0217931
0.0216126
0.021408
0.0211775
0.0209209
0.020639
0.0211994
0.0214333
0.0216417
0.0218249
0.0219836
0.0221188
0.0222318
0.0223238
0.0223964
0.0224509
0.0224887
0.0225107
0.0225181
0.0225114
0.0224915
0.0224583
0.0224122
0.0223527
0.0222797
0.0221923
0.0220896
0.0219703
0.0218328
0.0216752
0.0214958
0.0212928
0.0210652
0.0208122
0.0205349
0.0210361
0.0212649
0.0214705
0.0216531
0.021813
0.021951
0.0220679
0.0221646
0.0222424
0.0223023
0.0223454
0.0223726
0.0223847
0.0223823
0.0223661
0.0223361
0.0222925
0.0222351
0.0221635
0.0220771
0.0219751
0.0218561
0.0217189
0.0215619
0.0213835
0.0211822
0.0209571
0.0207073
0.0204338
0.0208885
0.0211113
0.0213133
0.0214943
0.0216544
0.021794
0.0219137
0.0220141
0.0220961
0.0221605
0.0222082
0.0222398
0.0222563
0.0222578
0.022245
0.022218
0.0221769
0.0221215
0.0220515
0.0219661
0.0218648
0.0217464
0.0216097
0.0214534
0.021276
0.0210762
0.0208534
0.0206066
0.0203365
0.0207554
0.0209719
0.0211697
0.0213483
0.0215077
0.021648
0.0217694
0.0218725
0.0219579
0.022026
0.0220776
0.0221132
0.0221334
0.0221384
0.0221288
0.0221046
0.0220659
0.0220124
0.0219439
0.0218597
0.0217593
0.0216416
0.0215055
0.0213499
0.0211736
0.0209754
0.0207546
0.0205104
0.0202433
0.0206363
0.0208461
0.0210391
0.0212147
0.0213727
0.0215128
0.0216353
0.0217403
0.0218282
0.0218994
0.0219542
0.0219931
0.0220166
0.0220248
0.0220181
0.0219965
0.02196
0.0219084
0.0218414
0.0217584
0.021659
0.021542
0.0214067
0.0212519
0.0210767
0.0208799
0.020661
0.020419
0.0201546
0.0205301
0.0207331
0.0209211
0.0210933
0.0212493
0.0213887
0.0215115
0.0216177
0.0217075
0.021781
0.0218386
0.0218803
0.0219066
0.0219176
0.0219135
0.0218942
0.0218598
0.0218099
0.0217444
0.0216627
0.0215642
0.021448
0.0213136
0.0211596
0.0209855
0.02079
0.0205729
0.020333
0.0200709
0.0204362
0.0206324
0.0208152
0.0209837
0.0211373
0.0212755
0.0213981
0.021505
0.0215961
0.0216714
0.0217311
0.0217752
0.0218039
0.0218173
0.0218155
0.0217983
0.0217658
0.0217176
0.0216535
0.0215729
0.0214754
0.0213602
0.0212266
0.0210735
0.0209005
0.0207063
0.0204907
0.0202526
0.0199926
0.0203537
0.0205434
0.020721
0.0208856
0.0210366
0.0211733
0.0212953
0.0214023
0.0214942
0.0215709
0.0216322
0.0216783
0.0217091
0.0217245
0.0217247
0.0217094
0.0216786
0.0216319
0.0215692
0.0214897
0.0213932
0.0212788
0.0211461
0.0209939
0.0208219
0.0206288
0.0204147
0.0201783
0.0199201
0.0202819
0.0204654
0.020638
0.0207988
0.020947
0.0210819
0.021203
0.0213099
0.0214022
0.0214798
0.0215425
0.0215901
0.0216226
0.0216398
0.0216417
0.021628
0.0215988
0.0215534
0.0214919
0.0214135
0.021318
0.0212044
0.0210725
0.0209212
0.0207501
0.0205582
0.0203454
0.0201104
0.0198538
0.0202204
0.020398
0.0205658
0.0207229
0.0208684
0.0210014
0.0211215
0.0212279
0.0213204
0.0213986
0.0214623
0.0215111
0.0215449
0.0215636
0.021567
0.0215547
0.0215268
0.0214827
0.0214223
0.0213449
0.0212502
0.0211375
0.0210063
0.0208558
0.0206856
0.0204947
0.020283
0.0200494
0.0197942
0.0201684
0.0203407
0.0205042
0.0206579
0.0208007
0.0209319
0.0210507
0.0211566
0.0212491
0.0213276
0.021392
0.0214417
0.0214767
0.0214965
0.0215011
0.0214901
0.0214633
0.0214203
0.0213608
0.0212843
0.0211904
0.0210784
0.020948
0.0207983
0.0206289
0.0204389
0.0202281
0.0199956
0.0197416
0.0201255
0.0202932
0.0204529
0.0206034
0.0207439
0.0208733
0.020991
0.0210963
0.0211886
0.0212673
0.0213321
0.0213825
0.0214183
0.0214391
0.0214447
0.0214347
0.0214088
0.0213667
0.0213081
0.0212323
0.0211391
0.0210278
0.0208981
0.0207489
0.0205803
0.020391
0.0201811
0.0199495
0.0196966
0.0200913
0.0202552
0.0204116
0.0205595
0.0206979
0.0208258
0.0209425
0.0210471
0.0211392
0.0212179
0.021283
0.021334
0.0213704
0.021392
0.0213983
0.0213891
0.021364
0.0213226
0.0212647
0.0211895
0.0210969
0.0209862
0.020857
0.0207084
0.0205403
0.0203517
0.0201425
0.0199117
0.0196595
0.0200657
0.0202265
0.0203804
0.0205262
0.020663
0.0207897
0.0209054
0.0210096
0.0211013
0.0211801
0.0212454
0.0212967
0.0213336
0.0213556
0.0213626
0.0213539
0.0213294
0.0212886
0.0212311
0.0211565
0.0210644
0.0209541
0.0208253
0.0206771
0.0205095
0.0203214
0.0201127
0.0198825
0.0196309
0.0200485
0.0202072
0.0203593
0.0205037
0.0206393
0.0207651
0.0208802
0.0209839
0.0210755
0.0211542
0.0212196
0.0212711
0.0213083
0.0213307
0.0213381
0.0213298
0.0213057
0.0212652
0.0212082
0.0211339
0.0210421
0.020932
0.0208035
0.0206557
0.0204884
0.0203006
0.0200923
0.0198625
0.0196113
0.0200397
0.0201974
0.0203486
0.0204922
0.0206272
0.0207525
0.0208673
0.0209708
0.0210623
0.021141
0.0212064
0.021258
0.0212954
0.021318
0.0213255
0.0213174
0.0212935
0.0212532
0.0211963
0.0211222
0.0210306
0.0209207
0.0207924
0.0206447
0.0204775
0.0202899
0.0200818
0.0198522
0.0196013
0.013385
0.0137675
0.0141426
0.014509
0.0148652
0.0152098
0.0155414
0.0158587
0.0161603
0.016445
0.0167116
0.016959
0.0171861
0.017392
0.017576
0.0177372
0.0178752
0.0179895
0.0180798
0.0181459
0.0181878
0.0182054
0.0181991
0.0181685
0.0181145
0.0180366
0.0179356
0.017811
0.0133984
0.0137821
0.0141584
0.0145257
0.0148828
0.0152282
0.0155605
0.0158784
0.0161805
0.0164655
0.0167324
0.0169798
0.0172069
0.0174127
0.0175964
0.0177572
0.0178948
0.0180085
0.0180982
0.0181636
0.0182048
0.0182216
0.0182145
0.0181832
0.0181284
0.0180498
0.0179482
0.017823
0.0134246
0.0138107
0.0141891
0.0145584
0.0149173
0.0152642
0.0155979
0.0159168
0.0162198
0.0165055
0.0167728
0.0170204
0.0172475
0.017453
0.0176361
0.0177963
0.0179329
0.0180455
0.018134
0.018198
0.0182378
0.0182531
0.0182445
0.0182118
0.0181555
0.0180756
0.0179727
0.0178464
0.0134632
0.0138526
0.0142342
0.0146064
0.0149678
0.015317
0.0156526
0.0159732
0.0162775
0.0165641
0.016832
0.0170799
0.0173069
0.0175119
0.0176943
0.0178533
0.0179886
0.0180996
0.0181862
0.0182483
0.0182859
0.0182991
0.0182883
0.0182533
0.018195
0.0181131
0.0180084
0.0178804
0.0135137
0.0139076
0.0142932
0.0146691
0.0150338
0.015386
0.0157241
0.0160468
0.0163528
0.0166406
0.0169093
0.0171575
0.0173843
0.0175887
0.0177701
0.0179277
0.0180611
0.0181699
0.0182541
0.0183135
0.0183484
0.0183587
0.0183449
0.0183071
0.0182461
0.0181616
0.0180545
0.0179244
0.0135759
0.0139752
0.0143657
0.0147461
0.0151149
0.0154706
0.0158118
0.0161371
0.016445
0.0167344
0.0170039
0.0172525
0.017479
0.0176827
0.0178627
0.0180185
0.0181496
0.0182557
0.0183369
0.018393
0.0184244
0.018431
0.0184138
0.0183724
0.018308
0.0182203
0.0181103
0.0179776
0.0136497
0.0140552
0.0144515
0.0148372
0.0152106
0.0155705
0.0159152
0.0162435
0.0165538
0.0168448
0.0171154
0.0173643
0.0175905
0.0177931
0.0179715
0.0181251
0.0182534
0.0183562
0.0184337
0.0184858
0.0185131
0.0185155
0.0184939
0.0184484
0.01838
0.0182886
0.0181752
0.0180393
0.0137349
0.0141475
0.0145503
0.0149419
0.0153207
0.0156853
0.0160341
0.0163656
0.0166785
0.0169715
0.0172431
0.0174924
0.0177181
0.0179195
0.018096
0.0182469
0.018372
0.0184708
0.018544
0.0185914
0.0186138
0.0186113
0.0185848
0.0185344
0.0184614
0.0183656
0.0182483
0.0181089
0.0138314
0.0142518
0.0146619
0.0150601
0.0154449
0.0158146
0.0161679
0.0165032
0.016819
0.017114
0.0173868
0.0176363
0.0178615
0.0180613
0.0182353
0.0183831
0.0185047
0.0185988
0.018667
0.0187091
0.0187258
0.0187176
0.0186855
0.0186296
0.0185514
0.0184507
0.018329
0.0181856
0.0139392
0.0143682
0.0147862
0.0151916
0.0155829
0.0159584
0.0163165
0.0166559
0.0169748
0.017272
0.0175461
0.0177958
0.01802
0.0182182
0.0183895
0.0185335
0.0186499
0.0187395
0.0188021
0.018838
0.0188485
0.0188338
0.0187953
0.0187333
0.0186494
0.0185432
0.0184167
0.0182689
0.0140582
0.0144966
0.0149232
0.0153364
0.0157346
0.0161163
0.0164798
0.0168235
0.0171458
0.0174453
0.0177206
0.0179704
0.0181938
0.0183898
0.0185579
0.0186977
0.0188091
0.0188927
0.0189487
0.0189777
0.018981
0.0189591
0.0189136
0.0188448
0.0187545
0.0186425
0.0185106
0.0183581
0.0141885
0.0146368
0.0150726
0.0154941
0.0158999
0.0162882
0.0166574
0.0170057
0.0173317
0.0176337
0.0179102
0.01816
0.0183823
0.0185758
0.0187402
0.0188751
0.0189808
0.0190575
0.0191062
0.0191274
0.0191227
0.0190929
0.0190396
0.0189634
0.0188662
0.0187478
0.0186102
0.0184526
0.0143301
0.0147889
0.0152344
0.0156649
0.0160787
0.0164741
0.0168493
0.0172026
0.0175323
0.0178368
0.0181146
0.0183645
0.0185852
0.0187759
0.018936
0.0190654
0.0191644
0.0192335
0.0192739
0.0192865
0.019273
0.0192343
0.0191726
0.0190883
0.0189836
0.0188583
0.0187147
0.0185516
0.014483
0.0149529
0.0154086
0.0158485
0.0162708
0.0166737
0.0170553
0.0174139
0.0177476
0.0180547
0.0183339
0.0185835
0.0188024
0.0189896
0.0191449
0.019268
0.0193595
0.0194202
0.0194514
0.0194542
0.019431
0.0193827
0.0193118
0.0192188
0.0191062
0.0189736
0.0188236
0.0186548
0.014647
0.0151286
0.0155951
0.0160449
0.0164762
0.0168869
0.0172754
0.0176395
0.0179774
0.0182873
0.0185677
0.0188169
0.0190336
0.019217
0.0193666
0.0194827
0.0195657
0.0196169
0.0196378
0.01963
0.0195961
0.0195373
0.0194565
0.0193541
0.0192332
0.0190929
0.0189362
0.0187614
0.0148222
0.0153159
0.0157938
0.016254
0.0166947
0.0171138
0.0175094
0.0178793
0.0182216
0.0185345
0.0188161
0.0190646
0.0192787
0.0194576
0.019601
0.019709
0.0197826
0.019823
0.0198326
0.019813
0.0197673
0.0196972
0.0196058
0.0194936
0.0193638
0.0192155
0.0190519
0.0188709
0.0150084
0.0155148
0.0160046
0.0164757
0.0169263
0.0173542
0.0177572
0.0181333
0.0184803
0.0187963
0.0190789
0.0193265
0.0195376
0.0197114
0.0198477
0.0199466
0.0200095
0.0200381
0.020035
0.0200024
0.019944
0.0198616
0.0197589
0.0196363
0.0194974
0.0193409
0.0191703
0.0189832
0.0152056
0.0157252
0.0162273
0.0167099
0.0171708
0.0176079
0.0180189
0.0184015
0.0187534
0.0190724
0.019356
0.0196025
0.0198102
0.0199782
0.0201064
0.0201952
0.0202461
0.0202614
0.0202443
0.0201974
0.0201252
0.0200296
0.0199149
0.0197815
0.0196332
0.0194683
0.0192906
0.019097
0.0154135
0.0159468
0.0164618
0.0169563
0.0174281
0.0178749
0.0182942
0.0186837
0.0190409
0.0193629
0.0196475
0.0198925
0.0200963
0.0202579
0.0203769
0.0204543
0.0204918
0.0204923
0.0204595
0.0203971
0.0203098
0.0202002
0.0200729
0.0199283
0.0197704
0.019597
0.0194123
0.0192122
0.0156319
0.0161795
0.0167079
0.0172149
0.0176981
0.018155
0.0185832
0.01898
0.0193424
0.0196677
0.0199532
0.0201967
0.020396
0.0205502
0.020659
0.0207234
0.020746
0.0207299
0.0206799
0.0206003
0.0204967
0.0203722
0.0202318
0.0200757
0.0199083
0.0197265
0.0195349
0.0193284
0.0158605
0.0164229
0.0169654
0.0174854
0.0179806
0.0184482
0.0188857
0.01929
0.019658
0.0199868
0.0202732
0.0205148
0.0207091
0.0208551
0.0209523
0.0210023
0.0210079
0.0209733
0.0209043
0.0208059
0.0206848
0.0205444
0.0203905
0.0202228
0.0200459
0.019856
0.0196578
0.019445
0.0160989
0.0166768
0.0172339
0.0177676
0.0182753
0.0187542
0.0192015
0.0196137
0.0199876
0.02032
0.0206075
0.0208469
0.0210356
0.0211723
0.0212565
0.0212901
0.0212768
0.0212216
0.0211314
0.0210125
0.0208725
0.0207155
0.0205477
0.0203684
0.0201825
0.0199848
0.0197805
0.0195618
0.0163468
0.0169408
0.0175131
0.0180611
0.018582
0.0190727
0.0195301
0.0199509
0.0203311
0.0206674
0.0209558
0.0211929
0.0213753
0.0215016
0.0215712
0.0215865
0.0215519
0.0214735
0.0213598
0.0212185
0.0210584
0.0208839
0.020702
0.0205114
0.0203171
0.0201123
0.0199025
0.0196782
0.0166035
0.0172144
0.0178027
0.0183657
0.0189004
0.0194036
0.0198717
0.0203013
0.0206883
0.0210288
0.0213182
0.0215527
0.0217282
0.0218428
0.021896
0.0218906
0.0218319
0.0217276
0.0215879
0.0214221
0.0212404
0.0210479
0.020852
0.0206506
0.0204486
0.0202377
0.0200232
0.0197939
0.0168686
0.017497
0.0181022
0.0186809
0.0192301
0.0197463
0.0202257
0.0206647
0.0210589
0.0214038
0.0216944
0.021926
0.022094
0.0221956
0.0222304
0.0222015
0.0221156
0.0219823
0.0218138
0.0216213
0.0214166
0.0212055
0.0209958
0.0207845
0.0205761
0.0203602
0.0201422
0.0199084
0.0171412
0.0177882
0.018411
0.0190063
0.0195706
0.0201004
0.0205917
0.0210406
0.0214424
0.0217922
0.0220842
0.0223128
0.0224724
0.0225597
0.0225736
0.0225182
0.0224015
0.0222356
0.0220352
0.0218135
0.0215845
0.0213545
0.0211316
0.0209116
0.0206984
0.0204791
0.0202589
0.0200216
0.0174207
0.0180871
0.0187285
0.0193412
0.0199214
0.0204654
0.0209692
0.0214285
0.0218384
0.0221935
0.022487
0.0227126
0.0228631
0.0229344
0.0229249
0.0228395
0.0226879
0.0224853
0.0222492
0.0219958
0.0217412
0.0214922
0.0212571
0.0210302
0.0208142
0.0205936
0.0203728
0.020133
0.0177061
0.0183931
0.0190541
0.019685
0.0202819
0.0208407
0.0213574
0.0218276
0.0222461
0.0226069
0.0229024
0.0231249
0.0232656
0.0233192
0.0232833
0.0231637
0.0229725
0.0227284
0.0224527
0.0221649
0.0218835
0.0216157
0.02137
0.0211384
0.0209223
0.0207028
0.0204835
0.0202423
0.0179965
0.0187053
0.019387
0.020037
0.0206512
0.0212254
0.0217555
0.022237
0.0226645
0.0230315
0.0233294
0.023549
0.0236793
0.0237133
0.0236476
0.0234889
0.0232525
0.0229615
0.0226418
0.0223168
0.0220075
0.0217218
0.0214675
0.0212341
0.0210212
0.0208058
0.0205903
0.0203494
0.0182907
0.0190227
0.0197262
0.0203962
0.0210285
0.0216186
0.0221624
0.0226555
0.0230924
0.0234662
0.0237671
0.0239839
0.0241033
0.0241156
0.0240162
0.0238129
0.0235248
0.0231805
0.0228119
0.0224468
0.022109
0.0218066
0.0215465
0.0213151
0.0211094
0.0209018
0.0206929
0.0204539
0.0185875
0.0193441
0.0200707
0.0207618
0.0214128
0.0220191
0.0225768
0.0230817
0.0235283
0.0239094
0.0242139
0.0244285
0.0245363
0.0245248
0.024387
0.0241327
0.0237853
0.0233805
0.0229575
0.0225494
0.0221829
0.0218657
0.0216035
0.0213788
0.0211852
0.0209897
0.0207908
0.0205556
0.0188854
0.0196685
0.0204196
0.0211327
0.0218028
0.0224256
0.0229971
0.0235137
0.02397
0.024359
0.0246679
0.0248809
0.0249769
0.0249391
0.0247579
0.0244447
0.0240288
0.0235555
0.0230724
0.0226183
0.0222232
0.0218943
0.0216348
0.0214225
0.0212467
0.0210685
0.0208834
0.0206544
0.0191831
0.0199944
0.0207714
0.0215075
0.0221973
0.0228364
0.0234214
0.0239492
0.0244153
0.0248124
0.0251266
0.025339
0.025423
0.0253563
0.0251257
0.0247444
0.0242496
0.0236982
0.0231483
0.0226458
0.0222234
0.0218868
0.021636
0.0214431
0.0212921
0.0211372
0.0209702
0.0207502
0.0194788
0.0203204
0.0211249
0.0218848
0.0225946
0.0232497
0.0238474
0.0243856
0.0248609
0.0252664
0.025587
0.0257999
0.0258719
0.0257735
0.0254863
0.0250261
0.0244404
0.0237996
0.0231759
0.0226229
0.0221757
0.0218368
0.0216023
0.0214371
0.021319
0.0211945
0.0210507
0.020843
0.0197706
0.0206449
0.0214784
0.0222631
0.022993
0.0236634
0.0242726
0.0248198
0.0253032
0.0257171
0.0260449
0.0262598
0.0263203
0.026187
0.025835
0.0252829
0.0245915
0.0238489
0.0231442
0.0225397
0.0220713
0.0217374
0.0215284
0.021401
0.0213253
0.021239
0.0211245
0.0209328
0.0200566
0.020966
0.0218303
0.0226406
0.0233903
0.0240751
0.0246938
0.0252478
0.0257377
0.0261593
0.0264955
0.026714
0.0267637
0.0265919
0.0261652
0.0255058
0.0246913
0.0238331
0.0230404
0.0223842
0.0219002
0.0215806
0.0214085
0.0213306
0.0213081
0.0212694
0.0211908
0.0210197
0.0203345
0.0212816
0.0221787
0.0230154
0.0237845
0.0244819
0.0251077
0.0256655
0.0261591
0.0265873
0.0269323
0.0271564
0.027196
0.0269821
0.0264689
0.0256834
0.0247254
0.0237364
0.0228492
0.0221426
0.0216511
0.0213577
0.0212363
0.0212216
0.0212648
0.0212839
0.0212489
0.021104
0.0206018
0.0215897
0.0225214
0.0233852
0.0241732
0.0248811
0.0255104
0.0260677
0.0265612
0.0269938
0.0273477
0.0275792
0.0276098
0.0273492
0.0267354
0.0258014
0.0246763
0.0235392
0.0225517
0.0217988
0.021311
0.021059
0.0210047
0.0210692
0.0211922
0.0212806
0.0212978
0.0211855
0.020856
0.0218878
0.022856
0.0237476
0.0245535
0.0252693
0.0258976
0.0264489
0.0269371
0.0273704
0.0277324
0.0279725
0.0279948
0.0276824
0.0269512
0.0258418
0.0245222
0.0232173
0.0221252
0.0213341
0.0208656
0.0206739
0.0207064
0.0208684
0.0210868
0.0212571
0.0213363
0.0212644
0.0210939
0.0221732
0.0231801
0.0241
0.0249226
0.0256429
0.0262647
0.026803
0.0272787
0.0277073
0.0280748
0.0283239
0.0283382
0.0279672
0.0270983
0.0257813
0.0242352
0.0227416
0.021544
0.0207276
0.0202988
0.0201906
0.0203335
0.0206139
0.020945
0.0212108
0.0213629
0.0213404
0.0213124
0.0224429
0.0234909
0.0244397
0.0252773
0.0259981
0.0266069
0.0271235
0.0275773
0.0279932
0.0283613
0.0286176
0.0286228
0.0281847
0.0271535
0.0255906
0.0237807
0.0220764
0.0207785
0.0199552
0.0195927
0.0195969
0.0198775
0.0202999
0.0207625
0.0211386
0.0213759
0.0214131
0.021508
0.0226935
0.023785
0.0247634
0.0256142
0.0263308
0.026919
0.0274035
0.0278236
0.028216
0.028576
0.0288338
0.0288259
0.0283097
0.027087
0.0252335
0.023117
0.0211779
0.019793
0.0189897
0.0187276
0.0188792
0.0193297
0.0199205
0.0205349
0.0210371
0.0213731
0.0214815
0.0216767
0.0229215
0.0240589
0.0250676
0.0259298
0.0266371
0.0271961
0.0276364
0.0280084
0.0283623
0.0287005
0.0289481
0.0289181
0.0283095
0.0268611
0.0246651
0.0221949
0.0199924
0.0185473
0.0178005
0.0176824
0.0180237
0.0186813
0.0194695
0.0202574
0.0209025
0.0213521
0.0215442
0.0218143
0.0231228
0.0243089
0.0253482
0.0262199
0.0269129
0.0274331
0.0278158
0.0281228
0.028419
0.0287141
0.0289309
0.0288619
0.0281423
0.0264292
0.0238318
0.0209591
0.0184562
0.0169968
0.0163541
0.016434
0.0170156
0.017923
0.0189406
0.0199249
0.0207308
0.0213104
0.0215988
0.0219161
0.0232931
0.0245305
0.025601
0.02648
0.0271533
0.027625
0.0279356
0.0281589
0.0283734
0.0285948
0.0287468
0.0286105
0.0277564
0.0257372
0.0226729
0.0193511
0.0164993
0.0150957
0.014614
0.0149584
0.0158404
0.0170458
0.0183272
0.0195324
0.0205182
0.021245
0.021642
0.0219772
0.0234274
0.0247191
0.0258212
0.0267052
0.027353
0.0277667
0.0279907
0.0281104
0.0282146
0.0283199
0.028355
0.0281074
0.02709
0.0247254
0.0211246
0.0173115
0.0145162
0.0128043
0.0125417
0.0132309
0.0144833
0.0160407
0.0176228
0.0190748
0.0202607
0.0211523
0.0216691
0.0219921
0.0235205
0.0248692
0.0260033
0.0268901
0.027507
0.027853
0.0279763
0.0279719
0.0279335
0.0278676
0.0277115
0.0272875
0.0260715
0.0233287
0.0191231
0.0147281
0.0115894
0.0100275
0.0100962
0.0112272
0.0129305
0.0148992
0.0168213
0.0185472
0.0199548
0.021028
0.0216741
0.0219549
0.0235665
0.0249748
0.0261412
0.0270285
0.0276094
0.0278786
0.0278876
0.0277394
0.0275235
0.0272202
0.0267758
0.0260845
0.0246222
0.0214756
0.0166089
0.0115552
0.00808576
0.00672258
0.00724065
0.00892495
0.0111693
0.0136134
0.0159166
0.0179453
0.0195966
0.0208671
0.0216494
0.0218594
0.023559
0.0250295
0.0262284
0.0271142
0.0276539
0.0278376
0.0277194
0.0274088
0.0269806
0.0263698
0.0255253
0.0244491
0.022667
0.0190866
0.0135164
0.00774439
0.00395447
0.00285059
0.0039442
0.00630544
0.00918929
0.0121765
0.0149037
0.0172653
0.0191824
0.0206635
0.0215859
0.0216986
0.023491
0.0250258
0.0262576
0.0271403
0.0276338
0.0277231
0.0274656
0.026976
0.0263047
0.0253236
0.0239707
0.0223722
0.0201545
0.0160787
0.00976747
0.00324063
-0.000851311
-0.00161959
0.000183387
0.00335467
0.00698255
0.010583
0.0137785
0.0165043
0.0187085
0.02041
0.0214737
0.0214656
0.0233549
0.024956
0.0262214
0.0270995
0.0275413
0.0275264
0.0271183
0.0264359
0.0254984
0.0241038
0.0221588
0.019897
0.0170756
0.0123797
0.00527453
-0.00201814
-0.00637361
-0.00671122
-0.00405635
6.47137e-05
0.00454463
0.00882927
0.0125381
0.0156598
0.0181704
0.020099
0.0213023
0.0211524
0.0231422
0.0248116
0.0261118
0.0269839
0.0273667
0.0272367
0.0266674
0.025782
0.0245652
0.0227385
0.0201545
0.0171016
0.013464
0.00794639
-4.44506e-05
-0.00809648
-0.0126472
-0.0124369
-0.00877927
-0.00356534
0.00187503
0.00691408
0.0111813
0.01473
0.0175639
0.0197224
0.0210618
0.0207507
0.022844
0.0245841
0.0259205
0.0267836
0.0270978
0.0268407
0.0261013
0.0250068
0.0235067
0.0212499
0.0180119
0.0140626
0.00937624
0.00277511
-0.00624172
-0.0150432
-0.0196924
-0.0187958
-0.0139782
-0.00752868
-0.00102229
0.00483882
0.00970847
0.0137136
0.0168843
0.0192723
0.0207431
0.0202518
0.0224508
0.0242645
0.0256384
0.0264868
0.0267201
0.0263241
0.0254091
0.0241038
0.0223218
0.0196462
0.0157557
0.0108267
0.0048687
-0.00309929
-0.013319
-0.0228703
-0.0275053
-0.0257699
-0.0196332
-0.0118102
-0.00413851
0.00260786
0.00812173
0.0126099
0.0161267
0.0187411
0.0203385
0.0196462
0.0219533
0.0238436
0.0252545
0.0260791
0.0262172
0.025673
0.0245821
0.0230682
0.0210072
0.0179231
0.0133826
0.00740772
-1.24457e-05
-0.00961096
-0.0212215
-0.0315392
-0.0360488
-0.0333201
-0.0257104
-0.0163862
-0.00745975
0.000228715
0.00642483
0.0114182
0.0152869
0.0181222
0.0198421
0.0189246
0.0213421
0.0233115
0.0247558
0.0255435
0.0255753
0.0248762
0.023616
0.0218988
0.0195594
0.0160696
0.0108756
0.003802
-0.00522708
-0.0166722
-0.029846
-0.0409601
-0.0452486
-0.0413832
-0.0321613
-0.0212244
-0.010967
-0.00228797
0.00462298
0.0101386
0.0143606
0.0174101
0.0192499
0.0180777
0.0206077
0.022657
0.0241262
0.0248607
0.0247708
0.0239253
0.02251
0.0205965
0.0179754
0.0140748
0.00821705
4.97389e-06
-0.0107334
-0.0241805
-0.0390551
-0.0509998
-0.0549939
-0.0498724
-0.0389231
-0.0262842
-0.0146362
-0.00492859
0.00272275
0.00877143
0.0133444
0.0166004
0.0185592
0.0170966
0.0197409
0.0218671
0.0233475
0.0240103
0.0237935
0.0228158
0.0212648
0.0191624
0.0162535
0.0119309
0.0053959
-0.00397995
-0.0164832
-0.0320247
-0.0486907
-0.0614939
-0.0651438
-0.0586799
-0.0459206
-0.0315176
-0.0184389
-0.00767689
0.000731763
0.00731772
0.0122356
0.01569
0.0177688
0.0159733
0.0187316
0.0209269
0.0223995
0.0229721
0.022631
0.0215438
0.0198801
0.0175959
0.0143921
0.00963429
0.00240974
-0.00813901
-0.0224211
-0.0400884
-0.058585
-0.07226
-0.0755376
-0.0676824
-0.0530684
-0.0368706
-0.022343
-0.0105145
-0.0013414
0.00577899
0.0110324
0.014677
0.0168779
0.018161
0.0147001
0.0175694
0.0198198
0.0212604
0.0217268
0.0212716
0.0201038
0.018351
0.0158924
0.0123883
0.00718485
-0.000735865
-0.012449
-0.0284856
-0.0482541
-0.0685693
-0.083108
-0.0860031
-0.0767468
-0.0602744
-0.0422849
-0.0263131
-0.0134212
-0.00348744
0.00415753
0.00973383
0.0135604
0.015886
0.0173055
0.01327
0.0162427
0.0185275
0.0199085
0.020257
0.0197044
0.0184869
0.016668
0.0140436
0.0102384
0.00458536
-0.00402847
-0.0168789
-0.0346114
-0.0564061
-0.0784799
-0.0938517
-0.0963661
-0.0857367
-0.0674439
-0.0476996
-0.0303123
-0.0163762
-0.00569645
0.00245636
0.00834008
0.0123397
0.0147928
0.0163519
0.0116764
0.0147394
0.0170312
0.0183228
0.0185462
0.0179179
0.016681
0.0148173
0.0120382
0.00793846
0.00184155
-0.00744979
-0.0213921
-0.0407315
-0.064434
-0.0881619
-0.104315
-0.10646
-0.0945186
-0.0744826
-0.0530537
-0.034303
-0.0193578
-0.00795808
0.000679277
0.00685206
0.0110154
0.0135973
0.0152964
0.009913
0.0130467
0.0153121
0.0164838
0.0165794
0.0158994
0.0146718
0.0127832
0.00986434
0.00548504
-0.00103828
-0.0109771
-0.0259471
-0.0467791
-0.0722359
-0.0974743
-0.114337
-0.116132
-0.102967
-0.0813005
-0.0582876
-0.0382479
-0.0223445
-0.0102616
-0.00116919
0.00527153
0.00958802
0.0122983
0.0141348
0.0079738
0.0111521
0.0133521
0.0143744
0.0143431
0.0136356
0.0124433
0.0105501
0.00751182
0.00287688
-0.00404369
-0.0145851
-0.0305008
-0.0526887
-0.0797193
-0.106295
-0.123777
-0.125245
-0.11097
-0.0878144
-0.0633452
-0.0421114
-0.0253156
-0.0125963
-0.0030838
0.00360096
0.00805837
0.0108941
0.0128625
0.00585328
0.00904344
0.0111352
0.0119802
0.0118257
0.0111128
0.00998
0.00810509
0.0049737
0.000115727
-0.00716199
-0.0182481
-0.0350116
-0.0583994
-0.0868017
-0.114522
-0.132518
-0.133684
-0.118428
-0.0939506
-0.0681751
-0.0458602
-0.0282511
-0.014951
-0.00505873
0.00184336
0.0064274
0.00938284
0.0114747
0.00354664
0.00670988
0.00864772
0.00928959
0.00901682
0.00831865
0.00726938
0.00543933
0.00224763
-0.00279255
-0.0103773
-0.021939
-0.0394417
-0.0638604
-0.093415
-0.122072
-0.140467
-0.141355
-0.125262
-0.0996463
-0.0727322
-0.0494641
-0.0311324
-0.0173149
-0.00708767
2.23145e-06
0.00469614
0.00776248
0.00996732
0.00105008
0.00414216
0.00587891
0.00629428
0.00590865
0.00524587
0.00430293
0.00254874
-0.000663796
-0.00583767
-0.0136697
-0.0256271
-0.0437527
-0.0690318
-0.099512
-0.128885
-0.147557
-0.148191
-0.131408
-0.104851
-0.0769783
-0.0528968
-0.0339425
-0.0196772
-0.00916393
-0.00191862
0.00286564
0.00603095
0.00833671
-0.00163893
0.00133319
0.00282139
0.00298896
0.00249613
0.00188367
0.00107697
-0.000565686
-0.00375376
-0.00900645
-0.0170178
-0.0292799
-0.0479013
-0.0738724
-0.105065
-0.134929
-0.153747
-0.154144
-0.136825
-0.109525
-0.0808827
-0.0561358
-0.0366659
-0.0220277
-0.0112806
-0.00391515
0.000937054
0.00418633
0.00658006
-0.00452143
-0.00172158
-0.000528558
-0.000628126
-0.00122196
-0.00176641
-0.00240669
-0.00389858
-0.00701365
-0.0122877
-0.0204065
-0.0328742
-0.0518488
-0.0783293
-0.110036
-0.140197
-0.159025
-0.159192
-0.141484
-0.113643
-0.0844222
-0.059163
-0.0392891
-0.0243562
-0.0134307
-0.00598313
-0.00108833
0.0022272
0.00469541
-0.00759685
-0.00502422
-0.00417137
-0.00455469
-0.00524161
-0.00570379
-0.00614611
-0.00744548
-0.0104374
-0.0156767
-0.0238345
-0.0364096
-0.0555853
-0.0823633
-0.11436
-0.144656
-0.163401
-0.163336
-0.145378
-0.117189
-0.0875808
-0.0619642
-0.0418003
-0.0266533
-0.0156072
-0.00811835
-0.00320925
0.000152668
0.00268234
-0.0108629
-0.00857443
-0.0081062
-0.00878966
-0.00955552
-0.00993088
-0.0101485
-0.0112092
-0.0140199
-0.0191644
-0.0272954
-0.0398884
-0.0591279
-0.0859965
-0.118017
-0.148239
-0.166856
-0.166585
-0.148513
-0.120161
-0.0903501
-0.0645294
-0.0441896
-0.0289103
-0.0178032
-0.0103167
-0.00542519
-0.0020404
0.000541233
-0.0143148
-0.0123681
-0.0123292
-0.01334
-0.0141769
-0.0144505
-0.0144062
-0.0151709
-0.0177228
-0.0226889
-0.0307085
-0.0432319
-0.0624471
-0.0893015
-0.121164
-0.151034
-0.169368
-0.168928
-0.150896
-0.122562
-0.092728
-0.0668526
-0.0464487
-0.0311191
-0.0200121
-0.0125739
-0.00773544
-0.00435865
-0.00173749
-0.0179431
-0.01639
-0.0168119
-0.0181613
-0.0190858
-0.0191947
-0.0187741
-0.0191849
-0.0214081
-0.0260897
-0.0338723
-0.0462209
-0.0653823
-0.0922911
-0.124088
-0.153521
-0.171236
-0.170439
-0.152557
-0.124395
-0.0947143
-0.0689301
-0.0485711
-0.0332716
-0.0222255
-0.0148811
-0.0101266
-0.00677801
-0.00414561
-0.0217299
-0.0205999
-0.0214506
-0.0230104
-0.0239063
-0.0237952
-0.0229303
-0.0230167
-0.0249348
-0.0292787
-0.0367079
-0.0487655
-0.0678236
-0.0948488
-0.126781
-0.156043
-0.173138
-0.171653
-0.153755
-0.125757
-0.0963286
-0.0707602
-0.0505488
-0.0353569
-0.0244276
-0.0172102
-0.0125434
-0.00918925
-0.00652797
-0.0257197
-0.0250916
-0.026352
-0.0280116
-0.0287067
-0.0281107
-0.0274027
-0.0272194
-0.0288247
-0.0328689
-0.0399891
-0.0516864
-0.0703339
-0.0969095
-0.128372
-0.15721
-0.174022
-0.173297
-0.154433
-0.126736
-0.0976849
-0.0724135
-0.0524118
-0.0373918
-0.026645
-0.0196105
-0.0150715
-0.0117313
-0.0090214
-0.0290969
-0.0293622
-0.0319462
-0.0348829
-0.0363107
-0.0353917
-0.0335657
-0.0322366
-0.0330301
-0.0368014
-0.0439343
-0.0553678
-0.073022
-0.0978142
-0.127008
-0.153727
-0.169299
-0.168407
-0.151252
-0.125166
-0.0974636
-0.0731219
-0.0536616
-0.0389707
-0.0285495
-0.0219316
-0.0178478
-0.014885
-0.0305633
-0.0311832
-0.0340534
-0.0371017
-0.0384345
-0.0372771
-0.0351544
-0.0335992
-0.0342731
-0.0380161
-0.0451614
-0.0566102
-0.0742465
-0.098912
-0.127773
-0.153946
-0.168922
-0.167596
-0.150387
-0.124481
-0.0970901
-0.0730709
-0.0538768
-0.0393993
-0.0291712
-0.0227255
-0.0187691
-0.0158753
-0.0316802
-0.032619
-0.0356416
-0.0386562
-0.039848
-0.038578
-0.0363639
-0.0347529
-0.0354067
-0.0391425
-0.0462902
-0.057782
-0.0754914
-0.100167
-0.128869
-0.154692
-0.169211
-0.167422
-0.149863
-0.123837
-0.0965515
-0.0727616
-0.0538215
-0.0395802
-0.0295645
-0.023284
-0.0194273
-0.016579
-0.0327992
-0.0340439
-0.0372378
-0.0402688
-0.0413757
-0.0400114
-0.0376907
-0.0359949
-0.0365984
-0.0403045
-0.0474373
-0.0589479
-0.0766889
-0.101319
-0.129806
-0.155245
-0.169322
-0.167137
-0.149339
-0.123264
-0.0961042
-0.0725334
-0.0538269
-0.0398024
-0.0299851
-0.0238635
-0.02011
-0.0173168
-0.0340166
-0.0355667
-0.038949
-0.0420195
-0.0430465
-0.0415626
-0.0390979
-0.0372852
-0.0378157
-0.0414778
-0.0485848
-0.0600983
-0.0778469
-0.102402
-0.130643
-0.155665
-0.169278
-0.166708
-0.148735
-0.122681
-0.0956952
-0.0723634
-0.0538919
-0.0400794
-0.0304567
-0.0244949
-0.0208499
-0.0181164
-0.0352972
-0.0371528
-0.0407205
-0.043827
-0.0447646
-0.0431496
-0.0405286
-0.0385893
-0.0390384
-0.042648
-0.0497198
-0.0612257
-0.0789689
-0.103435
-0.131419
-0.156021
-0.169167
-0.166216
-0.14808
-0.122067
-0.0952765
-0.0721977
-0.053969
-0.0403733
-0.030949
-0.0251505
-0.021617
-0.0189447
-0.0366194
-0.0387795
-0.0425287
-0.0456677
-0.0465124
-0.0447607
-0.0419772
-0.0399051
-0.0402655
-0.0438138
-0.050841
-0.0623285
-0.0800529
-0.104417
-0.132134
-0.156314
-0.169001
-0.16568
-0.147391
-0.121431
-0.0948456
-0.0720277
-0.0540476
-0.0406738
-0.0314523
-0.0258204
-0.0224013
-0.0197922
-0.0379843
-0.040448
-0.0443773
-0.0475485
-0.0483035
-0.0464014
-0.0434468
-0.0412337
-0.0414969
-0.0449746
-0.0519475
-0.0634053
-0.0810971
-0.105344
-0.132785
-0.15654
-0.168772
-0.165093
-0.146668
-0.120777
-0.0944089
-0.0718589
-0.0541319
-0.0409838
-0.0319685
-0.0265064
-0.023205
-0.0206615
-0.039395
-0.0421617
-0.0462709
-0.0494734
-0.0501471
-0.0480726
-0.0449367
-0.0425742
-0.0427314
-0.0461292
-0.0530379
-0.0644547
-0.0820996
-0.106215
-0.133369
-0.156696
-0.168478
-0.164454
-0.14591
-0.120106
-0.0939683
-0.0716939
-0.0542242
-0.0413053
-0.0324996
-0.0272105
-0.02403
-0.0215542
-0.0408516
-0.0439213
-0.0482101
-0.0514417
-0.052038
-0.049773
-0.0464453
-0.0439251
-0.0439676
-0.047276
-0.0541107
-0.065475
-0.0830592
-0.107029
-0.133887
-0.156784
-0.168121
-0.163763
-0.145118
-0.119418
-0.0935235
-0.0715322
-0.0543242
-0.0416383
-0.0330456
-0.027933
-0.0248769
-0.0224705
-0.0423534
-0.0457265
-0.0501948
-0.0534526
-0.0539578
-0.0515002
-0.0479711
-0.0452849
-0.045204
-0.0484136
-0.0551644
-0.0664648
-0.0839743
-0.107784
-0.134337
-0.156803
-0.1677
-0.163022
-0.144291
-0.118712
-0.0930741
-0.0713732
-0.0544314
-0.0419823
-0.0336063
-0.0286739
-0.0257456
-0.0234105
-0.0439
-0.0475773
-0.0522249
-0.0555059
-0.0558889
-0.0532522
-0.049513
-0.0466527
-0.0464394
-0.0495406
-0.0561977
-0.0674226
-0.0848435
-0.108479
-0.134719
-0.156752
-0.167216
-0.162232
-0.143432
-0.11799
-0.0926202
-0.0712167
-0.0545455
-0.042337
-0.0341816
-0.0294333
-0.0266364
-0.0243741
-0.0454909
-0.0494735
-0.0543006
-0.0576012
-0.0578598
-0.0550279
-0.0510699
-0.0480272
-0.0476725
-0.0506559
-0.0572093
-0.0683472
-0.0856656
-0.109114
-0.135031
-0.156632
-0.16667
-0.161393
-0.142541
-0.117252
-0.0921618
-0.0710626
-0.0546662
-0.0427024
-0.0347716
-0.0302114
-0.0275494
-0.0253615
-0.0471257
-0.0514153
-0.0564215
-0.0597377
-0.0598586
-0.0568265
-0.052641
-0.0494072
-0.0489021
-0.051758
-0.0581977
-0.0692371
-0.0864394
-0.109688
-0.135275
-0.156443
-0.166061
-0.160505
-0.141618
-0.116499
-0.0916991
-0.0709105
-0.0547933
-0.0430783
-0.0353762
-0.0310083
-0.0284849
-0.0263727
-0.0488041
-0.0534025
-0.0585877
-0.0619149
-0.0618898
-0.0586472
-0.054225
-0.0507917
-0.0501268
-0.0528457
-0.0591619
-0.0700912
-0.0871638
-0.110199
-0.135448
-0.156184
-0.165391
-0.159571
-0.140665
-0.11573
-0.0912319
-0.0707603
-0.0549265
-0.0434645
-0.0359953
-0.0318241
-0.029443
-0.0274078
-0.0505255
-0.0554348
-0.0607986
-0.0641317
-0.0639539
-0.060489
-0.055821
-0.0521794
-0.0513455
-0.0539177
-0.0601006
-0.0709082
-0.0878377
-0.110647
-0.135551
-0.155856
-0.16466
-0.15859
-0.139682
-0.114946
-0.0907603
-0.0706117
-0.0550654
-0.0438606
-0.0366289
-0.0326589
-0.0304237
-0.0284668
-0.0522894
-0.057512
-0.0630539
-0.0663877
-0.0660489
-0.0623509
-0.0574281
-0.0535693
-0.0525568
-0.0549729
-0.0610125
-0.0716871
-0.0884602
-0.111032
-0.135584
-0.155458
-0.163869
-0.157563
-0.138669
-0.114148
-0.0902842
-0.0704643
-0.0552099
-0.0442666
-0.0372768
-0.0335126
-0.0314271
-0.0295496
-0.0540951
-0.0596337
-0.0653528
-0.0686818
-0.0681735
-0.0642319
-0.0590451
-0.05496
-0.0537597
-0.05601
-0.0618967
-0.0724268
-0.0890305
-0.111352
-0.135546
-0.154992
-0.163018
-0.156492
-0.137628
-0.113335
-0.0898034
-0.070318
-0.0553595
-0.0446821
-0.037939
-0.0343854
-0.0324533
-0.0306562
-0.0525595
-0.055942
-0.0617992
-0.0676949
-0.0710132
-0.0703267
-0.0661309
-0.060671
-0.0563505
-0.0549528
-0.0570279
-0.0627519
-0.0731265
-0.0895478
-0.111608
-0.135437
-0.154457
-0.162108
-0.155376
-0.13656
-0.112509
-0.089318
-0.0701723
-0.055514
-0.0451069
-0.0386152
-0.0352772
-0.0335022
-0.0317864
-0.0540716
-0.0578293
-0.064008
-0.0700793
-0.0733811
-0.0725073
-0.068047
-0.0623047
-0.0577396
-0.056135
-0.0580255
-0.0635774
-0.0737852
-0.0900115
-0.111799
-0.135258
-0.153855
-0.16114
-0.154219
-0.135464
-0.111669
-0.0888278
-0.070027
-0.0556729
-0.0455407
-0.0393055
-0.0361879
-0.0345739
-0.0329402
-0.0556181
-0.0597561
-0.0662592
-0.0725051
-0.0757842
-0.0747144
-0.069979
-0.0639452
-0.0591262
-0.0573051
-0.0590018
-0.064372
-0.0744021
-0.0904212
-0.111925
-0.135009
-0.153184
-0.160115
-0.153019
-0.134342
-0.110815
-0.0883327
-0.0698816
-0.0558358
-0.0459832
-0.0400094
-0.0371175
-0.0356681
-0.0341174
-0.0571978
-0.0617215
-0.0685521
-0.0749714
-0.0782217
-0.0769467
-0.071926
-0.0655914
-0.0605091
-0.0584621
-0.0599557
-0.065135
-0.0749766
-0.0907763
-0.111986
-0.13469
-0.152448
-0.159034
-0.151778
-0.133195
-0.109949
-0.0878325
-0.0697358
-0.0560024
-0.0464339
-0.0407269
-0.0380657
-0.0367848
-0.0353178
-0.0588096
-0.0637245
-0.0708855
-0.077477
-0.0806922
-0.0792032
-0.0738869
-0.0672422
-0.0618871
-0.0596047
-0.0608863
-0.0658655
-0.0755081
-0.0910765
-0.111982
-0.134302
-0.151645
-0.157898
-0.150498
-0.132023
-0.10907
-0.0873269
-0.0695892
-0.0561723
-0.0468927
-0.0414577
-0.0390325
-0.0379239
-0.0365412
-0.0604522
-0.0657639
-0.0732584
-0.0800208
-0.0831947
-0.0814826
-0.0758607
-0.0688965
-0.0632591
-0.0607321
-0.0617926
-0.0665629
-0.075996
-0.0913217
-0.111913
-0.133845
-0.150778
-0.156707
-0.149178
-0.130827
-0.108178
-0.086816
-0.0694414
-0.056345
-0.047359
-0.0422014
-0.0400175
-0.039085
-0.0377874
-0.0621245
-0.0678385
-0.0756694
-0.0826014
-0.0857279
-0.0837838
-0.0778461
-0.0705531
-0.0646241
-0.0618431
-0.0626739
-0.0672264
-0.0764399
-0.0915118
-0.11178
-0.13332
-0.149847
-0.155464
-0.147821
-0.129607
-0.107273
-0.0862993
-0.069292
-0.05652
-0.0478325
-0.0429578
-0.0410206
-0.0402681
-0.0390561
-0.0638248
-0.0699467
-0.0781172
-0.0852176
-0.0882905
-0.0861055
-0.0798421
-0.072211
-0.0659809
-0.0629367
-0.0635293
-0.0678555
-0.0768396
-0.0916468
-0.111583
-0.132727
-0.148853
-0.15417
-0.146428
-0.128365
-0.106357
-0.0857767
-0.0691406
-0.056697
-0.0483128
-0.0437265
-0.0420414
-0.0414727
-0.0403469
-0.0655517
-0.0720872
-0.0806003
-0.0878678
-0.090881
-0.0884466
-0.0818476
-0.073869
-0.0673285
-0.0640122
-0.0643582
-0.0684497
-0.0771947
-0.0917268
-0.111323
-0.132068
-0.147797
-0.152825
-0.144999
-0.127101
-0.105428
-0.085248
-0.0689867
-0.0568753
-0.0487993
-0.0445071
-0.0430797
-0.0426986
-0.0416596
-0.0673036
-0.0742583
-0.083117
-0.0905504
-0.0934981
-0.0908057
-0.0838614
-0.075526
-0.0686658
-0.0650685
-0.0651598
-0.0690085
-0.0775051
-0.091752
-0.110999
-0.131344
-0.146682
-0.151431
-0.143535
-0.125815
-0.104488
-0.084713
-0.0688298
-0.0570546
-0.0492917
-0.0452992
-0.0441349
-0.0439453
-0.0429937
-0.0690787
-0.0764581
-0.0856655
-0.0932637
-0.0961402
-0.0931815
-0.0858823
-0.077181
-0.0699919
-0.0661049
-0.0659335
-0.0695317
-0.0777709
-0.0917228
-0.110614
-0.130556
-0.145507
-0.14999
-0.142039
-0.124509
-0.103536
-0.0841713
-0.0686696
-0.0572343
-0.0497894
-0.0461023
-0.0452066
-0.0452126
-0.0443489
-0.0708751
-0.0786848
-0.0882439
-0.0960058
-0.0988057
-0.0955727
-0.0879091
-0.0788328
-0.0713058
-0.0671205
-0.0666788
-0.0700189
-0.077992
-0.0916397
-0.110167
-0.129705
-0.144275
-0.148503
-0.14051
-0.123184
-0.102572
-0.0836226
-0.0685054
-0.0574138
-0.0502918
-0.046916
-0.0462945
-0.0464999
-0.0457247
-0.072691
-0.0809362
-0.0908501
-0.0987748
-0.101493
-0.0979778
-0.0899406
-0.0804804
-0.0726065
-0.0681147
-0.0673952
-0.0704699
-0.0781687
-0.0915032
-0.109661
-0.128793
-0.142987
-0.146971
-0.13895
-0.121838
-0.101598
-0.0830669
-0.068337
-0.0575926
-0.0507984
-0.0477395
-0.0473979
-0.0478067
-0.0471207
-0.0745241
-0.0832103
-0.0934819
-0.101569
-0.1042
-0.100396
-0.0919755
-0.0821226
-0.0738933
-0.0690868
-0.0680824
-0.0708847
-0.0783011
-0.0913139
-0.109095
-0.12782
-0.141645
-0.145396
-0.137361
-0.120475
-0.100612
-0.0825036
-0.0681637
-0.0577702
-0.0513087
-0.0485725
-0.0485163
-0.0491325
-0.0485363
-0.0763722
-0.0855045
-0.0961371
-0.104385
-0.106926
-0.102824
-0.0940128
-0.0837585
-0.0751651
-0.0700362
-0.0687399
-0.0712633
-0.0783896
-0.0910727
-0.108471
-0.126789
-0.14025
-0.143779
-0.135744
-0.119093
-0.0996143
-0.0819326
-0.067985
-0.0579459
-0.0518219
-0.0494142
-0.049649
-0.0504766
-0.0499711
-0.0782331
-0.0878165
-0.098813
-0.107223
-0.109669
-0.105263
-0.096051
-0.0853869
-0.0764213
-0.0709622
-0.0693676
-0.0716056
-0.0784346
-0.0907804
-0.107791
-0.125701
-0.138804
-0.142123
-0.134099
-0.117695
-0.0986062
-0.0813535
-0.0678005
-0.0581191
-0.0523375
-0.050264
-0.0507955
-0.0518385
-0.0514244
-0.0801043
-0.0901436
-0.101507
-0.110078
-0.112426
-0.107709
-0.098089
-0.087007
-0.077661
-0.0718645
-0.0699652
-0.0719118
-0.0784367
-0.090438
-0.107056
-0.124557
-0.137309
-0.140429
-0.132428
-0.11628
-0.0975871
-0.0807662
-0.0676097
-0.0582893
-0.0528547
-0.0511211
-0.0519548
-0.0532175
-0.0528957
-0.0819831
-0.0924831
-0.104217
-0.112949
-0.115196
-0.110162
-0.100126
-0.0886177
-0.0788837
-0.0727427
-0.0705325
-0.0721821
-0.0783964
-0.0900466
-0.106267
-0.12336
-0.135767
-0.138698
-0.130733
-0.114849
-0.0965574
-0.0801702
-0.067412
-0.0584558
-0.0533729
-0.0519849
-0.0531264
-0.0546128
-0.0543842
-0.0838669
-0.0948319
-0.106939
-0.115832
-0.117975
-0.112619
-0.102159
-0.0902181
-0.0800885
-0.0735962
-0.0710697
-0.0724168
-0.0783145
-0.0896072
-0.105425
-0.122112
-0.13418
-0.136933
-0.129015
-0.113404
-0.095517
-0.0795652
-0.0672069
-0.0586179
-0.0538914
-0.0528544
-0.0543094
-0.0560236
-0.0558895
-0.085753
-0.0971872
-0.10967
-0.118726
-0.120763
-0.11508
-0.104189
-0.0918072
-0.0812749
-0.0744249
-0.0715765
-0.0726162
-0.0781917
-0.0891211
-0.104534
-0.120814
-0.132549
-0.135134
-0.127274
-0.111944
-0.0944662
-0.0789511
-0.0669939
-0.0587751
-0.0544092
-0.053729
-0.0555029
-0.0574492
-0.0574107
-0.0876382
-0.0995456
-0.112408
-0.121628
-0.123557
-0.117543
-0.106214
-0.0933842
-0.0824424
-0.0752285
-0.0720532
-0.0727809
-0.0780288
-0.0885896
-0.103593
-0.119468
-0.130877
-0.133304
-0.125512
-0.11047
-0.0934049
-0.0783274
-0.0667725
-0.0589265
-0.0549258
-0.0546076
-0.056706
-0.0588887
-0.0589471
-0.0895197
-0.101904
-0.115149
-0.124533
-0.126354
-0.120005
-0.108232
-0.0949482
-0.0835904
-0.0760068
-0.0724998
-0.0729112
-0.0778269
-0.0880141
-0.102606
-0.118076
-0.129166
-0.131445
-0.123731
-0.108983
-0.0923334
-0.077694
-0.0665422
-0.0590716
-0.0554403
-0.0554894
-0.0579177
-0.0603411
-0.060498
-0.0913942
-0.104259
-0.117889
-0.127441
-0.129141
-0.122465
-0.110243
-0.0964984
-0.0847185
-0.0767597
-0.0729166
-0.0730078
-0.0775868
-0.0873961
-0.101574
-0.116641
-0.127417
-0.129558
-0.121931
-0.107484
-0.0912517
-0.0770505
-0.0663024
-0.0592096
-0.0559517
-0.0563734
-0.0591371
-0.0618055
-0.0620625
-0.0932586
-0.106606
-0.120625
-0.130346
-0.131938
-0.124921
-0.112245
-0.098034
-0.0858263
-0.0774872
-0.0733038
-0.0730712
-0.0773097
-0.086737
-0.100498
-0.115164
-0.125633
-0.127646
-0.120115
-0.105973
-0.09016
-0.0763967
-0.0660527
-0.0593399
-0.0564593
-0.0572586
-0.0603631
-0.063281
-0.0636399
-0.0951094
-0.108943
-0.123354
-0.133247
-0.134731
-0.127372
-0.114237
-0.0995543
-0.0869134
-0.0781891
-0.0736618
-0.0731022
-0.0769967
-0.0860385
-0.099381
-0.113648
-0.123817
-0.125709
-0.118283
-0.104451
-0.0890585
-0.0757323
-0.0657926
-0.0594618
-0.0569622
-0.0581441
-0.0615946
-0.0647665
-0.0652292
-0.0969433
-0.111265
-0.126071
-0.136139
-0.137518
-0.129816
-0.116218
-0.101059
-0.0879796
-0.0788657
-0.0739909
-0.0731016
-0.0766489
-0.0853023
-0.098225
-0.112095
-0.121969
-0.12375
-0.116436
-0.102919
-0.0879471
-0.0750571
-0.0655214
-0.0595744
-0.0574595
-0.0590287
-0.0628304
-0.0662608
-0.0668295
-0.0987568
-0.113569
-0.128772
-0.13902
-0.140296
-0.132251
-0.118186
-0.102546
-0.0890246
-0.079517
-0.0742916
-0.07307
-0.0762676
-0.0845299
-0.0970319
-0.110507
-0.120093
-0.12177
-0.114576
-0.101377
-0.0868262
-0.0743709
-0.0652388
-0.0596772
-0.0579502
-0.0599112
-0.0640695
-0.0677629
-0.0684399
-0.100546
-0.115851
-0.131454
-0.141885
-0.143063
-0.134675
-0.120141
-0.104016
-0.0900481
-0.0801432
-0.0745644
-0.0730085
-0.075854
-0.0837231
-0.0958037
-0.108887
-0.118191
-0.119772
-0.112704
-0.0998263
-0.0856959
-0.0736733
-0.0649443
-0.0597693
-0.0584333
-0.0607907
-0.0653105
-0.0692716
-0.0700595
-0.102308
-0.118106
-0.134113
-0.144732
-0.145815
-0.137086
-0.122081
-0.105469
-0.0910502
-0.0807445
-0.0748099
-0.0729178
-0.0754096
-0.0828838
-0.0945427
-0.107236
-0.116264
-0.117758
-0.110822
-0.0982674
-0.0845563
-0.0729643
-0.0646373
-0.0598501
-0.058908
-0.061666
-0.0665522
-0.0707857
-0.0716872
-0.104039
-0.12033
-0.136744
-0.147556
-0.14855
-0.139482
-0.124006
-0.106903
-0.0920306
-0.0813212
-0.0750287
-0.072799
-0.0749357
-0.0820136
-0.093251
-0.105558
-0.114315
-0.115728
-0.108931
-0.096701
-0.0834076
-0.0722437
-0.0643175
-0.0599188
-0.0593733
-0.0625357
-0.0677933
-0.072304
-0.073322
-0.105735
-0.12252
-0.139343
-0.150354
-0.151265
-0.141863
-0.125914
-0.108318
-0.0929894
-0.0818737
-0.0752213
-0.0726531
-0.0744336
-0.0811145
-0.0919307
-0.103854
-0.112346
-0.113685
-0.107031
-0.0951276
-0.08225
-0.0715113
-0.0639844
-0.0599747
-0.0598281
-0.0633988
-0.0690325
-0.0738251
-0.0749628
-0.107392
-0.12467
-0.141906
-0.153122
-0.153957
-0.144224
-0.127804
-0.109713
-0.0939266
-0.0824023
-0.0753886
-0.072481
-0.0739048
-0.0801883
-0.0905841
-0.102126
-0.11036
-0.111631
-0.105125
-0.0935482
-0.0810838
-0.0707668
-0.0636374
-0.0600171
-0.0602714
-0.064254
-0.0702684
-0.0753478
-0.0766086
)
;

boundaryField
{
    inlet
    {
        type            zeroGradient;
    }
    outlet
    {
        type            fixedValue;
        value           nonuniform 0();
    }
    cylinder
    {
        type            zeroGradient;
    }
    top
    {
        type            symmetryPlane;
    }
    bottom
    {
        type            symmetryPlane;
    }
    frontAndBack
    {
        type            empty;
    }
    procBoundary6to5
    {
        type            processor;
        value           nonuniform List<scalar> 
252
(
-0.0955626
-0.0966663
-0.0977236
-0.0987316
-0.0996875
-0.100588
-0.101431
-0.102214
-0.102934
-0.103589
-0.104176
-0.104693
-0.105139
-0.105511
-0.105808
-0.106029
-0.106172
-0.106235
-0.106219
-0.106122
-0.105945
-0.105686
-0.105345
-0.104924
-0.104421
-0.103838
-0.103175
-0.102433
-0.101614
-0.100718
-0.0997465
-0.0987018
-0.121073
-0.121073
-0.119959
-0.118759
-0.117477
-0.116114
-0.114674
-0.113159
-0.111571
-0.109914
-0.10819
-0.106402
-0.104554
-0.102648
-0.100688
-0.098679
-0.0966102
-0.0944676
-0.0924325
-0.0884117
-0.0841884
-0.0799169
-0.0748405
-0.0691864
-0.063205
-0.056909
-0.0502555
-0.0432842
-0.036091
-0.0287654
-0.0213842
-0.0140353
-0.00682638
0.00011881
0.00666031
0.0126431
0.0179193
0.0223954
0.026072
0.0290328
0.0313853
0.0332097
0.0345546
0.0354618
0.0359851
0.0361883
0.036136
0.0358866
0.0354885
0.0349804
0.0343931
0.0337508
0.0330725
0.0323729
0.0316639
0.030955
0.0302536
0.0295655
0.028895
0.0282457
0.0276204
0.027021
0.0264488
0.0259048
0.0253893
0.0249025
0.0244444
0.0240146
0.0236126
0.023238
0.0228898
0.0225672
0.0222692
0.0219949
0.0217431
0.0215129
0.021303
0.0211124
0.02094
0.0207846
0.0206453
0.0205209
0.0204104
0.0203129
0.0202273
0.0201529
0.0200887
0.0200341
0.0199883
0.0199509
0.0199213
0.0198992
0.0198844
0.0198769
0.0129966
0.0130087
0.0130324
0.0130673
0.013113
0.0131695
0.0132365
0.013314
0.013402
0.0135005
0.0136096
0.0137293
0.0138596
0.0140005
0.0141521
0.0143143
0.0144871
0.0146702
0.0148636
0.015067
0.0152801
0.0155024
0.0157335
0.0159729
0.0162197
0.0164733
0.0167327
0.016997
0.0172648
0.017535
0.0178061
0.0180765
0.0183444
0.0186078
0.0188647
0.0191126
0.019349
0.0195711
0.0197759
0.0199598
0.0201195
0.0202509
0.0203498
0.0204115
0.0204311
0.0204032
0.0203222
0.020182
0.0199762
0.0196981
0.0193406
0.0188966
0.0183584
0.0177184
0.0169686
0.0161008
0.0151066
0.0139781
0.0127075
0.0112883
0.00971454
0.00798197
0.00608749
0.00402935
0.00180708
-0.000578623
-0.00312587
-0.00583156
-0.00869137
-0.0116997
-0.0148495
-0.0181322
-0.0215378
-0.0250489
-0.0286493
-0.0316902
-0.0328757
-0.0336611
-0.0344716
-0.0353883
-0.0363614
-0.0373688
-0.0384139
-0.0395005
-0.0406286
-0.0417976
-0.0430068
-0.0442559
-0.0455446
-0.0468722
-0.0482382
-0.0496419
-0.0510826
-0.0510826
-0.0526982
-0.0538743
-0.0550778
-0.0563077
-0.0575627
-0.0588418
-0.0601436
-0.0614667
-0.0628096
-0.0641708
-0.0655486
-0.0669413
-0.0683469
-0.0697636
-0.0711894
-0.072622
-0.0740593
-0.0754989
-0.0769384
-0.0783754
-0.0798073
-0.0812313
-0.0826449
-0.0840452
-0.0854293
-0.0867943
-0.0881373
-0.0894552
-0.0907451
-0.0920038
-0.0932284
-0.0944156
)
;
    }
    procBoundary6to7
    {
        type            processor;
        value           nonuniform List<scalar> 
253
(
-0.0747084
-0.076292
-0.0778784
-0.0794667
-0.0810561
-0.0826455
-0.0842343
-0.0858214
-0.087406
-0.088987
-0.0905636
-0.0921347
-0.0936994
-0.0952567
-0.0968056
-0.098345
-0.0998741
-0.101392
-0.102897
-0.104388
-0.105866
-0.107327
-0.108772
-0.110199
-0.111608
-0.112997
-0.114365
-0.115712
-0.117036
-0.118337
-0.119612
-0.120863
-0.122087
-0.123283
-0.124451
-0.12559
-0.1267
-0.127778
-0.128824
-0.129839
-0.13082
-0.131767
-0.132679
-0.133556
-0.134398
-0.135208
-0.135975
-0.13665
-0.137253
-0.138272
-0.138272
-0.126587
-0.127615
-0.128223
-0.128507
-0.128282
-0.127493
-0.126113
-0.12411
-0.121462
-0.118155
-0.114187
-0.109567
-0.104318
-0.0984753
-0.0920918
-0.0852339
-0.0779829
-0.0704352
-0.0626975
-0.0548837
-0.0471144
-0.0395114
-0.0321913
-0.0252589
-0.0188011
-0.012884
-0.00754889
-0.00280917
0.0013466
0.00494941
0.00804365
0.0106807
0.0129129
0.0147919
0.0163704
0.0171881
0.0182524
0.0190874
0.0197352
0.0202318
0.0206059
0.020881
0.021076
0.0212062
0.0212842
0.0213201
0.0213223
0.0212978
0.0212522
0.0211901
0.0211152
0.0210306
0.0209387
0.0208418
0.0207414
0.0206392
0.0205363
0.0204338
0.0203324
0.0202329
0.020136
0.0200423
0.0199523
0.0198665
0.0197854
0.0197093
0.0196388
0.0195742
0.0195161
0.0194648
0.0194208
0.0193847
0.0193567
0.0193376
0.0193278
0.0176636
0.0176751
0.0176975
0.0177301
0.0177722
0.0178231
0.0178821
0.0179487
0.018022
0.0181016
0.0181867
0.0182768
0.0183714
0.0184697
0.0185714
0.0186758
0.0187826
0.0188912
0.0190012
0.0191122
0.0192237
0.0193355
0.0194472
0.0195583
0.0196688
0.0197782
0.0198862
0.0199926
0.0200973
0.0201999
0.0203002
0.0203982
0.0204938
0.0205872
0.0206788
0.020769
0.0208585
0.0209482
0.0210392
0.0211323
0.0212281
0.0213265
0.0214269
0.0215276
0.0216253
0.021715
0.0217897
0.0218405
0.021857
0.0218279
0.0217417
0.0215882
0.0213589
0.0210478
0.0206506
0.0201648
0.0195888
0.0189214
0.0189214
0.0189647
0.0182012
0.0173324
0.0163533
0.0152586
0.0140431
0.0127023
0.0112326
0.00963132
0.00789744
0.00603076
0.00403015
0.00189195
-0.000379574
-0.00272731
-0.00501301
-0.00746981
-0.0124578
-0.0124578
-0.0134696
-0.0141849
-0.0149451
-0.0157677
-0.0166178
-0.0174871
-0.0183784
-0.0192934
-0.0202323
-0.0211942
-0.0221779
-0.0231782
-0.0242006
-0.0252472
-0.0263156
-0.0274054
-0.0285165
-0.0296487
-0.0308016
-0.0319751
-0.0331689
-0.0343826
-0.0356159
-0.0368686
-0.0381402
-0.0394304
-0.0407389
-0.0420651
-0.0434087
-0.0447693
-0.0461464
-0.0475395
-0.0489481
-0.0503718
-0.05181
-0.0532621
-0.0547277
-0.056206
-0.0576965
-0.0591987
-0.0607118
-0.0622352
-0.0637682
-0.0653101
-0.0668603
-0.0684179
-0.0699824
-0.0715528
-0.0731284
)
;
    }
}


// ************************************************************************* //
