/*--------------------------------*- C++ -*----------------------------------*\
  =========                 |
  \\      /  F ield         | OpenFOAM: The Open Source CFD Toolbox
   \\    /   O peration     | Website:  https://openfoam.org
    \\  /    A nd           | Version:  7
     \\/     M anipulation  |
\*---------------------------------------------------------------------------*/
FoamFile
{
    version     2.0;
    format      ascii;
    class       volScalarField;
    location    "180";
    object      p;
}
// * * * * * * * * * * * * * * * * * * * * * * * * * * * * * * * * * * * * * //

dimensions      [0 2 -2 0 0 0 0];

internalField   nonuniform List<scalar> 
4575
(
-0.444619
-0.436737
-0.430708
-0.450737
-0.442506
-0.436258
-0.429574
-0.422345
-0.456863
-0.448291
-0.441829
-0.434894
-0.427333
-0.419001
-0.409608
-0.398928
-0.462965
-0.454065
-0.447392
-0.440199
-0.432286
-0.423477
-0.413463
-0.402035
-0.389121
-0.374815
-0.359361
-0.343105
-0.46901
-0.459795
-0.452915
-0.445457
-0.437169
-0.427847
-0.41717
-0.404949
-0.391159
-0.375958
-0.359649
-0.342624
-0.325283
-0.307985
-0.291005
-0.474963
-0.465448
-0.458366
-0.450633
-0.441947
-0.432074
-0.420689
-0.407634
-0.392938
-0.376825
-0.35966
-0.341876
-0.323894
-0.306072
-0.288677
-0.271884
-0.255795
-0.240445
-0.225849
-0.480787
-0.470989
-0.463708
-0.455691
-0.446581
-0.436118
-0.423984
-0.410056
-0.394428
-0.377393
-0.359375
-0.340846
-0.322242
-0.303919
-0.286128
-0.269027
-0.2527
-0.237166
-0.222439
-0.208561
-0.486442
-0.47638
-0.468904
-0.460591
-0.45103
-0.43994
-0.427015
-0.41218
-0.395599
-0.377637
-0.358776
-0.339521
-0.320318
-0.301516
-0.28335
-0.26596
-0.249409
-0.233704
-0.218856
-0.20485
-0.491888
-0.481582
-0.473914
-0.465292
-0.455252
-0.443498
-0.429744
-0.413972
-0.396424
-0.377536
-0.357846
-0.337886
-0.31811
-0.298853
-0.280334
-0.262672
-0.245915
-0.230052
-0.215095
-0.200971
-0.497082
-0.486553
-0.478696
-0.469753
-0.459206
-0.446751
-0.432133
-0.4154
-0.396875
-0.377068
-0.356568
-0.335929
-0.315606
-0.295921
-0.277071
-0.259157
-0.242209
-0.226204
-0.21115
-0.196919
-0.501981
-0.491252
-0.483209
-0.47393
-0.462847
-0.449656
-0.434143
-0.41643
-0.396926
-0.376213
-0.354926
-0.333637
-0.312796
-0.292709
-0.273552
-0.255407
-0.238285
-0.222153
-0.207014
-0.192688
-0.506541
-0.495636
-0.487407
-0.477777
-0.466132
-0.452173
-0.435737
-0.417031
-0.396552
-0.374951
-0.352905
-0.330997
-0.309669
-0.289208
-0.269769
-0.251412
-0.234135
-0.217893
-0.202683
-0.188276
-0.510716
-0.49966
-0.491247
-0.481252
-0.469016
-0.454259
-0.43688
-0.417175
-0.39573
-0.373265
-0.35049
-0.327997
-0.306215
-0.285409
-0.265712
-0.247167
-0.229753
-0.213418
-0.198151
-0.183677
-0.51446
-0.503278
-0.494683
-0.484307
-0.471456
-0.455876
-0.437537
-0.416833
-0.394439
-0.371138
-0.347669
-0.324627
-0.302424
-0.281303
-0.261375
-0.242663
-0.225133
-0.208722
-0.193414
-0.178887
-0.517729
-0.506447
-0.49767
-0.486899
-0.47341
-0.456983
-0.437675
-0.415978
-0.392657
-0.368553
-0.344429
-0.320876
-0.298287
-0.276882
-0.256749
-0.237894
-0.220267
-0.203801
-0.188467
-0.173904
-0.520478
-0.509122
-0.500163
-0.488982
-0.474834
-0.457545
-0.437263
-0.414586
-0.390366
-0.365497
-0.340758
-0.316734
-0.293795
-0.272137
-0.251827
-0.232853
-0.215151
-0.198648
-0.183306
-0.168724
-0.522662
-0.511258
-0.502118
-0.490515
-0.475689
-0.457526
-0.436273
-0.412635
-0.387549
-0.361955
-0.336646
-0.312191
-0.28894
-0.267062
-0.246603
-0.227534
-0.209779
-0.19326
-0.177927
-0.163344
-0.524237
-0.512813
-0.503492
-0.491454
-0.475936
-0.456892
-0.434676
-0.410103
-0.384189
-0.357917
-0.332082
-0.30724
-0.283714
-0.261649
-0.24107
-0.221931
-0.204147
-0.187632
-0.172327
-0.157762
-0.525163
-0.513744
-0.504243
-0.49176
-0.475539
-0.455612
-0.432449
-0.406973
-0.380274
-0.353371
-0.327059
-0.301873
-0.278111
-0.255893
-0.235223
-0.21604
-0.19825
-0.181761
-0.166504
-0.151975
-0.525397
-0.51401
-0.504329
-0.491393
-0.474462
-0.453658
-0.429569
-0.403226
-0.375791
-0.348307
-0.321567
-0.296083
-0.272125
-0.249788
-0.229056
-0.209857
-0.192084
-0.175642
-0.160453
-0.14598
-0.524903
-0.513572
-0.503713
-0.490318
-0.472675
-0.451004
-0.426017
-0.39885
-0.370729
-0.342719
-0.315602
-0.289865
-0.265751
-0.243329
-0.222567
-0.203378
-0.185646
-0.169274
-0.154174
-0.139779
-0.523643
-0.512394
-0.502359
-0.4885
-0.470148
-0.447627
-0.421775
-0.393832
-0.36508
-0.336599
-0.309157
-0.283214
-0.258983
-0.236512
-0.215751
-0.196599
-0.178932
-0.162653
-0.147669
-0.133379
-0.521583
-0.510442
-0.500232
-0.48591
-0.466855
-0.443506
-0.416829
-0.388161
-0.358836
-0.329942
-0.302228
-0.276126
-0.25182
-0.229336
-0.208605
-0.189519
-0.171941
-0.155776
-0.140937
-0.126776
-0.518693
-0.507682
-0.497302
-0.482518
-0.462772
-0.438623
-0.411166
-0.38183
-0.351992
-0.322744
-0.294812
-0.268598
-0.244259
-0.221797
-0.20113
-0.182135
-0.16467
-0.148639
-0.133966
-0.119915
-0.514943
-0.504087
-0.493541
-0.4783
-0.457879
-0.432964
-0.404776
-0.374832
-0.344545
-0.315003
-0.286908
-0.26063
-0.236299
-0.213896
-0.193323
-0.17445
-0.15712
-0.141247
-0.126735
-0.112666
-0.510309
-0.49963
-0.488923
-0.473235
-0.452161
-0.426518
-0.397654
-0.367164
-0.336493
-0.306718
-0.278514
-0.252221
-0.22794
-0.205631
-0.185186
-0.166462
-0.149297
-0.133609
-0.119252
-0.105005
-0.504768
-0.494288
-0.483428
-0.467303
-0.445602
-0.419276
-0.389793
-0.358824
-0.327835
-0.297889
-0.269632
-0.243371
-0.219182
-0.197006
-0.17672
-0.158175
-0.1412
-0.125728
-0.111559
-0.0975047
-0.498301
-0.488042
-0.477036
-0.46049
-0.438194
-0.411233
-0.381194
-0.349814
-0.318573
-0.288519
-0.260264
-0.234083
-0.210027
-0.18802
-0.167928
-0.149589
-0.132831
-0.117609
-0.103612
-0.089891
-0.490895
-0.480876
-0.469735
-0.452786
-0.429929
-0.402385
-0.371856
-0.340135
-0.308712
-0.278611
-0.250413
-0.224361
-0.20048
-0.178679
-0.158812
-0.140711
-0.124207
-0.109238
-0.0954604
-0.0820704
-0.482536
-0.472777
-0.461512
-0.444182
-0.420804
-0.392734
-0.361782
-0.329791
-0.298255
-0.26817
-0.240084
-0.214207
-0.190544
-0.168985
-0.149377
-0.131545
-0.115318
-0.100629
-0.0871058
-0.074031
-0.473216
-0.463737
-0.45236
-0.434674
-0.410818
-0.382283
-0.350978
-0.318791
-0.28721
-0.257203
-0.229283
-0.203629
-0.180224
-0.158945
-0.139628
-0.122094
-0.106171
-0.0917887
-0.0785454
-0.065781
-0.462933
-0.45375
-0.442276
-0.424262
-0.399975
-0.371038
-0.339452
-0.307142
-0.275585
-0.245718
-0.218017
-0.192633
-0.169527
-0.148564
-0.12957
-0.112364
-0.0967708
-0.0827208
-0.0697794
-0.451684
-0.442816
-0.43126
-0.412949
-0.388281
-0.359007
-0.327215
-0.294855
-0.26339
-0.233724
-0.206295
-0.181228
-0.158462
-0.137849
-0.119212
-0.102361
-0.0871239
-0.0734306
-0.439473
-0.430936
-0.419316
-0.400741
-0.375746
-0.346203
-0.314279
-0.281942
-0.250638
-0.221232
-0.194128
-0.169422
-0.147035
-0.126809
-0.10856
-0.0920934
-0.426307
-0.418117
-0.406452
-0.387649
-0.362382
-0.332639
-0.300658
-0.268419
-0.237341
-0.208254
-0.181526
-0.157226
-0.135258
-0.115454
-0.0976234
-0.412196
-0.404367
-0.392677
-0.373685
-0.348204
-0.318333
-0.286369
-0.2543
-0.223515
-0.194804
-0.168502
-0.144652
-0.123141
-0.103793
-0.397155
-0.389701
-0.378007
-0.358866
-0.33323
-0.303302
-0.271433
-0.239605
-0.209174
-0.180897
-0.15507
-0.131712
-0.110697
-0.3812
-0.374134
-0.362459
-0.343212
-0.317482
-0.28757
-0.255869
-0.224349
-0.19434
-0.16655
-0.141245
-0.118421
-0.364352
-0.357687
-0.346055
-0.326745
-0.300984
-0.271163
-0.239699
-0.208556
-0.179029
-0.151779
-0.127042
-0.346636
-0.340383
-0.328818
-0.30949
-0.283763
-0.254105
-0.222939
-0.19225
-0.163262
-0.136605
-0.328079
-0.322247
-0.310775
-0.291478
-0.265852
-0.236404
-0.205633
-0.175454
-0.147062
-0.308711
-0.303309
-0.291957
-0.272743
-0.24728
-0.218099
-0.187797
-0.158193
-0.288562
-0.283602
-0.272398
-0.253317
-0.228038
-0.199254
-0.169464
-0.267664
-0.263164
-0.252139
-0.233208
-0.208211
-0.179874
-0.246053
-0.242035
-0.231224
-0.212446
-0.18783
-0.223766
-0.220251
-0.209625
-0.191152
-0.166927
-0.200833
-0.197869
-0.18745
-0.169313
-0.177296
-0.174942
-0.164743
-0.153277
-0.151461
-0.141543
-0.128818
-0.127469
-0.103921
-0.0786373
-0.190394
-0.21899
-0.247223
-0.245716
-0.275032
-0.273058
-0.261183
-0.302371
-0.299939
-0.287706
-0.329246
-0.326265
-0.313748
-0.292132
-0.355607
-0.351999
-0.339266
-0.317254
-0.288514
-0.381324
-0.377154
-0.364223
-0.341842
-0.312596
-0.279731
-0.406354
-0.401675
-0.388571
-0.365852
-0.336167
-0.302668
-0.430664
-0.4255
-0.412183
-0.389313
-0.359186
-0.325119
-0.290008
-0.454218
-0.448593
-0.435102
-0.412096
-0.381611
-0.347048
-0.311269
-0.27644
-0.47698
-0.470913
-0.457282
-0.434124
-0.403448
-0.36842
-0.332039
-0.296486
-0.263079
-0.498913
-0.492419
-0.478682
-0.455431
-0.424591
-0.389209
-0.352286
-0.316072
-0.281922
-0.250493
-0.519984
-0.513077
-0.499262
-0.475982
-0.445015
-0.409382
-0.371978
-0.335172
-0.300334
-0.268175
-0.238907
-0.540164
-0.532854
-0.51899
-0.495735
-0.464712
-0.42887
-0.391109
-0.35376
-0.318293
-0.285454
-0.255489
-0.228353
-0.559424
-0.551722
-0.537835
-0.514657
-0.483654
-0.447678
-0.409625
-0.371808
-0.335775
-0.30231
-0.271693
-0.243905
-0.218775
-0.577738
-0.569654
-0.555773
-0.532721
-0.501808
-0.46578
-0.427496
-0.389299
-0.35276
-0.318723
-0.287502
-0.259102
-0.233367
-0.210081
-0.595083
-0.586629
-0.572779
-0.549901
-0.519146
-0.483147
-0.444712
-0.406204
-0.369228
-0.334674
-0.302899
-0.27393
-0.247628
-0.223783
-0.202171
-0.611437
-0.602628
-0.588833
-0.566176
-0.535645
-0.499754
-0.461252
-0.422505
-0.385159
-0.350148
-0.317869
-0.288375
-0.261544
-0.237175
-0.215049
-0.194939
-0.626785
-0.617634
-0.603918
-0.581527
-0.551286
-0.51558
-0.477092
-0.438184
-0.400536
-0.365127
-0.332398
-0.302423
-0.275103
-0.250246
-0.227638
-0.207054
-0.188301
-0.171299
-0.641114
-0.631635
-0.61802
-0.595936
-0.566049
-0.530607
-0.492214
-0.453223
-0.415345
-0.379601
-0.346469
-0.316063
-0.288295
-0.262986
-0.239927
-0.218899
-0.199706
-0.182267
-0.16603
-0.654413
-0.644623
-0.631128
-0.609392
-0.579919
-0.544817
-0.506603
-0.467608
-0.42957
-0.393554
-0.360076
-0.329283
-0.301108
-0.275384
-0.251907
-0.230465
-0.210859
-0.193006
-0.176398
-0.160396
-0.666677
-0.656591
-0.643236
-0.621885
-0.592885
-0.558197
-0.520242
-0.481324
-0.443199
-0.406974
-0.373207
-0.342075
-0.313535
-0.287432
-0.263572
-0.241744
-0.221752
-0.203511
-0.186552
-0.170189
-0.677903
-0.667538
-0.65434
-0.633407
-0.604937
-0.570736
-0.533121
-0.494358
-0.45622
-0.419851
-0.385851
-0.35443
-0.325567
-0.299124
-0.274913
-0.252731
-0.23238
-0.213776
-0.196488
-0.179776
-0.688093
-0.677467
-0.664441
-0.643957
-0.616068
-0.582425
-0.545228
-0.506702
-0.468625
-0.432178
-0.398001
-0.36634
-0.337199
-0.310453
-0.285925
-0.263419
-0.242738
-0.223797
-0.206205
-0.189148
-0.697251
-0.686382
-0.673541
-0.653535
-0.626276
-0.593257
-0.556557
-0.518347
-0.480405
-0.443947
-0.409651
-0.3778
-0.348424
-0.321414
-0.296605
-0.273804
-0.252822
-0.233569
-0.215705
-0.198298
-0.705387
-0.694294
-0.68165
-0.662146
-0.635561
-0.603229
-0.567102
-0.529285
-0.491554
-0.455151
-0.420795
-0.388805
-0.359237
-0.332003
-0.306947
-0.283885
-0.262626
-0.243086
-0.224991
-0.207224
-0.712512
-0.701215
-0.688778
-0.669796
-0.643926
-0.612341
-0.576859
-0.539513
-0.502068
-0.465787
-0.431429
-0.399351
-0.369636
-0.342216
-0.316948
-0.293656
-0.272152
-0.252347
-0.234057
-0.215952
-0.718643
-0.707162
-0.69494
-0.676497
-0.651377
-0.620594
-0.585827
-0.549029
-0.511942
-0.475851
-0.441552
-0.409436
-0.379619
-0.352052
-0.326606
-0.303116
-0.281397
-0.261349
-0.242818
-0.224622
-0.723799
-0.712155
-0.700154
-0.682265
-0.657925
-0.627995
-0.594009
-0.557831
-0.521176
-0.485342
-0.45116
-0.419059
-0.389185
-0.36151
-0.335921
-0.312263
-0.290359
-0.270101
-0.251373
-0.233261
-0.728002
-0.716217
-0.704443
-0.687116
-0.663582
-0.634551
-0.601408
-0.565921
-0.52977
-0.49426
-0.460255
-0.42822
-0.398333
-0.37059
-0.344892
-0.321097
-0.299037
-0.2786
-0.259685
-0.241527
-0.731279
-0.719374
-0.707832
-0.691074
-0.668366
-0.640273
-0.60803
-0.573303
-0.537725
-0.502607
-0.468838
-0.43692
-0.407064
-0.379292
-0.35352
-0.329617
-0.307428
-0.286836
-0.267737
-0.249446
-0.733658
-0.721658
-0.710349
-0.694162
-0.672296
-0.645175
-0.613885
-0.579982
-0.545046
-0.510384
-0.47691
-0.445162
-0.415382
-0.387619
-0.361806
-0.337826
-0.315532
-0.294807
-0.275546
-0.257109
-0.735172
-0.723099
-0.712025
-0.696409
-0.675394
-0.649274
-0.618985
-0.585966
-0.551738
-0.517596
-0.484476
-0.452949
-0.423289
-0.395573
-0.369754
-0.345726
-0.323352
-0.302517
-0.283121
-0.264562
-0.735856
-0.723734
-0.712895
-0.697847
-0.677687
-0.652589
-0.623342
-0.591265
-0.557808
-0.524249
-0.49154
-0.460285
-0.43079
-0.403159
-0.377367
-0.35332
-0.330893
-0.309972
-0.290466
-0.271811
-0.735746
-0.723601
-0.712996
-0.698508
-0.679204
-0.655144
-0.626974
-0.595889
-0.563263
-0.530348
-0.498109
-0.467175
-0.43789
-0.410382
-0.384649
-0.360614
-0.338159
-0.317175
-0.297584
-0.278855
-0.734883
-0.722738
-0.712367
-0.698429
-0.679976
-0.656963
-0.6299
-0.599853
-0.568114
-0.535903
-0.504188
-0.473627
-0.444594
-0.417248
-0.391607
-0.367611
-0.345155
-0.324132
-0.304476
-0.285695
-0.733307
-0.721187
-0.711049
-0.69765
-0.680037
-0.658075
-0.63214
-0.603172
-0.572372
-0.540921
-0.509786
-0.479647
-0.450909
-0.423762
-0.398247
-0.374319
-0.351887
-0.330848
-0.311148
-0.292335
-0.731061
-0.718993
-0.709086
-0.696212
-0.679423
-0.658509
-0.633718
-0.605863
-0.576051
-0.545414
-0.514911
-0.485243
-0.456845
-0.429933
-0.404575
-0.380744
-0.35836
-0.337329
-0.317604
-0.29878
-0.728191
-0.716199
-0.70652
-0.694156
-0.678174
-0.658298
-0.63466
-0.607947
-0.579166
-0.549392
-0.519574
-0.490425
-0.462407
-0.435768
-0.410599
-0.386892
-0.364582
-0.343581
-0.323851
-0.305035
-0.724741
-0.712851
-0.703399
-0.691526
-0.67633
-0.657477
-0.634994
-0.609444
-0.581731
-0.552869
-0.523784
-0.495201
-0.467607
-0.441276
-0.416327
-0.392772
-0.37056
-0.34961
-0.329894
-0.311104
-0.720758
-0.708995
-0.699768
-0.68837
-0.673933
-0.656083
-0.63475
-0.610378
-0.583765
-0.555858
-0.527554
-0.499582
-0.472452
-0.446466
-0.421768
-0.398391
-0.376301
-0.355424
-0.335739
-0.316994
-0.716291
-0.704678
-0.695674
-0.684732
-0.671026
-0.654154
-0.633959
-0.610773
-0.585287
-0.558373
-0.530894
-0.503578
-0.476953
-0.451348
-0.426931
-0.403759
-0.381813
-0.36103
-0.341394
-0.322711
-0.711384
-0.699947
-0.691164
-0.680659
-0.667655
-0.65173
-0.632655
-0.610655
-0.586316
-0.56043
-0.533819
-0.507201
-0.48112
-0.45593
-0.431826
-0.408884
-0.387105
-0.366436
-0.346865
-0.328261
-0.706085
-0.694846
-0.686284
-0.676197
-0.663862
-0.648851
-0.630873
-0.610054
-0.586875
-0.562046
-0.53634
-0.510461
-0.484964
-0.460224
-0.436462
-0.413777
-0.392187
-0.371651
-0.352161
-0.333652
-0.700441
-0.689423
-0.681081
-0.671392
-0.659695
-0.64556
-0.628649
-0.608997
-0.586986
-0.563238
-0.538471
-0.513371
-0.488495
-0.464241
-0.44085
-0.418446
-0.397067
-0.376684
-0.35729
-0.33889
-0.694496
-0.683721
-0.675599
-0.666291
-0.655197
-0.641899
-0.62602
-0.607517
-0.586673
-0.564024
-0.540228
-0.515943
-0.491725
-0.467989
-0.445
-0.422903
-0.401755
-0.381544
-0.362261
-0.688296
-0.677783
-0.669882
-0.660938
-0.650414
-0.63791
-0.623024
-0.605643
-0.585962
-0.564424
-0.541625
-0.518188
-0.494665
-0.47148
-0.448922
-0.681883
-0.671652
-0.663973
-0.655376
-0.645388
-0.633635
-0.619699
-0.60341
-0.584877
-0.564457
-0.542677
-0.6753
-0.665368
-0.657912
-0.649646
-0.640163
-0.629116
-0.616084
-0.60085
-0.668585
-0.658968
-0.651737
-0.64379
-0.634779
-0.661778
-0.65249
-0.645485
-0.171493
-0.175757
-0.179869
-0.183832
-0.187648
-0.191322
-0.15389
-0.15791
-0.161812
-0.165597
-0.169268
-0.172827
-0.138206
-0.141986
-0.145673
-0.14927
-0.152777
-0.156199
-0.124315
-0.127855
-0.131323
-0.13472
-0.138049
-0.14131
-0.111874
-0.115185
-0.11844
-0.121639
-0.124785
-0.127878
-0.100726
-0.103815
-0.106859
-0.109861
-0.112822
-0.115742
-0.090673
-0.0935507
-0.0963945
-0.0992053
-0.101984
-0.104732
-0.0815866
-0.0842643
-0.0869159
-0.0895422
-0.0921442
-0.0947227
-0.0733424
-0.0758316
-0.0783008
-0.0807509
-0.0831826
-0.0855967
-0.0658409
-0.068153
-0.07045
-0.0727326
-0.0750016
-0.0772576
-0.0589927
-0.061139
-0.0632741
-0.0653985
-0.0675129
-0.0696179
-0.052726
-0.0547172
-0.0567
-0.0586752
-0.0606433
-0.0626048
-0.0469768
-0.0488229
-0.050663
-0.0524978
-0.0543277
-0.0561532
-0.0416819
-0.0433935
-0.0451011
-0.0468049
-0.0485055
-0.0502032
-0.0368036
-0.0383894
-0.0399725
-0.0415532
-0.0431319
-0.044709
-0.0322959
-0.0337646
-0.0352315
-0.036697
-0.0381616
-0.0396256
-0.0281184
-0.0294784
-0.0308375
-0.0321959
-0.033554
-0.0349122
-0.0242446
-0.0255035
-0.026762
-0.0280204
-0.029279
-0.030538
-0.0206442
-0.0218091
-0.022974
-0.0241392
-0.025305
-0.0264714
-0.027639
-0.0172931
-0.0183709
-0.0194489
-0.0205274
-0.0216066
-0.0226868
-0.0237681
-0.0141684
-0.0151653
-0.0161627
-0.0171608
-0.0181596
-0.0191595
-0.0201607
-0.0112538
-0.0121757
-0.0130982
-0.0140213
-0.0149454
-0.0158705
-0.0167968
-0.00853099
-0.00938335
-0.0102363
-0.01109
-0.0119446
-0.0128002
-0.0136569
-0.00598556
-0.00677345
-0.00756197
-0.00835121
-0.00914129
-0.00993234
-0.0107245
-0.00360449
-0.00433267
-0.00506147
-0.00579095
-0.00652121
-0.00725234
-0.00798447
-0.00137434
-0.00204749
-0.00272112
-0.00339534
-0.00407026
-0.00474596
-0.00542253
0.000712501
9.05036e-05
-0.000531925
-0.00115488
-0.00177843
-0.00240266
-0.00302764
0.00266711
0.00209242
0.00151734
0.00094182
0.000365787
-0.000210815
-0.000788049
0.00449802
0.00396704
0.00343574
0.00290407
0.002372
0.00183946
0.0013064
0.00621261
0.00572202
0.0052312
0.00474009
0.00424866
0.00375687
0.00326467
0.00781803
0.00736478
0.00691135
0.00645772
0.00600385
0.00554972
0.0050953
0.00932096
0.00890217
0.00848327
0.00806424
0.00764506
0.00722571
0.00680616
0.0107267
0.0103397
0.00995272
0.00956567
0.00917855
0.00879134
0.00840401
0.0120412
0.0116836
0.0113261
0.0109685
0.010611
0.0102534
0.00989579
0.0132692
0.0129388
0.0126084
0.0122781
0.0119478
0.0116176
0.0112874
0.0144156
0.0141101
0.0138048
0.0134996
0.0131945
0.0128895
0.0125846
0.0154845
0.0152021
0.0149199
0.0146379
0.014356
0.0140742
0.0137927
0.0164801
0.016219
0.0159581
0.0156974
0.0154369
0.0151766
0.0149165
0.0174063
0.0171648
0.0169235
0.0166825
0.0164417
0.0162011
0.0159607
0.0182666
0.0180431
0.0178199
0.017597
0.0173743
0.0171519
0.0169297
0.0190643
0.0188574
0.0186509
0.0184446
0.0182386
0.0180329
0.0178275
0.0198027
0.0196112
0.01942
0.019229
0.0190383
0.018848
0.0186579
0.0204853
0.0203078
0.0201305
0.0199536
0.019777
0.0196007
0.0194247
0.0211141
0.0209495
0.0207852
0.0206212
0.0204575
0.0202941
0.0201311
0.0216922
0.0215395
0.021387
0.0212348
0.021083
0.0209315
0.0207803
0.0222224
0.0220804
0.0219388
0.0217974
0.0216564
0.0215158
0.0213755
0.0227069
0.0225748
0.0224431
0.0223116
0.0221805
0.0220497
0.0219193
0.0231481
0.023025
0.0229023
0.0227799
0.0226578
0.022536
0.0224146
0.0235481
0.0234333
0.0233187
0.0232045
0.0230905
0.0229769
0.0228637
0.023909
0.0238016
0.0236944
0.0235875
0.023481
0.0233748
0.0232689
0.0242326
0.0241318
0.0240313
0.0239311
0.0238312
0.0237317
0.0236324
0.0245205
0.0244257
0.0243312
0.0242369
0.024143
0.0240494
0.0239561
0.0247743
0.0246848
0.0245956
0.0245066
0.024418
0.0243296
0.0242416
0.0249952
0.0249103
0.0248257
0.0247414
0.0246574
0.0245737
0.0244902
0.0251844
0.0251035
0.0250229
0.0249426
0.0248626
0.0247828
0.0247034
0.0253422
0.0252648
0.0251876
0.0251107
0.025034
0.0249577
0.0248816
0.0254698
0.0253951
0.0253207
0.0252465
0.0251726
0.025099
0.0250257
0.0255662
0.0254937
0.0254215
0.0253495
0.0252778
0.0252063
0.0251352
0.0256322
0.0255612
0.0254905
0.02542
0.0253498
0.0252798
0.0252101
0.0256654
0.0255955
0.0255257
0.0254562
0.025387
0.025318
0.0252493
-0.0582909
-0.0658011
-0.0731502
-0.080339
-0.0873629
-0.0942044
-0.100702
-0.107361
-0.113779
-0.119902
-0.125813
-0.131556
-0.137135
-0.142543
-0.147781
-0.15285
-0.157754
-0.162494
-0.167073
-0.0526941
-0.0592684
-0.0657091
-0.0720137
-0.0781773
-0.0841889
-0.0900253
-0.095563
-0.101169
-0.106677
-0.112012
-0.11719
-0.122232
-0.127145
-0.131925
-0.136574
-0.141093
-0.145484
-0.149749
-0.0465781
-0.0523993
-0.0581054
-0.0636946
-0.0691649
-0.0745134
-0.0797372
-0.0848302
-0.0898381
-0.0948111
-0.0996614
-0.104373
-0.108966
-0.113452
-0.117834
-0.122112
-0.126285
-0.130357
-0.13433
-0.0415196
-0.0466807
-0.0517467
-0.0567173
-0.0615916
-0.0663683
-0.0710442
-0.0756147
-0.0800603
-0.0845505
-0.0889437
-0.0932123
-0.0973808
-0.101467
-0.105473
-0.109399
-0.113245
-0.117012
-0.120702
-0.0366559
-0.0412607
-0.0457888
-0.050241
-0.0546181
-0.0589213
-0.0631518
-0.0673089
-0.0713882
-0.075319
-0.0792687
-0.0831717
-0.0869934
-0.0907388
-0.0944176
-0.098033
-0.101586
-0.105076
-0.108505
-0.0323244
-0.0364449
-0.0405019
-0.0444957
-0.0484268
-0.0522953
-0.056101
-0.0598428
-0.0635194
-0.0671261
-0.0707281
-0.0742852
-0.0777761
-0.0812052
-0.0845809
-0.0879068
-0.0911836
-0.0944117
-0.0975921
-0.0283141
-0.0320147
-0.0356639
-0.0392624
-0.042811
-0.0463109
-0.0497629
-0.053168
-0.0565262
-0.0598348
-0.0630626
-0.0662919
-0.0694886
-0.0726366
-0.0757389
-0.078801
-0.0818249
-0.0848111
-0.0877601
-0.0246518
-0.0279851
-0.0312761
-0.0345252
-0.0377331
-0.0409004
-0.0440274
-0.0471141
-0.0501602
-0.0531655
-0.0561275
-0.0590999
-0.0620343
-0.0649233
-0.0677751
-0.0705958
-0.073387
-0.0761488
-0.0788817
-0.0212786
-0.02429
-0.0272672
-0.0302107
-0.0331217
-0.0360008
-0.038849
-0.0416673
-0.0444567
-0.0472173
-0.0499472
-0.0526146
-0.0552853
-0.0579415
-0.0605698
-0.0631706
-0.065747
-0.0683007
-0.0708324
-0.018168
-0.0208946
-0.0235931
-0.0262641
-0.0289081
-0.0315259
-0.0341178
-0.0366842
-0.0392254
-0.0417413
-0.0442318
-0.0466945
-0.0491648
-0.0516116
-0.0540309
-0.056428
-0.0588068
-0.0611683
-0.0635129
-0.0152908
-0.0177654
-0.0202172
-0.0226468
-0.0250549
-0.027442
-0.0298087
-0.0321558
-0.0344838
-0.0367932
-0.0390843
-0.0413556
-0.0435998
-0.0458397
-0.0480689
-0.0502823
-0.0524801
-0.0546638
-0.0568345
-0.0126217
-0.0148719
-0.0171037
-0.0193174
-0.0215137
-0.0236931
-0.0258561
-0.0280031
-0.0301348
-0.0322515
-0.0343534
-0.0364403
-0.0385065
-0.0405711
-0.0426262
-0.044668
-0.0466976
-0.0487166
-0.0507259
-0.0101381
-0.0121879
-0.0142226
-0.0162427
-0.0182486
-0.0202408
-0.0222196
-0.0241855
-0.0261388
-0.0280798
-0.0300087
-0.0319258
-0.0338305
-0.035744
-0.0376424
-0.0395256
-0.0413989
-0.043265
-0.0451243
-0.00782235
-0.00969284
-0.0115512
-0.013398
-0.0152334
-0.0170581
-0.0188723
-0.0206766
-0.0224715
-0.0242573
-0.0260345
-0.0278033
-0.0295629
-0.0313018
-0.033043
-0.0347831
-0.0365172
-0.0382444
-0.0399656
-0.00565579
-0.00736496
-0.00906437
-0.0107544
-0.0124353
-0.0141075
-0.0157713
-0.017427
-0.019075
-0.0207157
-0.0223492
-0.0239758
-0.0255956
-0.0272061
-0.0288164
-0.0304234
-0.0320253
-0.0336221
-0.0352146
-0.00362422
-0.00518806
-0.00674406
-0.00829251
-0.00983372
-0.011368
-0.0128955
-0.0144168
-0.0159319
-0.0174412
-0.0189451
-0.0204436
-0.021937
-0.0234248
-0.0249137
-0.0263978
-0.0278769
-0.0293524
-0.0308253
-0.00171494
-0.00314754
-0.00457388
-0.00599421
-0.00740879
-0.00881786
-0.0102217
-0.0116205
-0.0130146
-0.0144043
-0.0157897
-0.0171711
-0.0185487
-0.0199224
-0.0212932
-0.0226623
-0.0240294
-0.0253943
-0.0267571
8.34051e-05
-0.00123039
-0.00253921
-0.00384326
-0.00514278
-0.00643798
-0.00772908
-0.00901633
-0.0102999
-0.0115802
-0.0128573
-0.0141314
-0.0154029
-0.0166716
-0.0179346
-0.0191985
-0.0204621
-0.0217243
-0.022985
0.00178054
0.000574559
-0.000627481
-0.00182576
-0.00302046
-0.00421177
-0.00539988
-0.00658497
-0.00776723
-0.00894686
-0.010124
-0.011299
-0.0124718
-0.0136426
-0.014811
-0.0159795
-0.0171471
-0.0183135
-0.0194791
0.00338503
0.00227708
0.00117224
7.03607e-05
-0.00102872
-0.00212514
-0.00321908
-0.00431067
-0.00540009
-0.0064875
-0.00757305
-0.00865692
-0.00973924
-0.0108202
-0.0118997
-0.0129806
-0.01406
-0.015138
-0.0162156
0.00490381
0.00388508
0.00286878
0.00185478
0.000842956
-0.000166828
-0.0011747
-0.0021808
-0.00318526
-0.00418822
-0.00518982
-0.0061902
-0.0071895
-0.00818783
-0.00918521
-0.0101817
-0.0111783
-0.012175
-0.0131717
0.0063434
0.00540605
0.00447059
0.0035369
0.00260488
0.00167443
0.000745423
-0.000182248
-0.0011087
-0.00203406
-0.00295844
-0.00388199
-0.00480482
-0.00572704
-0.00664872
-0.00756858
-0.00848933
-0.00941069
-0.0103322
0.00770916
0.00684614
0.00598457
0.00512436
0.00426543
0.00340768
0.00255104
0.00169541
0.000840687
-1.32207e-05
-0.000866413
-0.00171899
-0.00257105
-0.0034227
-0.004274
-0.00512479
-0.00597598
-0.00682744
-0.00767908
0.00900578
0.00821071
0.00741675
0.00662383
0.00583188
0.00504082
0.00425059
0.0034611
0.00267228
0.00188406
0.00109634
0.000309037
-0.000477927
-0.00126464
-0.00205118
-0.00283754
-0.00362428
-0.00441114
-0.00519817
0.0102374
0.00950452
0.00877251
0.00804128
0.00731078
0.00658096
0.00585175
0.00512309
0.00439493
0.00366718
0.0029398
0.0022127
0.00148581
0.000759072
3.23927e-05
-0.000694289
-0.001422
-0.00214947
-0.00287683
0.0114072
0.0107313
0.0100561
0.00938144
0.00870732
0.0080337
0.00736053
0.00668775
0.00601533
0.0053432
0.00467131
0.00399961
0.00332804
0.00265653
0.00198505
0.00131356
0.00064246
-2.92647e-05
-0.000701591
0.0125186
0.011895
0.0112719
0.0106492
0.0100269
0.00940493
0.00878333
0.00816202
0.00754095
0.0069201
0.00629941
0.00567883
0.00505831
0.00443781
0.00381728
0.00319667
0.00257633
0.00195547
0.00133415
0.013574
0.0129983
0.0124231
0.0118481
0.0112734
0.010699
0.0101248
0.00955089
0.00897712
0.0084035
0.00782999
0.00725655
0.00668317
0.00610978
0.00553636
0.00496287
0.00438935
0.00381556
0.00324148
0.0145758
0.0140443
0.013513
0.0129819
0.012451
0.0119204
0.0113899
0.0108596
0.0103294
0.0097993
0.00926931
0.00873937
0.00820947
0.00767955
0.00714961
0.0066196
0.00608952
0.00555923
0.00502874
0.0155262
0.0150351
0.0145443
0.0140536
0.013563
0.0130726
0.0125823
0.0120922
0.0116022
0.0111122
0.0106223
0.0101325
0.0096427
0.00915291
0.00866308
0.00817322
0.00768329
0.00719321
0.00670299
0.016427
0.0159732
0.0155195
0.0150659
0.0146125
0.0141592
0.0137059
0.0132528
0.0127998
0.0123469
0.011894
0.0114412
0.0109884
0.0105356
0.0100828
0.00963002
0.00917719
0.00872419
0.00827115
0.0172798
0.0168603
0.0164408
0.0160215
0.0156022
0.015183
0.014764
0.014345
0.0139261
0.0135073
0.0130886
0.0126699
0.0122513
0.0118328
0.0114143
0.0109957
0.0105773
0.0101584
0.00973969
0.0180863
0.0176983
0.0173103
0.0169225
0.0165347
0.016147
0.0157594
0.0153718
0.0149844
0.014597
0.0142097
0.0138225
0.0134353
0.0130482
0.0126611
0.0122741
0.0118871
0.0115004
0.0111136
0.0188479
0.018489
0.01813
0.0177712
0.0174124
0.0170538
0.0166952
0.0163367
0.0159782
0.0156199
0.0152617
0.0149036
0.0145455
0.0141875
0.0138296
0.0134718
0.0131141
0.0127564
0.0123988
0.0195661
0.0192339
0.0189017
0.0185696
0.0182376
0.0179057
0.0175738
0.0172421
0.0169105
0.0165789
0.0162475
0.0159161
0.0155849
0.0152538
0.0149228
0.0145919
0.0142611
0.0139304
0.0135998
0.0202422
0.0199346
0.0196271
0.0193196
0.0190123
0.018705
0.0183978
0.0180908
0.0177838
0.017477
0.0171703
0.0168637
0.0165572
0.0162508
0.0159446
0.0156386
0.0153326
0.0150268
0.0147211
0.0208774
0.0205925
0.0203077
0.020023
0.0197384
0.0194539
0.0191695
0.0188852
0.018601
0.0183169
0.018033
0.0177492
0.0174656
0.0171821
0.0168988
0.0166156
0.0163326
0.0160497
0.015767
0.0214731
0.0212091
0.0209453
0.0206816
0.0204179
0.0201543
0.0198909
0.0196276
0.0193644
0.0191014
0.0188385
0.0185757
0.0183132
0.0180508
0.0177885
0.0175265
0.0172646
0.0170029
0.0167414
0.0220304
0.0217858
0.0215413
0.0212969
0.0210525
0.0208083
0.0205642
0.0203203
0.0200765
0.0198328
0.0195893
0.019346
0.0191028
0.0188599
0.0186171
0.0183745
0.0181321
0.01789
0.017648
0.0225508
0.022324
0.0220972
0.0218706
0.0216441
0.0214177
0.0211915
0.0209654
0.0207394
0.0205136
0.020288
0.0200626
0.0198373
0.0196123
0.0193874
0.0191628
0.0189384
0.0187142
0.0184903
0.0230353
0.0228249
0.0226146
0.0224044
0.0221943
0.0219844
0.0217746
0.0215649
0.0213554
0.0211461
0.0209369
0.020728
0.0205192
0.0203107
0.0201023
0.0198942
0.0196864
0.0194788
0.0192714
0.0234854
0.0232901
0.0230949
0.0228999
0.0227049
0.0225101
0.0223155
0.0221209
0.0219266
0.0217324
0.0215385
0.0213447
0.0211511
0.0209578
0.0207647
0.0205718
0.0203791
0.0201867
0.0199946
0.0239022
0.0237208
0.0235396
0.0233584
0.0231774
0.0229966
0.0228158
0.0226353
0.0224549
0.0222747
0.0220947
0.0219149
0.0217353
0.021556
0.0213769
0.021198
0.0210194
0.0208411
0.0206631
0.024287
0.0241185
0.02395
0.0237817
0.0236135
0.0234455
0.0232776
0.0231099
0.0229423
0.022775
0.0226078
0.0224409
0.0222742
0.0221077
0.0219414
0.0217754
0.0216097
0.0214442
0.021279
0.0246411
0.0244843
0.0243277
0.0241711
0.0240147
0.0238585
0.0237024
0.0235464
0.0233907
0.0232351
0.0230798
0.0229246
0.0227697
0.022615
0.0224605
0.0223063
0.0221524
0.0219987
0.0218453
0.0249657
0.0248198
0.0246739
0.0245282
0.0243826
0.0242372
0.0240919
0.0239468
0.0238018
0.0236571
0.0235125
0.0233682
0.0232241
0.0230802
0.0229366
0.0227932
0.0226501
0.0225072
0.0223647
0.0252622
0.0251261
0.0249902
0.0248544
0.0247187
0.0245832
0.0244478
0.0243125
0.0241775
0.0240427
0.023908
0.0237736
0.0236394
0.0235054
0.0233716
0.0232381
0.0231049
0.022972
0.0228393
0.0255317
0.0254047
0.0252778
0.025151
0.0250244
0.0248979
0.0247716
0.0246454
0.0245194
0.0243936
0.024268
0.0241426
0.0240174
0.0238924
0.0237677
0.0236433
0.0235191
0.0233951
0.0232715
0.0258943
0.0257755
0.0256567
0.0255381
0.0254195
0.0253011
0.0251829
0.0250648
0.0249469
0.0248291
0.0247115
0.0245941
0.0244769
0.02436
0.0242433
0.0241268
0.0240105
0.0238945
0.0237788
0.0236633
0.026106
0.0259947
0.0258834
0.0257722
0.0256612
0.0255503
0.0254395
0.0253289
0.0252184
0.0251081
0.024998
0.0248881
0.0247783
0.0246688
0.0245595
0.0244505
0.0243417
0.0242331
0.0241248
0.0240168
0.0262951
0.0261905
0.0260859
0.0259815
0.0258772
0.0257731
0.0256691
0.0255652
0.0254614
0.0253579
0.0252545
0.0251513
0.0250483
0.0249455
0.0248429
0.0247406
0.0246385
0.0245366
0.024435
0.0243337
0.0264624
0.0263639
0.0262654
0.0261671
0.0260688
0.0259707
0.0258727
0.0257749
0.0256772
0.0255797
0.0254824
0.0253852
0.0252882
0.0251915
0.0250949
0.0249986
0.0249024
0.0248066
0.024711
0.0246156
0.0266091
0.026516
0.0264229
0.0263299
0.0262371
0.0261443
0.0260517
0.0259593
0.025867
0.0257748
0.0256828
0.025591
0.0254994
0.025408
0.0253168
0.0252258
0.025135
0.0250445
0.0249542
0.0248641
0.0267359
0.0266475
0.0265591
0.0264709
0.0263828
0.0262948
0.0262069
0.0261191
0.0260316
0.0259441
0.0258568
0.0257698
0.0256828
0.0255961
0.0255096
0.0254233
0.0253372
0.0252513
0.0251657
0.0250803
0.0268437
0.0267594
0.0266751
0.026591
0.0265069
0.026423
0.0263392
0.0262556
0.026172
0.0260887
0.0260055
0.0259225
0.0258396
0.025757
0.0256745
0.0255923
0.0255102
0.0254284
0.0253468
0.0252655
0.0269327
0.0268518
0.026771
0.0266903
0.0266097
0.0265293
0.0264489
0.0263687
0.0262887
0.0262088
0.026129
0.0260495
0.0259701
0.0258908
0.0258118
0.025733
0.0256544
0.025576
0.0254978
0.0254199
0.027004
0.0269259
0.0268479
0.02677
0.0266923
0.0266146
0.0265371
0.0264597
0.0263825
0.0263054
0.0262285
0.0261517
0.0260752
0.0259988
0.0259226
0.0258465
0.0257707
0.0256952
0.0256198
0.0255447
0.0270565
0.0269806
0.0269048
0.0268291
0.0267535
0.026678
0.0266027
0.0265275
0.0264525
0.0263776
0.0263029
0.0262283
0.0261539
0.0260798
0.0260058
0.025932
0.0258584
0.025785
0.0257118
0.0256389
0.0270922
0.0270177
0.0269434
0.0268692
0.0267951
0.0267212
0.0266474
0.0265737
0.0265002
0.0264269
0.0263537
0.0262807
0.0262078
0.0261352
0.0260627
0.0259904
0.0259183
0.0258465
0.0257748
0.0257034
0.0271066
0.027033
0.0269595
0.0268862
0.026813
0.0267399
0.026667
0.0265942
0.0265217
0.0264492
0.026377
0.026305
0.0262331
0.0261614
0.0260899
0.0260186
0.0259476
0.0258767
0.025806
0.0257356
0.00812915
0.00808588
0.00804289
0.00800017
0.00795775
0.00791561
0.00787376
0.00783222
0.00779097
0.00775003
0.00770941
0.0076691
0.0076291
0.00758943
0.00755009
0.00751108
0.00747241
0.00743407
0.00739608
0.00735843
0.00732114
0.00809089
0.00804701
0.0080034
0.00796006
0.00791699
0.0078742
0.0078317
0.00778949
0.00774758
0.00770597
0.00766466
0.00762366
0.00758298
0.00754263
0.00750259
0.00746289
0.00742352
0.00738449
0.00734581
0.00730747
0.00726949
0.00801166
0.00796664
0.00792188
0.00787739
0.00783318
0.00778924
0.0077456
0.00770225
0.00765919
0.00761644
0.00757399
0.00753186
0.00749005
0.00744856
0.0074074
0.00736658
0.00732609
0.00728594
0.00724615
0.00720671
0.00716762
0.00789525
0.00784857
0.00780216
0.00775601
0.00771014
0.00766455
0.00761925
0.00757425
0.00752954
0.00748513
0.00744104
0.00739726
0.00735381
0.00731068
0.00726789
0.00722543
0.00718331
0.00714155
0.00710013
0.00705908
0.00701839
0.00774095
0.00769211
0.00764354
0.00759524
0.00754721
0.00749948
0.00745203
0.00740488
0.00735804
0.00731151
0.00726529
0.00721939
0.00717382
0.00712859
0.00708369
0.00703914
0.00699493
0.00695109
0.0069076
0.00686447
0.00682172
0.00749813
0.0074469
0.00739595
0.00734529
0.00729491
0.00724483
0.00719506
0.0071456
0.00709645
0.00704763
0.00699913
0.00695097
0.00690315
0.00685567
0.00680855
0.00676178
0.00671538
0.00666934
0.00662368
0.0065784
0.00726576
0.00721138
0.00715729
0.00710349
0.00704998
0.00699678
0.00694389
0.00689132
0.00683908
0.00678716
0.00673559
0.00668435
0.00663347
0.00658294
0.00653277
0.00648296
0.00643353
0.00638448
0.00633581
0.00628753
0.00699447
0.00693643
0.00687869
0.00682125
0.00676412
0.0067073
0.0066508
0.00659463
0.00653879
0.0064833
0.00642815
0.00637335
0.00631891
0.00626484
0.00621114
0.00615782
0.00610488
0.00605232
0.00600016
0.0059484
0.00668288
0.00662067
0.00655877
0.00649718
0.0064359
0.00637495
0.00631433
0.00625405
0.00619412
0.00613453
0.00607531
0.00601645
0.00595795
0.00589984
0.00584211
0.00578476
0.00572781
0.00567126
0.00561512
0.00555939
0.00632957
0.00626266
0.00619606
0.00612979
0.00606384
0.00599823
0.00593297
0.00586805
0.00580349
0.0057393
0.00567547
0.00561202
0.00554895
0.00548628
0.00542399
0.00536211
0.00530064
0.00523958
0.00517893
0.00511871
0.00593267
0.0058605
0.00578865
0.00571714
0.00564597
0.00557515
0.00550468
0.00543458
0.00536484
0.00529548
0.00522651
0.00515793
0.00508974
0.00502195
0.00495458
0.00488762
0.00482107
0.00475496
0.00468928
0.00462403
0.00549014
0.00541212
0.00533443
0.0052571
0.00518012
0.0051035
0.00502725
0.00495138
0.00487589
0.00480079
0.00472609
0.0046518
0.00457792
0.00450445
0.00443141
0.00435879
0.00428661
0.00421487
0.00414358
0.00407274
0.00499961
0.00491512
0.00483098
0.00474721
0.0046638
0.00458076
0.00449812
0.00441586
0.004334
0.00425255
0.00417152
0.0040909
0.00401071
0.00393095
0.00385163
0.00377275
0.00369433
0.00361636
0.00353885
0.00346181
0.00445857
0.00436695
0.00427569
0.00418481
0.00409431
0.0040042
0.0039145
0.0038252
0.00373632
0.00364786
0.00355983
0.00347224
0.00338508
0.00329838
0.00321213
0.00312635
0.00304103
0.00295618
0.00287181
0.00278793
0.00386424
0.00376477
0.00366569
0.00356699
0.00346869
0.00337081
0.00327334
0.00317629
0.00307968
0.0029835
0.00288778
0.0027925
0.00269769
0.00260334
0.00250947
0.00241608
0.00232316
0.00223074
0.00213882
0.00204739
0.00321371
0.00310562
0.00299794
0.00289066
0.0027838
0.00267737
0.00257137
0.00246581
0.0023607
0.00225605
0.00215187
0.00204816
0.00194493
0.00184218
0.00173992
0.00163817
0.00153691
0.00143616
0.00133592
0.00123621
0.00250384
0.00238631
0.00226919
0.00215249
0.00203624
0.00192043
0.00180507
0.00169017
0.00157575
0.0014618
0.00134833
0.00123536
0.00112289
0.00101092
0.000899465
0.000788526
0.000678109
0.000568219
0.000458861
0.000350046
0.00173138
0.00160348
0.00147602
0.001349
0.00122244
0.00109635
0.000970724
0.000845584
0.000720935
0.000596785
0.00047314
0.000350009
0.000227397
0.000105311
-1.62428e-05
-0.00013726
-0.000257735
-0.000377662
-0.000497038
-0.000615836
0.000892913
0.000753653
0.00061485
0.000476514
0.000338656
0.000201286
6.44127e-05
-7.1955e-05
-0.000207808
-0.00034314
-0.000477941
-0.000612206
-0.000745928
-0.000879099
-0.00101172
-0.00114377
-0.00127526
-0.00140618
-0.00153652
-0.00166631
-1.51262e-05
-0.000166847
-0.000318088
-0.000468837
-0.000619084
-0.00076882
-0.000918034
-0.00106672
-0.00121486
-0.00136246
-0.0015095
-0.00165598
-0.00180189
-0.00194723
-0.00209198
-0.00223616
-0.00237974
-0.00252273
-0.00266512
-0.00280691
-0.000996407
-0.0011618
-0.00132669
-0.00149106
-0.0016549
-0.0018182
-0.00198095
-0.00214314
-0.00230477
-0.00246582
-0.00262629
-0.00278616
-0.00294544
-0.00310412
-0.00326219
-0.00341965
-0.0035765
-0.00373272
-0.00388832
-0.0040433
-0.0020547
-0.00223511
-0.00241498
-0.0025943
-0.00277307
-0.00295126
-0.00312887
-0.00330589
-0.00348232
-0.00365813
-0.00383333
-0.00400791
-0.00418187
-0.00435519
-0.00452787
-0.00469991
-0.00487131
-0.00504206
-0.00521215
-0.0053816
-0.00319387
-0.00339078
-0.00358712
-0.00378288
-0.00397804
-0.0041726
-0.00436653
-0.00455985
-0.00475252
-0.00494456
-0.00513594
-0.00532667
-0.00551673
-0.00570613
-0.00589486
-0.00608291
-0.00627029
-0.00645698
-0.006643
-0.00682833
-0.00441787
-0.00463294
-0.00484739
-0.00506122
-0.00527442
-0.00548697
-0.00569886
-0.00591008
-0.00612062
-0.00633048
-0.00653966
-0.00674813
-0.0069559
-0.00716297
-0.00736933
-0.00757497
-0.00777991
-0.00798412
-0.00818762
-0.00839041
-0.00573069
-0.00596576
-0.00620017
-0.0064339
-0.00666695
-0.0068993
-0.00713095
-0.00736188
-0.00759208
-0.00782156
-0.0080503
-0.0082783
-0.00850554
-0.00873204
-0.00895779
-0.00918278
-0.00940702
-0.0096305
-0.00985323
-0.0100752
-0.00713639
-0.00739351
-0.00764991
-0.00790558
-0.00816051
-0.00841468
-0.0086681
-0.00892074
-0.0091726
-0.00942367
-0.00967396
-0.00992345
-0.0101721
-0.01042
-0.0106671
-0.0109134
-0.0111589
-0.0114036
-0.0116474
-0.0118905
-0.00863903
-0.00892049
-0.00920117
-0.00948105
-0.00976011
-0.0100384
-0.0103158
-0.0105924
-0.0108681
-0.011143
-0.011417
-0.0116902
-0.0119625
-0.0122339
-0.0125045
-0.0127743
-0.0130432
-0.0133112
-0.0135784
-0.0138447
-0.0102427
-0.0105511
-0.0108586
-0.0111652
-0.0114709
-0.0117757
-0.0120796
-0.0123826
-0.0126847
-0.0129859
-0.0132861
-0.0135854
-0.0138837
-0.0141812
-0.0144777
-0.0147733
-0.015068
-0.0153617
-0.0156546
-0.0159465
-0.0122896
-0.0126267
-0.0129629
-0.0132981
-0.0136323
-0.0139655
-0.0142977
-0.0146289
-0.014959
-0.0152882
-0.0156163
-0.0159434
-0.0162695
-0.0165946
-0.0169187
-0.0172418
-0.017564
-0.0178851
-0.0182054
-0.0141404
-0.0145104
-0.0148793
-0.0152471
-0.0156138
-0.0159794
-0.0163438
-0.0167072
-0.0170694
-0.0174305
-0.0177905
-0.0181494
-0.0185071
-0.0188638
-0.0192194
-0.0195739
-0.0199274
-0.0202798
-0.0206312
-0.0161079
-0.0165143
-0.0169195
-0.0173234
-0.017726
-0.0181274
-0.0185276
-0.0189265
-0.0193242
-0.0197206
-0.0201158
-0.0205098
-0.0209026
-0.0212942
-0.0216846
-0.0220738
-0.0224619
-0.0228487
-0.0232346
-0.0181965
-0.0186432
-0.0190885
-0.0195325
-0.019975
-0.0204161
-0.0208558
-0.0212941
-0.021731
-0.0221666
-0.0226007
-0.0230336
-0.023465
-0.0238952
-0.024324
-0.0247516
-0.0251779
-0.0256027
-0.0260266
-0.0204103
-0.0209018
-0.0213917
-0.02188
-0.0223667
-0.0228518
-0.0233353
-0.0238173
-0.0242977
-0.0247766
-0.025254
-0.0257299
-0.0262043
-0.0266773
-0.027149
-0.0276192
-0.0280882
-0.0285545
-0.0290201
-0.0227536
-0.0232948
-0.0238342
-0.0243717
-0.0249073
-0.0254412
-0.0259732
-0.0265034
-0.0270319
-0.0275586
-0.0280836
-0.0286068
-0.0291284
-0.0296482
-0.0301665
-0.0306831
-0.0311981
-0.0317129
-0.0322257
-0.0252308
-0.0258272
-0.0264215
-0.0270137
-0.0276038
-0.0281917
-0.0287776
-0.0293615
-0.0299434
-0.0305233
-0.0311012
-0.0316772
-0.0322514
-0.0328237
-0.0333942
-0.033963
-0.0345301
-0.0350957
-0.0356596
-0.027846
-0.0285038
-0.0291591
-0.029812
-0.0304625
-0.0311105
-0.0317562
-0.0323995
-0.0330406
-0.0336794
-0.0343159
-0.0349504
-0.0355826
-0.0362129
-0.0368411
-0.0374673
-0.0380916
-0.0387142
-0.039335
-0.0306032
-0.0313293
-0.0320525
-0.0327728
-0.0334904
-0.0342051
-0.0349171
-0.0356264
-0.0363331
-0.0370372
-0.0377387
-0.0384378
-0.0391345
-0.0398289
-0.0405209
-0.0412108
-0.0418984
-0.0425841
-0.0432679
-0.0335066
-0.0343086
-0.0351073
-0.0359026
-0.0366946
-0.0374834
-0.0382691
-0.0390516
-0.0398311
-0.0406076
-0.0413812
-0.042152
-0.04292
-0.0436854
-0.0444481
-0.0452084
-0.0459661
-0.0467216
-0.047475
-0.0365603
-0.0374468
-0.0383294
-0.039208
-0.0400828
-0.0409539
-0.0418212
-0.042685
-0.0435453
-0.0444021
-0.0452556
-0.0461058
-0.0469529
-0.047797
-0.048638
-0.0494762
-0.0503113
-0.0511441
-0.0519745
-0.0397684
-0.040749
-0.0417248
-0.0426961
-0.0436629
-0.0446253
-0.0455835
-0.0465374
-0.0474873
-0.0484332
-0.0493753
-0.0503135
-0.0512482
-0.0521792
-0.0531068
-0.054031
-0.0549512
-0.0558693
-0.0567851
-0.0431353
-0.0442204
-0.0453001
-0.0463744
-0.0474434
-0.0485073
-0.0495663
-0.0506204
-0.0516698
-0.0527147
-0.0537553
-0.0547917
-0.0558241
-0.0568529
-0.057878
-0.0588997
-0.0599105
-0.0609213
-0.061931
-0.0466654
-0.0478669
-0.0490619
-0.0502506
-0.0514331
-0.0526094
-0.0537799
-0.0549446
-0.0561037
-0.0572573
-0.0584056
-0.0595486
-0.0606865
-0.0618194
-0.0629474
-0.0640707
-0.0651974
-0.066317
-0.0674308
-0.0503641
-0.0516953
-0.0530189
-0.054335
-0.0556437
-0.0569454
-0.0582401
-0.0595281
-0.0608096
-0.0620847
-0.0633538
-0.0646169
-0.0658744
-0.0671263
-0.0683731
-0.0696146
-0.0708525
-0.0720856
-0.073314
-0.0542366
-0.0557124
-0.057179
-0.0586368
-0.0600859
-0.0615267
-0.0629593
-0.064384
-0.0658011
-0.0672107
-0.0686132
-0.0700087
-0.0713975
-0.0727799
-0.074156
-0.0755256
-0.0768908
-0.0782511
-0.0796064
-0.0582891
-0.0599259
-0.0615518
-0.0631673
-0.0647726
-0.0663679
-0.0679537
-0.0695301
-0.0710974
-0.0726561
-0.0742062
-0.0757482
-0.0772822
-0.0788084
-0.080327
-0.0818365
-0.0833423
-0.0848435
-0.0863388
-0.0625286
-0.0643448
-0.0661483
-0.0679393
-0.0697182
-0.0714854
-0.0732413
-0.0749862
-0.0767206
-0.0784449
-0.0801595
-0.081865
-0.0835618
-0.0852502
-0.0869302
-0.0885878
-0.0902456
-0.091901
-0.0935499
-0.0669632
-0.0689797
-0.0709808
-0.0729671
-0.0749389
-0.0768966
-0.0788407
-0.0807714
-0.0826893
-0.0845946
-0.0864877
-0.0883689
-0.0902383
-0.0920963
-0.0939432
-0.0957966
-0.0976348
-0.0994593
-0.101275
-0.0716037
-0.073844
-0.076066
-0.0782703
-0.0804573
-0.0826277
-0.0847817
-0.0869201
-0.0890432
-0.0911516
-0.0932458
-0.0953262
-0.0973933
-0.0994474
-0.101487
-0.103521
-0.105545
-0.107557
-0.109558
-0.0764615
-0.0789521
-0.0814209
-0.0838685
-0.0862955
-0.0887024
-0.09109
-0.0934588
-0.0958095
-0.0981427
-0.100459
-0.102759
-0.105043
-0.107311
-0.109555
-0.111795
-0.114025
-0.116243
-0.118449
-0.0815506
-0.0843216
-0.0870663
-0.0897856
-0.0924801
-0.0951506
-0.0977977
-0.100422
-0.103024
-0.105605
-0.108166
-0.110706
-0.113227
-0.115728
-0.118215
-0.120688
-0.123144
-0.125585
-0.128011
-0.0868888
-0.0899746
-0.0930289
-0.0960526
-0.0990464
-0.102011
-0.104948
-0.107856
-0.110738
-0.113594
-0.116424
-0.119229
-0.122009
-0.124761
-0.12751
-0.13024
-0.132947
-0.135634
-0.138302
-0.0924954
-0.0959354
-0.0993377
-0.102703
-0.106033
-0.109327
-0.112588
-0.115816
-0.119012
-0.122178
-0.125314
-0.128422
-0.131499
-0.134516
-0.137534
-0.140539
-0.14352
-0.146474
-0.149407
-0.0983975
-0.102237
-0.106032
-0.109781
-0.113486
-0.117149
-0.120769
-0.124348
-0.127887
-0.131385
-0.134843
-0.138262
-0.141639
-0.145027
-0.148376
-0.151682
-0.154955
-0.158199
-0.161417
-0.104615
-0.108908
-0.113146
-0.11733
-0.121461
-0.12554
-0.129569
-0.133548
-0.137479
-0.141364
-0.145202
-0.148992
-0.152708
-0.156423
-0.160106
-0.163745
-0.167343
-0.170905
-0.174433
-0.11121
-0.116019
-0.120761
-0.125437
-0.130048
-0.134595
-0.139079
-0.143499
-0.147858
-0.152153
-0.156385
-0.160551
-0.164707
-0.168823
-0.172879
-0.176877
-0.180828
-0.184733
-0.188597
-0.118145
-0.123544
-0.128863
-0.134101
-0.139262
-0.144345
-0.149352
-0.154285
-0.159145
-0.163932
-0.168643
-0.173211
-0.177797
-0.18234
-0.186807
-0.191203
-0.195538
-0.199817
-0.204041
-0.125648
-0.131724
-0.137701
-0.143579
-0.14936
-0.155044
-0.16063
-0.166117
-0.171504
-0.176787
-0.181947
-0.187152
-0.192263
-0.197256
-0.202153
-0.206974
-0.211722
-0.216397
-0.221002
-0.133352
-0.140221
-0.146971
-0.153603
-0.160115
-0.166507
-0.172778
-0.178925
-0.184949
-0.190839
-0.196655
-0.202427
-0.208077
-0.213594
-0.218997
-0.224301
-0.229508
-0.234619
-0.239638
-0.142164
-0.149926
-0.157549
-0.165031
-0.172373
-0.17957
-0.18662
-0.19351
-0.200216
-0.206701
-0.21321
-0.219601
-0.225824
-0.231895
-0.237836
-0.243652
-0.249344
-0.254914
-0.260364
-0.150497
-0.159373
-0.168077
-0.176609
-0.184969
-0.193156
-0.201165
-0.208973
-0.216537
-0.22414
-0.231503
-0.238593
-0.245478
-0.252194
-0.258747
-0.265135
-0.27136
-0.277425
-0.283335
0.00728419
0.00724761
0.00721139
0.00717553
0.00714004
0.00710492
0.00723186
0.00719459
0.00715769
0.00712116
0.007085
0.00704922
0.0071289
0.00709054
0.00705256
0.00701495
0.00697771
0.00694087
0.00697806
0.00693811
0.00689853
0.00685934
0.00682053
0.00678211
0.00677935
0.00673735
0.00669574
0.00665451
0.00661368
0.00657325
0.0065335
0.00648899
0.00644487
0.00640115
0.00635783
0.00631492
0.00623964
0.00619215
0.00614506
0.00609838
0.00605212
0.00600627
0.00589705
0.0058461
0.00579556
0.00574545
0.00569576
0.00564649
0.00550407
0.00544917
0.0053947
0.00534066
0.00528705
0.00523389
0.00505892
0.00499956
0.00494064
0.00488216
0.00482413
0.00476655
0.00455922
0.00449487
0.00443096
0.00436751
0.00430452
0.004242
0.00400235
0.00393243
0.00386297
0.00379398
0.00372547
0.00365744
0.00338524
0.00330915
0.00323354
0.00315841
0.00308377
0.00300963
0.00270453
0.00262162
0.00253921
0.0024573
0.00237589
0.002295
0.00195647
0.00186605
0.00177615
0.00168677
0.0015979
0.00150956
0.00113701
0.00103834
0.000940201
0.000842593
0.000745523
0.000648992
0.000241767
0.000134028
2.68366e-05
-7.9804e-05
-0.000185891
-0.000291421
-0.000734083
-0.000851771
-0.000968892
-0.00108544
-0.00120143
-0.00131683
-0.00179551
-0.00192412
-0.00205214
-0.00217957
-0.00230642
-0.00243267
-0.0029481
-0.00308869
-0.00322866
-0.00336803
-0.00350679
-0.00364493
-0.00419765
-0.00435137
-0.00450446
-0.00465692
-0.00480876
-0.00495996
-0.00555039
-0.00571853
-0.00588602
-0.00605285
-0.00621903
-0.00638457
-0.00701298
-0.00719695
-0.00738024
-0.00756286
-0.0077448
-0.00792606
-0.00859249
-0.00879385
-0.00899451
-0.00919446
-0.00939371
-0.00959227
-0.0102964
-0.0105169
-0.0107367
-0.0109557
-0.011174
-0.0113915
-0.0121328
-0.0123744
-0.0126151
-0.0128551
-0.0130943
-0.0133328
-0.0141102
-0.0143749
-0.0146388
-0.0149019
-0.0151641
-0.0154256
-0.0162376
-0.0165278
-0.0168172
-0.0171057
-0.0173934
-0.0176802
-0.0185246
-0.018843
-0.0191604
-0.019477
-0.0197927
-0.0201075
-0.0209816
-0.021331
-0.0216794
-0.0220269
-0.0223735
-0.0227192
-0.0236193
-0.024003
-0.0243857
-0.0247673
-0.025148
-0.0255277
-0.0264493
-0.0268709
-0.0272913
-0.0277107
-0.0281291
-0.0285464
-0.0294847
-0.0299481
-0.0304102
-0.0308712
-0.0313311
-0.03179
-0.0327368
-0.0332465
-0.0337549
-0.0342621
-0.0347681
-0.0352729
-0.036222
-0.0367828
-0.0373423
-0.0379003
-0.0384571
-0.0390127
-0.0399541
-0.0405716
-0.0411875
-0.0418019
-0.0424149
-0.0430266
-0.0439497
-0.0446298
-0.0453081
-0.0459848
-0.04666
-0.0473337
-0.0482263
-0.0489755
-0.0497229
-0.0504684
-0.0512123
-0.0519546
-0.0528026
-0.0536284
-0.054452
-0.0552736
-0.0560934
-0.0569115
-0.0576982
-0.0586086
-0.0595166
-0.0604224
-0.0613261
-0.0622279
-0.0629378
-0.0639415
-0.0649424
-0.0659408
-0.066937
-0.0679311
-0.0685408
-0.0696477
-0.0707517
-0.0718528
-0.0729512
-0.0740473
-0.0745384
-0.075759
-0.0769762
-0.0781901
-0.079401
-0.0806092
-0.0809569
-0.0823029
-0.0836449
-0.0849831
-0.0863179
-0.0876497
-0.0878283
-0.0893124
-0.0907918
-0.0922669
-0.093738
-0.0952054
-0.0951917
-0.0968273
-0.0984573
-0.100082
-0.101703
-0.103319
-0.103084
-0.104886
-0.106681
-0.10847
-0.110254
-0.112033
-0.111551
-0.113535
-0.115512
-0.117481
-0.119443
-0.1214
-0.120643
-0.122826
-0.125
-0.127166
-0.129323
-0.131473
-0.130424
-0.132825
-0.135214
-0.137592
-0.13996
-0.14232
-0.140955
-0.143592
-0.146214
-0.148824
-0.151421
-0.154006
-0.152319
-0.155212
-0.158087
-0.160945
-0.163788
-0.166617
-0.164611
-0.167779
-0.170926
-0.174051
-0.177156
-0.180244
-0.17793
-0.181396
-0.184833
-0.188243
-0.191628
-0.19499
-0.192418
-0.196201
-0.199947
-0.203658
-0.207337
-0.210986
-0.208212
-0.212332
-0.216405
-0.220432
-0.224418
-0.228364
-0.225539
-0.230011
-0.234421
-0.238773
-0.243071
-0.247317
-0.244567
-0.249412
-0.254175
-0.258862
-0.263476
-0.268021
-0.2657
-0.270925
-0.276044
-0.281062
-0.285983
-0.290813
-0.289095
-0.294709
-0.300183
-0.305523
-0.310734
-0.315822
)
;

boundaryField
{
    inlet
    {
        type            zeroGradient;
    }
    outlet
    {
        type            fixedValue;
        value           nonuniform 0();
    }
    cylinder
    {
        type            zeroGradient;
    }
    top
    {
        type            symmetryPlane;
    }
    bottom
    {
        type            symmetryPlane;
    }
    frontAndBack
    {
        type            empty;
    }
    procBoundary2to1
    {
        type            processor;
        value           nonuniform List<scalar> 
205
(
-0.0573303
-0.0573303
-0.060811
-0.0772377
-0.060811
-0.0639246
-0.0772377
-0.0815693
-0.0815693
-0.0864122
-0.0864122
-0.0918383
-0.0918383
-0.0979373
-0.0979373
-0.104792
-0.104792
-0.11248
-0.11248
-0.121046
-0.121046
-0.130452
-0.130452
-0.140494
-0.140494
-0.150663
-0.150663
-0.159995
-0.159995
-0.139653
-0.14554
-0.14554
-0.14697
-0.14697
-0.124173
-0.117894
-0.117894
-0.10305
-0.10305
-0.0782589
-0.0530229
-0.161491
-0.189872
-0.21797
-0.21797
-0.234228
-0.234228
-0.240484
-0.266526
-0.266526
-0.263963
-0.263963
-0.256347
-0.256347
-0.246146
-0.268289
-0.268289
-0.255965
-0.255965
-0.243831
-0.243831
-0.232429
-0.232429
-0.221965
-0.221965
-0.212464
-0.212464
-0.203866
-0.203866
-0.196081
-0.196081
-0.189014
-0.189014
-0.182563
-0.182563
-0.176652
-0.176652
-0.16011
-0.155454
-0.155454
-0.150402
-0.150402
-0.0506196
-0.0459877
-0.0406433
-0.0362637
-0.0319741
-0.0281397
-0.0245612
-0.0212754
-0.0182322
-0.0154126
-0.0127928
-0.0103524
-0.00807289
-0.00593937
-0.00393651
-0.00205224
-0.000275812
0.00140239
0.00299064
0.00449623
0.00592508
0.00728272
0.00857371
0.00980201
0.0109711
0.0120837
0.0131426
0.0141499
0.0151076
0.0160174
0.0168809
0.0176995
0.0184744
0.019207
0.0198984
0.0205498
0.0211623
0.021737
0.0222751
0.0227776
0.0232458
0.0236808
0.0240836
0.0244556
0.024798
0.0251118
0.0253983
0.0256588
0.0256588
0.0260132
0.0262175
0.0263997
0.026561
0.0267023
0.0268244
0.0269281
0.0270137
0.0270822
0.0271325
0.0271667
0.0271803
0.00817269
0.00813503
0.00805694
0.00794218
0.00779005
0.00754963
0.00754963
0.00732042
0.00705279
0.00674538
0.00639679
0.00600517
0.00556849
0.00508445
0.00455055
0.00396409
0.00332218
0.00262179
0.00185971
0.00103262
0.000137063
-0.00083052
-0.00187377
-0.00299641
-0.0042022
-0.00549498
-0.00687857
-0.0083568
-0.00993348
-0.0119515
-0.0119515
-0.0137693
-0.0157003
-0.0177483
-0.0199172
-0.0222105
-0.0246322
-0.0271856
-0.0298742
-0.0327011
-0.0356697
-0.0387831
-0.0420445
-0.0454572
-0.049025
-0.0527516
-0.0566413
-0.0606991
-0.064931
-0.0693447
-0.0739486
-0.0787529
-0.0837709
-0.0890167
-0.0945109
-0.100266
-0.106332
-0.112665
-0.119474
-0.126366
-0.134264
-0.141453
)
;
    }
    procBoundary2to3
    {
        type            processor;
        value           nonuniform List<scalar> 
173
(
-0.438535
-0.43101
-0.425204
-0.424269
-0.424269
-0.417353
-0.414457
-0.414457
-0.405639
-0.395663
-0.386853
-0.386853
-0.37342
-0.358815
-0.343334
-0.326423
-0.326423
-0.309667
-0.293123
-0.274538
-0.274538
-0.258701
-0.243547
-0.229092
-0.212108
-0.212108
-0.343983
-0.427157
-0.406262
-0.386241
-0.343983
-0.367082
-0.52012
-0.497325
-0.474725
-0.427157
-0.452627
-0.583446
-0.564144
-0.52012
-0.5434
-0.624395
-0.612219
-0.583446
-0.597998
-0.637843
-0.624395
-0.629276
-0.654912
-0.645966
-0.637843
-0.63919
-0.194857
-0.176278
-0.159535
-0.144505
-0.13092
-0.118623
-0.10745
-0.0972785
-0.087994
-0.0795013
-0.0717142
-0.0645604
-0.0579749
-0.0518987
-0.0462851
-0.0410893
-0.0362707
-0.0317978
-0.0317978
-0.0288078
-0.0248509
-0.0211632
-0.0177245
-0.014515
-0.0115178
-0.00871769
-0.00610007
-0.00365345
-0.00136598
0.000772778
0.00277203
0.00464054
0.00638638
0.00801655
0.00953814
0.0109573
0.0122798
0.0135112
0.0146566
0.0157206
0.0167078
0.0176223
0.0184682
0.0192491
0.0199685
0.0206295
0.0212355
0.0217892
0.0222935
0.0227508
0.0231634
0.0235335
0.0238631
0.0241539
0.0244071
0.0246242
0.0248058
0.0249526
0.0250642
0.0251407
0.0251808
0.00707017
0.00701382
0.0069044
0.00674409
0.00653323
0.00627242
0.00596084
0.00559766
0.00518116
0.00470943
0.00417994
0.00358989
0.00293598
0.00221461
0.00142174
0.000553003
-0.000396393
-0.00143167
-0.00255833
-0.00378247
-0.00511053
-0.00654945
-0.00810666
-0.00979013
-0.0116084
-0.0135705
-0.0156864
-0.0179663
-0.0204215
-0.023064
-0.0259066
-0.0289628
-0.0322478
-0.0357767
-0.0395671
-0.0436371
-0.0480061
-0.0526954
-0.057728
-0.0631279
-0.0689232
-0.0751412
-0.0818151
-0.0889786
-0.0966697
-0.104931
-0.113808
-0.123351
-0.133617
-0.144671
-0.156582
-0.169433
-0.183316
-0.198331
-0.214607
-0.232274
-0.251515
-0.272503
-0.295557
-0.320796
)
;
    }
}


// ************************************************************************* //
