/*--------------------------------*- C++ -*----------------------------------*\
  =========                 |
  \\      /  F ield         | OpenFOAM: The Open Source CFD Toolbox
   \\    /   O peration     | Website:  https://openfoam.org
    \\  /    A nd           | Version:  7
     \\/     M anipulation  |
\*---------------------------------------------------------------------------*/
FoamFile
{
    version     2.0;
    format      ascii;
    class       volScalarField;
    location    "160";
    object      p;
}
// * * * * * * * * * * * * * * * * * * * * * * * * * * * * * * * * * * * * * //

dimensions      [0 2 -2 0 0 0 0];

internalField   nonuniform List<scalar> 
7156
(
-0.550002
-0.542984
-0.555965
-0.548714
-0.54321
-0.5375
-0.561916
-0.554439
-0.548792
-0.542929
-0.536715
-0.530096
-0.522878
-0.567837
-0.560141
-0.554355
-0.548338
-0.541925
-0.535045
-0.527481
-0.519038
-0.509556
-0.498938
-0.573709
-0.565801
-0.55988
-0.553708
-0.54709
-0.539932
-0.532001
-0.523095
-0.513059
-0.501815
-0.489378
-0.475856
-0.461436
-0.579513
-0.571402
-0.56535
-0.55902
-0.552188
-0.544736
-0.536417
-0.527022
-0.516406
-0.504514
-0.49139
-0.477175
-0.462087
-0.446385
-0.43034
-0.414199
-0.398175
-0.585228
-0.576923
-0.570744
-0.564255
-0.557199
-0.549438
-0.540707
-0.530798
-0.519578
-0.507017
-0.493192
-0.478278
-0.462523
-0.446209
-0.429618
-0.413004
-0.396576
-0.38049
-0.364856
-0.349739
-0.335171
-0.590831
-0.582343
-0.57604
-0.56939
-0.562102
-0.554014
-0.544849
-0.534401
-0.522555
-0.509306
-0.494769
-0.479153
-0.462735
-0.445818
-0.428695
-0.411622
-0.394803
-0.37839
-0.362481
-0.347134
-0.332373
-0.318203
-0.304607
-0.291571
-0.279198
-0.596301
-0.58764
-0.581218
-0.574405
-0.566873
-0.558441
-0.548821
-0.53781
-0.525315
-0.511364
-0.496105
-0.479787
-0.462712
-0.445204
-0.427563
-0.410047
-0.392854
-0.376127
-0.359957
-0.344391
-0.329447
-0.315124
-0.301399
-0.288261
-0.275776
-0.601615
-0.592793
-0.586256
-0.579275
-0.57149
-0.562697
-0.552599
-0.541003
-0.52784
-0.513172
-0.497188
-0.480168
-0.462446
-0.444359
-0.426217
-0.408273
-0.390722
-0.373697
-0.357278
-0.341505
-0.326389
-0.311922
-0.298077
-0.284846
-0.272255
-0.606749
-0.597778
-0.591129
-0.583979
-0.575928
-0.566756
-0.556159
-0.543958
-0.530109
-0.514714
-0.498001
-0.480286
-0.461927
-0.443277
-0.424649
-0.406296
-0.388404
-0.371095
-0.354441
-0.338473
-0.323195
-0.308593
-0.294638
-0.28132
-0.268631
-0.611679
-0.602571
-0.595814
-0.588491
-0.580165
-0.570596
-0.55948
-0.546653
-0.532104
-0.515975
-0.498532
-0.480129
-0.461146
-0.44195
-0.422855
-0.40411
-0.385892
-0.368315
-0.351439
-0.335289
-0.31986
-0.305134
-0.291077
-0.277681
-0.264902
-0.616381
-0.607149
-0.600288
-0.592787
-0.584174
-0.574192
-0.562538
-0.549067
-0.533806
-0.516936
-0.498769
-0.479687
-0.460096
-0.440371
-0.420828
-0.40171
-0.383183
-0.365353
-0.34827
-0.331949
-0.31638
-0.30154
-0.287391
-0.273925
-0.261065
-0.620829
-0.611487
-0.604527
-0.596844
-0.587932
-0.57752
-0.565309
-0.55118
-0.535196
-0.517585
-0.498698
-0.47895
-0.458767
-0.438533
-0.418562
-0.399089
-0.380272
-0.362204
-0.344928
-0.328449
-0.312752
-0.297807
-0.283577
-0.270049
-0.257115
-0.625
-0.615561
-0.608504
-0.600636
-0.591415
-0.580557
-0.567772
-0.552971
-0.536258
-0.517906
-0.498307
-0.477909
-0.457153
-0.43643
-0.416051
-0.396244
-0.377154
-0.358865
-0.341409
-0.324785
-0.308971
-0.293933
-0.27963
-0.26605
-0.253051
-0.628869
-0.619348
-0.612197
-0.604139
-0.594597
-0.583278
-0.569905
-0.554421
-0.536974
-0.517885
-0.497586
-0.476554
-0.455246
-0.434056
-0.413291
-0.393168
-0.373824
-0.355329
-0.337708
-0.320952
-0.305033
-0.289913
-0.275548
-0.261924
-0.24887
-0.632409
-0.62282
-0.61558
-0.607328
-0.597454
-0.58566
-0.571686
-0.555509
-0.537328
-0.517509
-0.496525
-0.474878
-0.453039
-0.431405
-0.410275
-0.389858
-0.370277
-0.351593
-0.333822
-0.316947
-0.300936
-0.285744
-0.271328
-0.257669
-0.244568
-0.635598
-0.625955
-0.618628
-0.610177
-0.599961
-0.58768
-0.573093
-0.556219
-0.537305
-0.516766
-0.495112
-0.472872
-0.450526
-0.428471
-0.406999
-0.386308
-0.366509
-0.347654
-0.329747
-0.312767
-0.296675
-0.281423
-0.266967
-0.253283
-0.240144
-0.638409
-0.628728
-0.621318
-0.612664
-0.602097
-0.589317
-0.574108
-0.556533
-0.536891
-0.515643
-0.493339
-0.470528
-0.4477
-0.425249
-0.403458
-0.382514
-0.362516
-0.343505
-0.325478
-0.308407
-0.292247
-0.276947
-0.262462
-0.248762
-0.235596
-0.64082
-0.631116
-0.623624
-0.614764
-0.603837
-0.590547
-0.57471
-0.556435
-0.536071
-0.514131
-0.491197
-0.46784
-0.444556
-0.421733
-0.399648
-0.378472
-0.358294
-0.339145
-0.321013
-0.303864
-0.287649
-0.272313
-0.25781
-0.244104
-0.23092
-0.642807
-0.633094
-0.625525
-0.616453
-0.605158
-0.591352
-0.574882
-0.555908
-0.534834
-0.512219
-0.488679
-0.464802
-0.441088
-0.41792
-0.395563
-0.374177
-0.353839
-0.334569
-0.316348
-0.299136
-0.282879
-0.267519
-0.253009
-0.239307
-0.226116
-0.644347
-0.634639
-0.626996
-0.61771
-0.60604
-0.59171
-0.574606
-0.554938
-0.533168
-0.509898
-0.485777
-0.461407
-0.437291
-0.413805
-0.391201
-0.369627
-0.349148
-0.329774
-0.31148
-0.294219
-0.277934
-0.262562
-0.248057
-0.23437
-0.221182
-0.645418
-0.63573
-0.628015
-0.618512
-0.606462
-0.591604
-0.573865
-0.553513
-0.531061
-0.50716
-0.482484
-0.457651
-0.433162
-0.409384
-0.386557
-0.364817
-0.344217
-0.324758
-0.306407
-0.289111
-0.272811
-0.25744
-0.242953
-0.229291
-0.216116
-0.645998
-0.636346
-0.628562
-0.618839
-0.606404
-0.591015
-0.572645
-0.551619
-0.528505
-0.503996
-0.478795
-0.453528
-0.428695
-0.404653
-0.381629
-0.359745
-0.339043
-0.319517
-0.301125
-0.28381
-0.267509
-0.252151
-0.237693
-0.224067
-0.210917
-0.646067
-0.636464
-0.628615
-0.61867
-0.605847
-0.589927
-0.570932
-0.549244
-0.52549
-0.500401
-0.474705
-0.449035
-0.423888
-0.399609
-0.376413
-0.354407
-0.333625
-0.314049
-0.295632
-0.278313
-0.262025
-0.246694
-0.232277
-0.218698
-0.205583
-0.645605
-0.636066
-0.628154
-0.617987
-0.604773
-0.588324
-0.568712
-0.54638
-0.522008
-0.496368
-0.470208
-0.444168
-0.418737
-0.39425
-0.370906
-0.348802
-0.32796
-0.308352
-0.289928
-0.27262
-0.256358
-0.241066
-0.226704
-0.213182
-0.200114
-0.644595
-0.635133
-0.627162
-0.616771
-0.603167
-0.586192
-0.565974
-0.543017
-0.518053
-0.491893
-0.465302
-0.438924
-0.41324
-0.388573
-0.365108
-0.342928
-0.322045
-0.302425
-0.284009
-0.266728
-0.250506
-0.235268
-0.220972
-0.20752
-0.194512
-0.643018
-0.633647
-0.62562
-0.615006
-0.601013
-0.583518
-0.562707
-0.539146
-0.513619
-0.48697
-0.459983
-0.433301
-0.407396
-0.382576
-0.359016
-0.336783
-0.31588
-0.296265
-0.277875
-0.260636
-0.24447
-0.229297
-0.215079
-0.201711
-0.188776
-0.640859
-0.631593
-0.623513
-0.612676
-0.598297
-0.580291
-0.558903
-0.534762
-0.508701
-0.481598
-0.454249
-0.427296
-0.401201
-0.376259
-0.352628
-0.330365
-0.309463
-0.289873
-0.271526
-0.254344
-0.238247
-0.223153
-0.209025
-0.195752
-0.182893
-0.638103
-0.628954
-0.620826
-0.609768
-0.595008
-0.5765
-0.554554
-0.529858
-0.503296
-0.475774
-0.448099
-0.420909
-0.394656
-0.36962
-0.345945
-0.323675
-0.302794
-0.283247
-0.26496
-0.247851
-0.231838
-0.216836
-0.202809
-0.189637
-0.176832
-0.634736
-0.625718
-0.617544
-0.606269
-0.591133
-0.572137
-0.549653
-0.524431
-0.497401
-0.469495
-0.441531
-0.41414
-0.387761
-0.362659
-0.338965
-0.316711
-0.295873
-0.276388
-0.258178
-0.241158
-0.225244
-0.210347
-0.196437
-0.183373
-0.170577
-0.630747
-0.621871
-0.613657
-0.602168
-0.586664
-0.567194
-0.544194
-0.518476
-0.491013
-0.462762
-0.434545
-0.406987
-0.380515
-0.355377
-0.331689
-0.309475
-0.288699
-0.269295
-0.251179
-0.234265
-0.218464
-0.203687
-0.189911
-0.176983
-0.164237
-0.626124
-0.617403
-0.609153
-0.597455
-0.581593
-0.561665
-0.538175
-0.511992
-0.484133
-0.455574
-0.427142
-0.399453
-0.372919
-0.347773
-0.324118
-0.301966
-0.281273
-0.261969
-0.243965
-0.227172
-0.211499
-0.196857
-0.183224
-0.170403
-0.15784
-0.620859
-0.612304
-0.604022
-0.592122
-0.575912
-0.555546
-0.531592
-0.504978
-0.47676
-0.447933
-0.419323
-0.391538
-0.364974
-0.339849
-0.316252
-0.294185
-0.273597
-0.254411
-0.236536
-0.219881
-0.204351
-0.189858
-0.176379
-0.163689
-0.1513
-0.614944
-0.606567
-0.598258
-0.586162
-0.569617
-0.548833
-0.524444
-0.497434
-0.468896
-0.439839
-0.41109
-0.383244
-0.356682
-0.331607
-0.308094
-0.286134
-0.265672
-0.246623
-0.228895
-0.212392
-0.19702
-0.18269
-0.169378
-0.156838
-0.144618
-0.608373
-0.600184
-0.591854
-0.57957
-0.562705
-0.541525
-0.516731
-0.489362
-0.460542
-0.431297
-0.402446
-0.374575
-0.348046
-0.323049
-0.299645
-0.277816
-0.257499
-0.238606
-0.221042
-0.204708
-0.189509
-0.175354
-0.162224
-0.149848
-0.137797
-0.601141
-0.593151
-0.584806
-0.572343
-0.555173
-0.533621
-0.508454
-0.480763
-0.451703
-0.422308
-0.393394
-0.365533
-0.339069
-0.314178
-0.290907
-0.269232
-0.249081
-0.230363
-0.212979
-0.196831
-0.181819
-0.167854
-0.154917
-0.142718
-0.130842
-0.593246
-0.585464
-0.57711
-0.564478
-0.54702
-0.525122
-0.499616
-0.471641
-0.442381
-0.412877
-0.383939
-0.356121
-0.329754
-0.304996
-0.281885
-0.260386
-0.240421
-0.221897
-0.204711
-0.188763
-0.173953
-0.160192
-0.147461
-0.13545
-0.123756
-0.584685
-0.577121
-0.568765
-0.555974
-0.538248
-0.516031
-0.49022
-0.462001
-0.432582
-0.40301
-0.374085
-0.346346
-0.320106
-0.295509
-0.272582
-0.25128
-0.231523
-0.21321
-0.196238
-0.180507
-0.165914
-0.152369
-0.139858
-0.128044
-0.116541
-0.575459
-0.568123
-0.559771
-0.546834
-0.528859
-0.506351
-0.480271
-0.451848
-0.422312
-0.392712
-0.363837
-0.33621
-0.310129
-0.285721
-0.263002
-0.24192
-0.222389
-0.204306
-0.187566
-0.172066
-0.157704
-0.144388
-0.132109
-0.120504
-0.56557
-0.55847
-0.550129
-0.537059
-0.518856
-0.496088
-0.469775
-0.441188
-0.411577
-0.381989
-0.353202
-0.325722
-0.299828
-0.275636
-0.253149
-0.232308
-0.213023
-0.195189
-0.178697
-0.163444
-0.149326
-0.136254
-0.55502
-0.548165
-0.539843
-0.526654
-0.508245
-0.485248
-0.458739
-0.43003
-0.400385
-0.370849
-0.342187
-0.314886
-0.28921
-0.265259
-0.243028
-0.222451
-0.203432
-0.185863
-0.169635
-0.154645
-0.140786
-0.543815
-0.537212
-0.528918
-0.515623
-0.497033
-0.473837
-0.447171
-0.418382
-0.388744
-0.3593
-0.330798
-0.30371
-0.278281
-0.254598
-0.232646
-0.212353
-0.193619
-0.176333
-0.160386
-0.145673
-0.53196
-0.525618
-0.517359
-0.503974
-0.485226
-0.461865
-0.435081
-0.406252
-0.376663
-0.34735
-0.319045
-0.292201
-0.267047
-0.243658
-0.222008
-0.20202
-0.18359
-0.166605
-0.150954
-0.519464
-0.513389
-0.505174
-0.491716
-0.472835
-0.449343
-0.422479
-0.393651
-0.364152
-0.335008
-0.306935
-0.280367
-0.255517
-0.232446
-0.211121
-0.191458
-0.173351
-0.506335
-0.500534
-0.492372
-0.478857
-0.45987
-0.43628
-0.409376
-0.380591
-0.351223
-0.322286
-0.294479
-0.268217
-0.243698
-0.22097
-0.199992
-0.180674
-0.492584
-0.487064
-0.478963
-0.465409
-0.446343
-0.422689
-0.395784
-0.367083
-0.337886
-0.309192
-0.281685
-0.25576
-0.231599
-0.209238
-0.188628
-0.478222
-0.472989
-0.46496
-0.451384
-0.432265
-0.408583
-0.381716
-0.353141
-0.324152
-0.29574
-0.268565
-0.243007
-0.219229
-0.197257
-0.463263
-0.458323
-0.450375
-0.436796
-0.417652
-0.393976
-0.367188
-0.338776
-0.310035
-0.28194
-0.25513
-0.229966
-0.206596
-0.447722
-0.44308
-0.435223
-0.421659
-0.402519
-0.378884
-0.352213
-0.324004
-0.295549
-0.267805
-0.241391
-0.216648
-0.431614
-0.427275
-0.419519
-0.40599
-0.386881
-0.363324
-0.336804
-0.308839
-0.280708
-0.253348
-0.22736
-0.414956
-0.410924
-0.403279
-0.389805
-0.370756
-0.347314
-0.320977
-0.293298
-0.265526
-0.238584
-0.21305
-0.397766
-0.394046
-0.386522
-0.373122
-0.354163
-0.33086
-0.30476
-0.277397
-0.250018
-0.223524
-0.380063
-0.376659
-0.369266
-0.355961
-0.337117
-0.313992
-0.288163
-0.261152
-0.2342
-0.361866
-0.358783
-0.351532
-0.338342
-0.319637
-0.296729
-0.271203
-0.244581
-0.343196
-0.34044
-0.333339
-0.320281
-0.301751
-0.27909
-0.2539
-0.324075
-0.32165
-0.314711
-0.301802
-0.283476
-0.261094
-0.304522
-0.302439
-0.295665
-0.282933
-0.264835
-0.242762
-0.284555
-0.282835
-0.276229
-0.263692
-0.245849
-0.264198
-0.262868
-0.25643
-0.244105
-0.243514
-0.242532
-0.236291
-0.224195
-0.222523
-0.221854
-0.215836
-0.201226
-0.200879
-0.17965
-0.179635
-0.157827
-0.135786
-0.0846103
-0.106196
-0.127599
-0.127939
-0.14879
-0.148798
-0.16974
-0.169422
-0.164152
-0.190421
-0.189786
-0.184292
-0.173483
-0.210808
-0.209863
-0.204154
-0.193109
-0.230909
-0.229603
-0.223711
-0.212448
-0.196401
-0.250681
-0.248998
-0.242942
-0.231476
-0.215167
-0.195292
-0.270076
-0.268047
-0.261818
-0.25017
-0.233625
-0.213434
-0.191074
-0.289075
-0.286715
-0.280322
-0.268508
-0.251751
-0.231274
-0.208541
-0.307662
-0.304978
-0.298427
-0.286469
-0.269524
-0.24879
-0.225717
-0.201679
-0.325815
-0.322814
-0.316114
-0.304027
-0.286927
-0.265962
-0.242583
-0.218154
-0.193802
-0.343516
-0.340202
-0.333363
-0.321167
-0.303941
-0.282769
-0.259119
-0.234333
-0.209554
-0.185599
-0.360746
-0.357124
-0.350154
-0.337866
-0.320527
-0.299209
-0.275309
-0.250198
-0.225025
-0.200622
-0.177516
-0.377485
-0.37356
-0.36647
-0.35411
-0.336687
-0.315244
-0.291135
-0.265733
-0.240198
-0.215378
-0.191818
-0.169811
-0.393717
-0.389493
-0.382293
-0.36988
-0.352402
-0.33086
-0.306582
-0.280923
-0.25506
-0.229852
-0.205865
-0.18341
-0.409426
-0.404909
-0.397607
-0.385158
-0.367653
-0.346044
-0.321629
-0.295755
-0.269595
-0.244031
-0.219647
-0.196768
-0.175535
-0.424596
-0.41979
-0.412397
-0.39993
-0.382423
-0.360782
-0.336266
-0.310211
-0.28379
-0.257903
-0.233149
-0.209873
-0.188228
-0.16824
-0.439212
-0.434125
-0.42665
-0.414182
-0.396698
-0.375057
-0.350477
-0.324277
-0.297633
-0.271455
-0.246361
-0.222714
-0.200682
-0.180299
-0.161521
-0.453264
-0.4479
-0.440352
-0.4279
-0.410466
-0.388856
-0.364249
-0.337942
-0.311111
-0.284676
-0.259273
-0.235282
-0.212886
-0.19213
-0.172978
-0.155348
-0.466737
-0.461104
-0.453492
-0.441073
-0.423713
-0.402167
-0.377569
-0.351193
-0.324212
-0.297555
-0.271874
-0.247568
-0.224832
-0.203725
-0.184218
-0.166235
-0.149678
-0.134439
-0.479624
-0.473728
-0.466061
-0.453689
-0.436428
-0.414978
-0.390425
-0.364019
-0.336925
-0.310081
-0.284155
-0.259561
-0.236512
-0.215077
-0.195236
-0.176918
-0.160028
-0.144463
-0.130118
-0.491914
-0.485764
-0.478049
-0.465741
-0.448602
-0.427278
-0.402807
-0.376409
-0.349241
-0.322246
-0.296107
-0.271254
-0.247917
-0.226177
-0.206023
-0.187389
-0.170185
-0.154307
-0.139655
-0.126131
-0.5036
-0.497203
-0.489449
-0.477219
-0.460225
-0.439058
-0.414704
-0.388353
-0.361149
-0.334039
-0.30772
-0.28264
-0.259042
-0.23702
-0.216574
-0.197643
-0.180141
-0.163968
-0.149023
-0.13521
-0.122431
-0.514677
-0.508041
-0.500255
-0.488118
-0.47129
-0.45031
-0.426109
-0.399843
-0.37264
-0.345453
-0.318988
-0.29371
-0.269878
-0.247599
-0.226882
-0.207674
-0.189892
-0.173439
-0.158216
-0.144127
-0.131076
-0.118981
-0.525139
-0.518273
-0.510464
-0.498432
-0.481791
-0.461026
-0.437013
-0.410869
-0.383708
-0.35648
-0.329903
-0.304458
-0.280419
-0.257908
-0.236942
-0.217476
-0.199432
-0.182715
-0.167229
-0.152879
-0.139568
-0.127216
-0.115813
-0.105018
-0.534984
-0.527896
-0.520071
-0.508156
-0.491723
-0.471201
-0.447409
-0.421426
-0.394344
-0.367113
-0.340459
-0.314878
-0.290661
-0.267942
-0.246749
-0.227046
-0.208757
-0.191794
-0.176059
-0.161461
-0.147904
-0.135306
-0.123656
-0.112637
-0.101893
-0.544209
-0.53691
-0.529075
-0.517289
-0.501083
-0.480829
-0.457292
-0.431507
-0.404543
-0.377345
-0.350649
-0.324965
-0.300597
-0.277695
-0.256299
-0.236378
-0.217864
-0.20067
-0.184702
-0.169869
-0.156079
-0.143247
-0.131362
-0.120127
-0.109176
-0.552815
-0.545314
-0.537477
-0.52583
-0.509868
-0.489908
-0.466658
-0.441106
-0.414298
-0.387172
-0.360469
-0.334712
-0.310223
-0.287165
-0.265587
-0.245469
-0.226747
-0.20934
-0.193154
-0.178102
-0.16409
-0.151037
-0.138928
-0.127488
-0.116337
-0.560804
-0.55311
-0.545276
-0.53378
-0.518077
-0.498436
-0.475502
-0.45022
-0.423606
-0.396589
-0.369914
-0.344117
-0.319536
-0.296346
-0.27461
-0.254315
-0.235405
-0.2178
-0.201413
-0.186155
-0.171936
-0.158673
-0.146351
-0.134716
-0.123371
-0.568176
-0.560301
-0.552477
-0.541139
-0.525711
-0.506411
-0.483824
-0.458845
-0.432462
-0.405591
-0.37898
-0.353176
-0.328531
-0.305235
-0.283365
-0.262914
-0.243834
-0.22605
-0.209476
-0.194026
-0.179612
-0.166153
-0.15363
-0.141809
-0.130277
-0.574938
-0.566893
-0.559084
-0.547912
-0.532773
-0.513833
-0.491621
-0.46698
-0.440864
-0.414175
-0.387663
-0.361885
-0.337205
-0.313831
-0.291848
-0.271263
-0.252032
-0.234085
-0.21734
-0.201713
-0.187119
-0.173474
-0.160762
-0.148769
-0.13705
-0.581094
-0.57289
-0.565102
-0.554103
-0.539264
-0.520706
-0.498894
-0.474623
-0.44881
-0.42234
-0.395962
-0.370241
-0.345558
-0.322131
-0.30006
-0.279361
-0.259997
-0.241905
-0.225005
-0.209215
-0.194453
-0.180636
-0.167745
-0.155596
-0.143687
-0.586652
-0.5783
-0.570538
-0.559718
-0.545192
-0.527031
-0.505645
-0.481774
-0.456298
-0.430083
-0.403874
-0.378244
-0.353585
-0.330132
-0.307997
-0.287205
-0.267728
-0.249507
-0.232467
-0.21653
-0.201613
-0.187636
-0.174577
-0.162292
-0.150188
-0.59162
-0.583133
-0.575402
-0.564766
-0.55056
-0.532813
-0.511876
-0.488434
-0.463329
-0.437404
-0.411399
-0.385892
-0.361288
-0.337835
-0.315658
-0.294794
-0.275223
-0.256891
-0.239728
-0.223656
-0.208598
-0.194474
-0.181256
-0.168813
-0.156621
-0.596008
-0.587398
-0.579702
-0.569256
-0.555378
-0.538058
-0.517591
-0.494606
-0.469904
-0.444303
-0.418536
-0.393184
-0.368664
-0.345238
-0.323044
-0.302129
-0.282483
-0.264057
-0.246785
-0.230593
-0.215407
-0.20115
-0.187788
-0.175209
-0.162971
-0.599827
-0.591107
-0.583451
-0.573197
-0.559654
-0.542773
-0.522795
-0.500293
-0.476024
-0.450781
-0.425284
-0.40012
-0.375714
-0.352341
-0.330154
-0.30921
-0.289506
-0.271003
-0.253638
-0.237341
-0.222041
-0.207661
-0.194169
-0.181462
-0.169134
-0.60309
-0.594272
-0.586661
-0.576602
-0.563399
-0.546967
-0.527494
-0.505499
-0.481693
-0.456839
-0.431647
-0.406701
-0.382438
-0.359146
-0.336988
-0.316035
-0.296294
-0.27773
-0.260288
-0.2439
-0.228497
-0.214007
-0.200396
-0.187564
-0.175129
-0.605811
-0.596908
-0.589345
-0.579484
-0.566623
-0.550649
-0.531696
-0.510229
-0.486913
-0.46248
-0.437624
-0.412928
-0.388837
-0.365651
-0.343547
-0.322607
-0.302846
-0.284239
-0.266734
-0.250269
-0.234777
-0.220188
-0.206467
-0.193521
-0.180982
-0.608003
-0.59903
-0.59152
-0.581856
-0.569341
-0.55383
-0.535409
-0.514491
-0.491691
-0.467707
-0.443218
-0.418804
-0.394914
-0.37186
-0.349833
-0.328926
-0.309165
-0.290531
-0.272979
-0.25645
-0.240881
-0.226204
-0.212383
-0.199335
-0.186703
-0.609684
-0.600654
-0.5932
-0.583735
-0.571566
-0.556522
-0.538644
-0.518291
-0.49603
-0.472525
-0.448433
-0.424329
-0.400669
-0.377774
-0.355846
-0.334994
-0.315251
-0.296607
-0.279022
-0.262443
-0.24681
-0.232056
-0.218146
-0.205006
-0.192293
-0.610871
-0.601797
-0.594403
-0.585137
-0.573313
-0.558739
-0.541412
-0.521639
-0.499939
-0.476938
-0.453272
-0.429508
-0.406105
-0.383394
-0.361591
-0.340812
-0.321106
-0.302468
-0.284866
-0.268251
-0.252564
-0.237746
-0.223757
-0.210534
-0.197749
-0.61158
-0.602478
-0.595147
-0.58608
-0.574598
-0.560494
-0.543724
-0.524544
-0.503424
-0.480952
-0.457739
-0.434344
-0.411226
-0.388725
-0.367068
-0.346385
-0.326733
-0.308117
-0.290512
-0.273873
-0.258147
-0.243275
-0.229217
-0.215921
-0.203073
-0.611832
-0.602715
-0.595452
-0.586581
-0.575439
-0.561804
-0.545594
-0.527017
-0.506494
-0.484574
-0.461841
-0.438841
-0.416035
-0.393769
-0.372281
-0.351713
-0.332134
-0.313557
-0.295963
-0.279313
-0.263559
-0.248643
-0.234528
-0.221166
-0.208265
-0.611646
-0.602528
-0.595336
-0.58666
-0.575855
-0.562685
-0.547037
-0.52907
-0.509159
-0.487811
-0.465582
-0.443005
-0.420536
-0.398529
-0.377233
-0.356801
-0.337311
-0.318789
-0.301221
-0.284573
-0.268802
-0.253854
-0.23969
-0.226273
-0.213326
-0.611042
-0.601937
-0.59482
-0.586337
-0.575863
-0.563155
-0.548066
-0.530716
-0.511429
-0.490671
-0.468969
-0.446839
-0.424733
-0.40301
-0.381928
-0.361651
-0.34227
-0.323817
-0.306288
-0.289655
-0.273878
-0.258908
-0.244707
-0.231241
-0.218258
-0.610041
-0.600964
-0.593925
-0.585633
-0.575485
-0.563231
-0.5487
-0.531968
-0.513315
-0.493164
-0.472009
-0.45035
-0.428632
-0.407217
-0.38637
-0.366268
-0.347012
-0.328644
-0.311168
-0.294563
-0.278791
-0.263809
-0.249579
-0.236074
-0.223063
-0.608664
-0.59963
-0.592673
-0.584569
-0.574739
-0.562932
-0.548954
-0.532841
-0.514829
-0.495298
-0.474711
-0.453545
-0.432238
-0.411153
-0.390563
-0.370656
-0.351542
-0.333274
-0.315865
-0.299298
-0.283543
-0.268559
-0.254309
-0.240772
-0.227741
-0.606935
-0.597957
-0.591085
-0.583167
-0.573649
-0.56228
-0.548846
-0.53335
-0.515984
-0.497085
-0.477082
-0.45643
-0.435556
-0.414824
-0.394512
-0.374818
-0.355863
-0.337711
-0.320381
-0.303865
-0.288137
-0.273161
-0.2589
-0.245339
-0.232295
-0.604874
-0.595965
-0.589183
-0.581448
-0.572234
-0.561293
-0.548395
-0.533512
-0.516793
-0.498535
-0.479132
-0.459013
-0.438594
-0.418235
-0.398222
-0.37876
-0.359981
-0.341959
-0.324722
-0.308268
-0.292577
-0.277617
-0.263354
-0.249775
-0.236726
-0.602503
-0.593679
-0.586989
-0.579435
-0.570516
-0.559992
-0.54762
-0.533343
-0.517272
-0.499661
-0.480869
-0.461301
-0.441356
-0.421392
-0.401698
-0.382486
-0.3639
-0.346022
-0.328889
-0.312509
-0.296865
-0.281931
-0.267673
-0.254085
-0.241037
-0.599847
-0.59112
-0.584527
-0.57715
-0.568518
-0.558399
-0.546541
-0.532861
-0.517434
-0.500475
-0.482305
-0.463303
-0.443851
-0.424302
-0.404945
-0.386002
-0.367624
-0.349904
-0.332889
-0.316593
-0.301006
-0.286106
-0.271862
-0.25827
-0.24523
-0.596928
-0.58831
-0.581818
-0.574616
-0.566262
-0.556535
-0.545178
-0.532085
-0.517296
-0.50099
-0.483451
-0.465028
-0.446086
-0.42697
-0.40797
-0.389312
-0.371158
-0.353611
-0.336726
-0.320524
-0.305003
-0.290145
-0.275923
-0.262333
-0.249308
-0.593767
-0.585271
-0.578884
-0.571854
-0.56377
-0.554422
-0.543551
-0.531031
-0.516874
-0.50122
-0.484317
-0.466484
-0.448069
-0.429403
-0.410777
-0.392422
-0.374508
-0.357147
-0.340404
-0.324307
-0.30886
-0.294053
-0.27986
-0.266278
-0.253273
-0.590387
-0.582025
-0.575747
-0.568887
-0.561063
-0.552081
-0.54168
-0.529721
-0.516185
-0.501179
-0.484915
-0.467683
-0.449807
-0.431608
-0.413374
-0.395338
-0.377679
-0.360518
-0.343927
-0.327945
-0.312582
-0.297833
-0.283675
-0.270107
-0.257128
-0.58681
-0.578594
-0.572428
-0.565736
-0.558164
-0.549533
-0.539587
-0.528171
-0.515246
-0.500882
-0.485258
-0.468634
-0.45131
-0.433593
-0.415766
-0.398066
-0.380677
-0.363728
-0.347302
-0.331445
-0.316174
-0.301489
-0.287374
-0.273825
-0.260876
-0.583058
-0.574999
-0.568949
-0.562422
-0.555094
-0.546801
-0.537291
-0.526404
-0.514074
-0.500344
-0.485359
-0.469347
-0.452585
-0.435364
-0.41796
-0.400611
-0.383506
-0.366782
-0.350532
-0.334809
-0.319638
-0.305026
-0.290959
-0.277434
-0.26452
-0.579151
-0.571259
-0.56533
-0.558966
-0.551874
-0.543904
-0.534814
-0.524436
-0.512687
-0.49958
-0.485231
-0.469834
-0.453642
-0.436929
-0.419962
-0.402979
-0.386172
-0.369687
-0.353624
-0.338045
-0.322981
-0.308447
-0.294434
-0.280938
-0.268064
-0.57511
-0.567395
-0.56159
-0.555388
-0.548524
-0.540864
-0.532176
-0.522289
-0.511103
-0.498608
-0.484887
-0.470106
-0.454491
-0.438296
-0.42178
-0.405177
-0.388682
-0.372447
-0.356582
-0.341155
-0.570956
-0.563427
-0.55775
-0.551708
-0.545064
-0.537701
-0.529397
-0.51998
-0.50934
-0.497442
-0.484342
-0.470175
-0.45514
-0.439474
-0.42342
-0.40721
-0.566707
-0.559372
-0.553826
-0.547943
-0.541512
-0.534433
-0.526496
-0.517531
-0.507416
-0.496099
-0.483609
-0.470052
-0.455601
-0.562383
-0.555248
-0.549838
-0.544113
-0.537889
-0.531081
-0.523493
-0.514958
-0.505349
-0.558001
-0.551074
-0.545801
-0.540234
-0.53421
-0.527662
-0.553578
-0.546864
-0.541733
-0.536323
-0.54913
-0.237561
-0.241506
-0.245354
-0.249109
-0.252772
-0.256347
-0.259837
-0.263244
-0.220767
-0.224558
-0.228273
-0.231914
-0.235483
-0.238983
-0.242416
-0.245783
-0.205488
-0.209107
-0.212665
-0.216166
-0.219611
-0.223002
-0.226341
-0.22963
-0.191554
-0.194999
-0.198397
-0.201749
-0.205058
-0.208325
-0.211551
-0.214739
-0.178788
-0.182059
-0.185294
-0.188492
-0.191657
-0.194789
-0.197891
-0.200962
-0.167043
-0.170142
-0.173212
-0.176254
-0.179271
-0.182262
-0.18523
-0.188175
-0.156198
-0.159128
-0.162035
-0.164921
-0.167788
-0.170635
-0.173464
-0.176277
-0.146156
-0.14892
-0.151668
-0.154399
-0.157115
-0.159817
-0.162506
-0.165183
-0.136823
-0.139428
-0.14202
-0.1446
-0.147168
-0.149726
-0.152275
-0.154814
-0.128136
-0.130587
-0.133027
-0.135459
-0.137882
-0.140298
-0.142707
-0.145111
-0.120021
-0.122323
-0.124619
-0.126907
-0.12919
-0.131468
-0.133741
-0.136011
-0.112427
-0.114588
-0.116744
-0.118896
-0.121043
-0.123187
-0.125328
-0.127466
-0.105306
-0.107332
-0.109355
-0.111375
-0.113391
-0.115406
-0.117419
-0.119432
-0.0986164
-0.100515
-0.10241
-0.104304
-0.106196
-0.108087
-0.109977
-0.111867
-0.0923196
-0.0940963
-0.0958713
-0.0976452
-0.0994182
-0.101191
-0.102964
-0.104737
-0.086385
-0.0880466
-0.0897074
-0.0913675
-0.0930274
-0.0946876
-0.0963483
-0.09801
-0.0807826
-0.0823357
-0.0838883
-0.0854408
-0.0869936
-0.0885469
-0.0901012
-0.0916567
-0.0754884
-0.076939
-0.0783896
-0.0798404
-0.0812917
-0.0827439
-0.0841972
-0.0856519
-0.0704797
-0.0718339
-0.0731883
-0.0745431
-0.0758987
-0.0772552
-0.0786131
-0.0799725
-0.0657363
-0.0669998
-0.0682636
-0.069528
-0.0707933
-0.0720597
-0.0733275
-0.0745968
-0.061239
-0.0624176
-0.0635966
-0.0647764
-0.065957
-0.0671387
-0.0683217
-0.0695063
-0.0569748
-0.0580735
-0.0591727
-0.0602726
-0.0613735
-0.0624754
-0.0635786
-0.0646834
-0.0529282
-0.053952
-0.0549764
-0.0560015
-0.0570275
-0.0580546
-0.0590829
-0.0601126
-0.0490853
-0.0500391
-0.0509935
-0.0519486
-0.0529045
-0.0538614
-0.0548195
-0.0557789
-0.0454348
-0.0463231
-0.047212
-0.0481016
-0.0489919
-0.0498832
-0.0507755
-0.051669
-0.0419664
-0.0427935
-0.0436211
-0.0444494
-0.0452783
-0.0461082
-0.0469389
-0.0477708
-0.0386697
-0.0394397
-0.0402101
-0.0409811
-0.0417528
-0.0425252
-0.0432984
-0.0440726
-0.035536
-0.0362526
-0.0369697
-0.0376872
-0.0384053
-0.0391241
-0.0398437
-0.040564
-0.0325569
-0.0332238
-0.0338911
-0.0345588
-0.035227
-0.0358957
-0.0365651
-0.0372353
-0.0297248
-0.0303454
-0.0309662
-0.0315874
-0.032209
-0.0328311
-0.0334538
-0.0340771
-0.0270321
-0.0276095
-0.0281872
-0.0287651
-0.0293433
-0.029922
-0.0305012
-0.0310808
-0.0244731
-0.0250102
-0.0255476
-0.0260852
-0.026623
-0.0271612
-0.0276997
-0.0282387
-0.0220409
-0.0225406
-0.0230404
-0.0235405
-0.0240407
-0.0245412
-0.025042
-0.0255431
-0.0197298
-0.0201947
-0.0206596
-0.0211247
-0.0215899
-0.0220553
-0.022521
-0.0229869
-0.0175344
-0.0179669
-0.0183994
-0.0188319
-0.0192646
-0.0196974
-0.0201303
-0.0205634
-0.0154495
-0.0158518
-0.0162541
-0.0166565
-0.0170589
-0.0174613
-0.0178638
-0.0182665
-0.0134702
-0.0138445
-0.0142188
-0.014593
-0.0149672
-0.0153415
-0.0157157
-0.0160901
-0.0115921
-0.0119403
-0.0122885
-0.0126365
-0.0129846
-0.0133326
-0.0136806
-0.0140286
-0.0098105
-0.0101344
-0.0104583
-0.0107821
-0.0111058
-0.0114294
-0.011753
-0.0120765
-0.00812062
-0.00842224
-0.00872368
-0.00902497
-0.00932612
-0.00962716
-0.00992809
-0.0102289
-0.00651994
-0.00680057
-0.00708103
-0.00736132
-0.00764146
-0.00792146
-0.00820131
-0.00848104
-0.00500396
-0.00526514
-0.00552613
-0.00578692
-0.00604754
-0.00630798
-0.00656826
-0.00682838
-0.00356886
-0.00381198
-0.00405489
-0.00429758
-0.00454008
-0.00478237
-0.00502447
-0.00526638
-0.00221135
-0.00243769
-0.0026638
-0.00288968
-0.00311533
-0.00334077
-0.00356598
-0.00379099
-0.000928062
-0.00113881
-0.00134932
-0.00155958
-0.00176959
-0.00197937
-0.00218891
-0.00239821
0.000284165
8.78985e-05
-0.000108108
-0.000303856
-0.000499346
-0.000694581
-0.000889562
-0.00108429
0.00142839
0.00124558
0.00106304
0.000880771
0.000698771
0.00051704
0.000335576
0.000154378
0.00250753
0.00233722
0.00216719
0.00199744
0.00182797
0.00165878
0.00148987
0.00132123
0.00352439
0.0033657
0.00320729
0.00304917
0.00289133
0.00273379
0.00257652
0.00241955
0.00448167
0.00433377
0.00418615
0.00403883
0.0038918
0.00374506
0.00359861
0.00345246
0.00538195
0.00524406
0.00510647
0.00496917
0.00483217
0.00469547
0.00455906
0.00442296
0.0062277
0.00609912
0.00597083
0.00584284
0.00571515
0.00558775
0.00546067
0.00533388
0.0070213
0.00690135
0.0067817
0.00666235
0.00654329
0.00642454
0.0063061
0.00618796
0.00776501
0.00765308
0.00754145
0.00743011
0.00731907
0.00720833
0.0070979
0.00698778
0.00846102
0.00835653
0.00825232
0.00814842
0.00804481
0.0079415
0.0078385
0.00773581
0.0091114
0.0090138
0.00891649
0.00881947
0.00872275
0.00862633
0.00853021
0.00843439
0.00971813
0.00962691
0.00953598
0.00944535
0.009355
0.00926495
0.0091752
0.00908576
0.0102831
0.0101978
0.0101128
0.010028
0.00994359
0.00985944
0.00977558
0.00969202
0.0108081
0.0107283
0.0106487
0.0105694
0.0104904
0.0104117
0.0103333
0.0102552
0.0112948
0.01122
0.0111455
0.0110712
0.0109973
0.0109236
0.0108502
0.0107771
0.0117448
0.0116747
0.0116048
0.0115352
0.0114658
0.0113968
0.011328
0.0112595
0.0121596
0.0120937
0.0120281
0.0119628
0.0118977
0.0118329
0.0117684
0.0117041
0.0125406
0.0124786
0.0124169
0.0123554
0.0122943
0.0122334
0.0121727
0.0121124
0.012889
0.0128306
0.0127724
0.0127146
0.0126569
0.0125996
0.0125425
0.0124857
0.0132059
0.0131508
0.0130959
0.0130413
0.0129869
0.0129328
0.0128789
0.0128253
0.012772
0.0134925
0.0134403
0.0133883
0.0133366
0.0132852
0.013234
0.0131831
0.0131324
0.013082
0.0137495
0.0136999
0.0136506
0.0136016
0.0135528
0.0135042
0.0134559
0.0134078
0.01336
0.0139777
0.0139305
0.0138836
0.0138369
0.0137904
0.0137442
0.0136982
0.0136525
0.013607
0.0141777
0.0141326
0.0140877
0.014043
0.0139986
0.0139545
0.0139105
0.0138668
0.0138234
0.0143499
0.0143066
0.0142635
0.0142207
0.014178
0.0141356
0.0140935
0.0140516
0.0140099
0.0144943
0.0144526
0.014411
0.0143696
0.0143285
0.0142876
0.014247
0.0142066
0.0141664
0.0146113
0.0145708
0.0145304
0.0144903
0.0144504
0.0144108
0.0143714
0.0143322
0.0142932
0.0147
0.0146604
0.0146211
0.014582
0.014543
0.0145043
0.0144659
0.0144276
0.0143896
0.0147605
0.0147216
0.0146829
0.0146445
0.0146062
0.0145682
0.0145304
0.0144928
0.0144554
0.0147911
0.0147526
0.0147144
0.0146764
0.0146386
0.014601
0.0145636
0.0145264
0.0144895
-0.10974
-0.116388
-0.122924
-0.129346
-0.135655
-0.141848
-0.147928
-0.153891
-0.159726
-0.165426
-0.171095
-0.176614
-0.181981
-0.187223
-0.192353
-0.197371
-0.202275
-0.207065
-0.211744
-0.216313
-0.220773
-0.225126
-0.229373
-0.233518
-0.103296
-0.109274
-0.115157
-0.120947
-0.126642
-0.132242
-0.137747
-0.143155
-0.148463
-0.153653
-0.15872
-0.163764
-0.168712
-0.173547
-0.178283
-0.182927
-0.187481
-0.191944
-0.196319
-0.200604
-0.204804
-0.208918
-0.212949
-0.216898
-0.0972283
-0.102639
-0.107969
-0.113219
-0.118387
-0.123475
-0.128481
-0.133405
-0.138247
-0.143005
-0.147665
-0.152261
-0.156813
-0.16128
-0.16566
-0.169961
-0.174189
-0.178344
-0.182427
-0.18644
-0.190382
-0.194257
-0.198065
-0.201808
-0.0916325
-0.0965373
-0.101374
-0.106142
-0.110843
-0.115475
-0.12004
-0.124536
-0.128965
-0.133326
-0.137616
-0.141817
-0.14602
-0.150156
-0.154213
-0.158201
-0.16213
-0.166002
-0.169816
-0.173573
-0.177275
-0.180922
-0.184517
-0.18806
-0.0863745
-0.0908379
-0.0952437
-0.0995921
-0.103884
-0.108119
-0.112298
-0.116422
-0.120491
-0.124507
-0.12847
-0.132379
-0.136189
-0.140007
-0.143777
-0.147487
-0.151144
-0.154753
-0.158317
-0.161836
-0.16531
-0.168742
-0.172131
-0.175479
-0.0814787
-0.0855496
-0.0895718
-0.0935458
-0.097472
-0.101351
-0.105183
-0.10897
-0.112711
-0.116407
-0.120059
-0.123668
-0.127229
-0.13074
-0.134232
-0.137683
-0.141089
-0.144456
-0.147786
-0.15108
-0.154339
-0.157564
-0.160755
-0.163915
-0.076882
-0.0806039
-0.0842847
-0.0879247
-0.0915245
-0.0950845
-0.0986051
-0.102087
-0.105529
-0.108933
-0.112299
-0.115624
-0.118908
-0.122144
-0.125444
-0.128676
-0.131848
-0.134985
-0.138097
-0.141181
-0.144237
-0.147266
-0.150268
-0.153245
-0.0725704
-0.0759809
-0.0793568
-0.0826988
-0.0860074
-0.0892833
-0.0925272
-0.0957401
-0.0989227
-0.102076
-0.105203
-0.108303
-0.111381
-0.114436
-0.117382
-0.120351
-0.123316
-0.126253
-0.129162
-0.132047
-0.13491
-0.137751
-0.140572
-0.143374
-0.0685084
-0.0716391
-0.0747406
-0.0778136
-0.0808584
-0.0838756
-0.0868657
-0.089829
-0.092766
-0.0956767
-0.098561
-0.101419
-0.104248
-0.107048
-0.109815
-0.112634
-0.115412
-0.118153
-0.120871
-0.123571
-0.126255
-0.12892
-0.13157
-0.134204
-0.0646747
-0.0675535
-0.0704079
-0.0732385
-0.0760457
-0.0788302
-0.0815925
-0.0843333
-0.0870535
-0.0897536
-0.0924349
-0.0950985
-0.0977461
-0.10038
-0.103001
-0.105544
-0.1081
-0.110655
-0.113193
-0.115716
-0.118225
-0.12072
-0.123204
-0.125676
-0.0610448
-0.0636956
-0.066326
-0.0689363
-0.071527
-0.0740986
-0.0766517
-0.0791866
-0.0817039
-0.0842041
-0.0866874
-0.0891543
-0.0916049
-0.0940391
-0.0964568
-0.0988564
-0.101261
-0.10365
-0.106021
-0.108379
-0.110726
-0.113064
-0.115392
-0.11771
-0.0575996
-0.0600437
-0.0624706
-0.0648806
-0.0672743
-0.0696521
-0.0720145
-0.0743619
-0.0766947
-0.0790135
-0.0813187
-0.0836109
-0.0858904
-0.0881578
-0.0904136
-0.0926577
-0.0948801
-0.0971003
-0.0993152
-0.101521
-0.103717
-0.105906
-0.108086
-0.11026
-0.0543215
-0.0565774
-0.0588187
-0.061046
-0.0632596
-0.0654599
-0.0676472
-0.0698221
-0.0719849
-0.0741359
-0.0762757
-0.0784046
-0.080523
-0.0826312
-0.0847298
-0.0868189
-0.088897
-0.0909723
-0.0930405
-0.0951005
-0.0971532
-0.0991994
-0.10124
-0.103275
-0.0511953
-0.0532795
-0.0553515
-0.0574117
-0.0594604
-0.0614981
-0.063525
-0.0655415
-0.0675481
-0.069545
-0.0715326
-0.0735113
-0.0754814
-0.0774433
-0.0793972
-0.0813435
-0.0832818
-0.0852189
-0.0871488
-0.0890718
-0.0909893
-0.0929021
-0.0948106
-0.0967152
-0.0482076
-0.0501348
-0.0520519
-0.053959
-0.0558565
-0.0577449
-0.0596243
-0.0614951
-0.0633577
-0.0652124
-0.0670596
-0.0688996
-0.0707328
-0.0725596
-0.0743804
-0.0761956
-0.0780056
-0.0798044
-0.0816022
-0.0833975
-0.0851886
-0.0869758
-0.0887597
-0.0905409
-0.0453467
-0.0471301
-0.0489049
-0.0506714
-0.05243
-0.0541808
-0.0559242
-0.0576605
-0.05939
-0.0611129
-0.0628296
-0.0645403
-0.0662454
-0.0679452
-0.0696399
-0.0713298
-0.0730151
-0.0746956
-0.0763746
-0.0780501
-0.0797219
-0.0813908
-0.0830574
-0.084722
-0.0426023
-0.0442537
-0.0458978
-0.0475351
-0.0491656
-0.0507897
-0.0524076
-0.0540196
-0.055626
-0.057227
-0.0588228
-0.0604137
-0.0620001
-0.063582
-0.0651599
-0.0667339
-0.0683042
-0.0698709
-0.0714368
-0.0729996
-0.0745597
-0.0761176
-0.0776739
-0.0792288
-0.0399657
-0.0414957
-0.0430196
-0.0445377
-0.0460502
-0.0475573
-0.0490593
-0.0505564
-0.0520489
-0.0535369
-0.0550207
-0.0565006
-0.0579768
-0.0594495
-0.0609191
-0.0623857
-0.0638497
-0.0653112
-0.0667676
-0.0682238
-0.0696793
-0.0711332
-0.0725858
-0.0740374
-0.0374293
-0.0388474
-0.0402604
-0.0416686
-0.0430722
-0.0444712
-0.045866
-0.0472568
-0.0486436
-0.0500268
-0.0514066
-0.0527831
-0.0541566
-0.0555272
-0.0568952
-0.0582609
-0.0596242
-0.0609856
-0.0623448
-0.0637031
-0.0650602
-0.066416
-0.067771
-0.0691255
-0.0349863
-0.0363013
-0.037612
-0.0389187
-0.0402215
-0.0415205
-0.042816
-0.0441081
-0.045397
-0.0466829
-0.0479659
-0.0492462
-0.0505241
-0.0517996
-0.053073
-0.0543444
-0.0556142
-0.0568823
-0.058149
-0.0594171
-0.0606829
-0.0619468
-0.06321
-0.0644731
-0.0326313
-0.0338511
-0.0350674
-0.0362803
-0.0374899
-0.0386965
-0.0399
-0.0411008
-0.0422989
-0.0434945
-0.0446878
-0.0458789
-0.047068
-0.0482552
-0.0494408
-0.0506248
-0.0518074
-0.0529888
-0.0541692
-0.0553466
-0.0565248
-0.0577036
-0.0588822
-0.0600606
-0.0303593
-0.0314913
-0.0326202
-0.0337463
-0.0348697
-0.0359905
-0.0371088
-0.0382248
-0.0393385
-0.0404502
-0.04156
-0.0426679
-0.0437742
-0.0448789
-0.0459823
-0.0470845
-0.0481855
-0.0492857
-0.050385
-0.0514834
-0.0525818
-0.0536802
-0.0547784
-0.0558765
-0.0281665
-0.0292171
-0.0302653
-0.0313111
-0.0323547
-0.033396
-0.0344353
-0.0354726
-0.0365081
-0.0375419
-0.0385742
-0.0396049
-0.0406343
-0.0416624
-0.0426895
-0.0437155
-0.0447408
-0.0457653
-0.0467892
-0.0478125
-0.0488357
-0.0498588
-0.0508817
-0.0519048
-0.0260491
-0.0270246
-0.027998
-0.0289695
-0.029939
-0.0309067
-0.0318726
-0.032837
-0.0337998
-0.0347612
-0.0357213
-0.0366801
-0.0376379
-0.0385946
-0.0395504
-0.0405055
-0.0414599
-0.0424137
-0.043367
-0.04432
-0.0452732
-0.0462262
-0.047179
-0.048132
-0.0240043
-0.0249102
-0.0258144
-0.0267169
-0.0276179
-0.0285172
-0.0294152
-0.0303118
-0.0312071
-0.0321013
-0.0329943
-0.0338864
-0.0347775
-0.0356678
-0.0365573
-0.0374462
-0.0383346
-0.0392225
-0.0401101
-0.0409974
-0.0418847
-0.0427719
-0.0436593
-0.0445469
-0.0220294
-0.0228709
-0.023711
-0.0245497
-0.025387
-0.026223
-0.0270578
-0.0278915
-0.0287242
-0.0295558
-0.0303865
-0.0312164
-0.0320456
-0.032874
-0.0337019
-0.0345292
-0.0353562
-0.0361828
-0.0370091
-0.0378353
-0.038661
-0.039487
-0.0403132
-0.0411396
-0.0201222
-0.0209041
-0.0216848
-0.0224642
-0.0232425
-0.0240198
-0.024796
-0.0255713
-0.0263457
-0.0271193
-0.0278921
-0.0286642
-0.0294356
-0.0302065
-0.0309769
-0.0317469
-0.0325165
-0.0332858
-0.0340549
-0.0348239
-0.0355927
-0.0363617
-0.0371308
-0.0379001
-0.0182809
-0.0190075
-0.019733
-0.0204576
-0.0211812
-0.0219039
-0.0226257
-0.0233468
-0.0240671
-0.0247866
-0.0255056
-0.0262239
-0.0269417
-0.027659
-0.0283759
-0.0290925
-0.0298087
-0.0305247
-0.0312405
-0.0319563
-0.032672
-0.0333877
-0.0341036
-0.0348197
-0.0165036
-0.017179
-0.0178535
-0.0185271
-0.0192
-0.0198721
-0.0205434
-0.0212141
-0.0218841
-0.0225535
-0.0232224
-0.0238908
-0.0245587
-0.0252262
-0.0258933
-0.0265601
-0.0272267
-0.0278931
-0.0285593
-0.0292254
-0.0298915
-0.0305577
-0.0312239
-0.0318903
-0.0147889
-0.0154168
-0.0160439
-0.0166704
-0.0172961
-0.0179212
-0.0185457
-0.0191695
-0.0197929
-0.0204157
-0.021038
-0.0216599
-0.0222814
-0.0229025
-0.0235234
-0.0241439
-0.0247642
-0.0253844
-0.0260044
-0.0266244
-0.0272442
-0.0278644
-0.0284845
-0.0291046
-0.0131354
-0.0137193
-0.0143026
-0.0148852
-0.0154672
-0.0160487
-0.0166297
-0.0172101
-0.0177901
-0.0183696
-0.0189487
-0.0195274
-0.0201057
-0.0206838
-0.0212615
-0.021839
-0.0224163
-0.0229935
-0.0235705
-0.0241474
-0.0247243
-0.025301
-0.0258779
-0.0264549
-0.011542
-0.012085
-0.0126275
-0.0131695
-0.013711
-0.014252
-0.0147925
-0.0153326
-0.0158723
-0.0164116
-0.0169505
-0.017489
-0.0180273
-0.0185652
-0.0191029
-0.0196404
-0.0201777
-0.0207148
-0.0212518
-0.0217887
-0.0223255
-0.0228623
-0.0233991
-0.0239361
-0.0100073
-0.0105125
-0.0110173
-0.0115216
-0.0120254
-0.0125288
-0.0130318
-0.0135345
-0.0140367
-0.0145386
-0.0150402
-0.0155414
-0.0160424
-0.0165431
-0.0170435
-0.0175437
-0.0180438
-0.0185437
-0.0190434
-0.0195431
-0.0200427
-0.0205422
-0.0210417
-0.0215413
-0.00853038
-0.00900049
-0.00947019
-0.0099395
-0.0104084
-0.0108769
-0.0113451
-0.0118129
-0.0122804
-0.0127476
-0.0132144
-0.013681
-0.0141473
-0.0146134
-0.0150792
-0.0155448
-0.0160102
-0.0164755
-0.0169406
-0.0174056
-0.0178705
-0.0183353
-0.0188001
-0.0192649
-0.00711012
-0.00754767
-0.00798487
-0.0084217
-0.00885819
-0.00929434
-0.00973016
-0.0101657
-0.0106009
-0.0110358
-0.0114704
-0.0119047
-0.0123388
-0.0127727
-0.0132063
-0.0136397
-0.0140729
-0.014506
-0.0149389
-0.0153717
-0.0158044
-0.0162369
-0.0166695
-0.0171019
-0.0057455
-0.00615285
-0.00655987
-0.00696657
-0.00737296
-0.00777905
-0.00818483
-0.00859032
-0.00899552
-0.00940045
-0.00980511
-0.0102095
-0.0106137
-0.0110176
-0.0114213
-0.0118248
-0.0122281
-0.0126312
-0.0130342
-0.013437
-0.0138397
-0.0142422
-0.0146447
-0.0150471
-0.00443549
-0.0048148
-0.00519383
-0.00557256
-0.00595101
-0.00632918
-0.00670707
-0.00708468
-0.00746202
-0.0078391
-0.00821593
-0.00859251
-0.00896885
-0.00934495
-0.00972084
-0.0100965
-0.010472
-0.0108473
-0.0112224
-0.0115973
-0.0119721
-0.0123468
-0.0127214
-0.0130958
-0.00317906
-0.00353237
-0.00388541
-0.00423818
-0.00459069
-0.00494294
-0.00529492
-0.00564664
-0.00599811
-0.00634933
-0.0067003
-0.00705103
-0.00740152
-0.00775179
-0.00810183
-0.00845166
-0.00880129
-0.00915072
-0.00949996
-0.00984903
-0.0101979
-0.0105467
-0.0108953
-0.0112437
-0.00197517
-0.00230433
-0.00263324
-0.00296191
-0.00329032
-0.00361848
-0.0039464
-0.00427406
-0.00460148
-0.00492865
-0.00525559
-0.00558228
-0.00590873
-0.00623496
-0.00656097
-0.00688675
-0.00721233
-0.00753771
-0.0078629
-0.00818791
-0.00851274
-0.00883742
-0.00916208
-0.00948642
-0.000822809
-0.00112956
-0.00143608
-0.00174236
-0.00204841
-0.00235421
-0.00265978
-0.00296511
-0.00327019
-0.00357504
-0.00387964
-0.00418401
-0.00448814
-0.00479204
-0.00509571
-0.00539915
-0.00570236
-0.00600535
-0.00630813
-0.00661069
-0.00691304
-0.0072152
-0.00751702
-0.00781884
0.000279119
-6.81966e-06
-0.000292537
-0.000578029
-0.000863292
-0.00114832
-0.00143312
-0.00171768
-0.002002
-0.00228609
-0.00256993
-0.00285354
-0.00313691
-0.00342004
-0.00370294
-0.00398561
-0.00426805
-0.00455026
-0.00483226
-0.00511403
-0.0053956
-0.00567697
-0.00595813
-0.00623912
0.00133166
0.00106504
0.000798639
0.000532454
0.000266493
7.5682e-07
-0.000264751
-0.000530026
-0.000795068
-0.00105987
-0.00132444
-0.00158878
-0.00185287
-0.00211673
-0.00238035
-0.00264373
-0.00290688
-0.0031698
-0.00343248
-0.00369494
-0.00395718
-0.00421919
-0.00448099
-0.00474258
0.00233593
0.00208726
0.0018388
0.00159056
0.00134253
0.00109472
0.000847141
0.000599789
0.00035267
0.000105785
-0.000140863
-0.000387273
-0.000633442
-0.000879371
-0.00112506
-0.0013705
-0.00161571
-0.00186067
-0.0021054
-0.00234989
-0.00259414
-0.00283816
-0.00308195
-0.00332552
0.00329304
0.00306106
0.00282927
0.00259769
0.00236633
0.00213519
0.00190426
0.00167357
0.00144311
0.00121288
0.00098289
0.00075314
0.000523631
0.000294366
6.53456e-05
-0.000163429
-0.000391956
-0.000620237
-0.000848271
-0.00107606
-0.0013036
-0.0015309
-0.00175796
-0.00198477
0.00420416
0.00398767
0.00377138
0.00355529
0.00333942
0.00312376
0.00290833
0.00269312
0.00247814
0.0022634
0.00204889
0.00183463
0.00162061
0.00140684
0.00119331
0.000980036
0.000767012
0.000554241
0.000341724
0.00012946
-8.25501e-05
-0.000294307
-0.00050581
-0.000717061
0.00507044
0.00486835
0.00466646
0.00446477
0.0042633
0.00406204
0.003861
0.00366019
0.00345961
0.00325926
0.00305916
0.00285929
0.00265967
0.0024603
0.00226118
0.00206231
0.0018637
0.00166535
0.00146725
0.00126942
0.00107184
0.000874532
0.000677482
0.000480693
0.00589305
0.00570435
0.00551585
0.00532756
0.00513947
0.0049516
0.00476395
0.00457652
0.00438933
0.00420237
0.00401564
0.00382917
0.00364293
0.00345695
0.00327123
0.00308575
0.00290054
0.00271559
0.0025309
0.00234648
0.00216232
0.00197844
0.00179482
0.00161147
0.0066732
0.00649695
0.0063209
0.00614506
0.00596942
0.005794
0.00561879
0.00544381
0.00526906
0.00509455
0.00492028
0.00474625
0.00457246
0.00439893
0.00422566
0.00405264
0.00387988
0.00370739
0.00353517
0.00336321
0.00319153
0.00302011
0.00284898
0.00267811
0.00741208
0.00724742
0.00708295
0.00691868
0.00675462
0.00659077
0.00642714
0.00626374
0.00610057
0.00593763
0.00577493
0.00561248
0.00545027
0.00528832
0.00512662
0.00496518
0.004804
0.00464309
0.00448245
0.00432208
0.00416199
0.00400217
0.00384263
0.00368337
0.00811092
0.00795702
0.00780332
0.00764982
0.00749653
0.00734345
0.00719059
0.00703796
0.00688555
0.00673337
0.00658144
0.00642975
0.0062783
0.00612711
0.00597618
0.0058255
0.00567509
0.00552495
0.00537508
0.00522548
0.00507615
0.00492711
0.00477835
0.00462987
0.00877092
0.00862705
0.00848337
0.00833988
0.00819661
0.00805354
0.0079107
0.00776807
0.00762568
0.00748351
0.00734159
0.0071999
0.00705847
0.00691729
0.00677636
0.00663569
0.00649529
0.00635515
0.00621528
0.00607569
0.00593638
0.00579734
0.00565859
0.00552013
0.00939332
0.00925877
0.0091244
0.00899024
0.00885628
0.00872253
0.00858899
0.00845568
0.00832259
0.00818974
0.00805712
0.00792474
0.00779261
0.00766073
0.0075291
0.00739774
0.00726663
0.0071358
0.00700523
0.00687494
0.00674492
0.00661519
0.00648574
0.00635657
0.00997933
0.00985345
0.00972775
0.00960225
0.00947695
0.00935186
0.00922699
0.00910233
0.0089779
0.0088537
0.00872973
0.00860601
0.00848252
0.00835929
0.00823631
0.00811359
0.00799113
0.00786893
0.007747
0.00762535
0.00750397
0.00738288
0.00726206
0.00714153
0.0105302
0.0104123
0.0102947
0.0101773
0.01006
0.00994298
0.00982615
0.00970955
0.00959316
0.009477
0.00936108
0.00924539
0.00912995
0.00901475
0.0088998
0.00878511
0.00867068
0.00855651
0.0084426
0.00832897
0.00821562
0.00810254
0.00798974
0.00787723
0.011047
0.0109367
0.0108265
0.0107166
0.0106068
0.0104973
0.0103879
0.0102788
0.0101699
0.0100612
0.00995277
0.00984455
0.00973657
0.00962883
0.00952134
0.00941411
0.00930713
0.00920042
0.00909396
0.00898778
0.00888187
0.00877623
0.00867088
0.00856581
0.0115311
0.0114277
0.0113245
0.0112215
0.0111187
0.0110161
0.0109137
0.0108116
0.0107096
0.0106079
0.0105063
0.0104051
0.010304
0.0102032
0.0101026
0.0100023
0.00990227
0.00980247
0.00970293
0.00960366
0.00950465
0.00940592
0.00930747
0.00920929
0.0119835
0.0118866
0.0117899
0.0116934
0.011597
0.0115009
0.0114049
0.0113092
0.0112137
0.0111184
0.0110233
0.0109285
0.0108339
0.0107395
0.0106453
0.0105514
0.0104578
0.0103644
0.0102713
0.0101784
0.0100858
0.00999347
0.00990141
0.00980963
0.0124966
0.0124055
0.0123146
0.0122239
0.0121333
0.012043
0.0119528
0.0118629
0.0117731
0.0116836
0.0115942
0.0115051
0.0114163
0.0113276
0.0112392
0.011151
0.011063
0.0109754
0.0108879
0.0108007
0.0107138
0.0106271
0.0105407
0.0104546
0.0103687
0.0128836
0.0127981
0.0127127
0.0126276
0.0125426
0.0124578
0.0123732
0.0122888
0.0122046
0.0121206
0.0120368
0.0119532
0.0118698
0.0117867
0.0117038
0.0116211
0.0115387
0.0114565
0.0113745
0.0112928
0.0112114
0.0111302
0.0110493
0.0109686
0.0108882
0.0132428
0.0131624
0.0130822
0.0130022
0.0129223
0.0128427
0.0127632
0.0126839
0.0126048
0.0125259
0.0124473
0.0123688
0.0122906
0.0122125
0.0121347
0.0120571
0.0119798
0.0119027
0.0118258
0.0117492
0.0116728
0.0115967
0.0115208
0.0114452
0.0113699
0.0135751
0.0134995
0.013424
0.0133487
0.0132737
0.0131987
0.013124
0.0130495
0.0129751
0.0129009
0.012827
0.0127532
0.0126797
0.0126064
0.0125333
0.0124604
0.0123878
0.0123153
0.0122431
0.0121712
0.0120995
0.0120281
0.0119569
0.0118859
0.0118152
0.0138815
0.0138103
0.0137392
0.0136683
0.0135976
0.013527
0.0134567
0.0133865
0.0133165
0.0132467
0.0131771
0.0131077
0.0130385
0.0129695
0.0129007
0.0128322
0.0127639
0.0126958
0.0126279
0.0125603
0.0124929
0.0124257
0.0123588
0.0122922
0.0122258
0.0141629
0.0140957
0.0140287
0.0139618
0.0138951
0.0138286
0.0137623
0.0136961
0.0136301
0.0135643
0.0134987
0.0134333
0.0133681
0.0133031
0.0132383
0.0131737
0.0131093
0.0130452
0.0129813
0.0129176
0.0128542
0.0127909
0.012728
0.0126653
0.0126028
0.0144203
0.0143568
0.0142934
0.0142303
0.0141672
0.0141044
0.0140417
0.0139792
0.0139169
0.0138547
0.0137928
0.013731
0.0136695
0.0136081
0.013547
0.013486
0.0134253
0.0133648
0.0133045
0.0132444
0.0131846
0.013125
0.0130656
0.0130065
0.0129476
0.0146543
0.0145942
0.0145342
0.0144744
0.0144147
0.0143552
0.0142959
0.0142367
0.0141777
0.0141189
0.0140603
0.0140019
0.0139436
0.0138856
0.0138278
0.0137701
0.0137127
0.0136555
0.0135985
0.0135417
0.0134852
0.0134288
0.0133728
0.0133169
0.0132613
0.0148657
0.0148087
0.0147517
0.014695
0.0146383
0.0145819
0.0145256
0.0144694
0.0144135
0.0143577
0.0143021
0.0142467
0.0141915
0.0141364
0.0140816
0.014027
0.0139725
0.0139183
0.0138643
0.0138105
0.0137569
0.0137036
0.0136504
0.0135976
0.0135449
0.0150552
0.0150009
0.0149467
0.0148926
0.0148387
0.014785
0.0147314
0.014678
0.0146248
0.0145717
0.0145189
0.0144662
0.0144136
0.0143613
0.0143092
0.0142572
0.0142055
0.014154
0.0141026
0.0140515
0.0140006
0.0139499
0.0138995
0.0138492
0.0137992
0.0152232
0.0151713
0.0151196
0.015068
0.0150166
0.0149653
0.0149141
0.0148632
0.0148123
0.0147617
0.0147113
0.014661
0.0146109
0.014561
0.0145112
0.0144617
0.0144124
0.0143632
0.0143143
0.0142655
0.014217
0.0141687
0.0141206
0.0140728
0.0140251
0.0153702
0.0153204
0.0152708
0.0152214
0.0151721
0.0151229
0.015074
0.0150251
0.0149765
0.014928
0.0148796
0.0148315
0.0147835
0.0147357
0.0146881
0.0146407
0.0145935
0.0145464
0.0144996
0.014453
0.0144066
0.0143603
0.0143144
0.0142686
0.014223
0.0154965
0.0154486
0.0154009
0.0153533
0.0153059
0.0152586
0.0152114
0.0151645
0.0151176
0.015071
0.0150245
0.0149782
0.0149321
0.0148861
0.0148403
0.0147948
0.0147494
0.0147042
0.0146592
0.0146144
0.0145698
0.0145254
0.0144812
0.0144372
0.0143935
0.0156021
0.0155557
0.0155096
0.0154636
0.0154177
0.015372
0.0153264
0.015281
0.0152357
0.0151906
0.0151457
0.015101
0.0150564
0.015012
0.0149678
0.0149238
0.0148799
0.0148363
0.0147928
0.0147496
0.0147065
0.0146637
0.014621
0.0145786
0.0145364
0.0156873
0.0156423
0.0155974
0.0155526
0.0155081
0.0154636
0.0154193
0.0153752
0.0153312
0.0152874
0.0152438
0.0152003
0.015157
0.0151139
0.0150709
0.0150282
0.0149856
0.0149432
0.014901
0.014859
0.0148172
0.0147756
0.0147343
0.0146931
0.0146521
0.0157511
0.0157071
0.0156632
0.0156194
0.0155758
0.0155324
0.0154891
0.015446
0.015403
0.0153602
0.0153175
0.0152751
0.0152328
0.0151906
0.0151487
0.0151069
0.0150654
0.015024
0.0149828
0.0149418
0.014901
0.0148604
0.01482
0.0147798
0.0147398
0.0157947
0.0157513
0.0157081
0.015665
0.0156221
0.0155793
0.0155367
0.0154942
0.015452
0.0154098
0.0153679
0.0153261
0.0152845
0.015243
0.0152018
0.0151607
0.0151198
0.0150791
0.0150386
0.0149983
0.0149581
0.0149182
0.0148785
0.014839
0.0147996
0.0158145
0.0157715
0.0157286
0.015686
0.0156434
0.0156011
0.0155589
0.0155168
0.015475
0.0154332
0.0153917
0.0153504
0.0153092
0.0152682
0.0152274
0.0151868
0.0151463
0.0151061
0.015066
0.0150261
0.0149864
0.014947
0.0149077
0.0148686
0.0148298
0.0194836
0.0194327
0.0193819
0.0193312
0.0192806
0.0192302
0.0191798
0.0191296
0.0190795
0.0190295
0.0189796
0.0189298
0.0188802
0.0188308
0.0187814
0.0187322
0.0186831
0.0186342
0.0185855
0.0185368
0.0184883
0.01844
0.0183918
0.0183438
0.018296
0.0182483
0.0194713
0.01942
0.0193688
0.0193177
0.0192667
0.0192159
0.0191651
0.0191144
0.0190638
0.0190134
0.0189631
0.0189129
0.0188628
0.0188128
0.018763
0.0187133
0.0186638
0.0186144
0.0185651
0.018516
0.018467
0.0184181
0.0183695
0.018321
0.0182726
0.0182244
0.0194415
0.0193895
0.0193376
0.0192858
0.0192341
0.0191824
0.0191309
0.0190796
0.0190283
0.0189771
0.0189261
0.0188751
0.0188243
0.0187736
0.0187231
0.0186727
0.0186224
0.0185723
0.0185223
0.0184724
0.0184227
0.0183732
0.0183238
0.0182745
0.0182255
0.0181765
0.0193978
0.0193448
0.0192919
0.0192391
0.0191863
0.0191337
0.0190811
0.0190287
0.0189764
0.0189242
0.0188721
0.0188201
0.0187682
0.0187165
0.0186649
0.0186134
0.0185621
0.0185109
0.0184598
0.0184089
0.0183581
0.0183075
0.0182571
0.0182068
0.0181566
0.0181067
0.0193387
0.0192844
0.0192302
0.019176
0.0191219
0.0190679
0.0190141
0.0189603
0.0189066
0.0188531
0.0187997
0.0187463
0.0186931
0.0186401
0.0185871
0.0185343
0.0184816
0.0184291
0.0183767
0.0183245
0.0182724
0.0182204
0.0181686
0.018117
0.0180656
0.0180143
0.0192655
0.0192096
0.0191537
0.0190979
0.0190422
0.0189866
0.0189311
0.0188757
0.0188204
0.0187652
0.0187101
0.0186552
0.0186003
0.0185456
0.018491
0.0184366
0.0183823
0.0183281
0.0182741
0.0182202
0.0181665
0.0181129
0.0180595
0.0180063
0.0179532
0.0179003
0.0191774
0.0191195
0.0190617
0.019004
0.0189464
0.0188888
0.0188314
0.0187741
0.0187168
0.0186597
0.0186027
0.0185459
0.0184891
0.0184325
0.018376
0.0183196
0.0182634
0.0182073
0.0181514
0.0180956
0.01804
0.0179845
0.0179292
0.017874
0.0178191
0.0177642
0.0190746
0.0190145
0.0189545
0.0188946
0.0188347
0.018775
0.0187153
0.0186558
0.0185964
0.018537
0.0184778
0.0184187
0.0183598
0.018301
0.0182423
0.0181837
0.0181253
0.018067
0.0180088
0.0179509
0.017893
0.0178354
0.0177779
0.0177205
0.0176634
0.0176064
0.0189567
0.0188941
0.0188315
0.0187691
0.0187067
0.0186445
0.0185823
0.0185203
0.0184583
0.0183965
0.0183348
0.0182732
0.0182118
0.0181504
0.0180892
0.0180282
0.0179673
0.0179065
0.0178459
0.0177854
0.0177251
0.017665
0.017605
0.0175452
0.0174855
0.0174261
0.0188233
0.0187579
0.0186926
0.0186273
0.0185622
0.0184971
0.0184322
0.0183673
0.0183026
0.018238
0.0181735
0.0181091
0.0180449
0.0179807
0.0179168
0.0178529
0.0177892
0.0177257
0.0176623
0.017599
0.017536
0.017473
0.0174103
0.0173477
0.0172853
0.0172231
0.0186741
0.0186055
0.0185371
0.0184687
0.0184005
0.0183323
0.0182643
0.0181963
0.0181285
0.0180608
0.0179932
0.0179257
0.0178584
0.0177912
0.0177241
0.0176572
0.0175904
0.0175238
0.0174573
0.017391
0.0173249
0.0172589
0.0171931
0.0171275
0.0170621
0.0169968
0.0185084
0.0184364
0.0183646
0.0182928
0.0182211
0.0181496
0.0180781
0.0180068
0.0179356
0.0178644
0.0177935
0.0177226
0.0176519
0.0175813
0.0175108
0.0174405
0.0173704
0.0173004
0.0172305
0.0171609
0.0170914
0.017022
0.0169529
0.0168839
0.0168151
0.0167465
0.0183256
0.0182499
0.0181743
0.0180988
0.0180235
0.0179482
0.017873
0.017798
0.017723
0.0176482
0.0175735
0.0174989
0.0174245
0.0173502
0.0172761
0.0172021
0.0171283
0.0170546
0.016981
0.0169077
0.0168345
0.0167615
0.0166887
0.016616
0.0165436
0.0164713
0.0180453
0.0179657
0.0178862
0.0178068
0.0177275
0.0176482
0.0175692
0.0174902
0.0174113
0.0173326
0.017254
0.0171756
0.0170973
0.0170191
0.0169411
0.0168633
0.0167856
0.0167081
0.0166307
0.0165535
0.0164765
0.0163997
0.0163231
0.0162466
0.0161704
0.0178219
0.0177379
0.017654
0.0175703
0.0174866
0.017403
0.0173195
0.0172362
0.017153
0.0170699
0.016987
0.0169042
0.0168215
0.016739
0.0166567
0.0165745
0.0164925
0.0164106
0.0163289
0.0162474
0.0161661
0.016085
0.016004
0.0159233
0.0158427
0.0175789
0.0174902
0.0174016
0.0173131
0.0172247
0.0171364
0.0170483
0.0169602
0.0168723
0.0167845
0.0166969
0.0166094
0.0165221
0.0164349
0.0163479
0.016261
0.0161743
0.0160877
0.0160014
0.0159152
0.0158292
0.0157434
0.0156578
0.0155724
0.0154872
0.0173154
0.0172217
0.017128
0.0170344
0.0169409
0.0168476
0.0167544
0.0166613
0.0165683
0.0164755
0.0163828
0.0162902
0.0161978
0.0161056
0.0160135
0.0159216
0.0158299
0.0157383
0.0156469
0.0155557
0.0154647
0.0153739
0.0152833
0.0151928
0.0151026
0.0170306
0.0169314
0.0168322
0.0167332
0.0166343
0.0165355
0.0164369
0.0163383
0.0162399
0.0161417
0.0160435
0.0159456
0.0158478
0.0157501
0.0156526
0.0155553
0.0154582
0.0153612
0.0152644
0.0151678
0.0150714
0.0149752
0.0148791
0.0147833
0.0146877
0.0167234
0.0166183
0.0165134
0.0164085
0.0163038
0.0161992
0.0160947
0.0159903
0.0158861
0.015782
0.0156781
0.0155743
0.0154707
0.0153672
0.0152639
0.0151608
0.0150579
0.0149551
0.0148525
0.0147501
0.0146479
0.0145459
0.0144441
0.0143425
0.0142411
0.0163929
0.0162816
0.0161704
0.0160593
0.0159483
0.0158374
0.0157267
0.0156161
0.0155057
0.0153954
0.0152852
0.0151752
0.0150654
0.0149557
0.0148462
0.0147368
0.0146277
0.0145187
0.0144099
0.0143013
0.0141929
0.0140847
0.0139767
0.0138689
0.0137613
0.0160381
0.0159201
0.0158022
0.0156844
0.0155667
0.0154492
0.0153318
0.0152146
0.0150974
0.0149805
0.0148636
0.014747
0.0146305
0.0145142
0.014398
0.014282
0.0141662
0.0140506
0.0139352
0.0138199
0.0137049
0.01359
0.0134754
0.013361
0.0132468
0.0156578
0.0155327
0.0154076
0.0152827
0.0151579
0.0150333
0.0149087
0.0147844
0.0146601
0.014536
0.0144121
0.0142883
0.0141647
0.0140413
0.013918
0.0137949
0.013672
0.0135493
0.0134268
0.0133044
0.0131823
0.0130604
0.0129387
0.0128172
0.0126959
0.015251
0.0151182
0.0149856
0.014853
0.0147206
0.0145884
0.0144562
0.0143242
0.0141924
0.0140607
0.0139292
0.0137978
0.0136666
0.0135356
0.0134047
0.013274
0.0131435
0.0130132
0.0128831
0.0127532
0.0126235
0.012494
0.0123648
0.0122357
0.0121068
0.0148165
0.0146756
0.0145348
0.0143941
0.0142536
0.0141132
0.0139729
0.0138328
0.0136928
0.013553
0.0134134
0.0132739
0.0131346
0.0129955
0.0128565
0.0127177
0.0125792
0.0124408
0.0123026
0.0121646
0.0120268
0.0118892
0.0117519
0.0116147
0.0114778
0.014353
0.0142034
0.014054
0.0139046
0.0137554
0.0136063
0.0134574
0.0133086
0.01316
0.0130115
0.0128632
0.0127151
0.0125672
0.0124194
0.0122718
0.0121244
0.0119772
0.0118301
0.0116833
0.0115367
0.0113903
0.0112441
0.0110981
0.0109523
0.0108068
0.0138595
0.0137006
0.0135419
0.0133832
0.0132248
0.0130664
0.0129083
0.0127502
0.0125924
0.0124347
0.0122771
0.0121198
0.0119626
0.0118056
0.0116488
0.0114922
0.0113357
0.0111795
0.0110235
0.0108677
0.0107121
0.0105567
0.0104015
0.0102465
0.0100918
0.0133345
0.0131657
0.0129971
0.0128286
0.0126602
0.012492
0.012324
0.0121561
0.0119883
0.0118208
0.0116534
0.0114862
0.0113192
0.0111523
0.0109857
0.0108192
0.010653
0.0104869
0.0103211
0.0101554
0.00999002
0.00982481
0.00965982
0.00949504
0.00933048
0.0127768
0.0125974
0.0124182
0.0122392
0.0120603
0.0118815
0.0117029
0.0115245
0.0113462
0.0111681
0.0109902
0.0108125
0.010635
0.0104577
0.0102805
0.0101036
0.00992687
0.00975034
0.00957402
0.00939792
0.00922203
0.00904635
0.0088709
0.00869566
0.00852064
0.012185
0.0119943
0.0118038
0.0116135
0.0114233
0.0112333
0.0110435
0.0108538
0.0106643
0.010475
0.0102859
0.0100969
0.0099082
0.00971966
0.00953134
0.00934321
0.0091553
0.0089676
0.00878011
0.00859284
0.00840578
0.00821895
0.00803234
0.00784595
0.00765978
0.0115577
0.011355
0.0111524
0.01095
0.0107478
0.0105457
0.0103439
0.0101422
0.00994069
0.0097394
0.00953829
0.0093374
0.0091367
0.00893622
0.00873594
0.00853588
0.00833604
0.00813641
0.007937
0.00773782
0.00753886
0.00734012
0.00714161
0.00694332
0.00674526
0.0108934
0.0106778
0.0104623
0.0102471
0.010032
0.00981706
0.00960235
0.00938784
0.00917353
0.00895942
0.00874552
0.00853184
0.00831837
0.00810513
0.0078921
0.0076793
0.00746672
0.00725437
0.00704224
0.00683035
0.00661868
0.00640725
0.00619604
0.00598507
0.00577432
0.0101907
0.00996128
0.00973203
0.00950297
0.00927411
0.00904546
0.00881701
0.00858878
0.00836077
0.00813298
0.00790541
0.00767807
0.00745096
0.00722408
0.00699743
0.00677102
0.00654485
0.00631891
0.00609321
0.00586775
0.00564253
0.00541754
0.00519279
0.00496828
0.004744
0.00944805
0.00920381
0.00895979
0.00871598
0.00847238
0.00822902
0.00798588
0.00774298
0.00750031
0.00725789
0.0070157
0.00677376
0.00653207
0.00629062
0.00604943
0.00580848
0.00556779
0.00532734
0.00508715
0.0048472
0.0046075
0.00436805
0.00412885
0.00388989
0.00365117
0.00866381
0.00840372
0.00814386
0.00788425
0.00762488
0.00736576
0.00710689
0.00684829
0.00658994
0.00633185
0.00607403
0.00581648
0.00555919
0.00530217
0.00504541
0.00478893
0.00453271
0.00427677
0.00402108
0.00376566
0.00351051
0.00325561
0.00300098
0.0027466
0.00249247
0.00783638
0.00755928
0.00728245
0.00700589
0.00672961
0.00645361
0.0061779
0.00590247
0.00562733
0.00535248
0.00507793
0.00480366
0.00452969
0.00425601
0.00398262
0.00370952
0.00343672
0.0031642
0.00289197
0.00262002
0.00234835
0.00207697
0.00180587
0.00153502
0.00126442
0.00696405
0.00666869
0.00637365
0.00607891
0.0057845
0.00549039
0.00519661
0.00490315
0.00461001
0.0043172
0.00402471
0.00373253
0.00344068
0.00314915
0.00285793
0.00256703
0.00227643
0.00198614
0.00169614
0.00140643
0.001117
0.000827826
0.000539453
0.000251152
-3.70039e-05
0.00604511
0.00573015
0.00541554
0.00510129
0.00478741
0.00447389
0.00416074
0.00384795
0.00353554
0.00322349
0.00291181
0.00260049
0.00228954
0.00197895
0.00166872
0.00135886
0.00104935
0.000740191
0.000431387
0.000122932
-0.00018517
-0.000492914
-0.000800859
-0.00110828
-0.00141527
0.00507771
0.00474165
0.00440601
0.00407079
0.00373598
0.00340159
0.00306762
0.00273406
0.00240093
0.00206821
0.00173591
0.00140402
0.00107253
0.00074145
0.000410768
8.048e-05
-0.00024942
-0.000578937
-0.00090808
-0.00123685
-0.00156527
-0.00189334
-0.00222107
-0.00254846
-0.00287552
0.00370128
0.00334299
0.0029852
0.00262789
0.00227107
0.00191472
0.00155886
0.00120348
0.000848578
0.000494145
0.00014018
-0.000213322
-0.000566366
-0.00091896
-0.00127111
-0.00162282
-0.0019741
-0.00232496
-0.00267542
-0.00302546
-0.00337512
-0.0037244
-0.00407331
-0.00442186
0.00260695
0.00222428
0.00184219
0.00146066
0.00107969
0.00069928
0.000319429
-5.987e-05
-0.000438621
-0.00081683
-0.0011945
-0.00157165
-0.00194827
-0.00232437
-0.00269998
-0.00307508
-0.00344971
-0.00382385
-0.00419753
-0.00457076
-0.00494355
-0.00531591
-0.00568786
-0.00605942
0.00145655
0.0010476
0.000639305
0.000231675
-0.0001753
-0.000581623
-0.000987301
-0.00139234
-0.00179674
-0.00220052
-0.00260369
-0.00300624
-0.0034082
-0.00380956
-0.00421035
-0.00461058
-0.00501025
-0.00540937
-0.00580797
-0.00620606
-0.00660363
-0.00700073
-0.00739737
-0.00779355
0.000247901
-0.000189426
-0.000625972
-0.00106175
-0.00149675
-0.001931
-0.00236449
-0.00279724
-0.00322926
-0.00366055
-0.00409113
-0.004521
-0.00495018
-0.00537869
-0.00580653
-0.00623372
-0.00666028
-0.00708621
-0.00751155
-0.00793629
-0.00836044
-0.00878407
-0.0092072
-0.0096298
-0.00102132
-0.0014893
-0.00195636
-0.00242252
-0.00288779
-0.00335217
-0.00381567
-0.00427831
-0.00474009
-0.00520103
-0.00566114
-0.00612044
-0.00657894
-0.00703666
-0.00749361
-0.00794981
-0.00840527
-0.00886002
-0.00931407
-0.00976745
-0.0102199
-0.0106719
-0.0111234
-0.0115743
-0.00235339
-0.00285451
-0.00335456
-0.00385355
-0.00435148
-0.00484838
-0.00534426
-0.00583912
-0.00633299
-0.00682588
-0.00731781
-0.00780879
-0.00829885
-0.008788
-0.00927626
-0.00976365
-0.0102502
-0.0107359
-0.0112208
-0.011705
-0.0121886
-0.0126713
-0.0131532
-0.0136344
-0.00375084
-0.00428784
-0.00482358
-0.00535808
-0.00589135
-0.0064234
-0.00695426
-0.00748394
-0.00801246
-0.00853984
-0.0090661
-0.00959126
-0.0101153
-0.0106384
-0.0111604
-0.0116813
-0.0122013
-0.0127204
-0.0132385
-0.0137556
-0.014272
-0.0147875
-0.0153021
-0.0158159
-0.00521611
-0.00579198
-0.00636637
-0.00693931
-0.0075108
-0.00808087
-0.00864955
-0.00921685
-0.00978279
-0.0103474
-0.0109107
-0.0114727
-0.0120335
-0.012593
-0.0131514
-0.0137085
-0.0142646
-0.0148194
-0.0153733
-0.015926
-0.0164778
-0.0170285
-0.0175783
-0.0181272
-0.00675189
-0.00736991
-0.00798621
-0.0086008
-0.0092137
-0.00982494
-0.0104346
-0.0110426
-0.011649
-0.0122539
-0.0128572
-0.0134591
-0.0140595
-0.0146584
-0.015256
-0.0158522
-0.0164471
-0.0170407
-0.017633
-0.018224
-0.0188139
-0.0194026
-0.0199902
-0.0205767
-0.00836084
-0.00902462
-0.00968638
-0.0103461
-0.0110039
-0.0116598
-0.0123137
-0.0129658
-0.013616
-0.0142644
-0.014911
-0.0155559
-0.0161991
-0.0168405
-0.0174804
-0.0181186
-0.0187553
-0.0193904
-0.0200241
-0.0206563
-0.0212872
-0.021917
-0.0225454
-0.0231724
-0.0100458
-0.0107593
-0.0114705
-0.0121793
-0.0128858
-0.0135901
-0.0142921
-0.014992
-0.0156897
-0.0163853
-0.0170789
-0.0177704
-0.0184599
-0.0191475
-0.0198332
-0.020517
-0.021199
-0.0218792
-0.0225576
-0.0232331
-0.0239079
-0.0245818
-0.0252543
-0.0259251
-0.0118096
-0.0125772
-0.013342
-0.0141041
-0.0148635
-0.0156203
-0.0163745
-0.0171261
-0.0178753
-0.0186219
-0.0193662
-0.0201081
-0.0208477
-0.021585
-0.0223201
-0.023053
-0.0237839
-0.0245127
-0.0252395
-0.0259656
-0.0266888
-0.0274096
-0.0281284
-0.0288456
-0.0136555
-0.0144819
-0.0153052
-0.0161252
-0.0169422
-0.0177561
-0.0185669
-0.0193748
-0.0201798
-0.0209819
-0.0217813
-0.0225779
-0.0233718
-0.024163
-0.0249517
-0.0257379
-0.0265216
-0.0273028
-0.0280817
-0.0288584
-0.0296328
-0.0304049
-0.0311749
-0.0319429
-0.0155864
-0.016477
-0.0173638
-0.018247
-0.0191265
-0.0200024
-0.0208748
-0.0217438
-0.0226094
-0.0234716
-0.0243306
-0.0251864
-0.026039
-0.0268886
-0.0277352
-0.0285788
-0.0294195
-0.0302575
-0.0310926
-0.0319252
-0.0327553
-0.0335828
-0.0344078
-0.0352304
-0.0176058
-0.0185663
-0.0195225
-0.0204743
-0.021422
-0.0223655
-0.0233049
-0.0242403
-0.0251718
-0.0260993
-0.0270231
-0.0279431
-0.0288594
-0.029772
-0.0306811
-0.0315867
-0.0324888
-0.0333877
-0.0342833
-0.0351765
-0.036067
-0.0369546
-0.0378391
-0.0387207
-0.0197171
-0.020754
-0.0217858
-0.0228127
-0.0238346
-0.0248518
-0.0258642
-0.0268721
-0.0278753
-0.0288741
-0.0298685
-0.0308586
-0.0318445
-0.0328263
-0.0338039
-0.0347775
-0.035747
-0.0367124
-0.0376704
-0.0386283
-0.0395847
-0.0405375
-0.0414861
-0.0424311
-0.0219239
-0.0230442
-0.0241585
-0.0252672
-0.0263701
-0.0274675
-0.0285594
-0.0296459
-0.030727
-0.031803
-0.0328739
-0.0339397
-0.0350006
-0.0360566
-0.037108
-0.0381548
-0.0391973
-0.0402355
-0.041273
-0.042303
-0.0433264
-0.044346
-0.0453623
-0.0463751
-0.0242303
-0.0254417
-0.0266464
-0.0278444
-0.0290359
-0.0302209
-0.0313996
-0.0325721
-0.0337384
-0.0348987
-0.0360532
-0.0372019
-0.0383449
-0.0394824
-0.0406144
-0.0417411
-0.0428624
-0.0439783
-0.0450895
-0.0461952
-0.0472957
-0.0483915
-0.0494827
-0.0505694
-0.02664
-0.0279513
-0.0292547
-0.0305504
-0.0318385
-0.0331191
-0.0343924
-0.0356584
-0.0369174
-0.0381693
-0.0394143
-0.0406526
-0.0418842
-0.0431092
-0.0443278
-0.04554
-0.0467461
-0.0479455
-0.0491401
-0.0503295
-0.051513
-0.0526908
-0.0538629
-0.0550297
-0.0291577
-0.0305783
-0.0319899
-0.0333925
-0.0347863
-0.0361715
-0.0375482
-0.0389166
-0.0402768
-0.0416289
-0.042973
-0.0443094
-0.0456382
-0.0469595
-0.0482734
-0.04958
-0.0508795
-0.0521665
-0.0534503
-0.0547298
-0.0560028
-0.0572688
-0.0585282
-0.0597813
-0.031788
-0.0333285
-0.0348585
-0.0363781
-0.0378876
-0.0393871
-0.0408767
-0.0423566
-0.043827
-0.045288
-0.0467397
-0.0481824
-0.0496161
-0.051041
-0.0524573
-0.0538651
-0.0552643
-0.0566604
-0.0580456
-0.0594206
-0.0607876
-0.0621475
-0.0635003
-0.064846
-0.0345363
-0.0362084
-0.0378684
-0.0395165
-0.0411528
-0.0427775
-0.0443909
-0.0459931
-0.0475842
-0.0491645
-0.0507342
-0.0522933
-0.0538422
-0.0553808
-0.0569094
-0.0584281
-0.0599363
-0.0614369
-0.0629278
-0.0644089
-0.065881
-0.0673444
-0.0687992
-0.0702455
-0.0374081
-0.0392248
-0.0410276
-0.0428165
-0.0445919
-0.0463539
-0.0481027
-0.0498386
-0.0515618
-0.0532723
-0.0549705
-0.0566566
-0.0583306
-0.0599929
-0.0616436
-0.0632827
-0.0649074
-0.0665239
-0.0681308
-0.0697269
-0.0713123
-0.0728873
-0.0744522
-0.0760071
-0.0404096
-0.0423855
-0.0443452
-0.046289
-0.0482171
-0.0501297
-0.0520271
-0.0539094
-0.055777
-0.0576301
-0.0594689
-0.0612936
-0.0631045
-0.0649018
-0.0666858
-0.0684565
-0.0702116
-0.0719558
-0.0736878
-0.0754072
-0.0771143
-0.0788095
-0.0804929
-0.0821647
-0.0435479
-0.0456991
-0.0478316
-0.0499458
-0.0520418
-0.0541198
-0.0561802
-0.0582232
-0.0602489
-0.0622577
-0.0642498
-0.0662252
-0.0681843
-0.0701272
-0.0720538
-0.0739633
-0.0758647
-0.0777497
-0.0796182
-0.0814718
-0.0833113
-0.0851369
-0.0869487
-0.0887469
-0.0468305
-0.0491753
-0.0514985
-0.0538005
-0.0560815
-0.0583417
-0.0605815
-0.0628012
-0.065001
-0.0671812
-0.0693421
-0.0714839
-0.073607
-0.0757115
-0.0777975
-0.0798591
-0.0819089
-0.0839433
-0.0859602
-0.0879596
-0.0899423
-0.0919087
-0.093859
-0.0957935
-0.0502658
-0.0528245
-0.0553583
-0.0578675
-0.0603524
-0.0628132
-0.0652504
-0.0676641
-0.0700547
-0.0724225
-0.0747678
-0.0770908
-0.0793918
-0.0816711
-0.0839282
-0.0861645
-0.0883821
-0.090579
-0.0927553
-0.0949118
-0.097049
-0.0991671
-0.101266
-0.103347
-0.0538639
-0.0566595
-0.0594263
-0.0621647
-0.0648749
-0.0675572
-0.0702121
-0.0728398
-0.0754405
-0.0780147
-0.0805623
-0.0830835
-0.0855778
-0.0880448
-0.0904807
-0.0929061
-0.0953082
-0.097684
-0.100035
-0.102363
-0.104668
-0.106951
-0.109212
-0.111451
-0.0576343
-0.0606928
-0.0637179
-0.06671
-0.0696695
-0.0725968
-0.0754924
-0.0783567
-0.0811905
-0.0839945
-0.0867699
-0.0895183
-0.0922419
-0.0949423
-0.09755
-0.100161
-0.102758
-0.105326
-0.107865
-0.110377
-0.112862
-0.115322
-0.117755
-0.120163
-0.0615918
-0.0649424
-0.0682543
-0.0715277
-0.0747629
-0.07796
-0.0811191
-0.0842404
-0.0873236
-0.0903684
-0.0933741
-0.0963394
-0.099263
-0.102141
-0.105064
-0.107932
-0.110749
-0.113528
-0.116276
-0.118991
-0.121674
-0.124326
-0.126946
-0.129536
-0.0657451
-0.0694223
-0.0730548
-0.0766429
-0.080187
-0.0836873
-0.0871443
-0.0905585
-0.0939305
-0.0972608
-0.10055
-0.103799
-0.107005
-0.110122
-0.113241
-0.116338
-0.119391
-0.1224
-0.125368
-0.128299
-0.131192
-0.134048
-0.136867
-0.139651
-0.0701213
-0.0741631
-0.0781529
-0.082091
-0.0859774
-0.0898124
-0.0935962
-0.0973287
-0.10101
-0.10464
-0.108218
-0.111745
-0.115213
-0.118698
-0.12211
-0.125449
-0.12874
-0.13199
-0.135197
-0.13836
-0.141479
-0.144555
-0.147587
-0.150577
-0.0747083
-0.0791608
-0.0835533
-0.0878861
-0.0921592
-0.0963729
-0.100527
-0.104623
-0.108661
-0.112642
-0.116566
-0.120432
-0.124205
-0.127954
-0.13165
-0.135282
-0.138858
-0.142381
-0.14585
-0.149266
-0.15263
-0.155941
-0.159202
-0.162412
-0.0795837
-0.0844951
-0.0893371
-0.0941095
-0.0988121
-0.103445
-0.108008
-0.112501
-0.116923
-0.121274
-0.125551
-0.129715
-0.133895
-0.138001
-0.142022
-0.145971
-0.149854
-0.153673
-0.157428
-0.161119
-0.164747
-0.168312
-0.171816
-0.17526
-0.0846407
-0.0900782
-0.0954351
-0.100711
-0.105905
-0.111016
-0.116045
-0.12099
-0.12585
-0.130623
-0.135289
-0.13993
-0.144497
-0.148963
-0.15334
-0.157637
-0.161857
-0.165999
-0.170064
-0.174051
-0.177963
-0.181801
-0.185564
-0.189256
-0.0901407
-0.0961603
-0.102088
-0.107923
-0.113665
-0.119313
-0.124866
-0.130323
-0.13568
-0.140913
-0.146044
-0.151128
-0.156109
-0.160982
-0.165756
-0.170437
-0.175025
-0.179519
-0.18392
-0.188229
-0.192447
-0.196576
-0.200615
-0.204567
-0.0956501
-0.102363
-0.108968
-0.115463
-0.121847
-0.128119
-0.134279
-0.140325
-0.146246
-0.152044
-0.157794
-0.163395
-0.168852
-0.174188
-0.17941
-0.184519
-0.189512
-0.194392
-0.199158
-0.203811
-0.208354
-0.212788
-0.217113
-0.221332
0.0182007
0.0181534
0.0181062
0.0180592
0.0180123
0.0179656
0.0179191
0.0178728
0.0181764
0.0181285
0.0180808
0.0180333
0.0179859
0.0179387
0.0178918
0.0178449
0.0181278
0.0180792
0.0180308
0.0179826
0.0179345
0.0178866
0.017839
0.0177914
0.0180569
0.0180072
0.0179578
0.0179085
0.0178594
0.0178105
0.0177617
0.0177132
0.0179631
0.0179122
0.0178614
0.0178108
0.0177604
0.0177102
0.0176601
0.0176103
0.0178475
0.017795
0.0177426
0.0176904
0.0176384
0.0175866
0.0175349
0.0174835
0.0177096
0.0176552
0.0176009
0.0175468
0.0174929
0.0174392
0.0173857
0.0173324
0.0175496
0.0174929
0.0174365
0.0173802
0.0173242
0.0172683
0.0172126
0.0171572
0.0173668
0.0173077
0.0172488
0.0171901
0.0171316
0.0170733
0.0170152
0.0169573
0.0171611
0.0170993
0.0170376
0.0169762
0.0169149
0.0168539
0.016793
0.0167324
0.0169317
0.0168668
0.0168022
0.0167377
0.0166734
0.0166093
0.0165455
0.0164818
0.016678
0.0166098
0.0165418
0.016474
0.0164064
0.016339
0.0162718
0.0162048
0.0163992
0.0163273
0.0162557
0.0161842
0.0161129
0.0160419
0.0159711
0.0159005
0.0160943
0.0160185
0.0159428
0.0158674
0.0157922
0.0157172
0.0156424
0.0155679
0.0157623
0.0156822
0.0156022
0.0155225
0.015443
0.0153637
0.0152847
0.0152058
0.0154022
0.0153174
0.0152328
0.0151484
0.0150643
0.0149803
0.0148966
0.0148132
0.0150126
0.0149228
0.0148332
0.0147438
0.0146547
0.0145657
0.0144771
0.0143886
0.0145923
0.0144971
0.0144021
0.0143074
0.0142129
0.0141186
0.0140245
0.0139307
0.0141399
0.0140389
0.0139382
0.0138377
0.0137374
0.0136373
0.0135375
0.0134379
0.0136539
0.0135468
0.0134398
0.0133331
0.0132267
0.0131204
0.0130144
0.0129087
0.0131328
0.013019
0.0129055
0.0127921
0.012679
0.0125662
0.0124536
0.0123412
0.0125748
0.0124539
0.0123333
0.0122129
0.0120927
0.0119728
0.0118531
0.0117336
0.0119782
0.0118498
0.0117216
0.0115936
0.0114659
0.0113384
0.0112111
0.0110841
0.0113411
0.0112046
0.0110683
0.0109323
0.0107965
0.0106609
0.0105255
0.0103904
0.0106614
0.0105163
0.0103714
0.0102268
0.0100824
0.00993816
0.0097942
0.00965047
0.00993722
0.00978291
0.00962883
0.00947498
0.00932135
0.00916796
0.00901479
0.00886186
0.00916614
0.00900203
0.00883814
0.00867448
0.00851105
0.00834784
0.00818487
0.00802212
0.00834585
0.00817128
0.00799694
0.00782282
0.00764892
0.00747526
0.00730182
0.0071286
0.00747383
0.00728811
0.00710262
0.00691735
0.0067323
0.00654748
0.00636288
0.00617851
0.00654742
0.00634981
0.00615243
0.00595527
0.00575833
0.00556162
0.00536512
0.00516885
0.0055638
0.00535351
0.00514345
0.00493361
0.00472399
0.00451459
0.00430541
0.00409645
0.00451995
0.00429613
0.00407255
0.00384918
0.00362604
0.00340312
0.00318042
0.00295793
0.00341269
0.00317444
0.00293643
0.00269864
0.00246108
0.00222374
0.00198661
0.00174969
0.00223858
0.00198494
0.00173153
0.00147836
0.00122541
0.000972685
0.000720175
0.000467874
0.000994081
0.000723995
0.000454156
0.000184557
-8.48104e-05
-0.000353952
-0.000622876
-0.00089159
-0.000324901
-0.000612523
-0.000899885
-0.001187
-0.00147388
-0.00176053
-0.00204696
-0.00233318
-0.00172195
-0.00202836
-0.0023345
-0.00264037
-0.00294599
-0.00325136
-0.0035565
-0.00386142
-0.00320226
-0.00352869
-0.00385484
-0.0041807
-0.0045063
-0.00483163
-0.00515673
-0.00548159
-0.00477007
-0.00511794
-0.00546549
-0.00581274
-0.00615969
-0.00650637
-0.00685278
-0.00719895
-0.00643059
-0.00680138
-0.00717183
-0.00754193
-0.00791172
-0.0082812
-0.0086504
-0.00818931
-0.00858464
-0.00897958
-0.00937414
-0.00976834
-0.0101622
-0.0105558
-0.0100519
-0.0104735
-0.0108947
-0.0113154
-0.0117358
-0.0121557
-0.0125753
-0.0120247
-0.0124745
-0.0129238
-0.0133726
-0.0138209
-0.0142688
-0.0147162
-0.014115
-0.0145949
-0.0150743
-0.0155531
-0.0160313
-0.016509
-0.0169863
-0.016329
-0.0168414
-0.0173531
-0.017864
-0.0183744
-0.0188842
-0.0193934
-0.0186752
-0.0192224
-0.0197687
-0.0203142
-0.020859
-0.0214031
-0.0219465
-0.0211622
-0.0217467
-0.0223302
-0.0229128
-0.0234945
-0.0240754
-0.0246554
-0.0237983
-0.0244229
-0.0250464
-0.0256688
-0.0262902
-0.0269106
-0.02753
-0.0265943
-0.0272622
-0.0279287
-0.0285939
-0.0292578
-0.0299206
-0.0305822
-0.0295613
-0.0302754
-0.0309879
-0.0316989
-0.0324084
-0.0331166
-0.0338234
-0.032709
-0.0334731
-0.0342353
-0.0349958
-0.0357545
-0.0365115
-0.037267
-0.0360506
-0.0368686
-0.0376843
-0.0384979
-0.0393095
-0.0401191
-0.0409267
-0.0395995
-0.0404756
-0.0413491
-0.04222
-0.0430884
-0.0439545
-0.0448182
-0.0433728
-0.0443112
-0.0452466
-0.0461789
-0.0471083
-0.0480349
-0.0489588
-0.0473842
-0.0483896
-0.0493915
-0.05039
-0.051385
-0.0523768
-0.0533653
-0.0516516
-0.0527296
-0.0538034
-0.054873
-0.0559387
-0.0570005
-0.0580584
-0.0561913
-0.0573479
-0.0584994
-0.059646
-0.0607879
-0.0619252
-0.0630579
-0.0610283
-0.0622693
-0.0635044
-0.0647337
-0.0659575
-0.0671758
-0.0683887
-0.0661846
-0.0675162
-0.0688411
-0.0701593
-0.0714709
-0.0727762
-0.0740751
-0.0716835
-0.0731133
-0.0745351
-0.0759491
-0.0773553
-0.0787541
-0.0801454
-0.0775524
-0.079088
-0.0806142
-0.0821313
-0.0836392
-0.0851384
-0.0866288
-0.0838252
-0.0854745
-0.0871128
-0.0887403
-0.0903572
-0.0919637
-0.09356
-0.0905319
-0.0923037
-0.0940626
-0.0958089
-0.0975427
-0.0992643
-0.100974
-0.0977123
-0.0996158
-0.101504
-0.103378
-0.105237
-0.107081
-0.108912
-0.10541
-0.107454
-0.109481
-0.11149
-0.113483
-0.115458
-0.117417
-0.113668
-0.115864
-0.118039
-0.120194
-0.122328
-0.124443
-0.126539
-0.122545
-0.124902
-0.127236
-0.129545
-0.13183
-0.134092
-0.136331
-0.132097
-0.134627
-0.137129
-0.139602
-0.142047
-0.144464
-0.146855
-0.142399
-0.145112
-0.147791
-0.150437
-0.153049
-0.15563
-0.158178
-0.153526
-0.156433
-0.1593
-0.162127
-0.164915
-0.167664
-0.170376
-0.165572
-0.168684
-0.171747
-0.174763
-0.177733
-0.180658
-0.183538
-0.178645
-0.181971
-0.18524
-0.188452
-0.191609
-0.194713
-0.197763
-0.192876
-0.196426
-0.199907
-0.20332
-0.206668
-0.20995
-0.21317
-0.208433
-0.212215
-0.215913
-0.219531
-0.223068
-0.226527
-0.22991
-0.225445
-0.229456
-0.233366
-0.237177
-0.240892
-0.244512
-0.248041
)
;

boundaryField
{
    inlet
    {
        type            zeroGradient;
    }
    outlet
    {
        type            fixedValue;
        value           nonuniform 0();
    }
    cylinder
    {
        type            zeroGradient;
    }
    top
    {
        type            symmetryPlane;
    }
    bottom
    {
        type            symmetryPlane;
    }
    frontAndBack
    {
        type            empty;
    }
    procBoundary2to1
    {
        type            processor;
        value           nonuniform List<scalar> 
257
(
-0.109201
-0.124218
-0.109201
-0.112832
-0.124218
-0.127969
-0.127969
-0.132085
-0.132085
-0.136532
-0.156684
-0.136532
-0.141345
-0.156684
-0.162907
-0.162907
-0.169675
-0.169675
-0.177037
-0.177037
-0.185038
-0.185038
-0.193713
-0.193713
-0.203066
-0.203066
-0.18923
-0.198474
-0.198474
-0.208186
-0.208186
-0.218089
-0.218089
-0.227702
-0.227702
-0.236276
-0.236276
-0.218348
-0.224117
-0.224117
-0.226542
-0.226542
-0.206938
-0.203988
-0.203988
-0.195092
-0.195092
-0.174085
-0.158147
-0.158147
-0.136444
-0.113553
-0.062867
-0.0856196
-0.10687
-0.10687
-0.123134
-0.143757
-0.143757
-0.153594
-0.153594
-0.15803
-0.177347
-0.177347
-0.17687
-0.17687
-0.173336
-0.173336
-0.167911
-0.184925
-0.184925
-0.177784
-0.177784
-0.170322
-0.170322
-0.162972
-0.162972
-0.155981
-0.155981
-0.149469
-0.162612
-0.162612
-0.155963
-0.155963
-0.149857
-0.149857
-0.144263
-0.144263
-0.139139
-0.139139
-0.124243
-0.120416
-0.120416
-0.116896
-0.116896
-0.113637
-0.113637
-0.110605
-0.110605
-0.107835
-0.107835
-0.0972738
-0.0944902
-0.0944902
-0.102982
-0.0972264
-0.0917374
-0.0866593
-0.0818532
-0.0773586
-0.0731184
-0.0691248
-0.0653481
-0.061771
-0.0583729
-0.0551379
-0.0520507
-0.0490985
-0.0462698
-0.0435544
-0.0409435
-0.0384296
-0.0360059
-0.0336668
-0.0314077
-0.0292243
-0.0271132
-0.0250714
-0.0230965
-0.0211863
-0.0193391
-0.0175532
-0.0158273
-0.0141602
-0.0125509
-0.0109983
-0.00950161
-0.00805985
-0.00667221
-0.00533783
-0.00405588
-0.00282549
-0.00164576
-0.00051583
0.000565274
0.00159848
0.00258479
0.00352523
0.00442085
0.00527271
0.00608194
0.00684963
0.00757693
0.008265
0.00891499
0.00952807
0.0101054
0.0106482
0.0111575
0.0116346
0.0120806
0.0120806
0.0125878
0.0129693
0.0133233
0.0136508
0.0139529
0.0142303
0.0144839
0.0147146
0.014923
0.0151097
0.0152753
0.0154201
0.0155445
0.0156485
0.0157325
0.0157953
0.0158382
0.0158576
0.0195346
0.0195227
0.0194935
0.0194509
0.0193932
0.0193216
0.0192353
0.0191348
0.0190194
0.0188888
0.0187427
0.0185804
0.0184013
0.018125
0.018125
0.017906
0.0176677
0.0174093
0.0171299
0.0168286
0.0165043
0.0161562
0.015783
0.0153839
0.0149575
0.0145027
0.0140185
0.0135034
0.0129563
0.0123758
0.0117605
0.0111092
0.0104203
0.00969249
0.00892413
0.00811374
0.00725971
0.00636043
0.00541418
0.00406004
0.00406004
0.00299018
0.00186617
0.000686011
-0.000552413
-0.00185118
-0.00321256
-0.00463875
-0.00613211
-0.007695
-0.0093299
-0.0110393
-0.0128258
-0.014692
-0.0166408
-0.0186751
-0.0207977
-0.0230119
-0.0253208
-0.0277279
-0.0302369
-0.032852
-0.0355772
-0.0384174
-0.0413777
-0.0444639
-0.0476819
-0.0510391
-0.0545422
-0.0582021
-0.062023
-0.0660275
-0.0701959
-0.074603
-0.0791233
-0.0840303
-0.0888301
)
;
    }
    procBoundary2to3
    {
        type            processor;
        value           nonuniform List<scalar> 
217
(
-0.544045
-0.537264
-0.537625
-0.537625
-0.532068
-0.531477
-0.531477
-0.525106
-0.518213
-0.514873
-0.514873
-0.505917
-0.495901
-0.487171
-0.487171
-0.474333
-0.460581
-0.446355
-0.446355
-0.430866
-0.415213
-0.399608
-0.382432
-0.382432
-0.367086
-0.35221
-0.337846
-0.321164
-0.321164
-0.307705
-0.294778
-0.282524
-0.326207
-0.311758
-0.297804
-0.28434
-0.27151
-0.25148
-0.39104
-0.375068
-0.359411
-0.326207
-0.344146
-0.440469
-0.424889
-0.39104
-0.409084
-0.494596
-0.482704
-0.469751
-0.440469
-0.455883
-0.520406
-0.512282
-0.494596
-0.503158
-0.530493
-0.520406
-0.524193
-0.542635
-0.537648
-0.530493
-0.532394
-0.542635
-0.544672
-0.266572
-0.249089
-0.23287
-0.21789
-0.204006
-0.1911
-0.179075
-0.167848
-0.157346
-0.147509
-0.138277
-0.129604
-0.121443
-0.113758
-0.106511
-0.0996731
-0.0932139
-0.0871085
-0.0813337
-0.075868
-0.0706926
-0.0657897
-0.0611439
-0.0567397
-0.0525638
-0.0486038
-0.0448479
-0.0412853
-0.0379062
-0.0347011
-0.031661
-0.0287781
-0.0260446
-0.023453
-0.0209968
-0.0186693
-0.0164645
-0.0143766
-0.0124
-0.0105297
-0.00876065
-0.00708834
-0.00550811
-0.00401579
-0.00260729
-0.00127877
-2.65551e-05
0.00115288
0.00226287
0.00330661
0.00428716
0.0052074
0.00607013
0.00687796
0.00763342
0.00833889
0.00899662
0.00960877
0.0101774
0.0107043
0.0111913
0.0116402
0.0120523
0.0124292
0.0124292
0.012719
0.0130318
0.0133125
0.0135618
0.0137802
0.0139685
0.0141264
0.0142545
0.0143519
0.0144183
0.0144528
0.0178267
0.0177983
0.0177441
0.0176648
0.0175606
0.0174322
0.0172793
0.0171019
0.0168996
0.016672
0.0164184
0.0161381
0.0158301
0.0154935
0.0151272
0.0147299
0.0143004
0.0138371
0.0133386
0.0128031
0.012229
0.0116144
0.0109573
0.0102556
0.00950698
0.00870916
0.0078596
0.00695561
0.00599435
0.00497279
0.0038877
0.00273565
0.00151298
0.000215776
-0.0011601
-0.00261919
-0.00416613
-0.00580624
-0.0075449
-0.00901933
-0.00901933
-0.010949
-0.0129946
-0.0151633
-0.0174631
-0.0199021
-0.0224893
-0.0252348
-0.0281486
-0.0312427
-0.034529
-0.0380208
-0.0417325
-0.0456798
-0.04988
-0.0543507
-0.0591127
-0.0641863
-0.0695964
-0.075368
-0.0815295
-0.0881107
-0.0951463
-0.102672
-0.110728
-0.11936
-0.128615
-0.138548
-0.149219
-0.160695
-0.173051
-0.186374
-0.200761
-0.216327
-0.233219
-0.25148
)
;
    }
}


// ************************************************************************* //
