/*--------------------------------*- C++ -*----------------------------------*\
  =========                 |
  \\      /  F ield         | OpenFOAM: The Open Source CFD Toolbox
   \\    /   O peration     | Website:  https://openfoam.org
    \\  /    A nd           | Version:  7
     \\/     M anipulation  |
\*---------------------------------------------------------------------------*/
FoamFile
{
    version     2.0;
    format      ascii;
    class       volScalarField;
    location    "200";
    object      p;
}
// * * * * * * * * * * * * * * * * * * * * * * * * * * * * * * * * * * * * * //

dimensions      [0 2 -2 0 0 0 0];

internalField   nonuniform List<scalar> 
4575
(
-0.143107
-0.119805
-0.0983149
-0.0831898
-0.0746438
-0.071574
-0.0748583
-0.0852152
-0.0989289
-0.108238
-0.106875
-0.0955755
-0.0808854
-0.068311
-0.0597855
-0.0552304
-0.0555676
-0.0601189
-0.0650269
-0.0657383
-0.061419
-0.0545107
-0.0484866
-0.0439603
-0.140278
-0.117771
-0.0970208
-0.0825662
-0.0746053
-0.072078
-0.0759497
-0.0869319
-0.101194
-0.110819
-0.109428
-0.0977668
-0.0824979
-0.0692867
-0.0601732
-0.0550627
-0.0548301
-0.058823
-0.0632977
-0.0638296
-0.0596428
-0.0531068
-0.0475459
-0.0435156
-0.13741
-0.115697
-0.0956847
-0.0819006
-0.0745261
-0.0725437
-0.077003
-0.0886095
-0.103423
-0.113369
-0.111961
-0.0999449
-0.0840971
-0.0702457
-0.0605435
-0.0548817
-0.0540865
-0.0575301
-0.0615798
-0.0619358
-0.0578781
-0.051705
-0.0465989
-0.0430618
-0.134505
-0.113582
-0.0943065
-0.0811918
-0.0744043
-0.0729681
-0.0780146
-0.0902436
-0.105609
-0.115886
-0.114473
-0.102108
-0.0856822
-0.0711885
-0.0608974
-0.0546887
-0.0533388
-0.0562424
-0.0598755
-0.060059
-0.0561263
-0.050306
-0.0456455
-0.0425986
-0.131566
-0.111429
-0.0928862
-0.0804388
-0.0742379
-0.0733486
-0.0789807
-0.0918298
-0.107749
-0.118365
-0.116958
-0.104254
-0.0872528
-0.0721154
-0.061236
-0.0544854
-0.0525889
-0.0549622
-0.0581872
-0.058201
-0.0543884
-0.0489102
-0.044686
-0.0421255
-0.128596
-0.109238
-0.091424
-0.0796406
-0.0740253
-0.0736826
-0.0798978
-0.0933638
-0.109838
-0.120803
-0.119416
-0.106382
-0.0888084
-0.073027
-0.0615604
-0.0542732
-0.0518387
-0.0536917
-0.056517
-0.0563637
-0.0526657
-0.0475184
-0.0437204
-0.0416423
-0.125598
-0.107012
-0.08992
-0.0787963
-0.0737648
-0.0739676
-0.0807623
-0.0948413
-0.111872
-0.123194
-0.121841
-0.10849
-0.0903486
-0.0739238
-0.0618715
-0.0540534
-0.05109
-0.052433
-0.0548671
-0.0545488
-0.0509593
-0.0461312
-0.0427489
-0.0411485
-0.122574
-0.104752
-0.088375
-0.0779056
-0.0734549
-0.0742011
-0.0815708
-0.0962583
-0.113846
-0.125535
-0.124232
-0.110575
-0.0918729
-0.0748064
-0.0621704
-0.0538276
-0.0503444
-0.0511879
-0.0532394
-0.0527579
-0.0492705
-0.0447493
-0.0417718
-0.0406439
-0.119528
-0.10246
-0.0867894
-0.0769677
-0.0730942
-0.0743809
-0.0823201
-0.0976107
-0.115757
-0.127823
-0.126585
-0.112636
-0.0933808
-0.0756753
-0.0624583
-0.0535969
-0.0496037
-0.0499584
-0.0516358
-0.0509927
-0.0476003
-0.0433732
-0.0407891
-0.0401281
-0.116463
-0.100137
-0.0851641
-0.0759826
-0.0726817
-0.0745049
-0.083007
-0.0988949
-0.117599
-0.130054
-0.128898
-0.114672
-0.0948721
-0.0765312
-0.0627361
-0.0533628
-0.0488692
-0.048746
-0.0500579
-0.0492547
-0.0459498
-0.0420039
-0.0398012
-0.0396008
-0.0977865
-0.0835002
-0.0749501
-0.0722163
-0.0745711
-0.0836288
-0.100107
-0.11937
-0.132223
-0.131167
-0.11668
-0.0963462
-0.0773747
-0.0630049
-0.0531266
-0.0481425
-0.0475524
-0.0485075
-0.0475453
-0.0443201
-0.0406419
-0.0388084
-0.0390618
-0.0954101
-0.0817988
-0.0738703
-0.0716972
-0.0745777
-0.0841825
-0.101244
-0.121065
-0.134328
-0.133389
-0.11866
-0.0978029
-0.0782063
-0.0632659
-0.0528893
-0.0474249
-0.0463789
-0.0469859
-0.0458659
-0.0427123
-0.039288
-0.037811
-0.0385108
-0.0930101
-0.0800612
-0.0727435
-0.0711236
-0.074523
-0.0846656
-0.102302
-0.122682
-0.136365
-0.135563
-0.120609
-0.0992417
-0.0790267
-0.06352
-0.0526523
-0.0467175
-0.0452269
-0.0454945
-0.0442178
-0.0411274
-0.0379429
-0.0368092
-0.0379474
-0.0905889
-0.078289
-0.0715703
-0.0704953
-0.0744058
-0.0850758
-0.103279
-0.124217
-0.138332
-0.137685
-0.122525
-0.100662
-0.0798366
-0.0637683
-0.0524165
-0.0460215
-0.0440976
-0.0440345
-0.0426022
-0.0395664
-0.0366075
-0.0358035
-0.0373716
-0.0881493
-0.076484
-0.0703512
-0.0698118
-0.0742246
-0.085411
-0.104171
-0.125666
-0.140224
-0.139752
-0.124408
-0.102064
-0.0806365
-0.0640118
-0.0521832
-0.045338
-0.0429919
-0.0426071
-0.0410202
-0.0380304
-0.0352825
-0.0347942
-0.0367831
-0.0856937
-0.074648
-0.0690872
-0.0690731
-0.0739785
-0.0856692
-0.104977
-0.127027
-0.142039
-0.141763
-0.126256
-0.103447
-0.081427
-0.0642515
-0.0519533
-0.044668
-0.0419108
-0.0412131
-0.0394729
-0.0365202
-0.0339688
-0.0337818
-0.0361818
-0.083225
-0.072783
-0.0677794
-0.0682793
-0.0736667
-0.0858487
-0.105693
-0.128298
-0.143775
-0.143714
-0.128066
-0.10481
-0.0822088
-0.0644885
-0.0517279
-0.0440122
-0.0408551
-0.0398533
-0.0379611
-0.0350369
-0.032667
-0.0327667
-0.0355674
-0.0807459
-0.0708912
-0.066429
-0.0674307
-0.0732885
-0.0859481
-0.106318
-0.129476
-0.145429
-0.145604
-0.129839
-0.106153
-0.0829822
-0.0647236
-0.0515078
-0.0433716
-0.0398254
-0.0385285
-0.0364858
-0.0335813
-0.0313781
-0.0317493
-0.03494
-0.0782595
-0.0689751
-0.0650375
-0.066528
-0.0728437
-0.0859661
-0.106849
-0.130558
-0.146998
-0.14743
-0.131571
-0.107476
-0.0837479
-0.0649579
-0.0512941
-0.0427467
-0.0388223
-0.0372393
-0.0350477
-0.0321543
-0.0301029
-0.0307303
-0.0342995
-0.0757686
-0.0670371
-0.0636067
-0.0655718
-0.0723319
-0.0859019
-0.107286
-0.131543
-0.148481
-0.14919
-0.133261
-0.108778
-0.0845063
-0.0651922
-0.0510874
-0.0421383
-0.0378462
-0.0359859
-0.0336474
-0.0307567
-0.0288422
-0.02971
-0.0336457
-0.0732764
-0.0650798
-0.0621383
-0.0645631
-0.0717534
-0.0857546
-0.107627
-0.13243
-0.149875
-0.150883
-0.134909
-0.110058
-0.0852579
-0.0654274
-0.0508887
-0.0415468
-0.0368975
-0.0347688
-0.0322855
-0.0293894
-0.0275968
-0.0286892
-0.0329788
-0.0707859
-0.063106
-0.0606344
-0.063503
-0.0711085
-0.0855238
-0.10787
-0.133216
-0.15118
-0.152506
-0.136513
-0.111317
-0.0860029
-0.0656644
-0.0506986
-0.0409728
-0.0359763
-0.0335881
-0.0309625
-0.0280531
-0.0263676
-0.0276683
-0.0322988
-0.0683003
-0.0611186
-0.0590972
-0.0623929
-0.0703976
-0.0852094
-0.108015
-0.133901
-0.152392
-0.154059
-0.13807
-0.112553
-0.0867418
-0.0659039
-0.0505181
-0.0404167
-0.0350827
-0.0324439
-0.0296788
-0.0267473
-0.0251554
-0.026648
-0.0316057
-0.0658227
-0.0591206
-0.0575291
-0.0612343
-0.0696215
-0.0848112
-0.108062
-0.134483
-0.153511
-0.155558
-0.13958
-0.113766
-0.0874749
-0.0661468
-0.0503476
-0.0398789
-0.0342168
-0.0313362
-0.0284346
-0.0254739
-0.0239611
-0.0256289
-0.0308998
-0.0633565
-0.0571148
-0.0559327
-0.060029
-0.0687812
-0.0843297
-0.10801
-0.134963
-0.154536
-0.156973
-0.141042
-0.114955
-0.0882022
-0.0663939
-0.0501879
-0.0393598
-0.0333786
-0.0302647
-0.0272301
-0.0242837
-0.0227853
-0.0246117
-0.0301812
-0.0609049
-0.0551046
-0.0543105
-0.0587789
-0.067878
-0.0837652
-0.107859
-0.135339
-0.155466
-0.158291
-0.142453
-0.11612
-0.0889241
-0.0666457
-0.0500397
-0.0388595
-0.0325678
-0.0292292
-0.0260651
-0.0230722
-0.021629
-0.0235971
-0.02945
-0.058471
-0.0530929
-0.0526655
-0.0574862
-0.0669132
-0.0831185
-0.107609
-0.135612
-0.1563
-0.159527
-0.143813
-0.117259
-0.0896405
-0.066903
-0.0499034
-0.0383784
-0.0317843
-0.0282293
-0.0249396
-0.0218923
-0.0204929
-0.0225857
-0.0287067
-0.0560583
-0.0510831
-0.0510006
-0.0561531
-0.0658885
-0.0823907
-0.10726
-0.135781
-0.157037
-0.160684
-0.145119
-0.118373
-0.0903516
-0.0671663
-0.0497797
-0.0379167
-0.0310278
-0.0272646
-0.0238536
-0.0207482
-0.0193779
-0.0215783
-0.0279514
-0.05367
-0.0490784
-0.0493189
-0.054782
-0.0648057
-0.081583
-0.106814
-0.135847
-0.157678
-0.161761
-0.146372
-0.11946
-0.0910573
-0.0674363
-0.049669
-0.0374746
-0.030298
-0.0263346
-0.0228067
-0.0196403
-0.0182849
-0.0205757
-0.0271846
-0.0513097
-0.0470819
-0.0476234
-0.0533756
-0.0636669
-0.0806967
-0.10627
-0.13581
-0.158222
-0.162758
-0.147569
-0.120519
-0.0917575
-0.0677133
-0.0495719
-0.0370522
-0.0295944
-0.0254386
-0.0217987
-0.01857
-0.0172148
-0.0195786
-0.0264066
-0.0489808
-0.0450971
-0.0459174
-0.0519366
-0.0624743
-0.0797335
-0.10563
-0.135671
-0.15867
-0.163674
-0.148709
-0.12155
-0.0924519
-0.0679977
-0.0494887
-0.0366496
-0.0289167
-0.024576
-0.0208292
-0.017537
-0.0161681
-0.0185879
-0.025618
-0.0466871
-0.0431273
-0.0442043
-0.0504679
-0.0612303
-0.0786953
-0.104896
-0.135431
-0.159021
-0.164507
-0.14979
-0.122551
-0.0931404
-0.0682901
-0.04942
-0.0362671
-0.0282645
-0.0237459
-0.0198979
-0.0165401
-0.0151458
-0.0176044
-0.0248191
-0.0444324
-0.0411758
-0.0424874
-0.0489726
-0.0599376
-0.0775841
-0.104067
-0.135091
-0.159278
-0.165255
-0.150811
-0.123522
-0.0938231
-0.0685914
-0.0493668
-0.0359051
-0.0276376
-0.0229478
-0.0190043
-0.0155794
-0.0141486
-0.0166291
-0.0240107
-0.0422218
-0.0392467
-0.0407703
-0.0474539
-0.0585989
-0.0764022
-0.103147
-0.134652
-0.159439
-0.165917
-0.151769
-0.124463
-0.0945007
-0.0689023
-0.0493296
-0.0355637
-0.0270355
-0.0221806
-0.0181477
-0.0146555
-0.0131777
-0.0156629
-0.0231933
-0.0400588
-0.0373434
-0.0390567
-0.045915
-0.0572173
-0.0751522
-0.102137
-0.134115
-0.159506
-0.166496
-0.152667
-0.125373
-0.0951698
-0.069219
-0.049305
-0.0352402
-0.0264555
-0.0214412
-0.0173254
-0.0137667
-0.0122328
-0.0147065
-0.0223676
-0.0379407
-0.0354666
-0.0373487
-0.0443585
-0.0557952
-0.0738365
-0.101039
-0.133484
-0.159485
-0.167002
-0.153507
-0.126244
-0.0958202
-0.0695322
-0.0492867
-0.0349305
-0.0258949
-0.0207267
-0.0165338
-0.0129094
-0.0113122
-0.0137593
-0.0215335
-0.0358792
-0.0336199
-0.0356488
-0.0427868
-0.0543351
-0.0724578
-0.0998561
-0.132762
-0.159375
-0.167419
-0.154267
-0.127066
-0.0964548
-0.0698549
-0.0492896
-0.034648
-0.0253649
-0.0200476
-0.0157836
-0.0120928
-0.0104226
-0.0128254
-0.020693
-0.0339533
-0.0318486
-0.0339825
-0.0412196
-0.0528508
-0.0710189
-0.0985776
-0.131914
-0.159101
-0.167637
-0.154884
-0.127858
-0.0971443
-0.0702679
-0.0493812
-0.0344397
-0.0248985
-0.019436
-0.0151141
-0.0113595
-0.00959967
-0.0119286
-0.0198577
-0.0322122
-0.0302149
-0.0324
-0.0396958
-0.0513723
-0.0695275
-0.0971726
-0.130866
-0.158579
-0.167635
-0.155432
-0.128728
-0.0979678
-0.0708061
-0.0495644
-0.0342888
-0.0244668
-0.0188573
-0.0144946
-0.0106931
-0.00884044
-0.0110729
-0.0190303
-0.0299839
-0.0283611
-0.0307128
-0.0380519
-0.0497688
-0.0679904
-0.0958481
-0.130108
-0.158649
-0.168397
-0.156487
-0.129677
-0.0985666
-0.0709908
-0.0493969
-0.033851
-0.0237967
-0.0180223
-0.0135705
-0.00970038
-0.00779663
-0.0100047
-0.0180733
-0.0216408
-0.0249387
-0.0324024
-0.0442952
-0.0638361
-0.0945089
-0.132466
-0.163944
-0.174668
-0.161098
-0.131957
-0.099032
-0.0702288
-0.0479907
-0.032167
-0.021803
-0.0155331
-0.0105145
-0.00610945
-0.00398534
-0.00631434
-0.0150594
-0.0162739
-0.0199998
-0.0278857
-0.0403804
-0.0607604
-0.0923985
-0.131212
-0.163161
-0.17399
-0.160303
-0.130881
-0.0974755
-0.068352
-0.0459358
-0.0299689
-0.0194234
-0.0130316
-0.00804408
-0.00368584
-0.00165254
-0.00382151
-0.0129536
-0.0114046
-0.0156866
-0.0241132
-0.0372192
-0.0580378
-0.089655
-0.128323
-0.160767
-0.172526
-0.15903
-0.129282
-0.095583
-0.0662681
-0.0437523
-0.0277319
-0.0170992
-0.0106435
-0.00569743
-0.00136163
0.00066635
-0.00166171
-0.0111979
-0.00658613
-0.0112847
-0.0200412
-0.0334929
-0.0545216
-0.086103
-0.12508
-0.158466
-0.170743
-0.156953
-0.126867
-0.0930704
-0.0638187
-0.0413968
-0.0254481
-0.0148109
-0.00833871
-0.00342261
0.000929218
0.00302562
0.000660235
-0.0092176
-0.00210136
-0.00697604
-0.0157863
-0.0293041
-0.0503804
-0.0820625
-0.121547
-0.155435
-0.167673
-0.153704
-0.123536
-0.0899505
-0.0610246
-0.0388818
-0.0231257
-0.0125642
-0.00612863
-0.00128779
0.00304212
0.00525675
0.00297579
-0.00713941
0.00192677
-0.00294904
-0.0116294
-0.0250281
-0.0459871
-0.0775987
-0.117127
-0.150995
-0.163211
-0.149244
-0.119287
-0.0862213
-0.0578868
-0.0362163
-0.0207757
-0.0103687
-0.00402043
0.000697375
0.0049794
0.00730769
0.00514734
-0.0051229
0.00550869
0.000747099
-0.00768975
-0.0208321
-0.0414299
-0.0725014
-0.111488
-0.145103
-0.157343
-0.143548
-0.114118
-0.0818957
-0.0544195
-0.0334143
-0.0184107
-0.00823384
-0.00201709
0.0025402
0.00674964
0.00917007
0.00714195
-0.00321104
0.00869119
0.00412969
-0.00397224
-0.0167108
-0.0366264
-0.0666559
-0.104678
-0.137817
-0.150028
-0.136609
-0.108055
-0.0770043
-0.0506449
-0.0304919
-0.0160432
-0.00616856
-0.000121595
0.00424442
0.0083518
0.0108428
0.00895912
-0.00139819
0.0115282
0.007235
-0.000449942
-0.0126266
-0.0315471
-0.0601336
-0.096795
-0.129135
-0.141263
-0.128466
-0.101151
-0.071596
-0.046595
-0.0274679
-0.013686
-0.00418163
0.00166164
0.00581194
0.00978661
0.0123238
0.010594
0.000314366
0.0140692
0.0101003
0.00289771
-0.00858245
-0.0262525
-0.0530308
-0.0878753
-0.119087
-0.131114
-0.119205
-0.0934915
-0.0657376
-0.0423108
-0.0243637
-0.0113518
-0.0022812
0.00332753
0.00724417
0.0110557
0.0136086
0.0120338
0.00190902
0.0163591
0.0127572
0.00607952
-0.00460574
-0.0208029
-0.0453937
-0.0779777
-0.107787
-0.11972
-0.108961
-0.0851917
-0.0595136
-0.0378428
-0.0212036
-0.00905233
-0.000474095
0.00487117
0.00854178
0.01216
0.0146912
0.0132618
0.00336182
0.0184335
0.0152284
0.00910357
-0.000704776
-0.0152168
-0.0372708
-0.0672413
-0.0954385
-0.107289
-0.0979194
-0.076395
-0.0530231
-0.0332493
-0.0180141
-0.00679868
0.00123469
0.00628867
0.0097049
0.0131004
0.0155649
0.0142615
0.00465052
0.0203162
0.0175302
0.0119889
0.00314408
-0.00949618
-0.0287563
-0.0558764
-0.0823186
-0.0941026
-0.08631
-0.0672686
-0.0463763
-0.0285942
-0.0148238
-0.00460065
0.00284244
0.00757821
0.0107341
0.0138788
0.0162241
0.0150177
0.0057555
0.0220257
0.0196831
0.0147701
0.00698563
-0.00364727
-0.0199835
-0.0441541
-0.0687773
-0.0804937
-0.0743975
-0.0579955
-0.0396891
-0.0239448
-0.0116631
-0.00246691
0.004349
0.00874105
0.0116316
0.0144994
0.0166659
0.0155175
0.00665825
0.0235798
0.0217178
0.0175008
0.0108836
0.00232376
-0.0111141
-0.0324056
-0.0552176
-0.0668259
-0.0624636
-0.0487652
-0.0330778
-0.0193681
-0.00856287
-0.000404979
0.00575681
0.00978229
0.012403
0.0149707
0.0168926
0.0157523
0.00734259
0.0249931
0.0236688
0.0202504
0.014921
0.00840945
-0.00234761
-0.0210108
-0.04206
-0.0534704
-0.0507916
-0.0397631
-0.0266526
-0.0149274
-0.00555378
0.00157856
0.0070706
0.010711
0.0130581
0.0153075
0.0169155
0.0157208
0.0077988
0.0262762
0.0255569
0.0230774
0.0191646
0.0145663
0.00606328
-0.0103658
-0.029701
-0.0407733
-0.0396449
-0.0311598
-0.0205123
-0.0106795
-0.00266471
0.0034779
0.00829701
0.0115401
0.0136117
0.0155321
0.0167588
0.015435
0.00802904
0.0274294
0.0273675
0.0259707
0.0235718
0.0206337
0.0138062
-0.000824164
-0.0184514
-0.0290155
-0.0292481
-0.0231015
-0.0147398
-0.00667128
7.84948e-05
0.00528775
0.00944408
0.0122854
0.014083
0.0156737
0.0164624
0.0149271
0.00805404
0.0284462
0.0290422
0.0287945
0.0278907
0.0262647
0.0205401
0.00738207
-0.00848648
-0.0183957
-0.0197771
-0.0157036
-0.00939884
-0.00293854
0.00265438
0.00700301
0.0105205
0.0129645
0.014495
0.0157679
0.0160843
0.0142561
0.00792084
0.0293147
0.0305032
0.0313143
0.0316976
0.031002
0.0259889
0.0141841
0.000133237
-0.00905114
-0.0113541
-0.00904649
-0.00453305
0.000494859
0.00504683
0.00861859
0.0115348
0.0135952
0.0148722
0.0158538
0.0156993
0.0135128
0.00771059
0.0300111
0.0316768
0.033306
0.0346067
0.0344983
0.030047
0.0196356
0.00740079
-0.00106492
-0.0040432
-0.00317226
-0.00016533
0.00361656
0.00724565
0.0101295
0.012494
0.0141935
0.0152379
0.0159691
0.015392
0.0128188
0.00754222
0.0305088
0.0325057
0.034642
0.0364569
0.0366826
0.0327944
0.0238338
0.0133308
0.00560131
0.00215255
0.00191529
0.0037007
0.00642436
0.00924654
0.0115311
0.0134033
0.0147718
0.0156111
0.0161441
0.0152427
0.0123029
0.00756393
0.0307904
0.0329735
0.0353336
0.037337
0.037728
0.0344226
0.0268875
0.0179713
0.0109928
0.00728509
0.0062466
0.007078
0.00892426
0.0110506
0.0128199
0.0142652
0.015338
0.0160038
0.016396
0.015313
0.01215
0.00792913
0.0308517
0.0330995
0.035479
0.0374593
0.0379073
0.0351624
0.0289361
0.0214356
0.0152177
0.0114495
0.00987751
0.00999187
0.0111282
0.0126635
0.0139942
0.0150796
0.015896
0.0164215
0.0167265
0.0156231
0.0124333
0.00875388
0.0307042
0.0329264
0.0352022
0.0370445
0.0374862
0.0352425
0.0301606
0.0239015
0.0184283
0.0147616
0.0128774
0.0124759
0.0130521
0.0140937
0.0150547
0.0158445
0.0164456
0.0168625
0.0171262
0.0161492
0.0131701
0.0100791
0.0303715
0.0325087
0.0346187
0.0362745
0.0366809
0.0348671
0.0307531
0.0255632
0.0208024
0.0173503
0.0153222
0.0145678
0.0147144
0.0153519
0.0160044
0.0165569
0.0169832
0.0173182
0.0175758
0.0168335
0.0142867
0.0118404
0.0298838
0.0319022
0.0338245
0.0352857
0.0356503
0.0341974
0.0308841
0.0266028
0.0225082
0.0193387
0.0172865
0.0163074
0.0161348
0.0164495
0.0168483
0.0172132
0.0175028
0.0177776
0.018047
0.0175921
0.0156358
0.0138718
0.0292736
0.0311583
0.0328938
0.0341744
0.0345027
0.033349
0.0306921
0.0271789
0.0236868
0.0208309
0.018839
0.017734
0.017334
0.0173979
0.0175921
0.0178105
0.0179972
0.0182292
0.0185135
0.0183367
0.0170357
0.0159412
0.0285722
0.0303205
0.0318825
0.0330059
0.0333085
0.032403
0.0302815
0.02741
0.0244551
0.021921
0.0200429
0.0188856
0.0183327
0.0182081
0.0182419
0.018347
0.0184583
0.0186598
0.0189555
0.01901
0.018316
0.017807
0.027808
0.0294241
0.0308317
0.0318243
0.032112
0.0314129
0.0297272
0.027389
0.0249068
0.0226868
0.0209541
0.019798
0.0191514
0.0188913
0.0188031
0.0188218
0.0188785
0.0190571
0.0193567
0.0195806
0.0193699
0.0193019
0.027005
0.0284977
0.0297712
0.030658
0.0309406
0.0304136
0.0290833
0.0271888
0.0251155
0.0231903
0.0216205
0.0205041
0.0198099
0.0194581
0.0192808
0.0192346
0.0192515
0.019411
0.0197039
0.0200306
0.0201499
0.0203679
0.0261834
0.0275633
0.0287223
0.0295253
0.0298105
0.029428
0.0283876
0.026861
0.0251398
0.0234861
0.0220847
0.0210337
0.0203271
0.0199188
0.01968
0.0195864
0.0195732
0.0197144
0.0199902
0.020366
0.0206492
0.0210391
0.0253596
0.0266378
0.0277001
0.0284374
0.0287306
0.02847
0.0276673
0.0264455
0.0250264
0.0236187
0.0223833
0.0214135
0.0207205
0.0202836
0.0200058
0.0198786
0.0198418
0.0199637
0.0202146
0.0205996
0.0209556
0.0214023
0.0245466
0.0257339
0.0267146
0.0274011
0.027706
0.0275482
0.0269408
0.0259723
0.0248119
0.0236241
0.0225471
0.0216673
0.0210063
0.0205622
0.0202634
0.0201136
0.0200576
0.0201587
0.0203797
0.0207443
0.0211135
0.0215472
0.023754
0.0248605
0.0257725
0.0264198
0.0267383
0.0266675
0.0262213
0.0254633
0.0245241
0.0235311
0.0226022
0.0218158
0.0211994
0.020764
0.020458
0.0202942
0.0202227
0.0203017
0.0204893
0.0208155
0.0211605
0.0215439
0.0229892
0.0240241
0.0248782
0.0254949
0.0258275
0.0258307
0.0255181
0.0249354
0.0241842
0.0233626
0.0225702
0.021877
0.0213131
0.0208979
0.0205952
0.0204241
0.0203405
0.0203966
0.0205485
0.0208279
0.0211277
0.0214436
0.021724
0.0222577
0.0232289
0.0240336
0.0246262
0.0249726
0.0250386
0.0248368
0.0244003
0.0238095
0.0231375
0.0224694
0.0218666
0.0213594
0.0209723
0.0206807
0.0205076
0.0204147
0.0204481
0.0205639
0.0207933
0.0210377
0.0212818
0.0214724
0.021563
0.0224772
0.0232396
0.0238127
0.0241719
0.0242911
0.0241813
0.0238672
0.0234128
0.0228706
0.0223149
0.021798
0.021349
0.0209949
0.0207201
0.0205491
0.0204494
0.0204612
0.0205415
0.0207056
0.0209074
0.0210828
0.0211962
0.0209063
0.0217702
0.0224957
0.0230529
0.0234236
0.0235874
0.0235543
0.023342
0.0229984
0.0225736
0.0221192
0.0216827
0.0212915
0.0209733
0.0207189
0.0205533
0.0204491
0.0204412
0.0204897
0.0206073
0.0207521
0.0208633
0.020911
0.0202892
0.0211081
0.0218013
0.0223447
0.0227251
0.0229264
0.0229573
0.0228306
0.0225836
0.0222574
0.0218931
0.0215307
0.0211952
0.020914
0.0206824
0.0205247
0.0204183
0.0203928
0.020413
0.0204881
0.0205806
0.0206345
0.0206266
0.0197117
0.0204904
0.0211549
0.0216861
0.0220743
0.0223067
0.022391
0.0223364
0.0221721
0.0219302
0.0216451
0.0213502
0.0210678
0.0208234
0.0206158
0.0204678
0.0203612
0.0203208
0.0203162
0.0203529
0.0203993
0.0204034
0.0203491
0.0191779
0.0199163
0.0205546
0.0210747
0.0214689
0.0217271
0.0218557
0.0218615
0.0217673
0.0215981
0.0213826
0.0211486
0.0209156
0.020707
0.0205238
0.0203868
0.0202817
0.0202291
0.0202033
0.0202065
0.0202127
0.0201746
0.020082
0.0186795
0.0193836
0.0199982
0.020508
0.0209065
0.0211858
0.0213511
0.0214075
0.0213725
0.0212659
0.0211113
0.0209318
0.0207444
0.02057
0.0204108
0.0202858
0.0201838
0.0201214
0.0200778
0.0200524
0.0200245
0.0199511
0.019827
0.01822
0.0188925
0.0194842
0.0199837
0.0203849
0.0206813
0.0208768
0.0209744
0.0209902
0.0209375
0.0208361
0.0207052
0.0205593
0.0204169
0.0202811
0.0201686
0.0200708
0.0200012
0.0199429
0.0198936
0.019837
0.0197347
0.0195849
0.0177976
0.0184406
0.019011
0.0194999
0.019902
0.0202121
0.0204324
0.0205653
0.020623
0.0206162
0.020561
0.020473
0.0203647
0.020252
0.0201385
0.0200386
0.019946
0.0198714
0.0198015
0.0197327
0.0196523
0.0195266
0.0193562
0.0174103
0.0180262
0.0185776
0.0190552
0.019456
0.0197769
0.0200175
0.0201794
0.0202723
0.0203047
0.0202893
0.0202391
0.0201645
0.020079
0.0199865
0.0198991
0.0198125
0.0197349
0.019656
0.0195714
0.0194718
0.0193273
0.0191405
0.0170566
0.0176471
0.0181801
0.0186484
0.0190492
0.0193756
0.0196315
0.0198172
0.0199395
0.020005
0.020024
0.0200067
0.019962
0.0199014
0.0198284
0.0197532
0.019673
0.019594
0.0195085
0.0194117
0.0192966
0.0191374
0.0189377
0.016735
0.0173017
0.0178173
0.0182753
0.0186729
0.0190051
0.0192737
0.0194787
0.0196255
0.019719
0.0197673
0.0197787
0.0197605
0.0197221
0.019667
0.0196036
0.0195301
0.0194512
0.0193612
0.0192549
0.0191277
0.0189572
0.0187475
0.016444
0.0169884
0.0174874
0.0179353
0.0183291
0.0186649
0.0189433
0.019164
0.0193311
0.0194481
0.0195214
0.0195575
0.0195625
0.0195441
0.0195053
0.0194531
0.0193864
0.0193086
0.0192157
0.0191025
0.018966
0.018787
0.0185697
0.0161821
0.0167057
0.0171891
0.017627
0.0180166
0.0183542
0.01864
0.0188733
0.0190569
0.0191935
0.019288
0.0193454
0.0193706
0.0193698
0.0193458
0.019304
0.0192441
0.0191682
0.0190737
0.0189558
0.0188123
0.0186272
0.0184043
0.0159478
0.0164523
0.016921
0.0173491
0.017734
0.0180722
0.0183634
0.0186065
0.0188037
0.0189565
0.0190688
0.0191443
0.019187
0.0192017
0.0191909
0.0191587
0.0191053
0.019032
0.0189371
0.018816
0.0186675
0.018478
0.0182511
0.0157398
0.0162267
0.0166817
0.0171005
0.0174803
0.0178181
0.0181131
0.0183639
0.018572
0.0187381
0.0188653
0.0189561
0.0190138
0.0190419
0.0190428
0.0190194
0.0189722
0.0189017
0.0188073
0.0186843
0.0185324
0.01834
0.0181104
0.0155571
0.0160278
0.0164702
0.0168801
0.0172549
0.0175915
0.0178889
0.0181456
0.0183623
0.0185393
0.0186787
0.0187824
0.0188528
0.0188926
0.0189036
0.0188881
0.0188466
0.0187793
0.0186858
0.018562
0.0184079
0.0182137
0.0179824
0.0153983
0.0158547
0.0162856
0.0166872
0.017057
0.017392
0.0176908
0.0179518
0.0181753
0.0183611
0.0185106
0.0186249
0.0187059
0.0187556
0.0187754
0.0187668
0.0187306
0.0186664
0.0185743
0.0184503
0.018295
0.0180998
0.0178676
0.0152629
0.0157064
0.0161271
0.0165213
0.0168863
0.0172194
0.0175189
0.0177831
0.0180118
0.0182045
0.018362
0.018485
0.0185749
0.0186328
0.0186601
0.0186575
0.018626
0.0185648
0.0184742
0.0183506
0.0181947
0.0179992
0.0177665
0.0151499
0.0155825
0.0159944
0.016382
0.0167427
0.0170737
0.0173734
0.0176398
0.0178725
0.0180705
0.0182345
0.0183644
0.0184614
0.018526
0.0185595
0.018562
0.0185345
0.018476
0.0183869
0.018264
0.018108
0.0179125
0.0176798
0.0150591
0.0154827
0.0158872
0.0162692
0.0166262
0.0169554
0.0172549
0.0175228
0.0177583
0.0179604
0.0181293
0.0182646
0.0183671
0.0184371
0.0184754
0.0184821
0.018458
0.0184018
0.0183141
0.018192
0.0180361
0.0178409
0.0176083
0.0149902
0.0154068
0.0158056
0.0161833
0.0165373
0.0168648
0.0171641
0.0174329
0.0176705
0.0178755
0.0180479
0.0181871
0.0182938
0.0183677
0.0184098
0.0184196
0.018398
0.0183437
0.0182573
0.0181358
0.0179802
0.0177853
0.017553
0.0149435
0.0153553
0.0157501
0.0161248
0.0164767
0.0168031
0.017102
0.0173714
0.0176102
0.0178171
0.0179918
0.0181337
0.0182431
0.0183197
0.0183643
0.0183762
0.0183564
0.0183034
0.0182178
0.0180969
0.0179415
0.017747
0.0175149
0.0149196
0.0153289
0.0157217
0.0160948
0.0164456
0.0167713
0.01707
0.0173397
0.0175791
0.0177869
0.0179628
0.018106
0.0182168
0.0182948
0.0183406
0.0183537
0.0183347
0.0182824
0.0181973
0.0180768
0.0179215
0.0177272
0.0174952
0.0193569
0.019631
0.0198973
0.0201544
0.0204005
0.0206339
0.020853
0.0210562
0.0212416
0.0214078
0.0215526
0.0216746
0.0217713
0.0218416
0.0218831
0.0218951
0.0218753
0.021824
0.0217394
0.0216231
0.0214739
0.0212941
0.0210831
0.0193694
0.019645
0.0199127
0.0201709
0.0204179
0.0206523
0.0208721
0.0210761
0.0212622
0.021429
0.0215743
0.0216967
0.0217937
0.0218642
0.0219056
0.0219174
0.0218969
0.0218448
0.0217591
0.0216415
0.021491
0.0213098
0.0210975
0.0193938
0.0196723
0.0199425
0.0202029
0.0204518
0.0206878
0.0209091
0.0211145
0.0213018
0.0214698
0.0216162
0.0217395
0.0218371
0.021908
0.0219493
0.0219605
0.0219389
0.0218851
0.0217973
0.0216772
0.021524
0.0213401
0.0211254
0.0194298
0.0197125
0.0199862
0.0202497
0.0205012
0.0207395
0.020963
0.0211702
0.0213594
0.0215292
0.0216771
0.0218017
0.0219003
0.0219718
0.0220129
0.0220234
0.0220001
0.0219439
0.0218529
0.021729
0.0215717
0.0213838
0.0211655
0.0194775
0.0197653
0.0200434
0.0203105
0.0205653
0.0208064
0.0210325
0.0212423
0.0214339
0.0216059
0.0217558
0.0218823
0.0219822
0.0220546
0.0220956
0.022105
0.0220795
0.0220201
0.0219247
0.0217959
0.0216331
0.0214396
0.0212164
0.019537
0.0198307
0.0201137
0.020385
0.0206433
0.0208878
0.0211169
0.0213296
0.021524
0.0216988
0.0218514
0.0219803
0.022082
0.0221555
0.0221965
0.0222048
0.0221765
0.022113
0.0220121
0.0218768
0.0217069
0.0215065
0.0212771
0.0196086
0.0199085
0.0201968
0.0204725
0.0207347
0.0209826
0.0212151
0.0214311
0.0216289
0.021807
0.0219629
0.0220948
0.0221989
0.022274
0.0223151
0.022322
0.0222904
0.022222
0.0221141
0.0219708
0.0217923
0.0215831
0.021346
0.0196927
0.019999
0.0202925
0.0205726
0.0208387
0.0210902
0.0213262
0.0215458
0.0217474
0.0219294
0.0220892
0.0222251
0.0223322
0.0224093
0.0224508
0.0224564
0.0224208
0.0223465
0.0222302
0.0220772
0.021888
0.0216684
0.0214218
0.0197895
0.020102
0.0204005
0.0206847
0.0209545
0.0212095
0.0214492
0.0216727
0.0218785
0.0220651
0.0222294
0.0223696
0.022481
0.022561
0.0226033
0.0226076
0.0225675
0.0224861
0.0223598
0.0221949
0.0219929
0.0217608
0.0215042
0.0198995
0.0202177
0.0205205
0.0208084
0.0210814
0.0213397
0.021583
0.0218106
0.0220212
0.022213
0.022383
0.0225289
0.0226452
0.0227289
0.0227725
0.0227756
0.0227304
0.0226406
0.0225023
0.0223233
0.022106
0.0218588
0.0215894
0.020023
0.0203458
0.0206521
0.0209427
0.0212184
0.0214796
0.0217264
0.0219583
0.0221741
0.022372
0.0225489
0.0227018
0.0228241
0.0229127
0.0229583
0.0229605
0.0229095
0.02281
0.0226572
0.0224615
0.0222259
0.0219609
0.0216768
0.0201601
0.0204862
0.0207948
0.021087
0.0213645
0.0216279
0.0218781
0.0221145
0.0223361
0.0225412
0.0227261
0.0228874
0.0230173
0.0231123
0.0231611
0.0231625
0.023105
0.0229941
0.0228242
0.0226085
0.0223513
0.0220656
0.0217645
0.020311
0.0206386
0.0209476
0.0212401
0.0215183
0.0217833
0.0220366
0.0222776
0.0225059
0.0227192
0.0229136
0.0230851
0.0232246
0.0233278
0.0233809
0.0233823
0.0233174
0.0231931
0.0230029
0.0227634
0.0224807
0.0221717
0.0218505
0.0204755
0.0208023
0.0211097
0.0214007
0.0216783
0.0219442
0.0222003
0.0224462
0.0226818
0.0229046
0.0231103
0.023294
0.0234455
0.0235592
0.0236182
0.0236203
0.0235473
0.0234073
0.0231929
0.0229249
0.0226119
0.0222755
0.0219322
0.0206532
0.0209763
0.0212799
0.0215673
0.021843
0.0221087
0.0223673
0.0226183
0.0228622
0.0230959
0.0233148
0.0235133
0.0236796
0.0238066
0.0238737
0.0238775
0.0237954
0.0236369
0.0233935
0.0230916
0.0227428
0.0223747
0.0220067
0.0208435
0.0211597
0.0214564
0.0217382
0.0220102
0.0222748
0.0225356
0.0227921
0.0230452
0.0232913
0.0235258
0.0237421
0.0239264
0.0240701
0.024148
0.0241549
0.0240627
0.0238824
0.0236044
0.0232617
0.0228705
0.0224664
0.022071
0.0210452
0.0213507
0.0216374
0.021911
0.0221777
0.0224402
0.022703
0.0229653
0.0232286
0.0234889
0.0237416
0.0239791
0.0241854
0.0243498
0.0244418
0.0244536
0.0243501
0.0241441
0.0238247
0.023433
0.0229913
0.0225468
0.0221214
0.0212569
0.0215473
0.0218206
0.0220833
0.0223429
0.0226023
0.0228668
0.0231353
0.0234101
0.0236865
0.0239604
0.0242228
0.0244556
0.0246457
0.0247559
0.024775
0.024659
0.0244223
0.0240533
0.0236027
0.0231002
0.0226118
0.0221539
0.0214765
0.0217471
0.022003
0.0222521
0.0225028
0.0227582
0.0230243
0.0232995
0.023587
0.0238817
0.0241798
0.0244714
0.0247361
0.0249576
0.0250912
0.0251205
0.0249906
0.0247172
0.0242888
0.0237677
0.0231903
0.0226565
0.0221636
0.0217014
0.0219467
0.0221812
0.0224138
0.022654
0.0229047
0.0231723
0.0234549
0.0237565
0.0240716
0.0243973
0.0247226
0.0250252
0.0252848
0.0254483
0.0254915
0.0253462
0.0250287
0.024529
0.0239245
0.0232508
0.0226759
0.0221453
0.0219281
0.0221424
0.0223513
0.0225647
0.0227928
0.0230382
0.0233077
0.0235984
0.0239153
0.0242528
0.0246095
0.0249735
0.0253207
0.0256265
0.0258274
0.0258893
0.0257265
0.0253556
0.0247711
0.0240716
0.0232655
0.022666
0.0220927
0.0221523
0.0223294
0.0225085
0.0227001
0.0229151
0.023155
0.0234268
0.0237264
0.02406
0.0244217
0.0248127
0.0252205
0.0256197
0.0259806
0.0262284
0.026315
0.0261323
0.0256956
0.0250092
0.0242104
0.0234505
0.0226279
0.0219979
0.0223687
0.0225022
0.0226473
0.022815
0.0230161
0.0232509
0.0235259
0.0238353
0.0241866
0.0245741
0.0250023
0.0254588
0.0259179
0.0263443
0.0266504
0.026769
0.0265636
0.0260452
0.025232
0.0242972
0.0233862
0.0225213
0.0218492
0.0225708
0.0226541
0.0227612
0.0229035
0.0230909
0.0233217
0.0236012
0.0239213
0.0242909
0.024705
0.0251728
0.0256828
0.0262099
0.026713
0.0270907
0.0272507
0.0270192
0.0263995
0.025429
0.0243272
0.0232682
0.0223413
0.0216365
0.0227506
0.022777
0.022843
0.0229592
0.023134
0.0233627
0.0236485
0.0239806
0.0243686
0.0248091
0.0253176
0.025885
0.0264883
0.0270802
0.027545
0.0277577
0.0274961
0.0267503
0.0255868
0.0242858
0.0230726
0.0220755
0.0213486
0.0228986
0.0228619
0.0228843
0.0229748
0.0231393
0.0233691
0.0236637
0.024009
0.0244151
0.0248808
0.0254292
0.0260562
0.0267433
0.0274362
0.0280054
0.0282852
0.0279887
0.0270854
0.0256863
0.0241507
0.0227728
0.021707
0.0209732
0.0230033
0.0228977
0.0228753
0.0229423
0.0231005
0.0233357
0.0236426
0.0240027
0.0244255
0.0249134
0.0254994
0.0261865
0.0269624
0.0277672
0.0284597
0.0288238
0.0284869
0.027387
0.0257011
0.0238914
0.0223389
0.021215
0.0204962
0.0230513
0.022872
0.0228052
0.0228528
0.0230106
0.0232574
0.0235813
0.0239578
0.0243951
0.0249006
0.025519
0.0262635
0.0271298
0.0280537
0.0288882
0.0293575
0.028974
0.0276292
0.0255941
0.0234686
0.0217367
0.0205751
0.0199018
0.0230262
0.0227701
0.0226618
0.0226964
0.0228621
0.0231289
0.0234758
0.0238709
0.0243202
0.0248365
0.025478
0.026273
0.0272248
0.0282684
0.0292605
0.0298593
0.0294232
0.0277744
0.0253169
0.0228324
0.0209241
0.0197586
0.0191725
0.0229094
0.0225754
0.0224312
0.0224624
0.0226471
0.0229447
0.0233224
0.0237393
0.024197
0.0247149
0.0253664
0.0262008
0.0272219
0.0283731
0.0295313
0.0302864
0.029792
0.0277696
0.0248066
0.0219203
0.0198506
0.0187322
0.0182883
0.0226785
0.0222687
0.022098
0.022139
0.0223574
0.0226993
0.0231179
0.0235606
0.0240226
0.024532
0.0251767
0.0260372
0.0270877
0.0283149
0.0296327
0.0305718
0.030016
0.0275405
0.0239809
0.0206558
0.0184593
0.0174589
0.0172274
0.0223079
0.0218285
0.0216451
0.0217136
0.0219841
0.0223873
0.0228592
0.0233333
0.0237962
0.024285
0.024901
0.0257436
0.0267822
0.0280228
0.0294663
0.0306141
0.0300014
0.0269889
0.022738
0.0189493
0.0166844
0.0158976
0.015966
0.0217676
0.0212303
0.0210539
0.0211725
0.021518
0.0220029
0.0225435
0.0230567
0.0235186
0.023974
0.0245351
0.0253155
0.0262681
0.027408
0.0288976
0.0302675
0.0296169
0.0259939
0.0209592
0.0166994
0.0144549
0.014004
0.0144791
0.0210235
0.0204468
0.0203039
0.0205012
0.0209494
0.0215406
0.0221681
0.0227304
0.0231915
0.023602
0.0240832
0.0247542
0.0255126
0.0263726
0.0277653
0.0293446
0.0286936
0.0244149
0.0185143
0.0137993
0.011699
0.011733
0.0127416
0.0200364
0.0194478
0.019373
0.0196843
0.0202685
0.0209945
0.0217302
0.0223543
0.0228176
0.0231753
0.0235564
0.0240695
0.0244998
0.0248438
0.0259259
0.0276521
0.0270392
0.0220944
0.0152751
0.0101445
0.00834378
0.00904036
0.0107314
0.0187619
0.0182001
0.0182377
0.0187059
0.0194651
0.0203587
0.0212267
0.0219281
0.0224014
0.0227039
0.0229709
0.0232866
0.0232545
0.022841
0.0233487
0.0250723
0.0244739
0.0188616
0.0111111
0.0056407
0.00432636
0.00588788
0.00843152
0.0171501
0.0166678
0.0168731
0.0175495
0.0185292
0.0196269
0.0206539
0.0214512
0.021948
0.0221999
0.0223471
0.0224397
0.0218445
0.0205227
0.0202057
0.0216571
0.0208846
0.0145422
0.00588509
0.00021091
-0.000397327
0.00224848
0.00583359
0.0151455
0.0148122
0.0152535
0.0161986
0.0174506
0.0187927
0.0200069
0.020922
0.021462
0.021675
0.0217067
0.0215719
0.0204211
0.0181495
0.016841
0.0176372
0.0162644
0.00899323
-0.000524222
-0.00620464
-0.00585717
-0.0018911
0.00293985
0.0126868
0.0125925
0.0133525
0.0146371
0.0162198
0.0178492
0.01928
0.0203391
0.0209467
0.0211374
0.0210695
0.0207334
0.0191116
0.0160118
0.013632
0.0133115
0.0107107
0.00216294
-0.00818144
-0.0136354
-0.0120593
-0.00652551
-0.000235675
0.00970773
0.00996634
0.0111439
0.0128497
0.0148279
0.0167889
0.0184669
0.0197004
0.0204034
0.0205921
0.020451
0.0199707
0.0180213
0.0143033
0.0108253
0.00891519
0.00438895
-0.00586639
-0.0170447
-0.0220558
-0.0189729
-0.0116262
-0.00366696
0.00613701
0.00689067
0.0086025
0.0108226
0.0132663
0.0156037
0.0175616
0.0190039
0.0198303
0.0200391
0.0198569
0.0193081
0.0172008
0.0130733
0.00848523
0.00456996
-0.00250688
-0.0148869
-0.0269493
-0.0313507
-0.0265226
-0.0171387
-0.00731664
0.00190022
0.00332281
0.00570494
0.00854423
0.0115273
0.0142855
0.0165587
0.0182467
0.019222
0.0194713
0.0192799
0.0187417
0.0166334
0.0122526
0.00654097
0.000313677
-0.00977715
-0.0246107
-0.0376319
-0.0413293
-0.0345857
-0.0229819
-0.0111379
-0.0030785
-0.000777791
0.00243138
0.00600569
0.00960346
0.0128264
0.015454
0.0174245
0.0185686
0.0188737
0.0187028
0.0182442
0.0162715
0.0116969
0.00485507
-0.00385721
-0.0172309
-0.034724
-0.0487761
-0.0517471
-0.0430012
-0.0290528
-0.0150769
-0.00887284
-0.00544736
-0.00123324
0.00320093
0.00748846
0.0112201
0.0142444
0.0165298
0.0178552
0.0182248
0.018099
0.017763
0.0159425
0.0112347
0.00327777
-0.00796202
-0.0246952
-0.0449235
-0.060059
-0.0623359
-0.0515825
-0.0352329
-0.0190757
-0.0155485
-0.0107146
-0.00529763
0.000127269
0.00517738
0.00946204
0.0129266
0.0155525
0.0170629
0.0174981
0.0174361
0.01724
0.0155617
0.0107175
0.0016803
-0.012019
-0.0320219
-0.0549353
-0.0711787
-0.0728303
-0.0601326
-0.0413963
-0.0230755
-0.0231537
-0.0165963
-0.00976254
-0.00321424
0.00266756
0.00755037
0.0114967
0.0144792
0.0161691
0.0166652
0.0166813
0.0166224
0.0150473
0.0100372
-2.91635e-05
-0.0160355
-0.0390898
-0.06453
-0.0818671
-0.0829841
-0.0684582
-0.047419
-0.0270191
-0.0317064
-0.0230924
-0.0146192
-0.00681809
-4.04768e-05
0.00548547
0.00994962
0.0132945
0.01515
0.0157001
0.0158057
0.0158691
0.0143452
0.00912889
-0.00190256
-0.0200048
-0.0458016
-0.0735294
-0.0919035
-0.0925775
-0.0763798
-0.0531856
-0.0308538
-0.0411799
-0.0301796
-0.0198476
-0.0106735
-0.00294226
0.00326996
0.00827898
0.0119817
0.0139819
0.0145806
0.0147876
0.0149528
0.0134241
0.00796203
-0.00395741
-0.023907
-0.0520825
-0.0818017
-0.101116
-0.101426
-0.0837405
-0.0585946
-0.0345322
-0.0514911
-0.0378071
-0.0254154
-0.0147636
-0.00602864
0.000908089
0.00647763
0.0105235
0.0126437
0.0132895
0.0136105
0.0138554
0.0122695
0.00652952
-0.00618747
-0.0277113
-0.0578752
-0.0892548
-0.109379
-0.109384
-0.090412
-0.063563
-0.038014
-0.0624989
-0.0458946
-0.0312769
-0.0190646
-0.00928552
-0.00159467
0.00453816
0.00890316
0.0111167
0.011813
0.0122597
0.0125637
0.0108766
0.00483768
-0.00857448
-0.031385
-0.0631354
-0.0958299
-0.116604
-0.116347
-0.096297
-0.0680271
-0.0412663
-0.0543342
-0.0373737
-0.0235451
-0.0126941
-0.00423188
0.00245361
0.00710519
0.00938554
0.0101382
0.0107205
0.0110701
0.00924569
0.002902
-0.0110933
-0.0349017
-0.0678345
-0.101494
-0.122741
-0.122243
-0.101328
-0.0719431
-0.044263
-0.0629957
-0.0436359
-0.0281665
-0.0162313
-0.00699613
0.000217915
0.00511579
0.00743656
0.00825176
0.00897598
0.00935466
0.00737828
0.000745336
-0.0137079
-0.0382382
-0.0719655
-0.106236
-0.127763
-0.127033
-0.105468
-0.0752861
-0.0469854
-0.0717342
-0.0499848
-0.032884
-0.019871
-0.00987889
-0.00217352
0.00292337
0.00525755
0.00613837
0.00700764
0.00740737
0.0052758
-0.00160833
-0.0163743
-0.0413585
-0.075533
-0.110074
-0.131673
-0.130706
-0.108704
-0.0780481
-0.0494209
-0.0803985
-0.0563353
-0.0376471
-0.0235842
-0.0128703
-0.00472339
0.000518723
0.00283686
0.00378066
0.00479574
0.00521389
0.00293745
-0.00414448
-0.0190623
-0.0442185
-0.0785207
-0.11304
-0.1345
-0.133278
-0.11105
-0.0802358
-0.0515628
-0.0888389
-0.0625995
-0.0424023
-0.0273408
-0.015959
-0.00743218
-0.00210523
0.000163131
0.00116064
0.00232185
0.00275924
0.000357492
-0.00686439
-0.021778
-0.0468125
-0.0808938
-0.115138
-0.136292
-0.134791
-0.112538
-0.0818679
-0.0534095
-0.0969145
-0.0686915
-0.0470954
-0.0311099
-0.0191317
-0.0102978
-0.00495375
-0.00277641
-0.00174127
-0.000426416
3.01191e-05
-0.00246934
-0.0097662
-0.0245349
-0.0491938
-0.0826893
-0.116347
-0.137079
-0.135302
-0.11322
-0.0829729
-0.0549639
-0.104497
-0.0745247
-0.0516707
-0.0348602
-0.0223735
-0.0133148
-0.00802834
-0.0059947
-0.00495616
-0.00346986
-0.00297124
-0.00550584
-0.0127714
-0.027253
-0.0513821
-0.0840741
-0.116798
-0.136888
-0.134857
-0.113152
-0.0835861
-0.0562329
-0.111501
-0.0800438
-0.056085
-0.0385617
-0.0256669
-0.0164736
-0.0113233
-0.00948809
-0.00849036
-0.00686759
-0.00618601
-0.00858594
-0.0156418
-0.0296861
-0.0532418
-0.085191
-0.116901
-0.135998
-0.133546
-0.112399
-0.083742
-0.0572256
-0.117725
-0.0851204
-0.0602816
-0.0421972
-0.0290083
-0.0197739
-0.0148362
-0.013212
-0.0121723
-0.0104317
-0.00944048
-0.0115061
-0.0182071
-0.0317062
-0.0546387
-0.0859339
-0.116846
-0.134947
-0.131796
-0.111144
-0.0835037
-0.0579551
-0.123682
-0.0900171
-0.0643276
-0.045731
-0.0323598
-0.0232264
-0.0185882
-0.0171612
-0.0160098
-0.0138904
-0.0128406
-0.0148735
-0.0213275
-0.0341669
-0.0560242
-0.0860046
-0.115718
-0.133003
-0.130476
-0.109479
-0.0829902
-0.0584905
-0.163541
-0.125689
-0.0926353
-0.0670954
-0.048486
-0.0350522
-0.0261026
-0.0221661
-0.0216789
-0.0212159
-0.0194494
-0.0178892
-0.0197113
-0.0258853
-0.0377688
-0.0577341
-0.0851397
-0.112363
-0.128134
-0.125356
-0.106223
-0.0815425
-0.0583407
-0.16343
-0.12569
-0.0928598
-0.0675328
-0.0491005
-0.0358469
-0.027165
-0.0235618
-0.0232956
-0.0228568
-0.0209666
-0.0192663
-0.0210341
-0.027168
-0.0389203
-0.058603
-0.0855064
-0.112033
-0.127113
-0.123977
-0.104994
-0.0807589
-0.058035
-0.163021
-0.124961
-0.0922792
-0.0672565
-0.049131
-0.036185
-0.0278682
-0.0246047
-0.0244926
-0.0240363
-0.0220853
-0.0203453
-0.0221245
-0.0282637
-0.0399609
-0.0594664
-0.0859974
-0.111989
-0.126512
-0.123009
-0.103954
-0.0799494
-0.0575998
-0.162779
-0.124487
-0.091922
-0.0671461
-0.0492802
-0.036603
-0.0286165
-0.0256728
-0.0257321
-0.0252979
-0.023257
-0.0215281
-0.0232906
-0.0293975
-0.0409912
-0.0602648
-0.0863723
-0.111796
-0.125775
-0.121965
-0.102938
-0.0792064
-0.0572267
-0.162549
-0.124169
-0.091754
-0.0672079
-0.0495764
-0.037145
-0.0294723
-0.026845
-0.0270895
-0.0266875
-0.0245835
-0.0227959
-0.0245088
-0.0305485
-0.0420018
-0.061009
-0.0866646
-0.111497
-0.124919
-0.120818
-0.101879
-0.078476
-0.0568881
-0.162233
-0.123828
-0.091598
-0.0672992
-0.0499124
-0.0377358
-0.0303863
-0.0280818
-0.0285161
-0.028144
-0.0259552
-0.0241035
-0.025746
-0.031695
-0.0429837
-0.0617027
-0.0868919
-0.111129
-0.123998
-0.119618
-0.100785
-0.0777338
-0.0565507
-0.161841
-0.123443
-0.0914211
-0.0673878
-0.0502606
-0.0383524
-0.0313387
-0.0293642
-0.0299929
-0.029651
-0.0273721
-0.0254446
-0.0269979
-0.0328342
-0.0439352
-0.0623445
-0.0870533
-0.110692
-0.123019
-0.118379
-0.0996686
-0.0769822
-0.0562104
-0.161391
-0.123039
-0.0912449
-0.0674895
-0.0506316
-0.0390017
-0.0323331
-0.0306953
-0.0315243
-0.0312135
-0.0288413
-0.026821
-0.0282647
-0.0339654
-0.0448551
-0.0629333
-0.0871476
-0.110185
-0.121979
-0.117099
-0.0985316
-0.0762252
-0.0558708
-0.16089
-0.122624
-0.0910791
-0.0676127
-0.051032
-0.0396885
-0.0333736
-0.0320792
-0.0331148
-0.0328347
-0.0303618
-0.0282314
-0.0295445
-0.0350869
-0.0457423
-0.0634685
-0.0871746
-0.109608
-0.120879
-0.115777
-0.0973741
-0.0754638
-0.0555333
-0.160336
-0.122198
-0.0909219
-0.0677565
-0.0514612
-0.0404129
-0.0344607
-0.0335174
-0.0347651
-0.0345143
-0.0319317
-0.0296736
-0.0308353
-0.0361968
-0.0465954
-0.0639493
-0.0871344
-0.108963
-0.119721
-0.114415
-0.096197
-0.0746978
-0.0551972
-0.159729
-0.121758
-0.0907708
-0.0679186
-0.0519174
-0.0411737
-0.035594
-0.03501
-0.0364754
-0.0362515
-0.0335495
-0.0311457
-0.0321351
-0.0372936
-0.0474134
-0.0643756
-0.0870275
-0.10825
-0.118505
-0.113015
-0.0950013
-0.0739271
-0.0548623
-0.159073
-0.121304
-0.0906249
-0.0680982
-0.0523999
-0.0419704
-0.0367734
-0.0365575
-0.0382456
-0.0380457
-0.0352138
-0.0326459
-0.033442
-0.0383756
-0.0481953
-0.0647469
-0.0868541
-0.107469
-0.117234
-0.111578
-0.0937881
-0.0731518
-0.0545281
-0.158366
-0.120836
-0.0904837
-0.0682947
-0.0529081
-0.0428028
-0.037999
-0.0381601
-0.0400756
-0.0398963
-0.0369231
-0.0341723
-0.0347544
-0.0394414
-0.0489403
-0.0650632
-0.0866148
-0.106623
-0.115908
-0.110106
-0.0925586
-0.0723722
-0.0541946
-0.157612
-0.120353
-0.0903465
-0.0685073
-0.0534412
-0.0436703
-0.0392705
-0.0398179
-0.0419653
-0.0418022
-0.0386758
-0.0357233
-0.0360705
-0.0404896
-0.0496476
-0.0653246
-0.0863104
-0.105713
-0.11453
-0.108601
-0.0913135
-0.0715882
-0.0538614
-0.15681
-0.119854
-0.0902124
-0.0687351
-0.0539983
-0.0445723
-0.0405877
-0.0415308
-0.0439139
-0.0437624
-0.0404704
-0.0372969
-0.0373885
-0.041519
-0.0503166
-0.0655312
-0.0859417
-0.10474
-0.113102
-0.107064
-0.090054
-0.0707999
-0.0535283
-0.15596
-0.11934
-0.0900804
-0.0689771
-0.0545785
-0.0455081
-0.0419502
-0.0432983
-0.0459207
-0.0457755
-0.042305
-0.0388915
-0.0387069
-0.0425284
-0.050947
-0.0656835
-0.08551
-0.103705
-0.111626
-0.105496
-0.0887807
-0.0700073
-0.0531951
-0.155065
-0.118809
-0.0899494
-0.0692321
-0.0551806
-0.0464769
-0.0433574
-0.0451198
-0.0479845
-0.0478402
-0.0441781
-0.0405054
-0.0400241
-0.0435166
-0.0515383
-0.0657818
-0.0850163
-0.102611
-0.110102
-0.103901
-0.0874947
-0.0692102
-0.0528616
-0.154123
-0.118261
-0.0898184
-0.0694987
-0.0558035
-0.0474776
-0.0448084
-0.0469942
-0.0501041
-0.0499547
-0.0460878
-0.0421367
-0.0413385
-0.0444827
-0.0520904
-0.0658269
-0.0844622
-0.10146
-0.108535
-0.102278
-0.0861967
-0.0684087
-0.0525273
-0.153135
-0.117694
-0.0896861
-0.0697757
-0.0564458
-0.0485092
-0.0463023
-0.0489203
-0.052278
-0.0521172
-0.0480321
-0.0437837
-0.0426486
-0.0454258
-0.0526033
-0.0658197
-0.0838492
-0.100253
-0.106925
-0.100631
-0.0848876
-0.0676027
-0.0521921
-0.152101
-0.117108
-0.0895512
-0.0700615
-0.0571063
-0.0495705
-0.0478379
-0.0508968
-0.0545044
-0.054326
-0.0500094
-0.0454448
-0.043953
-0.0463451
-0.0530769
-0.0657609
-0.0831789
-0.0989926
-0.105275
-0.0989604
-0.083568
-0.0667921
-0.0518557
-0.151022
-0.116501
-0.0894123
-0.0703546
-0.0577832
-0.0506601
-0.0494137
-0.0529218
-0.0567813
-0.0565794
-0.0520176
-0.0471182
-0.0452503
-0.0472398
-0.0535114
-0.0656519
-0.0824534
-0.0976815
-0.103588
-0.0972682
-0.0822387
-0.0659768
-0.0515178
-0.149897
-0.115873
-0.0892681
-0.0706533
-0.0584752
-0.0517764
-0.051028
-0.0549934
-0.0591064
-0.0588754
-0.0540549
-0.0488022
-0.0465393
-0.0481094
-0.0539073
-0.0654938
-0.0816745
-0.0963218
-0.101865
-0.0955561
-0.0809004
-0.0651566
-0.0511781
-0.148727
-0.115223
-0.0891169
-0.0709559
-0.0591804
-0.0529177
-0.0526791
-0.0571092
-0.0614773
-0.0612116
-0.0561192
-0.0504952
-0.0478188
-0.0489535
-0.0542648
-0.065288
-0.0808445
-0.0949162
-0.100109
-0.0938259
-0.0795538
-0.0643314
-0.0508364
-0.147511
-0.114548
-0.0889572
-0.0712605
-0.059897
-0.0540822
-0.0543647
-0.0592668
-0.0638915
-0.0635853
-0.0582086
-0.0521955
-0.0490874
-0.0497715
-0.0545846
-0.0650359
-0.0799655
-0.0934672
-0.0983229
-0.0920792
-0.0781994
-0.0635012
-0.0504923
-0.146249
-0.113849
-0.0887874
-0.0715652
-0.060623
-0.0552678
-0.0560825
-0.0614635
-0.0663461
-0.0659937
-0.060321
-0.0539016
-0.0503443
-0.0505633
-0.0548673
-0.0647393
-0.07904
-0.0919777
-0.0965088
-0.0903177
-0.0768379
-0.0626657
-0.0501455
-0.144941
-0.113124
-0.0886057
-0.0718679
-0.0613565
-0.0564725
-0.0578299
-0.0636963
-0.068838
-0.0684338
-0.0624544
-0.0556119
-0.0515884
-0.0513287
-0.0551137
-0.0643998
-0.0780704
-0.0904504
-0.0946692
-0.0885431
-0.0754698
-0.0618248
-0.0497958
-0.143588
-0.112371
-0.0884104
-0.0721665
-0.0620952
-0.0576937
-0.059604
-0.0659621
-0.0713641
-0.0709028
-0.0646068
-0.0573249
-0.0528189
-0.0520675
-0.0553247
-0.0640192
-0.0770594
-0.0888882
-0.0928067
-0.0867571
-0.0740957
-0.0609784
-0.0494427
-0.142188
-0.11159
-0.0881995
-0.072459
-0.0628369
-0.0589291
-0.0614018
-0.0682573
-0.073921
-0.0733983
-0.066776
-0.0590391
-0.0540348
-0.0527798
-0.0555011
-0.0635996
-0.0760096
-0.087294
-0.0909239
-0.0849613
-0.0727162
-0.0601264
-0.049086
-0.140742
-0.110779
-0.0879714
-0.072743
-0.0635793
-0.0601759
-0.06322
-0.0705784
-0.0765052
-0.0759179
-0.0689601
-0.0607532
-0.0552355
-0.0534656
-0.0556442
-0.0631429
-0.0749237
-0.0856708
-0.0890234
-0.0831572
-0.0713317
-0.0592685
-0.0487254
-0.13925
-0.109937
-0.087724
-0.0730164
-0.0643199
-0.0614312
-0.0650552
-0.0729216
-0.079113
-0.0784588
-0.0711569
-0.0624659
-0.0564204
-0.0541253
-0.055755
-0.0626512
-0.0738046
-0.0840217
-0.0871076
-0.0813466
-0.0699427
-0.0584048
-0.0483604
-0.168667
-0.137711
-0.109063
-0.0874555
-0.0732768
-0.0650561
-0.0626921
-0.0669037
-0.0752829
-0.0817407
-0.0810164
-0.0733644
-0.0641757
-0.0575888
-0.054759
-0.0558347
-0.0621265
-0.072655
-0.0823497
-0.0851792
-0.0795309
-0.0685498
-0.057535
-0.0479909
-0.166368
-0.136126
-0.108156
-0.0871638
-0.0735218
-0.0657854
-0.0639554
-0.0687617
-0.0776583
-0.0843844
-0.0835643
-0.0755804
-0.0658816
-0.0587404
-0.0553671
-0.0558847
-0.0615713
-0.0714779
-0.0806577
-0.0832406
-0.0777116
-0.0671535
-0.056659
-0.0476163
-0.164007
-0.134495
-0.107214
-0.0868472
-0.0737491
-0.066505
-0.0652179
-0.0706251
-0.0800434
-0.0870405
-0.086146
-0.0778028
-0.0675824
-0.0598747
-0.0559501
-0.0559063
-0.0609875
-0.0702761
-0.0789488
-0.0812944
-0.0758903
-0.0657542
-0.0557768
-0.0472364
-0.161585
-0.132817
-0.106236
-0.0865037
-0.0739563
-0.0672122
-0.0664761
-0.07249
-0.0824339
-0.0897048
-0.0887377
-0.0800297
-0.069277
-0.0609915
-0.0565085
-0.0559008
-0.0603777
-0.0690525
-0.0772262
-0.0793431
-0.0740685
-0.0643523
-0.0548883
-0.0468507
-0.159104
-0.131093
-0.105221
-0.0861313
-0.074141
-0.0679042
-0.0677265
-0.074352
-0.0848253
-0.0923733
-0.0913352
-0.082259
-0.0709642
-0.0620905
-0.0570429
-0.0558697
-0.0597439
-0.0678101
-0.0754927
-0.077389
-0.0722476
-0.0629485
-0.0539933
-0.046459
-0.156566
-0.129324
-0.104169
-0.0857281
-0.0743008
-0.0685781
-0.0689655
-0.0762068
-0.0872129
-0.0950419
-0.0939359
-0.0844888
-0.0726433
-0.0631717
-0.0575539
-0.0558146
-0.0590885
-0.0665517
-0.0737513
-0.0754346
-0.0704291
-0.0615431
-0.0530919
-0.0460609
-0.153974
-0.127509
-0.103079
-0.0852925
-0.0744333
-0.069231
-0.0701894
-0.0780499
-0.089592
-0.0977063
-0.0965366
-0.0867171
-0.0743132
-0.064235
-0.0580423
-0.0557368
-0.0584139
-0.0652803
-0.072005
-0.0734823
-0.0686142
-0.0601367
-0.0521839
-0.0456559
-0.151329
-0.125649
-0.101949
-0.0848225
-0.0745362
-0.0698599
-0.0713945
-0.0798769
-0.091958
-0.100362
-0.099134
-0.0889419
-0.0759732
-0.0652805
-0.0585088
-0.0556379
-0.0577222
-0.0639985
-0.0702566
-0.0715342
-0.0668045
-0.0587298
-0.0512694
-0.0452438
-0.148635
-0.123744
-0.100778
-0.0843164
-0.074607
-0.070462
-0.0725769
-0.0816832
-0.094306
-0.103006
-0.101725
-0.0911611
-0.0776223
-0.0663082
-0.0589543
-0.0555196
-0.0570158
-0.0627092
-0.068509
-0.0695928
-0.0650011
-0.0573228
-0.0503483
-0.044824
-0.145893
-0.121796
-0.0995673
-0.0837727
-0.0746437
-0.0710343
-0.0737328
-0.0834641
-0.0966313
-0.105633
-0.104307
-0.093373
-0.0792599
-0.0673183
-0.0593795
-0.0553832
-0.0562969
-0.0614151
-0.0667648
-0.0676601
-0.0632055
-0.0559162
-0.0494207
-0.0443964
)
;

boundaryField
{
    inlet
    {
        type            zeroGradient;
    }
    outlet
    {
        type            fixedValue;
        value           nonuniform 0();
    }
    cylinder
    {
        type            zeroGradient;
    }
    top
    {
        type            symmetryPlane;
    }
    bottom
    {
        type            symmetryPlane;
    }
    frontAndBack
    {
        type            empty;
    }
    procBoundary6to5
    {
        type            processor;
        value           nonuniform List<scalar> 
205
(
-0.159869
-0.156327
-0.152743
-0.149124
-0.145473
-0.141796
-0.138098
-0.134382
-0.130655
-0.126919
-0.113382
-0.113382
-0.110287
-0.107183
-0.10407
-0.100954
-0.097838
-0.0947273
-0.0916236
-0.0885297
-0.085449
-0.0823849
-0.0793406
-0.0763197
-0.0733254
-0.0703613
-0.067431
-0.0645383
-0.0616869
-0.0588809
-0.0561242
-0.0534211
-0.0507757
-0.0481724
-0.0456202
-0.0437028
-0.0412514
-0.0388869
-0.0367459
-0.0348121
-0.032154
-0.0216858
-0.0216858
-0.0162173
-0.0106243
-0.00526428
-0.000460676
0.00376837
0.00746449
0.0106764
0.013495
0.0159618
0.0181228
0.0200131
0.0216582
0.0230785
0.0242958
0.0253354
0.0262243
0.0269826
0.0276232
0.0281459
0.0285403
0.0287951
0.0289017
0.0288565
0.0286654
0.0283415
0.0279012
0.0273646
0.0267527
0.0260862
0.0253834
0.0246606
0.0239318
0.0232084
0.0224994
0.0218118
0.0211507
0.020524
0.0199265
0.0193642
0.018838
0.0183488
0.0178949
0.0174756
0.0170899
0.0167368
0.0164149
0.0161229
0.0158593
0.0156227
0.0154118
0.0152251
0.0150616
0.0149202
0.0147998
0.0146998
0.0146196
0.0145589
0.0145178
0.0144968
0.0190772
0.0190878
0.0191088
0.0191399
0.0191816
0.0192341
0.0192981
0.0193743
0.0194633
0.0195659
0.0196829
0.0198149
0.0199625
0.0201261
0.0203059
0.0205019
0.0207136
0.0209402
0.0211804
0.0214324
0.0216934
0.02196
0.0222276
0.0224903
0.022741
0.0229706
0.023168
0.0233198
0.0234096
0.0234176
0.0233202
0.0230889
0.0226901
0.0220838
0.0212233
0.0200537
0.0185108
0.0165205
0.0139973
0.0108434
0.00694811
0.00218905
-0.00356651
-0.0104556
-0.0186066
-0.0281174
-0.0390246
-0.0512706
-0.064688
-0.0790101
-0.0740104
-0.0740104
-0.0857962
-0.0976062
-0.109188
-0.120301
-0.130732
-0.140309
-0.148875
-0.15626
-0.163164
-0.163164
-0.19853
-0.198636
-0.199224
-0.199675
-0.199887
-0.199946
-0.199887
-0.199708
-0.199411
-0.198997
-0.198472
-0.19784
-0.197104
-0.196265
-0.195328
-0.194295
-0.193168
-0.191949
-0.190641
-0.189245
-0.187764
-0.1862
-0.184554
-0.182828
-0.181025
-0.179145
-0.17719
-0.175164
-0.173066
-0.1709
-0.1709
-0.191942
-0.189083
-0.186134
-0.183099
-0.179983
-0.176791
-0.173529
-0.170201
-0.166811
-0.163366
)
;
    }
    procBoundary6to7
    {
        type            processor;
        value           nonuniform List<scalar> 
201
(
-0.042168
-0.0422368
-0.0422994
-0.0423549
-0.0424026
-0.0424418
-0.0424714
-0.0424909
-0.0424992
-0.0424956
-0.0424792
-0.0424491
-0.0424045
-0.0423447
-0.0422687
-0.0421757
-0.0420649
-0.0419356
-0.0417871
-0.0416185
-0.0414293
-0.0412187
-0.0409861
-0.0407311
-0.040453
-0.0401513
-0.0398258
-0.0394759
-0.0391014
-0.038702
-0.0382776
-0.037828
-0.0373532
-0.0368532
-0.036328
-0.035778
-0.0352036
-0.034605
-0.0339763
-0.0333105
-0.0316916
-0.0305108
-0.0294546
-0.0281542
-0.0266982
-0.0251831
-0.0236084
-0.0219466
-0.0201944
-0.0183683
-0.0164858
-0.0145612
-0.0126117
-0.01066
-0.00873078
-0.00684704
-0.00502628
-0.00327631
-0.00158981
6.04496e-05
0.00172273
0.00346189
0.00534527
0.0074206
0.00969408
0.0121124
0.0145536
0.016839
0.0187784
0.0202463
0.0212245
0.0217814
0.0220215
0.0220442
0.0219268
0.0219268
0.0215529
0.0212667
0.0209658
0.0206627
0.0203655
0.0200786
0.0198046
0.0195447
0.0192994
0.0190685
0.0188516
0.0186484
0.0184583
0.0182812
0.0181168
0.0179649
0.0178257
0.0176993
0.0175861
0.0174865
0.0174013
0.017331
0.0172767
0.0172394
0.0172201
0.020843
0.0208565
0.0208823
0.0209193
0.0209662
0.0210217
0.0210843
0.0211526
0.0212254
0.0213006
0.0213764
0.0214509
0.021522
0.0215873
0.0216439
0.0216888
0.0217186
0.0217294
0.0217165
0.0216749
0.0215988
0.0214814
0.0213149
0.0210914
0.0208023
0.0204386
0.019991
0.0194495
0.0188039
0.0180438
0.0171587
0.0161384
0.0149739
0.0136591
0.0121911
0.0105716
0.00880628
0.00690399
0.00487561
0.0027331
0.00048888
-0.00184414
-0.00425215
-0.00672018
-0.00923179
-0.0117689
-0.014312
-0.0168406
-0.0193335
-0.0217695
-0.0241285
-0.0263914
-0.0285413
-0.030564
-0.0324479
-0.0341847
-0.035769
-0.0371987
-0.0384736
-0.0396322
-0.0401842
-0.040226
-0.0401216
-0.0400622
-0.04004
-0.040026
-0.0400145
-0.0400082
-0.0400085
-0.0400151
-0.0400278
-0.0400464
-0.0400708
-0.0401009
-0.0401365
-0.0401775
-0.0402237
-0.0402749
-0.040331
-0.0403917
-0.0404569
-0.0405263
-0.0405996
-0.0406765
-0.0407569
-0.0408403
-0.0409264
-0.0410149
-0.0411054
-0.0411974
-0.0412905
-0.0413844
-0.0414783
-0.041572
-0.0416647
-0.041756
-0.0418451
-0.0419316
-0.0420147
-0.0420937
)
;
    }
}


// ************************************************************************* //
