/*--------------------------------*- C++ -*----------------------------------*\
  =========                 |
  \\      /  F ield         | OpenFOAM: The Open Source CFD Toolbox
   \\    /   O peration     | Website:  https://openfoam.org
    \\  /    A nd           | Version:  7
     \\/     M anipulation  |
\*---------------------------------------------------------------------------*/
FoamFile
{
    version     2.0;
    format      ascii;
    class       volScalarField;
    location    "180";
    object      p;
}
// * * * * * * * * * * * * * * * * * * * * * * * * * * * * * * * * * * * * * //

dimensions      [0 2 -2 0 0 0 0];

internalField   nonuniform List<scalar> 
7156
(
-0.410744
-0.405502
-0.382711
-0.343194
-0.294428
-0.245392
-0.203296
-0.171222
-0.149615
-0.137442
-0.13337
-0.136378
-0.146444
-0.164143
-0.187951
-0.212108
-0.22813
-0.22929
-0.214857
-0.189836
-0.161394
-0.135251
-0.11433
-0.0993802
-0.0901936
-0.0861863
-0.086778
-0.0920374
-0.10276
-0.11893
-0.401486
-0.396283
-0.374144
-0.335801
-0.288502
-0.240925
-0.200133
-0.169166
-0.148508
-0.137173
-0.133866
-0.13761
-0.148456
-0.167008
-0.19163
-0.216364
-0.232535
-0.233373
-0.218288
-0.19249
-0.163314
-0.136553
-0.115136
-0.0997782
-0.0902284
-0.0858751
-0.0861206
-0.0909996
-0.101272
-0.116933
-0.391763
-0.386625
-0.365189
-0.328086
-0.282317
-0.236252
-0.196806
-0.166972
-0.147283
-0.136796
-0.134259
-0.138738
-0.15036
-0.169755
-0.195181
-0.220485
-0.236804
-0.237333
-0.221613
-0.195058
-0.165166
-0.137797
-0.115892
-0.100131
-0.0902215
-0.0855242
-0.0854244
-0.0899228
-0.0997429
-0.114894
-0.381605
-0.37655
-0.355865
-0.32006
-0.275879
-0.231377
-0.193313
-0.16464
-0.145935
-0.136306
-0.134541
-0.139754
-0.152147
-0.172376
-0.198593
-0.224458
-0.240929
-0.241162
-0.22483
-0.197538
-0.166946
-0.138985
-0.1166
-0.100441
-0.0901748
-0.0851359
-0.0846919
-0.0888101
-0.0981772
-0.112818
-0.371041
-0.366085
-0.346191
-0.311737
-0.269196
-0.2263
-0.189653
-0.162164
-0.14446
-0.135698
-0.134706
-0.14065
-0.153808
-0.174859
-0.201855
-0.228274
-0.244901
-0.244855
-0.227933
-0.199929
-0.168657
-0.140116
-0.11726
-0.100709
-0.0900902
-0.0847122
-0.0839256
-0.0876643
-0.0965785
-0.110708
-0.360109
-0.355314
-0.336192
-0.303133
-0.262277
-0.221027
-0.185828
-0.159544
-0.142855
-0.134966
-0.134749
-0.141419
-0.155334
-0.177194
-0.204956
-0.231923
-0.248711
-0.248407
-0.23092
-0.202227
-0.170296
-0.141191
-0.117873
-0.100937
-0.0899697
-0.0842554
-0.0831281
-0.0864885
-0.0949503
-0.108569
-0.348854
-0.344163
-0.325888
-0.294263
-0.255131
-0.215562
-0.181837
-0.156778
-0.141115
-0.134106
-0.134663
-0.142055
-0.156717
-0.179373
-0.207888
-0.235395
-0.252353
-0.251812
-0.233788
-0.204433
-0.171865
-0.142211
-0.118441
-0.101126
-0.089815
-0.0837678
-0.0823018
-0.0852857
-0.0932963
-0.106404
-0.337311
-0.332724
-0.315308
-0.285145
-0.247769
-0.209909
-0.177681
-0.153864
-0.139239
-0.133112
-0.134442
-0.14255
-0.157949
-0.181385
-0.210639
-0.238682
-0.25582
-0.255065
-0.236533
-0.206545
-0.173363
-0.143177
-0.118966
-0.101278
-0.0896284
-0.0832515
-0.0814494
-0.0840589
-0.09162
-0.104219
-0.325508
-0.321037
-0.304478
-0.275798
-0.240202
-0.204075
-0.173364
-0.150802
-0.137223
-0.131982
-0.134082
-0.142899
-0.159023
-0.183224
-0.213202
-0.241775
-0.259103
-0.258161
-0.239154
-0.208562
-0.174789
-0.144089
-0.119448
-0.101395
-0.0894117
-0.0827089
-0.0805733
-0.082811
-0.0899249
-0.102018
-0.313504
-0.309137
-0.293427
-0.266243
-0.232442
-0.198066
-0.168886
-0.147592
-0.135065
-0.130711
-0.133577
-0.143095
-0.159931
-0.184879
-0.215567
-0.244666
-0.262198
-0.261096
-0.241647
-0.210482
-0.176145
-0.144949
-0.11989
-0.101478
-0.089167
-0.0821423
-0.0796762
-0.0815449
-0.0882145
-0.0998028
-0.301334
-0.297063
-0.282183
-0.256499
-0.224503
-0.19189
-0.164252
-0.144233
-0.132763
-0.129296
-0.132923
-0.143132
-0.160667
-0.186345
-0.217728
-0.247349
-0.265099
-0.263867
-0.244011
-0.212307
-0.177431
-0.145757
-0.120292
-0.10153
-0.0888963
-0.0815538
-0.0787605
-0.0802635
-0.0864922
-0.097579
-0.288996
-0.284878
-0.270778
-0.246589
-0.216399
-0.185554
-0.159465
-0.140727
-0.130316
-0.127735
-0.132116
-0.143006
-0.161225
-0.187615
-0.219678
-0.249816
-0.267799
-0.266469
-0.246243
-0.214034
-0.178648
-0.146515
-0.120656
-0.101553
-0.0886017
-0.0809458
-0.0778286
-0.0789695
-0.0847611
-0.09535
-0.276509
-0.272635
-0.25924
-0.236534
-0.208144
-0.179068
-0.154529
-0.137075
-0.127725
-0.126025
-0.131153
-0.142713
-0.161599
-0.188682
-0.221409
-0.252062
-0.270296
-0.2689
-0.248343
-0.215663
-0.179794
-0.147224
-0.120984
-0.101547
-0.0882851
-0.0803204
-0.0768831
-0.0776658
-0.0830245
-0.0931193
-0.264267
-0.260044
-0.247601
-0.226359
-0.199753
-0.17244
-0.149449
-0.133279
-0.124987
-0.124163
-0.13003
-0.142248
-0.161785
-0.189541
-0.222916
-0.254082
-0.272584
-0.271156
-0.250308
-0.217195
-0.180873
-0.147885
-0.121278
-0.101515
-0.0879486
-0.0796799
-0.0759264
-0.0763549
-0.0812854
-0.0908904
-0.252001
-0.24748
-0.235887
-0.216085
-0.191242
-0.165681
-0.144232
-0.129341
-0.122104
-0.12215
-0.128746
-0.141608
-0.161779
-0.190188
-0.224195
-0.255871
-0.27466
-0.273236
-0.252137
-0.218629
-0.181883
-0.148499
-0.121539
-0.101459
-0.0875942
-0.0790264
-0.0749607
-0.0750395
-0.0795468
-0.0886666
-0.239762
-0.234965
-0.224116
-0.205736
-0.182626
-0.1588
-0.138882
-0.125265
-0.119075
-0.119983
-0.127297
-0.140791
-0.161576
-0.190618
-0.225242
-0.257426
-0.276521
-0.275137
-0.253829
-0.219965
-0.182826
-0.149068
-0.121768
-0.101381
-0.0872238
-0.0783619
-0.0739884
-0.0737221
-0.0778116
-0.0864512
-0.227612
-0.222511
-0.212357
-0.195335
-0.173923
-0.151809
-0.133406
-0.121053
-0.115904
-0.117663
-0.125683
-0.139793
-0.161175
-0.19083
-0.226054
-0.258745
-0.278165
-0.276858
-0.255385
-0.221203
-0.183703
-0.149593
-0.121968
-0.101282
-0.0868394
-0.0776888
-0.0730117
-0.0724051
-0.0760824
-0.0842472
-0.215595
-0.21015
-0.200581
-0.184906
-0.165148
-0.144719
-0.127812
-0.116711
-0.11259
-0.11519
-0.123903
-0.138613
-0.160574
-0.190819
-0.226628
-0.259824
-0.27959
-0.278398
-0.256802
-0.222344
-0.184515
-0.150076
-0.12214
-0.101165
-0.0864428
-0.0770088
-0.0720328
-0.0710909
-0.074362
-0.0820575
-0.203753
-0.19791
-0.188766
-0.174473
-0.156319
-0.137541
-0.122107
-0.112242
-0.109137
-0.112564
-0.121955
-0.137251
-0.15977
-0.190586
-0.226963
-0.260662
-0.280795
-0.279755
-0.258081
-0.223389
-0.185263
-0.150517
-0.122285
-0.10103
-0.086036
-0.076324
-0.0710538
-0.0697818
-0.0726528
-0.0798849
-0.192123
-0.185804
-0.177049
-0.164063
-0.147451
-0.130287
-0.116299
-0.107652
-0.105547
-0.109786
-0.119841
-0.135706
-0.158764
-0.190129
-0.227058
-0.261259
-0.281779
-0.280929
-0.259222
-0.224336
-0.185947
-0.150918
-0.122406
-0.10088
-0.0856207
-0.0756363
-0.0700768
-0.0684799
-0.0709572
-0.077732
-0.180741
-0.173906
-0.165427
-0.153698
-0.138562
-0.122969
-0.110396
-0.102945
-0.101823
-0.106858
-0.117561
-0.133978
-0.157556
-0.189449
-0.226913
-0.261616
-0.282541
-0.28192
-0.260224
-0.225188
-0.186568
-0.15128
-0.122503
-0.100717
-0.0851987
-0.0749476
-0.0691037
-0.0671874
-0.0692774
-0.0756012
-0.169636
-0.162187
-0.15399
-0.143398
-0.129668
-0.1156
-0.104407
-0.098128
-0.0979687
-0.103782
-0.115117
-0.132068
-0.156145
-0.188546
-0.226529
-0.261732
-0.283084
-0.282729
-0.261089
-0.225945
-0.187129
-0.151606
-0.122579
-0.100542
-0.0847718
-0.0742597
-0.0681364
-0.0659062
-0.0676157
-0.0734949
-0.150711
-0.142752
-0.133182
-0.120785
-0.10819
-0.0983405
-0.093206
-0.0939879
-0.10056
-0.112509
-0.129977
-0.154535
-0.187422
-0.225909
-0.261609
-0.283406
-0.283355
-0.261816
-0.226607
-0.187629
-0.151895
-0.122635
-0.100356
-0.0843415
-0.0735742
-0.0671768
-0.0646382
-0.0659741
-0.0714152
-0.139506
-0.131724
-0.123069
-0.111931
-0.100752
-0.0922054
-0.0881857
-0.0898849
-0.0971953
-0.10974
-0.127707
-0.152726
-0.186079
-0.225053
-0.261249
-0.28351
-0.283799
-0.262405
-0.227176
-0.188071
-0.15215
-0.122672
-0.100162
-0.0839096
-0.0728928
-0.0662265
-0.0633853
-0.0643545
-0.0693643
-0.128614
-0.120907
-0.113071
-0.10312
-0.0932981
-0.0860108
-0.0830737
-0.0856644
-0.0936916
-0.106812
-0.125261
-0.150722
-0.184521
-0.223966
-0.260655
-0.283398
-0.284063
-0.262859
-0.227651
-0.188454
-0.152372
-0.122692
-0.0999612
-0.0834775
-0.0722171
-0.0652872
-0.0621492
-0.0627586
-0.0673438
-0.118066
-0.110318
-0.103181
-0.0943655
-0.0858393
-0.0797659
-0.0778768
-0.0813315
-0.0900523
-0.10373
-0.122642
-0.148526
-0.182751
-0.222652
-0.259831
-0.283071
-0.284147
-0.263177
-0.228035
-0.188781
-0.152561
-0.122696
-0.0997544
-0.0830467
-0.0715486
-0.0643606
-0.0609315
-0.0611883
-0.0653557
-0.107887
-0.0999794
-0.0935198
-0.0856825
-0.0783871
-0.0734797
-0.0726019
-0.0768913
-0.0862818
-0.100496
-0.119854
-0.146141
-0.180774
-0.221114
-0.25878
-0.282534
-0.284054
-0.26336
-0.228328
-0.189052
-0.15272
-0.122686
-0.0995434
-0.0826188
-0.0708886
-0.063448
-0.0597337
-0.059645
-0.0634015
-0.0981012
-0.0899151
-0.0838978
-0.0770845
-0.0709525
-0.0671613
-0.0672561
-0.0723494
-0.0823845
-0.0971155
-0.1169
-0.143573
-0.178595
-0.219357
-0.257507
-0.281788
-0.283786
-0.26341
-0.22853
-0.189268
-0.15285
-0.122662
-0.0993296
-0.0821949
-0.0702386
-0.0625508
-0.0585572
-0.0581303
-0.0614827
-0.0887321
-0.0801543
-0.0744114
-0.0685901
-0.0635464
-0.0608197
-0.0618466
-0.0677116
-0.0783654
-0.0935917
-0.113786
-0.140827
-0.176218
-0.217389
-0.256017
-0.280837
-0.283343
-0.263327
-0.228643
-0.189431
-0.152951
-0.122627
-0.0991143
-0.0817766
-0.0695998
-0.0616705
-0.0574035
-0.0566455
-0.0596007
-0.0798012
-0.0707255
-0.065188
-0.0602151
-0.0561791
-0.0544634
-0.0563807
-0.062984
-0.0742296
-0.0899299
-0.110515
-0.137907
-0.17365
-0.215213
-0.254316
-0.279686
-0.28273
-0.263113
-0.228669
-0.189541
-0.153026
-0.122581
-0.0988986
-0.0813649
-0.0689735
-0.0608081
-0.0562738
-0.055192
-0.0577568
-0.0713289
-0.0616542
-0.0562446
-0.0519695
-0.0488614
-0.0481013
-0.0508657
-0.0581727
-0.0699827
-0.0861354
-0.107094
-0.13482
-0.170897
-0.212838
-0.252409
-0.278339
-0.281948
-0.26277
-0.228607
-0.1896
-0.153074
-0.122526
-0.0986839
-0.080961
-0.0683606
-0.0599648
-0.0551691
-0.0537708
-0.0559522
-0.0633354
-0.0529611
-0.0475591
-0.0438671
-0.0416044
-0.0417417
-0.0453089
-0.0532842
-0.0656305
-0.0822138
-0.103529
-0.131572
-0.167967
-0.21027
-0.250303
-0.2768
-0.280999
-0.262298
-0.228458
-0.189609
-0.153097
-0.122462
-0.0984713
-0.0805661
-0.0677623
-0.0591417
-0.0540907
-0.0523831
-0.0541879
-0.0558459
-0.0446655
-0.0391343
-0.0359302
-0.0344191
-0.035393
-0.0397177
-0.048325
-0.0611792
-0.0781711
-0.0998246
-0.128169
-0.164866
-0.207516
-0.248004
-0.275074
-0.279888
-0.261699
-0.228225
-0.189567
-0.153096
-0.122391
-0.0982617
-0.0801812
-0.0671796
-0.0583397
-0.0530394
-0.0510299
-0.0524648
-0.057157
-0.048902
-0.0367985
-0.0309913
-0.0281678
-0.0273155
-0.0290635
-0.0340996
-0.043302
-0.0566351
-0.0740135
-0.0959884
-0.124619
-0.161601
-0.204585
-0.24552
-0.273166
-0.278615
-0.260974
-0.227907
-0.189478
-0.153072
-0.122314
-0.0980563
-0.0798074
-0.0666133
-0.0575597
-0.0520162
-0.049712
-0.050784
-0.0551037
-0.0424833
-0.0294158
-0.0231559
-0.0205485
-0.0203028
-0.0227615
-0.0284622
-0.038222
-0.0520049
-0.0697476
-0.0920269
-0.120929
-0.158181
-0.201484
-0.242858
-0.271081
-0.277185
-0.260125
-0.227505
-0.18934
-0.153026
-0.12223
-0.0978558
-0.0794454
-0.0660643
-0.0568024
-0.0510218
-0.0484303
-0.049146
-0.0530971
-0.036219
-0.0225231
-0.0156474
-0.0130937
-0.0133946
-0.0164956
-0.0228131
-0.0330921
-0.0472954
-0.0653802
-0.087947
-0.117105
-0.154612
-0.19822
-0.240025
-0.268824
-0.275599
-0.259154
-0.227021
-0.189155
-0.152958
-0.122142
-0.0976612
-0.0790961
-0.0655333
-0.0560686
-0.050057
-0.0471855
-0.0475518
-0.0511379
-0.0307487
-0.015905
-0.00848694
-0.00601031
-0.00660589
-0.0102752
-0.0171602
-0.0279198
-0.0425139
-0.0609184
-0.0837559
-0.113156
-0.150904
-0.194804
-0.23703
-0.266401
-0.273862
-0.25806
-0.226455
-0.188924
-0.15287
-0.12205
-0.0974733
-0.0787604
-0.0650211
-0.0553587
-0.0491224
-0.0459783
-0.0460019
-0.0492263
-0.0258402
-0.00981558
-0.00169656
0.0010499
4.46754e-05
-0.00411055
-0.0115119
-0.0227126
-0.0376676
-0.0563695
-0.0794612
-0.109088
-0.147063
-0.191242
-0.233879
-0.263818
-0.271975
-0.256846
-0.225807
-0.188648
-0.152762
-0.121955
-0.0972927
-0.078439
-0.0645283
-0.0546735
-0.0482186
-0.0448091
-0.0444969
-0.0473628
-0.00425178
0.00470188
0.0077799
0.0065367
0.00198755
-0.00587674
-0.0174785
-0.0327644
-0.0517412
-0.0750705
-0.104911
-0.143099
-0.187543
-0.23058
-0.261079
-0.269942
-0.255514
-0.225079
-0.188326
-0.152634
-0.121858
-0.0971203
-0.0781326
-0.0640554
-0.0540133
-0.0473459
-0.0436785
-0.0430374
-0.0455477
0.000805109
0.010686
0.0141541
0.0128589
0.00800652
-0.000264175
-0.0122257
-0.0278121
-0.0470413
-0.0705916
-0.100632
-0.139019
-0.183716
-0.227141
-0.25819
-0.267764
-0.254062
-0.224271
-0.18796
-0.152488
-0.121758
-0.0969564
-0.0778417
-0.063603
-0.0533785
-0.0465048
-0.0425869
-0.0416239
-0.0437813
0.00535258
0.0162419
0.0202072
0.0189937
0.0139319
0.00531578
-0.00696295
-0.022819
-0.0422779
-0.0660324
-0.0962578
-0.13483
-0.179769
-0.22357
-0.255156
-0.265445
-0.252494
-0.223383
-0.187549
-0.152323
-0.121656
-0.0968013
-0.0775666
-0.0631714
-0.0527692
-0.0456953
-0.0415345
-0.0402566
-0.0420638
0.00938544
0.0213587
0.02594
0.0249187
0.0197482
0.010852
-0.00169964
-0.0177939
-0.0374592
-0.0614012
-0.0917975
-0.130542
-0.17571
-0.219874
-0.251981
-0.262984
-0.250809
-0.222416
-0.187094
-0.15214
-0.121553
-0.0966557
-0.0773081
-0.0627611
-0.0521859
-0.0449179
-0.0405217
-0.0389363
-0.0403956
0.0128989
0.0260234
0.0313303
0.0306102
0.0254374
0.0163319
0.00355408
-0.0127457
-0.0325941
-0.0567061
-0.0872589
-0.126162
-0.171547
-0.216058
-0.248668
-0.260383
-0.249006
-0.22137
-0.186597
-0.151942
-0.121451
-0.0965223
-0.0770683
-0.0623739
-0.0516298
-0.0441735
-0.0395493
-0.0376636
-0.0387772
0.0158901
0.0302242
0.0363569
0.0360442
0.0309795
0.0217407
0.00878676
-0.00768442
-0.0276913
-0.0519555
-0.0826494
-0.121697
-0.167286
-0.212126
-0.245216
-0.257638
-0.247085
-0.220245
-0.18606
-0.151731
-0.121353
-0.0964028
-0.0768487
-0.0620108
-0.0511013
-0.0434621
-0.0386173
-0.0364384
-0.0372085
0.0183828
0.0339699
0.0410143
0.0412264
0.0363572
0.0270638
0.0139863
-0.00262044
-0.0227605
-0.0471584
-0.0779776
-0.117154
-0.162934
-0.208085
-0.241632
-0.254758
-0.245051
-0.219044
-0.185476
-0.151495
-0.121247
-0.0962855
-0.0766394
-0.0616637
-0.0505938
-0.0427783
-0.037721
-0.035257
-0.035686
0.0204387
0.0372972
0.0453204
0.0461495
0.041559
0.0322907
0.0191428
0.00243639
-0.0178118
-0.0423256
-0.0732551
-0.112548
-0.15851
-0.203957
-0.237948
-0.251772
-0.242921
-0.217758
-0.184822
-0.151206
-0.121104
-0.0961466
-0.0764218
-0.0613189
-0.0500971
-0.0421143
-0.0368554
-0.034117
-0.0342092
0.0219967
0.0401402
0.0492097
0.0503644
0.046541
0.0373941
0.0242397
0.00747528
-0.0128532
-0.0374636
-0.0684879
-0.107884
-0.154014
-0.199736
-0.234137
-0.248643
-0.240659
-0.216377
-0.184114
-0.150899
-0.120967
-0.0960299
-0.0762357
-0.0610108
-0.0496408
-0.0414962
-0.0360441
-0.0330413
-0.0328011
0.0226416
0.0421675
0.0524194
0.0544845
0.0511406
0.0422638
0.0292095
0.0124606
-0.00789435
-0.0325536
-0.0636226
-0.103063
-0.14928
-0.195159
-0.229858
-0.245058
-0.238119
-0.214933
-0.183518
-0.150799
-0.121065
-0.0961358
-0.0762453
-0.0608691
-0.049326
-0.041004
-0.0353498
-0.0320748
-0.0314958
0.0224827
0.0435489
0.0551149
0.0581025
0.0553585
0.0468494
0.0339778
0.0173205
-0.00299145
-0.0276258
-0.0586444
-0.098003
-0.144145
-0.190023
-0.224954
-0.240962
-0.235356
-0.213526
-0.183113
-0.150942
-0.121393
-0.0964336
-0.0764047
-0.0608376
-0.0490893
-0.0405682
-0.0346939
-0.0311245
-0.0301843
0.0467721
0.0593903
0.0629441
0.0604223
0.0519125
0.038962
0.0222036
0.00174303
-0.0231371
-0.0544578
-0.0941248
-0.14063
-0.18694
-0.222292
-0.23863
-0.233386
-0.211986
-0.181919
-0.149981
-0.120569
-0.0956755
-0.0756569
-0.0600497
-0.048222
-0.039596
-0.0335783
-0.0297842
-0.0285082
0.0576853
0.0723476
0.0779945
0.0759369
0.0672385
0.0537509
0.0361228
0.0143017
-0.012908
-0.0476826
-0.0915199
-0.142241
-0.191612
-0.227841
-0.242297
-0.233467
-0.209622
-0.178159
-0.145729
-0.116396
-0.091817
-0.0721552
-0.0568448
-0.04517
-0.0365522
-0.0304847
-0.0265398
-0.0247103
0.0638139
0.0794178
0.0856378
0.0854096
0.0781885
0.0653288
0.0477196
0.0253138
-0.00304719
-0.0392121
-0.0839481
-0.13417
-0.181323
-0.214827
-0.227135
-0.219496
-0.196761
-0.167078
-0.136712
-0.109282
-0.0862116
-0.0675982
-0.0529293
-0.0416024
-0.0331152
-0.0269585
-0.0227072
-0.0203979
0.0674388
0.0843227
0.0934636
0.0931843
0.0866344
0.0742184
0.0565774
0.0336753
0.00459157
-0.0320617
-0.0764752
-0.125155
-0.17011
-0.201775
-0.213193
-0.20543
-0.183894
-0.156119
-0.127823
-0.102233
-0.0805958
-0.0629931
-0.048973
-0.0380155
-0.0296776
-0.0234795
-0.0190215
-0.0163459
0.0686751
0.0865644
0.0967693
0.0983207
0.093039
0.0814388
0.0639942
0.0407196
0.0109882
-0.0260961
-0.0701612
-0.117431
-0.160207
-0.189366
-0.199003
-0.190906
-0.170552
-0.144778
-0.118677
-0.0950277
-0.0748913
-0.0583455
-0.0450098
-0.0344472
-0.0262834
-0.0200858
-0.015478
-0.0124853
0.0675742
0.0859544
0.0970549
0.100294
0.0964945
0.0860008
0.0690733
0.0457361
0.0156524
-0.0215467
-0.0648734
-0.110179
-0.149903
-0.175812
-0.1838
-0.175672
-0.156792
-0.133251
-0.109461
-0.0877924
-0.0691699
-0.0536943
-0.041064
-0.0309202
-0.0229575
-0.0167995
-0.0120929
-0.00884015
0.0646514
0.0831255
0.0948398
0.0993217
0.0968464
0.0874957
0.0713075
0.0482942
0.0184006
-0.0182081
-0.0599546
-0.102424
-0.138536
-0.161352
-0.16786
-0.160044
-0.142904
-0.12173
-0.100287
-0.0805954
-0.0634782
-0.0490735
-0.0371611
-0.0274558
-0.019718
-0.0136332
-0.00887501
-0.00542071
0.0604272
0.0786522
0.0906548
0.0959733
0.0945517
0.0862566
0.0709587
0.0486732
0.0196037
-0.01561
-0.0549418
-0.0939626
-0.126311
-0.146217
-0.151526
-0.144341
-0.129128
-0.110379
-0.0912628
-0.0735085
-0.0578654
-0.0445172
-0.0333256
-0.0240734
-0.016581
-0.0105981
-0.00583021
-0.00222995
0.0553087
0.0730383
0.0850614
0.0908935
0.0902823
0.0829493
0.0686727
0.0474958
0.0198391
-0.0132909
-0.049601
-0.0848438
-0.113442
-0.130684
-0.135145
-0.12887
-0.115694
-0.0993504
-0.0824871
-0.0665955
-0.0523749
-0.0400561
-0.0295795
-0.0207901
-0.0135608
-0.00770411
-0.00296276
0.000732207
0.0496048
0.0667086
0.0785588
0.0846765
0.0847011
0.0782772
0.0651531
0.0454185
0.0196584
-0.0108755
-0.0437816
-0.0751284
-0.100161
-0.115116
-0.119093
-0.113931
-0.102807
-0.0887755
-0.0740424
-0.0599109
-0.0470445
-0.0357178
-0.0259427
-0.017621
-0.0106697
-0.00495948
-0.000275344
0.00346791
0.0436712
0.0600099
0.0715539
0.0778079
0.0783619
0.0728364
0.0609922
0.0429709
0.0194656
-0.00814118
-0.0374753
-0.0650247
-0.0868288
-0.0999382
-0.103739
-0.0997856
-0.0906349
-0.0787563
-0.0659941
-0.053499
-0.0419064
-0.0315264
-0.022433
-0.014579
-0.00791777
-0.00237095
0.00223066
0.00598122
0.037682
0.0532016
0.0643542
0.0706513
0.0716739
0.0670551
0.0565921
0.0404719
0.0194403
-0.00509353
-0.0308976
-0.054925
-0.0739045
-0.0855625
-0.0893915
-0.0866313
-0.0792938
-0.0693645
-0.05839
-0.0473945
-0.036987
-0.0275022
-0.0190657
-0.011675
-0.00531298
5.63315e-05
0.00455513
0.00827796
0.031786
0.0464671
0.0571807
0.0634624
0.0649121
0.0611984
0.0521656
0.0380322
0.0195456
-0.00194104
-0.0244126
-0.045275
-0.0618546
-0.0723256
-0.0762669
-0.074591
-0.0688526
-0.0606427
-0.0512613
-0.0416226
-0.0323068
-0.023662
-0.0158534
-0.00891757
-0.00286112
0.00231888
0.00669908
0.0103654
0.0260903
0.0399359
0.0501871
0.0564142
0.0582516
0.055415
0.0477963
0.0356304
0.0196289
0.00103447
-0.0183835
-0.0364442
-0.0509604
-0.0604367
-0.0644767
-0.0637157
-0.0593357
-0.0526077
-0.0446246
-0.0361998
-0.027881
-0.0200189
-0.0128066
-0.0063135
-0.000565877
0.00441496
0.00866451
0.0122517
0.0206699
0.033697
0.0434776
0.0496214
0.0518035
0.0497883
0.0435107
0.0332092
0.0195379
0.00360267
-0.0130704
-0.0286626
-0.041381
-0.0499697
-0.0540365
-0.0539958
-0.0507322
-0.0452565
-0.0384844
-0.0311355
-0.0237201
-0.0165826
-0.00993311
-0.0038676
0.00157097
0.00634464
0.0104544
0.013946
0.015575
0.0278092
0.037121
0.0431592
0.0456396
0.0443718
0.0393252
0.0307337
0.0191841
0.00563972
-0.00859602
-0.0220099
-0.0331344
-0.0408919
-0.0448922
-0.0453798
-0.0430064
-0.0385709
-0.0328361
-0.0264326
-0.0198301
-0.0133595
-0.00723839
-0.00158296
0.00354938
0.00810974
0.0120725
0.0154573
0.0108374
0.0223103
0.0311611
0.0370757
0.0398077
0.0392049
0.0352627
0.0282044
0.0185483
0.00712353
-0.00496509
-0.0164498
-0.0261428
-0.0331043
-0.0369471
-0.0377909
-0.0361075
-0.0325229
-0.0276678
-0.0220891
-0.0162134
-0.0103532
-0.00472566
0.000538967
0.00537075
0.00971375
0.0135239
0.0167949
0.00647626
0.0172227
0.025624
0.0314003
0.0343388
0.0343183
0.0313518
0.0256479
0.0176605
0.00809906
-0.00210628
-0.0118776
-0.0202837
-0.0264765
-0.0300852
-0.0311406
-0.0299764
-0.0270782
-0.0229624
-0.0180986
-0.0128691
-0.00756454
-0.00239598
0.00249826
0.00703772
0.0111616
0.0148145
0.0179678
0.00250274
0.0125576
0.0205227
0.0261486
0.0292515
0.0297342
0.0276209
0.0231026
0.0165743
0.0086398
8.35586e-05
-0.00816208
-0.0154207
-0.0208704
-0.024186
-0.0253375
-0.0245513
-0.0221991
-0.0186996
-0.0144515
-0.00979339
-0.00499205
-0.000248424
0.00429645
0.00855392
0.0124594
0.0159516
0.0189849
-0.00108143
0.00831719
0.0158603
0.021326
0.0245545
0.0254673
0.024094
0.0206073
0.0153484
0.00882877
0.00170507
-0.00532388
-0.0114192
-0.0161505
-0.0191346
-0.0202931
-0.0197705
-0.0178461
-0.0148561
-0.0111353
-0.00698003
-0.00263229
0.00171968
0.00593644
0.00992384
0.0136139
0.0169433
0.0198553
-0.00428232
0.00449608
0.0116326
0.0169301
0.020249
0.0215246
0.0207887
0.018195
0.0140371
0.00874847
0.00288188
-0.00296649
-0.00812947
-0.0121915
-0.0148245
-0.0159245
-0.0155744
-0.0139798
-0.0114074
-0.00813556
-0.00442077
-0.000480059
0.00351251
0.00742235
0.0111527
0.0146326
0.0177986
0.0205885
-0.00710936
0.00108388
0.00782948
0.0129521
0.0163295
0.0179073
0.0177164
0.0158922
0.012686
0.00846597
0.00369587
-0.00112051
-0.00544184
-0.00888353
-0.0111602
-0.0121552
-0.0119063
-0.010561
-0.00832805
-0.00543635
-0.00210568
0.00147132
0.0051355
0.00875938
0.0122462
0.0155232
0.018527
0.0211944
-0.00957594
-0.00193407
0.00443621
0.00937878
0.012786
0.0146111
0.0148826
0.0137178
0.0113313
0.00803545
0.00421953
0.000304714
-0.00326004
-0.00613142
-0.00805696
-0.00891572
-0.00871339
-0.00755185
-0.0055921
-0.00302056
-2.35112e-05
0.00322976
0.00659512
0.00995365
0.0132109
0.0162932
0.0191381
0.0216833
-0.0116989
-0.00457563
0.00143479
0.00619335
0.00960481
0.011628
0.0122878
0.0116848
0.0100016
0.00750208
0.00451514
0.00138657
-0.00150288
-0.00385313
-0.00543993
-0.00614319
-0.00594625
-0.00491578
-0.0031738
-0.000870412
0.00183801
0.00480414
0.00789867
0.0110119
0.0140536
0.0169505
0.019641
0.0220655
-0.013497
-0.00686085
-0.00119523
0.00337643
0.00676936
0.0089467
0.00992892
0.00980141
0.0087189
0.00690171
0.00462056
0.00218825
-0.000100725
-0.00197783
-0.00324326
-0.00378099
-0.00355933
-0.0026181
-0.00104777
0.00103221
0.00349184
0.00620413
0.00905407
0.0119416
0.0147816
0.0175029
0.020045
0.0223511
-0.0149895
-0.0088115
-0.00347601
0.000906898
0.00426135
0.00655371
0.00779989
0.00807167
0.00749903
0.00626666
0.00460169
0.00276471
0.00100602
-0.000444235
-0.00140907
-0.0017783
-0.00151072
-0.000625974
0.000810701
0.0027055
0.0049514
0.00743993
0.0100697
0.0127502
0.0154023
0.017958
0.0203585
0.0225499
-0.0161977
-0.0104503
-0.00543068
-0.00123742
0.00206123
0.004434
0.00589255
0.00649617
0.00635343
0.00561945
0.00448276
0.00316114
0.00186835
0.000800428
0.000113424
-8.96195e-05
0.000237966
0.00109141
0.00242542
0.00416747
0.00623031
0.00852213
0.0109543
0.0134456
0.0159235
0.0183236
0.0205898
0.0226709
-0.0171441
-0.0118006
-0.00708286
-0.00307921
0.00014873
0.00257158
0.00419698
0.00507311
0.00529006
0.00497654
0.00429187
0.00341556
0.00252968
0.00180178
0.00136878
0.00132572
0.00172177
0.00256281
0.00381917
0.00543576
0.00734221
0.00946148
0.0117168
0.0140358
0.0163525
0.0186072
0.0207465
0.0227224
-0.0178503
-0.0128856
-0.00845619
-0.00464124
-0.00149657
0.000949921
0.00270221
0.00379895
0.00431421
0.00435436
0.00405284
0.00355903
0.00302675
0.00259918
0.00239603
0.00250399
0.00297254
0.00381495
0.00501357
0.00652748
0.00830058
0.0102688
0.0123661
0.0145287
0.016697
0.0188161
0.0208362
0.0227121
-0.018338
-0.0137283
-0.00957397
-0.00594595
-0.00289495
-0.000447664
0.00139666
0.00266858
0.00342834
0.00376347
0.0037849
0.00361754
0.0033907
0.00322653
0.00322934
0.00347747
0.00401916
0.00487251
0.006029
0.00745908
0.00911859
0.0109547
0.0129112
0.0149322
0.0169643
0.0189574
0.0208657
0.0226473
-0.018628
-0.014351
-0.0104589
-0.00701531
-0.00406638
-0.00163777
0.000268472
0.00167583
0.00263289
0.00321158
0.00350349
0.00361273
0.00364791
0.00371302
0.00389859
0.00427483
0.0048877
0.00575821
0.00688456
0.00824625
0.00980904
0.0115298
0.0133609
0.0152539
0.0171612
0.0190378
0.0208417
0.0225344
-0.0187407
-0.0147751
-0.0111327
-0.00787037
-0.00503019
-0.00263684
-0.000694544
0.0008139
0.00192723
0.00270452
0.00322081
0.00356249
0.00382069
0.00408371
0.00442982
0.00492148
0.00560168
0.00649285
0.00759807
0.00890388
0.0103842
0.0120041
0.0137238
0.0155012
0.0172947
0.0190638
0.0207704
0.0223796
-0.0186954
-0.0150212
-0.0116161
-0.00853123
-0.00580493
-0.00346068
-0.00150489
7.53321e-05
0.00130978
0.0022464
0.00294648
0.00348158
0.00392788
0.00436013
0.00484575
0.00543989
0.0061822
0.00709544
0.00818602
0.00944596
0.0108558
0.0123875
0.0140081
0.0156814
0.0173712
0.0190413
0.0206576
0.0221884
-0.0185102
-0.0151087
-0.0119289
-0.00901702
-0.00640828
-0.00412455
-0.00217326
-0.000547359
0.000777834
0.00183961
0.00268801
0.00338208
0.00398529
0.00456069
0.00516609
0.00584989
0.00664817
0.00758322
0.00866366
0.00988561
0.0112349
0.0126894
0.0142218
0.0158015
0.0173967
0.0189759
0.0205085
0.021966
-0.0182023
-0.0150556
-0.0120897
-0.00934583
-0.006857
-0.00464291
-0.00271243
-0.00106139
0.000327975
0.00148525
0.00245106
0.00327383
0.00400619
0.00470113
0.00540797
0.00616892
0.00701645
0.00797185
0.00904498
0.010235
0.011532
0.0129186
0.0143725
0.0158678
0.0173773
0.018873
0.0203282
0.0217172
-0.0177877
-0.0148791
-0.0121158
-0.00953476
-0.00716734
-0.00502844
-0.00313193
-0.00147446
-4.37941e-05
0.00118345
0.00223981
0.00316472
0.00400161
0.0047948
0.00558618
0.0064123
0.00730208
0.00827543
0.00934279
0.0105055
0.0117568
0.0130835
0.0144674
0.0158867
0.0173182
0.0187375
0.0201211
0.0214461
-0.0172812
-0.0145949
-0.0120235
-0.0095994
-0.00734847
-0.00529457
-0.00344264
-0.00179455
-0.000341796
0.000933528
0.00205718
0.00306102
0.00398068
0.00485304
0.00571347
0.0065934
0.00751836
0.00850663
0.00956872
0.0107074
0.0119185
0.013192
0.0145132
0.015864
0.0172246
0.0185739
0.0198913
0.0211568
-0.0166963
-0.0142174
-0.0118283
-0.00955393
-0.00742354
-0.00545427
-0.00365524
-0.00202924
-0.000570569
0.00073415
0.00190504
0.00296761
0.00395091
0.00488541
0.00580078
0.0067239
0.00767706
0.00867681
0.00973332
0.0108503
0.0120255
0.0132514
0.0145162
0.0158051
0.0171012
0.0183865
0.0196428
0.0208526
-0.0160454
-0.0137597
-0.0115466
-0.00941268
-0.00739962
-0.00551851
-0.00377936
-0.00218585
-0.000734794
0.000583469
0.0017844
0.00288822
0.00391838
0.00489989
0.00585748
0.00681392
0.00778853
0.00879606
0.00984612
0.0109429
0.0120855
0.0132685
0.0144825
0.0157152
0.0169526
0.018179
0.019379
0.020537
-0.0153396
-0.0132312
-0.0111655
-0.0091845
-0.00728862
-0.00549799
-0.00382399
-0.00227141
-0.000839201
0.000479254
0.00169558
0.00282557
0.00388797
0.00490313
0.0058915
0.00687221
0.00786184
0.00887338
0.00991565
0.0109931
0.0121056
0.0132495
0.0144173
0.015599
0.0167827
0.0179552
0.019103
0.0202126
-0.0145911
-0.0126504
-0.0107404
-0.00888719
-0.00710301
-0.00540297
-0.0037977
-0.0022927
-0.000888521
0.000418986
0.0016383
0.00278155
0.00386352
0.0049006
0.00590955
0.0069063
0.0079049
0.00891667
0.00994955
0.0110079
0.0120923
0.0132002
0.0143257
0.0154607
0.0165953
0.0177181
0.0188177
0.0198822
-0.0138087
-0.0120245
-0.0102576
-0.00852879
-0.00685269
-0.00524263
-0.0037085
-0.00225617
-0.000887425
0.000399937
0.00161183
0.00275735
0.00384798
0.00489675
0.00591724
0.00692258
0.00792457
0.00893289
0.00995459
0.0109938
0.0120515
0.0131258
0.0142124
0.0153045
0.0163938
0.0174709
0.0185257
0.0195481
-0.0130005
-0.0113611
-0.00972806
-0.00811836
-0.00654671
-0.00502545
-0.00356384
-0.00216795
-0.000840486
0.000419237
0.00161506
0.00275358
0.00384353
0.00489513
0.00591923
0.00692651
0.00792674
0.00892811
0.00993675
0.0109564
0.0119882
0.0130311
0.0140814
0.0151339
0.0161815
0.0172162
0.0182295
0.0192124
-0.0121745
-0.0106689
-0.00916068
-0.00766432
-0.00619337
-0.0047592
-0.00337064
-0.00203384
-0.000752147
0.000473932
0.00164658
0.00277035
0.00385173
0.00489854
0.00591932
0.00692263
0.00791645
0.0089076
0.00990129
0.0109008
0.0119074
0.0129203
0.0139367
0.0149522
0.0159611
0.0169565
0.017931
0.0188769
-0.0113372
-0.00995568
-0.00856383
-0.00717469
-0.00580029
-0.00445106
-0.00313535
-0.00185929
-0.000626699
0.000561027
0.00170476
0.0028074
0.00387357
0.0049091
0.00592058
0.00691474
0.00789799
0.00887589
0.00985278
0.0108315
0.0118131
0.0127972
0.0137816
0.0147626
0.0157353
0.016694
0.0176323
0.0185435
-0.0104946
-0.00922805
-0.00794487
-0.00665674
-0.00537449
-0.0041076
-0.00286391
-0.00164944
-0.000468268
0.000677526
0.00178778
0.0028641
0.00390956
0.00492836
0.00592542
0.00690594
0.00787493
0.00883683
0.00979516
0.0107523
0.0117091
0.0126654
0.0136192
0.0145675
0.0155064
0.0164308
0.0173352
0.0182136
-0.00965218
-0.00849187
-0.00730997
-0.00611688
-0.00492231
-0.00373487
-0.00256186
-0.00140909
-0.000280798
0.000820456
0.00189373
0.00293958
0.00395984
0.00495738
0.00593572
0.00689873
0.00785024
0.00879369
0.00973184
0.0106665
0.0115986
0.0125276
0.0134522
0.0143696
0.0152765
0.0161685
0.017041
0.0178886
-0.00881454
-0.00775236
-0.00666473
-0.00556089
-0.00444951
-0.00333838
-0.00223427
-0.00114274
-6.80506e-05
0.0009869
0.00202059
0.00303274
0.00402423
0.00499679
0.00595282
0.00689506
0.00782632
0.00874916
0.00966566
0.0105772
0.0114843
0.0123867
0.0132829
0.0141708
0.0150474
0.0159089
0.0167512
0.0175697
-0.00798585
-0.00701421
-0.0060142
-0.00499399
-0.00396129
-0.00292316
-0.00188583
-0.000854569
0.000166407
0.00117401
0.00216628
0.00314233
0.00410224
0.00504687
0.00597766
0.00689644
0.00780511
0.00870549
0.00959904
0.0104867
0.0113688
0.0122448
0.0131136
0.0139732
0.0148209
0.0156534
0.0164671
0.0172578
-0.00716977
-0.00628154
-0.00536283
-0.00442081
-0.00346234
-0.00249378
-0.00152085
-0.000548486
0.000419197
0.00137902
0.00232872
0.00326697
0.00419321
0.0051076
0.00601083
0.00690393
0.00778809
0.00866445
0.00953394
0.0103971
0.011254
0.012104
0.012946
0.0137782
0.0145982
0.0154031
0.0161896
0.0169541
-0.00636941
-0.00555797
-0.00471457
-0.0038455
-0.00295688
-0.00205439
-0.00114326
-0.000228107
0.000687135
0.00159926
0.00250583
0.00340516
0.00429626
0.00517871
0.00605258
0.00691827
0.00777636
0.00862744
0.00947194
0.01031
0.0111416
0.0119658
0.0127816
0.0135873
0.0143807
0.0151592
0.0159198
0.0166592
-0.00558748
-0.00484664
-0.00407289
-0.00327177
-0.00244869
-0.00160875
-0.00075669
0.000103218
0.000967225
0.00183217
0.00269553
0.00355538
0.00441038
0.00525969
0.0061029
0.00693988
0.00777072
0.00859551
0.0094143
0.0102269
0.011033
0.0118317
0.0126218
0.0134018
0.0141695
0.0149226
0.0156584
0.0163738
-0.0048263
-0.00415025
-0.00344083
-0.00270287
-0.00194117
-0.00116026
-0.000364426
0.000442388
0.00125666
0.00207531
0.00289579
0.00371604
0.00453446
0.0053499
0.00616156
0.00696892
0.00777162
0.00856941
0.00936196
0.0101488
0.0109294
0.0117028
0.0124677
0.0132225
0.0139654
0.0146941
0.0154061
0.0160986
-0.00408784
-0.00347116
-0.00282107
-0.00214173
-0.00143735
-0.000711982
3.05189e-05
0.000786545
0.0015528
0.00232634
0.00310463
0.00388553
0.00466729
0.00544852
0.00622814
0.0070053
0.00777932
0.00854961
0.00931558
0.0100765
0.0108317
0.0115799
0.01232
0.0130504
0.0137692
0.0144744
0.0151635
0.015834
-0.00337377
-0.00281147
-0.00221598
-0.00159092
-0.000939959
-0.000266696
0.000425401
0.00113305
0.00185319
0.00258304
0.00332012
0.00406226
0.00480762
0.00555466
0.00630207
0.00704877
0.00779383
0.00853638
0.0092756
0.0100106
0.0107404
0.0114638
0.0121796
0.0128861
0.0135816
0.0142639
0.014931
0.0155804
-0.00268553
-0.00217294
-0.00162762
-0.00105271
-0.000451402
0.000173108
0.000817726
0.00147948
0.00215555
0.00284331
0.00354038
0.00424463
0.00495415
0.00566731
0.00638265
0.00709892
0.00781496
0.00852975
0.00924223
0.00995138
0.0106561
0.011355
0.0120469
0.0127301
0.0134028
0.0140632
0.0147091
0.0153381
-0.00202427
-0.00155704
-0.00105774
-0.000529075
2.6163e-05
0.000605182
0.00120522
0.0018236
0.00245773
0.00310517
0.00376364
0.00443108
0.00510557
0.00578541
0.00646908
0.00715517
0.00784241
0.00852959
0.00921554
0.00989906
0.0105789
0.0112538
0.0119223
0.0125827
0.0132334
0.0138725
0.0144979
0.0151073
-0.00139093
-0.00096502
-0.000507876
-2.17949e-05
0.000490818
0.00102751
0.00158582
0.00216335
0.00275774
0.00336673
0.00398818
0.00462006
0.00526054
0.00590787
0.00656048
0.00721689
0.00787572
0.00853565
0.00919539
0.00985365
0.0105091
0.0111604
0.0118059
0.0124442
0.0130736
0.013692
0.0142976
0.0148883
-0.000786319
-0.000397996
2.06193e-05
0.000467589
0.000940854
0.00143826
0.00195765
0.00249686
0.00305375
0.00362624
0.00421233
0.0048101
0.00541774
0.00603355
0.00665591
0.00728332
0.00791432
0.00854751
0.00918154
0.00981503
0.0104466
0.0110748
0.011698
0.0123148
0.0129234
0.0135219
0.0141085
0.0146811
-0.000211114
0.000143089
0.000526572
0.000937708
0.00137475
0.00183581
0.002319
0.00282238
0.00334403
0.00388204
0.00443454
0.00499974
0.00557587
0.00616129
0.00675439
0.00735364
0.00795756
0.0085647
0.00917364
0.00978296
0.0103912
0.0109969
0.0115986
0.0121945
0.012783
0.0133623
0.0139306
0.0144859
0.000334131
0.000657421
0.00100895
0.00138735
0.00179113
0.00221868
0.00266831
0.00313832
0.00362698
0.00413256
0.00465332
0.00518757
0.00573365
0.00628996
0.00685492
0.00742701
0.00800473
0.00858663
0.00917124
0.00975711
0.0103428
0.0109267
0.0115074
0.0120831
0.0126523
0.0132132
0.0137639
0.0143025
0.000849018
0.00114435
0.00146688
0.00181544
0.00218878
0.00258551
0.00300415
0.0034432
0.00390112
0.00437632
0.00486722
0.00537225
0.00588982
0.0064184
0.00695647
0.00750252
0.00805507
0.00861265
0.00917381
0.00973705
0.0103009
0.0108638
0.0114243
0.0119807
0.0125313
0.0130744
0.0136083
0.0141309
0.00133316
0.00160331
0.00189959
0.00222104
0.0025666
0.00293509
0.00332522
0.00373566
0.00416505
0.00461195
0.00507491
0.00555247
0.00604315
0.00654548
0.007058
0.00757925
0.00810776
0.00864208
0.00918076
0.00972231
0.0102652
0.010808
0.0113491
0.0118869
0.0124198
0.0129459
0.0134637
0.0139712
0.00178627
0.0020338
0.0023064
0.00260328
0.00292358
0.00326629
0.00363029
0.00401443
0.00441746
0.00483812
0.00527508
0.00572698
0.00619244
0.00667008
0.00715849
0.00765627
0.00816197
0.00867419
0.00919146
0.00971234
0.0102353
0.0107589
0.0112815
0.0118016
0.0123175
0.0128276
0.0133301
0.0138232
0.00220802
0.00243529
0.00268661
0.00296135
0.00325879
0.00357807
0.00391825
0.0042783
0.00465713
0.0050536
0.00546649
0.00589457
0.00633654
0.0067911
0.00725692
0.00773263
0.00821686
0.00870821
0.00920526
0.00970657
0.0102107
0.010716
0.0112212
0.0117245
0.0122244
0.0127192
0.0132072
0.0136867
0.00259811
0.00280732
0.00303962
0.00329448
0.00357134
0.00386946
0.00418803
0.00452617
0.0048829
0.00525719
0.00564797
0.00605407
0.00647432
0.00690747
0.00735227
0.00780741
0.00827156
0.00874338
0.00922146
0.00970439
0.0101907
0.010679
0.0111677
0.0116552
0.01214
0.0126205
0.0130949
0.0135617
0.00295626
0.00314946
0.00336483
0.00360197
0.00386039
0.0041395
0.00443861
0.00475693
0.00509363
0.00544777
0.00581836
0.00620437
0.00660468
0.00701813
0.00744354
0.00787967
0.00832523
0.00877891
0.00923936
0.0097052
0.010175
0.0106473
0.0111207
0.0115935
0.0120643
0.0125314
0.0129931
0.013448
0.00328211
0.00346122
0.00366165
0.00388308
0.00412512
0.00438729
0.004669
0.00496957
0.00528825
0.00562421
0.00597657
0.00634436
0.00672655
0.00712206
0.00752977
0.00794849
0.008377
0.00881403
0.00925826
0.00970836
0.0101629
0.0106205
0.0110797
0.011539
0.0119968
0.0124515
0.0129016
0.0133455
0.00357526
0.00374208
0.00392943
0.00413707
0.0043647
0.00461192
0.00487823
0.00516305
0.0054657
0.00578546
0.00612151
0.00647297
0.00683888
0.00721824
0.00760998
0.00801297
0.00842604
0.00884797
0.00927748
0.00971325
0.0101539
0.0105981
0.0110444
0.0114913
0.0119373
0.0123808
0.0128202
0.0132541
0.0038352
0.00399142
0.00416746
0.00436315
0.00457825
0.00481245
0.00506532
0.00533634
0.00562494
0.00593045
0.00625213
0.00658916
0.00694067
0.0073057
0.00768325
0.00807223
0.00847154
0.00887997
0.00929631
0.00971928
0.0101475
0.0105797
0.0110144
0.0114502
0.0118855
0.0123189
0.0127489
0.0131737
0.00406131
0.00420855
0.00437498
0.00456048
0.00476488
0.00498793
0.00522926
0.00548843
0.00576491
0.00605811
0.00636736
0.00669189
0.00703089
0.00738346
0.00774864
0.00812541
0.00851268
0.00890931
0.00931411
0.00972584
0.0101432
0.0105648
0.0109894
0.0114154
0.0118414
0.0122659
0.0126874
0.0131043
0.00425285
0.00439264
0.00455109
0.00472811
0.00492359
0.00513733
0.005369
0.00561823
0.00588454
0.00616739
0.00646616
0.00678014
0.00710856
0.00745057
0.00780526
0.00817165
0.00854869
0.00893528
0.00933025
0.00973239
0.0101404
0.010553
0.0109689
0.0113865
0.0118046
0.0122215
0.0126358
0.0130459
0.00440889
0.00454271
0.00469477
0.004865
0.00505331
0.00525954
0.00548343
0.00572464
0.00598272
0.00625719
0.00654745
0.00685286
0.00717268
0.0075061
0.00785224
0.00821015
0.00857883
0.0089572
0.00934412
0.00973841
0.0101388
0.010544
0.0109527
0.0113635
0.011775
0.0121857
0.0125941
0.0129987
0.00452829
0.00465763
0.00480485
0.00496994
0.00515283
0.00535338
0.00557136
0.00580646
0.00605829
0.00632637
0.00661015
0.00690902
0.00722226
0.00754911
0.0078887
0.00824012
0.00860239
0.00897445
0.00935519
0.00974344
0.010138
0.0105375
0.0109407
0.0113462
0.0117526
0.0121585
0.0125624
0.0129627
0.00460966
0.00473597
0.00487995
0.00504157
0.00522079
0.00541749
0.00563147
0.00586244
0.00611001
0.00637376
0.00665314
0.00694755
0.00725632
0.00757868
0.00791381
0.0082608
0.00861869
0.00898645
0.00936296
0.00974708
0.0101376
0.0105332
0.0109327
0.0113346
0.0117375
0.0121401
0.0125408
0.0129382
0.00465136
0.00477614
0.00491845
0.0050783
0.00525565
0.00545039
0.00566233
0.00589118
0.00613659
0.00639811
0.00667524
0.00696737
0.00727385
0.00759392
0.00792676
0.00827148
0.00862713
0.00899267
0.00936701
0.00974901
0.0101375
0.0105311
0.0109286
0.0113287
0.0117298
0.0121307
0.0125299
0.0129257
0.0184084
0.0182812
0.01817
0.0180752
0.017997
0.0179357
0.0178913
0.0178638
0.0178532
0.0178593
0.0178818
0.0179203
0.0179743
0.0180432
0.0181263
0.0182227
0.0183316
0.018452
0.0185827
0.0187227
0.0188708
0.0190256
0.0191859
0.0193504
0.0195176
0.0196863
0.0198552
0.0200228
0.020188
0.018361
0.0182346
0.0181244
0.0180307
0.0179539
0.017894
0.0178513
0.0178256
0.017817
0.0178252
0.0178499
0.0178907
0.0179471
0.0180184
0.018104
0.018203
0.0183144
0.0184373
0.0185705
0.018713
0.0188634
0.0190205
0.019183
0.0193495
0.0195186
0.0196891
0.0198596
0.0200287
0.0201951
0.0181435
0.0180352
0.0179438
0.0178695
0.0178126
0.0177731
0.0177511
0.0177463
0.0177586
0.0177876
0.017833
0.017894
0.0179702
0.0180607
0.0181646
0.018281
0.0184088
0.0185469
0.0186941
0.0188492
0.0190107
0.0191774
0.0193479
0.0195208
0.0196947
0.0198683
0.0200403
0.0202093
0.0180096
0.0179041
0.0178161
0.0177457
0.0176931
0.0176585
0.0176417
0.0176427
0.017661
0.0176965
0.0177485
0.0178165
0.0178998
0.0179975
0.0181087
0.0182324
0.0183675
0.0185128
0.018667
0.0188288
0.0189969
0.0191698
0.0193461
0.0195245
0.0197035
0.0198816
0.0200577
0.0202304
0.0178341
0.0177324
0.0176488
0.0175835
0.0175368
0.0175086
0.0174989
0.0175073
0.0175338
0.0175777
0.0176385
0.0177157
0.0178083
0.0179156
0.0180364
0.0181698
0.0183144
0.0184691
0.0186325
0.0188033
0.0189798
0.0191609
0.0193448
0.0195303
0.0197157
0.0198999
0.0200812
0.0202586
0.0176176
0.0175207
0.0174428
0.0173841
0.0173447
0.0173245
0.0173235
0.0173414
0.0173779
0.0174324
0.0175042
0.0175927
0.017697
0.0178161
0.0179489
0.0180942
0.0182506
0.018417
0.0185917
0.0187734
0.0189604
0.0191514
0.0193447
0.0195387
0.0197322
0.0199235
0.0201113
0.0202943
0.0173609
0.0172699
0.0171989
0.017148
0.0171174
0.017107
0.0171166
0.0171459
0.0171944
0.0172615
0.0173466
0.0174488
0.017567
0.0177002
0.0178472
0.0180067
0.0181773
0.0183574
0.0185456
0.0187402
0.0189396
0.0191423
0.0193465
0.0195507
0.0197534
0.0199531
0.0201483
0.0203379
0.0170643
0.0169802
0.0169173
0.0168758
0.0168556
0.0168567
0.0168788
0.0169214
0.0169841
0.0170661
0.0171667
0.0172848
0.0174193
0.017569
0.0177326
0.0179086
0.0180955
0.0182916
0.0184953
0.0187049
0.0189186
0.0191346
0.0193514
0.0195672
0.0197804
0.0199895
0.0201931
0.0203898
0.0167277
0.0166518
0.0165984
0.0165678
0.0165597
0.0165742
0.0166107
0.0166688
0.0167478
0.016847
0.0169653
0.0171017
0.017255
0.0174236
0.0176062
0.0178011
0.0180065
0.0182209
0.0184422
0.0186686
0.0188984
0.0191296
0.0193603
0.019589
0.0198139
0.0200334
0.0202461
0.0204508
0.0163508
0.0162844
0.0162421
0.016224
0.0162299
0.0162596
0.0163126
0.0163884
0.0164861
0.0166048
0.0167434
0.0169007
0.0170751
0.0172651
0.0174691
0.0176853
0.0179117
0.0181464
0.0183874
0.0186328
0.0188804
0.0191283
0.0193746
0.0196174
0.019855
0.0200858
0.0203084
0.0205214
0.0159333
0.0158778
0.0158482
0.0158444
0.0158662
0.0159133
0.0159851
0.0160809
0.0161997
0.0163404
0.0165019
0.0166825
0.0168807
0.0170947
0.0173227
0.0175625
0.0178123
0.0180696
0.0183325
0.0185987
0.0188659
0.0191322
0.0193953
0.0196534
0.0199048
0.0201477
0.0203807
0.0206025
0.0154747
0.0154316
0.0154164
0.0154288
0.0154687
0.0155354
0.0156283
0.0157466
0.0158891
0.0160545
0.0162415
0.0164482
0.0166729
0.0169136
0.0171681
0.0174343
0.0177097
0.0179921
0.0182789
0.0185678
0.0188565
0.0191426
0.0194239
0.0196985
0.0199644
0.0202201
0.0204639
0.0206948
0.0149741
0.0149452
0.0149463
0.014977
0.0150371
0.0151258
0.0152424
0.0153859
0.0155548
0.0157478
0.0159631
0.0161988
0.0164528
0.016723
0.0170068
0.0173019
0.0176055
0.0179152
0.0182281
0.0185418
0.0188536
0.0191611
0.0194619
0.0197539
0.0200352
0.0203041
0.0205591
0.0207991
0.0144306
0.0144178
0.0144372
0.0144886
0.0145713
0.0146847
0.0148277
0.0149991
0.0151974
0.0154209
0.0156675
0.0159353
0.0162217
0.0165242
0.0168402
0.0171669
0.0175013
0.0178406
0.0181819
0.0185223
0.0188589
0.0191892
0.0195107
0.0198211
0.0201184
0.0204009
0.0206672
0.0209162
0.0138433
0.0138486
0.0138886
0.0139629
0.014071
0.0142118
0.0143841
0.0145865
0.0148173
0.0150745
0.0153558
0.0156587
0.0159806
0.0163186
0.0166697
0.0170308
0.0173987
0.0177702
0.018142
0.018511
0.0188742
0.0192287
0.019572
0.0199015
0.0202154
0.0205117
0.0207893
0.0210471
0.0132109
0.0132365
0.0132996
0.0133996
0.0135358
0.013707
0.0139118
0.0141485
0.0144152
0.0147094
0.0150287
0.0153702
0.0157309
0.0161077
0.016497
0.0168955
0.0172996
0.0177056
0.0181102
0.0185099
0.0189013
0.0192814
0.0196474
0.0199968
0.0203275
0.0206379
0.0209265
0.0211927
0.0125322
0.0125805
0.0126693
0.0127979
0.0129653
0.0131702
0.0134108
0.0136854
0.0139914
0.0143263
0.0146873
0.015071
0.015474
0.0158929
0.0163237
0.0167626
0.0172057
0.017649
0.0180886
0.0185208
0.0189421
0.019349
0.0197387
0.0201086
0.0204565
0.0207806
0.0210799
0.0213537
0.0118058
0.0118794
0.0119968
0.0121571
0.012359
0.012601
0.0128813
0.0131973
0.0135466
0.0139261
0.0143325
0.0147622
0.0152113
0.0156758
0.0161515
0.016634
0.0171191
0.0176022
0.0180792
0.018546
0.0189986
0.0194337
0.0198479
0.0202386
0.0206036
0.0209413
0.0212506
0.0215311
0.0110302
0.011132
0.0112811
0.0114764
0.0117164
0.0119994
0.0123231
0.0126847
0.0130813
0.0135095
0.0139654
0.0144451
0.0149442
0.0154582
0.0159824
0.0165118
0.0170418
0.0175675
0.0180842
0.0185875
0.0190732
0.0195374
0.0199768
0.0203886
0.0207706
0.0211213
0.0214397
0.0217258
0.0102036
0.0103368
0.010521
0.010755
0.0110371
0.011365
0.0117363
0.0121478
0.0125962
0.0130774
0.0135873
0.0141213
0.0146745
0.0152419
0.0158182
0.0163981
0.0169762
0.0175472
0.018106
0.0186477
0.0191678
0.0196622
0.0201274
0.0205604
0.0209591
0.0213219
0.0216483
0.0219385
0.00932445
0.00949233
0.00971535
0.00999199
0.0103202
0.0106976
0.011121
0.0115871
0.0120918
0.0126308
0.0131992
0.013792
0.0144038
0.0150288
0.0156611
0.016295
0.0169244
0.0175436
0.0181469
0.018729
0.0192851
0.0198106
0.0203019
0.020756
0.0211707
0.0215446
0.0218775
0.0221699
0.00839078
0.00859705
0.00886287
0.00918641
0.00956534
0.00999675
0.0104772
0.0110027
0.0115688
0.0121706
0.0128025
0.013459
0.0141339
0.0148208
0.0155134
0.016205
0.0168891
0.0175594
0.0182096
0.018834
0.0194273
0.0199847
0.0205024
0.0209772
0.021407
0.0217908
0.0221284
0.0224209
0.00740064
0.00764928
0.0079622
0.00833726
0.00877171
0.00926225
0.00980492
0.0103952
0.0110281
0.0116979
0.0123986
0.0131238
0.0138666
0.0146202
0.0153772
0.0161304
0.0168727
0.017597
0.0182966
0.0189652
0.019597
0.020187
0.0207311
0.0212261
0.02167
0.0220617
0.0224019
0.022692
0.00635191
0.00664724
0.00701192
0.00744344
0.00793865
0.00849373
0.00910421
0.00976495
0.0104702
0.0112137
0.0119888
0.0127881
0.0136041
0.0144291
0.015255
0.016074
0.016878
0.0176594
0.0184108
0.0191254
0.019797
0.0204201
0.0209904
0.0215048
0.0219611
0.0223589
0.022699
0.0229837
0.00524237
0.00558904
0.00601049
0.00650381
0.00706539
0.00769084
0.00837509
0.00911233
0.00989611
0.0107194
0.0115746
0.0124537
0.0133483
0.0142498
0.0151494
0.0160383
0.0169077
0.0177493
0.018555
0.0193174
0.0200298
0.0206865
0.0212826
0.0218152
0.0222822
0.0226835
0.0230205
0.0232964
0.00406967
0.00447269
0.00495631
0.00551718
0.00615113
0.00685319
0.00761759
0.0084378
0.00930656
0.010216
0.0111576
0.0121226
0.0131015
0.0140848
0.0150629
0.0160261
0.0169648
0.0178698
0.0187323
0.0195442
0.0202984
0.0209888
0.0216102
0.0221595
0.022635
0.0230369
0.0233673
0.0236303
0.00283128
0.00329606
0.00384767
0.00448223
0.00519501
0.00598035
0.00683174
0.0077418
0.00870243
0.0097048
0.0107395
0.0117966
0.0128659
0.0139367
0.0149984
0.0160404
0.0170522
0.0180238
0.0189456
0.0198088
0.0206056
0.0213297
0.0219754
0.02254
0.0230212
0.0234203
0.02374
0.0239856
0.00152457
0.0020569
0.00268272
0.00339759
0.0041961
0.00507186
0.00601751
0.00702479
0.0080846
0.00918711
0.0103219
0.0114779
0.0126437
0.0138078
0.0149585
0.016084
0.017173
0.0182145
0.019198
0.0201141
0.0209543
0.0217114
0.0223808
0.0229581
0.0234425
0.0238348
0.0241391
0.024362
0.00014669
0.000752804
0.00145951
0.00226175
0.00315338
0.00412718
0.00517487
0.00628718
0.00745395
0.00866423
0.00990641
0.0111683
0.0124375
0.013701
0.0149461
0.0161601
0.0173303
0.018445
0.0194927
0.0204631
0.0213474
0.0221383
0.0228295
0.0234172
0.0239005
0.0242814
0.0245649
0.0247592
-0.00130537
-0.000618804
0.000175947
0.00107312
0.00206576
0.00314573
0.00430372
0.00552937
0.00681134
0.00813746
0.00949488
0.0108702
0.0122495
0.0136188
0.0149641
0.0162715
0.0175273
0.0187185
0.0198328
0.0208595
0.0217889
0.0226123
0.0233232
0.0239181
0.0243965
0.0247608
0.0250175
0.0251764
-0.00283483
-0.00206068
-0.00117024
-0.00017007
0.000932003
0.0021268
0.0034039
0.00475171
0.00615762
0.00760811
0.00908896
0.0105854
0.0120822
0.013564
0.0150154
0.0164214
0.017767
0.0190381
0.020222
0.0213065
0.0222808
0.0231354
0.0238641
0.024463
0.0249318
0.0252738
0.0254968
0.0256126
-0.00444511
-0.00357577
-0.00258151
-0.00146972
-0.000249251
0.0010696
0.00247516
0.00395449
0.00549357
0.00707744
0.00869036
0.0103161
0.0119379
0.0135391
0.0151028
0.0166127
0.0180525
0.0194073
0.0206632
0.0218067
0.0228256
0.0237105
0.0244546
0.0250538
0.0255078
0.0258208
0.0260022
0.0260662
-0.00613993
-0.0051673
-0.00406052
-0.00282795
-0.00147952
-2.68139e-05
0.00151713
0.0031379
0.00481992
0.00654663
0.00830069
0.0100642
0.011819
0.0135467
0.0152291
0.0168483
0.018387
0.0198291
0.0211589
0.0223623
0.0234261
0.0243402
0.025097
0.0256921
0.0261254
0.0264021
0.0265331
0.026536
-0.00792324
-0.00683869
-0.00561016
-0.00424705
-0.00276053
-0.00116355
0.000529312
0.00230202
0.00413728
0.00601681
0.00792151
0.00983176
0.0117277
0.0135893
0.0153968
0.0171311
0.0187734
0.0203062
0.0217122
0.0229765
0.0240851
0.0250268
0.0257932
0.0263794
0.0267854
0.0270172
0.0270878
0.027018
-0.00979932
-0.00859371
-0.00723361
-0.00572959
-0.00409419
-0.00234189
-0.000488968
0.00144676
0.00344613
0.00548895
0.00755423
0.00962049
0.011666
0.0136692
0.0156086
0.0174635
0.0192138
0.020841
0.0223255
0.0236517
0.0248048
0.0257723
0.0265448
0.0271169
0.0274883
0.0276658
0.0276647
0.0275097
-0.0117728
-0.0104364
-0.00893434
-0.00727842
-0.0054827
-0.00356338
-0.00153858
0.000571869
0.00274678
0.00496388
0.00720012
0.00943202
0.011636
0.0137885
0.0158666
0.0178478
0.0197106
0.0214344
0.0230005
0.0243898
0.025587
0.0265783
0.0273532
0.0279053
0.0282341
0.0283469
0.0282615
0.028007
-0.0138486
-0.0123713
-0.0107162
-0.0088967
-0.00692853
-0.00482978
-0.00262064
-0.000323119
0.00203934
0.00444221
0.00686022
0.00926775
0.0116392
0.0139491
0.0161728
0.0182861
0.0202661
0.0220906
0.0237394
0.0251926
0.0264331
0.027446
0.0282191
0.0287449
0.0290221
0.0290589
0.0288751
0.028505
-0.0160323
-0.0144031
-0.0125833
-0.0105879
-0.00843448
-0.00614318
-0.00373653
-0.00123894
0.00132367
0.00392431
0.00653532
0.0091288
0.0116769
0.0141524
0.0165286
0.0187799
0.0208815
0.0228099
0.0245433
0.0260609
0.0273439
0.0283758
0.0291427
0.0296355
0.0298516
0.0297992
0.0295008
0.0289967
-0.0183297
-0.0165372
-0.0145405
-0.0123561
-0.0100037
-0.00750601
-0.00488794
-0.00217662
0.000599344
0.00341026
0.0062259
0.00901593
0.0117503
0.0143995
0.0169352
0.0193299
0.0215574
0.0235928
0.0254126
0.0269949
0.0283194
0.0293675
0.0301235
0.030576
0.0307206
0.0305648
0.0301337
0.0294745
-0.0207472
-0.0187795
-0.0165927
-0.0142055
-0.0116399
-0.00892108
-0.00607694
-0.00313752
-0.000134414
0.00289979
0.00593207
0.0089295
0.0118596
0.0146909
0.0173929
0.0199366
0.0222942
0.0244392
0.0263469
0.027994
0.0293585
0.0304198
0.0311599
0.0315644
0.0316262
0.0313514
0.0307672
0.029929
-0.0232919
-0.0211363
-0.0187458
-0.0161412
-0.0133471
-0.0103916
-0.00730599
-0.0041234
-0.000878748
0.00239222
0.00565351
0.00886942
0.012005
0.0150266
0.0179017
0.0205997
0.0230912
0.0253482
0.0273449
0.0290564
0.0304591
0.0315304
0.0322492
0.0325976
0.0325645
0.0321533
0.0313931
0.0303491
-0.0259715
-0.0236147
-0.021006
-0.0181685
-0.0151298
-0.0119214
-0.00857799
-0.00513644
-0.00163524
0.00188645
0.00538942
0.00883506
0.0121859
0.0154059
0.0184607
0.0213178
0.0239466
0.0263176
0.0284038
0.030179
0.0316177
0.0326952
0.0333872
0.033671
0.03353
0.0329634
0.0320011
0.0307198
-0.0287943
-0.0262226
-0.0233803
-0.0202935
-0.0169932
-0.0135146
-0.00989633
-0.0061793
-0.00240594
0.00138085
0.00513844
0.00882518
0.012401
0.0158274
0.019068
0.0220889
0.0248575
0.0273442
0.0295199
0.0313572
0.0328291
0.0339086
0.0345678
0.0347782
0.0345155
0.0337723
0.0325785
0.0310234
-0.0317698
-0.0289684
-0.0258765
-0.0225231
-0.0189432
-0.0151761
-0.0112649
-0.00725514
-0.00319344
0.000873229
0.00489861
0.00883787
0.0126481
0.0162886
0.0197211
0.0229097
0.0258209
0.0284235
0.0306877
0.0325848
0.0340863
0.0351629
0.0357828
0.0359107
0.0355116
0.0345683
0.0331092
0.0312385
-0.034908
-0.0318617
-0.028503
-0.0248648
-0.0209861
-0.0169113
-0.0126883
-0.00836771
-0.0040009
0.000360804
0.0046673
0.00887042
0.0129244
0.0167864
0.020416
0.0237759
0.0268311
0.0295494
0.0319001
0.0338535
0.0353798
0.0364478
0.0370214
0.0370569
0.0365059
0.0353364
0.0335733
0.0313386
-0.0382203
-0.034913
-0.0312695
-0.027327
-0.0231293
-0.0187263
-0.0141716
-0.00952132
-0.00483209
-0.000159893
0.00444111
0.00891934
0.0132262
0.0173164
0.0211479
0.0246816
0.0278814
0.0307141
0.0331482
0.035153
0.0366979
0.0377501
0.0382695
0.0382021
0.0374822
0.0360575
0.0339453
0.0312907
-0.0417189
-0.0381337
-0.0341865
-0.0299188
-0.0253806
-0.0206278
-0.0157205
-0.010721
-0.00569145
-0.000693032
0.00421589
0.00898021
0.0135486
0.0178733
0.0219106
0.0256198
0.0289636
0.0319081
0.0344207
0.0364705
0.0380259
0.0390534
0.0395093
0.0393277
0.0384202
0.0367071
0.0341937
0.0310534
-0.0454175
-0.0415368
-0.0372654
-0.0326507
-0.027749
-0.0226235
-0.0173416
-0.0119722
-0.0065841
-0.00124354
0.0039866
0.00904769
0.0138855
0.0184504
0.0226965
0.0265818
0.0300678
0.0331198
0.0357047
0.0377905
0.039346
0.0403375
0.0407187
0.04041
0.0392939
0.0372543
0.0342783
0.0305762
-0.0493314
-0.0451363
-0.0405191
-0.0355337
-0.0302441
-0.0247216
-0.0190418
-0.0132815
-0.00751589
-0.00181716
0.00374731
0.00911538
0.0142301
0.0190397
0.0234966
0.0275575
0.0311825
0.0343361
0.0369845
0.0390952
0.0406371
0.0415784
0.0418709
0.0414199
0.0400709
0.0376594
0.0341478
0.0297947
-0.0534772
-0.0489479
-0.0439618
-0.0385804
-0.0328766
-0.0269313
-0.0208292
-0.0146556
-0.00849338
-0.00242042
0.00349117
0.0091758
0.014574
0.019632
0.0243006
0.028535
0.032294
0.0355415
0.0382423
0.0403636
0.041875
0.0427477
0.0429342
0.0423225
0.0407116
0.0378743
0.0337395
0.0286254
-0.0578735
-0.0529888
-0.0476089
-0.0418042
-0.0356581
-0.0292623
-0.0227122
-0.0161025
-0.00952393
-0.00306075
0.00321033
0.00922036
0.0149076
0.0202166
0.0250964
0.0295008
0.0333873
0.0367185
0.0394581
0.0415724
0.0430319
0.0438135
0.0438725
0.0430777
0.04117
0.0378421
0.032979
0.0269709
-0.062541
-0.0572783
-0.0514777
-0.0452202
-0.0386013
-0.0317256
-0.0247002
-0.0176305
-0.0106156
-0.00374639
0.00289591
0.00923933
0.0152202
0.0207813
0.0258705
0.0304398
0.034445
0.0378476
0.0406094
0.0426952
0.0440775
0.0447406
0.0446464
0.0436421
0.0413962
0.0375022
0.0317876
0.0247283
-0.0675026
-0.0618376
-0.0555869
-0.0488443
-0.0417199
-0.0343326
-0.0268032
-0.0192487
-0.0117773
-0.00448648
0.00253806
0.00922175
0.0154993
0.0213125
0.0266078
0.0313352
0.0354484
0.0389075
0.0416717
0.0437039
0.044979
0.0454918
0.0452144
0.0439708
0.0413414
0.0367979
0.0300946
0.0218043
-0.0727839
-0.06669
-0.0599571
-0.0526944
-0.0450286
-0.0370957
-0.0290319
-0.0209668
-0.0130184
-0.00529097
0.0021259
0.00915549
0.0157316
0.0217952
0.0272916
0.0321682
0.0363766
0.039875
0.0426187
0.0445682
0.0457015
0.0460277
0.045533
0.0440165
0.0409583
0.0356844
0.027854
0.0181374
-0.0784134
-0.0718615
-0.0646111
-0.0567894
-0.0485432
-0.040028
-0.0313974
-0.0227951
-0.0143493
-0.00617064
0.00164755
0.00902723
0.015902
0.0222128
0.0279034
0.0329189
0.0372075
0.0407258
0.043423
0.0452564
0.0462082
0.0463055
0.0455517
0.0437207
0.0401901
0.0341235
0.0250533
0.0137196
-0.0844228
-0.077381
-0.0695737
-0.0611501
-0.0522806
-0.0431434
-0.0339117
-0.0247444
-0.0157806
-0.007137
0.00109018
0.0088225
0.0159944
0.0225472
0.0284232
0.0335651
0.0379174
0.0414345
0.0440561
0.0457349
0.0464589
0.0462761
0.0452072
0.0430011
0.0389483
0.0320576
0.021694
0.00859835
-0.0908478
-0.0832802
-0.074872
-0.0657987
-0.0562587
-0.0464564
-0.036587
-0.0268261
-0.0173236
-0.00820226
0.00044007
0.00852575
0.0159913
0.0227788
0.0288294
0.0340835
0.0384815
0.0419749
0.0444878
0.0459671
0.0464083
0.0458816
0.0444205
0.04175
0.0371053
0.0293839
0.0177493
0.00283659
-0.0977282
-0.0895945
-0.0805358
-0.0707592
-0.0604964
-0.0499819
-0.0394358
-0.0290516
-0.0189902
-0.00937919
-0.000317313
0.00812042
0.0158739
0.0228864
0.0290985
0.0344498
0.0388749
0.0423195
0.0446847
0.0459113
0.0460046
0.0450564
0.043107
0.0398597
0.0345308
0.0259719
0.0131416
-0.00354263
-0.105109
-0.0963631
-0.0865975
-0.0760574
-0.0650136
-0.0537356
-0.0424711
-0.0314327
-0.020792
-0.010681
-0.00119718
0.00758909
0.0156223
0.0228475
0.029206
0.0346393
0.0390755
0.0424377
0.044608
0.0455198
0.0451922
0.0437378
0.0411998
0.037266
0.0311576
0.0217323
0.00777671
-0.0105742
-0.11304
-0.10363
-0.0930926
-0.0817208
-0.0698312
-0.0577332
-0.0457055
-0.0339809
-0.0227413
-0.0121214
-0.00221525
0.00691363
0.0152153
0.0226377
0.0291262
0.0346258
0.0390642
0.0422934
0.0442126
0.044742
0.0439216
0.0418846
0.0386763
0.0339791
0.0270228
0.0166788
0.00161202
-0.0183104
-0.121579
-0.111443
-0.10006
-0.0877788
-0.0749705
-0.0619906
-0.0491518
-0.0367078
-0.0248499
-0.0137139
-0.0033875
0.00607526
0.0146308
0.0222318
0.0288329
0.0343801
0.0387744
0.0418412
0.0434489
0.0435326
0.0421646
0.0394955
0.0355714
0.0300794
0.0222474
0.0109264
-0.0053016
-0.0267566
-0.130789
-0.119856
-0.107542
-0.0942625
-0.0804537
-0.0665237
-0.0528222
-0.0396242
-0.0271294
-0.0154721
-0.00472996
0.00505462
0.0138452
0.0216042
0.0283001
0.0338731
0.0381855
0.0410328
0.0422685
0.0418629
0.0399269
0.0366161
0.0319699
0.0256875
0.0169824
0.00463841
-0.0128335
-0.0358375
-0.140743
-0.128929
-0.115584
-0.101205
-0.0863036
-0.071348
-0.0567283
-0.0427403
-0.029591
-0.0174092
-0.00625847
0.00383188
0.0128347
0.0207297
0.0275008
0.0330699
0.0372521
0.0398162
0.0406318
0.0397281
0.0372477
0.0333261
0.027982
0.020931
0.0113691
-0.0020235
-0.0208135
-0.0454053
-0.151521
-0.138728
-0.124236
-0.108641
-0.0925428
-0.0764783
-0.0608804
-0.0460656
-0.0322449
-0.0195375
-0.00798854
0.00238689
0.0115755
0.0195832
0.0264057
0.0319304
0.0359216
0.0381397
0.0385136
0.0371462
0.0341866
0.0297147
0.0237141
0.0159221
0.00552426
-0.0089184
-0.0290648
-0.05527
-0.163214
-0.149327
-0.133551
-0.116606
-0.099194
-0.0819286
-0.065288
-0.0496078
-0.0351001
-0.0218683
-0.00993514
0.000699641
0.0100447
0.0181401
0.024982
0.0304084
0.0341373
0.0359577
0.0359046
0.0341485
0.0308024
0.0258563
0.0192496
0.0107481
-0.000460153
-0.0159296
-0.0374227
-0.0652274
-0.175919
-0.160801
-0.143586
-0.125137
-0.106279
-0.0877112
-0.0699583
-0.0533733
-0.0381642
-0.0244115
-0.0121126
-0.00124904
0.00822077
0.0163748
0.0231926
0.0284517
0.0318433
0.0332353
0.0328061
0.0307639
0.0271368
0.0217983
0.0146433
0.00547358
-0.00650987
-0.0229631
-0.0457486
-0.0750842
-0.189735
-0.173232
-0.154397
-0.13427
-0.113818
-0.0938361
-0.0748966
-0.0573663
-0.0414426
-0.0271753
-0.014534
-0.00347674
0.00608386
0.0142603
0.020996
0.0260063
0.0289892
0.0299474
0.0292222
0.0270078
0.0232057
0.0175601
0.0099265
0.000147744
-0.0125567
-0.0299334
-0.0539325
-0.0846837
-0.204759
-0.186697
-0.166039
-0.144037
-0.121828
-0.10031
-0.0801052
-0.0615887
-0.0449386
-0.0301663
-0.0172109
-0.00599867
0.00361517
0.0117672
0.018348
0.0230188
0.0255326
0.0260778
0.025154
0.0228793
0.0190029
0.0131393
0.00511121
-0.00519498
-0.0185376
-0.0367465
-0.0618648
-0.0939072
-0.221068
-0.201264
-0.17856
-0.154468
-0.130321
-0.107137
-0.085583
-0.066039
-0.0486523
-0.0333885
-0.0201524
-0.00882716
0.00079656
0.00886429
0.0152036
0.0194403
0.0214433
0.0216154
0.0205973
0.0183651
0.0145081
0.00851988
0.000192653
-0.0105434
-0.0244156
-0.0433202
-0.0694098
-0.102616
-0.2387
-0.216974
-0.191991
-0.165579
-0.139303
-0.114313
-0.0913244
-0.0707122
-0.0525812
-0.0368437
-0.0233643
-0.0119714
-0.00239006
0.00551884
0.0115184
0.0152319
0.0167061
0.0165507
0.0155393
0.0134403
0.00969238
0.00367909
-0.00484463
-0.0159103
-0.0301991
-0.0496369
-0.076467
-0.110614
-0.257629
-0.233829
-0.206339
-0.17737
-0.148766
-0.121828
-0.0973189
-0.075599
-0.0567192
-0.0405305
-0.0268487
-0.0154371
-0.0059627
0.00169687
0.00724746
0.0103594
0.0113148
0.0108779
0.00995476
0.00806417
0.00452019
-0.00139817
-0.00999661
-0.021287
-0.0358915
-0.0557289
-0.0830707
-0.117816
-0.277724
-0.251769
-0.221572
-0.189817
-0.158688
-0.12966
-0.103547
-0.0806845
-0.0610564
-0.0444439
-0.0306027
-0.0192273
-0.00993892
-0.00263504
0.00234926
0.00478775
0.0052407
0.00457388
0.00384064
0.00223255
-0.000998195
-0.00667145
-0.0151775
-0.026544
-0.0413477
-0.0615117
-0.0893121
-0.124478
-0.298674
-0.27061
-0.237605
-0.202887
-0.169052
-0.137794
-0.109991
-0.0859494
-0.0655769
-0.0485718
-0.0346157
-0.0233397
-0.0143318
-0.00749772
-0.00318243
-0.00145013
-0.00148271
-0.00245686
-0.00262599
-0.00382111
-0.0066533
-0.0119676
-0.0201979
-0.0314138
-0.0462184
-0.0666455
-0.0950729
-0.130983
-0.320282
-0.290089
-0.254163
-0.216352
-0.179702
-0.146145
-0.116619
-0.0913895
-0.0702866
-0.0529133
-0.0388689
-0.0277447
-0.0191133
-0.0128507
-0.00923347
-0.0080678
-0.00832782
-0.0103661
-0.00892495
-0.00962683
-0.0121209
-0.017126
-0.0250118
-0.0358737
-0.0504272
-0.0709474
-0.100056
-0.137117
-0.342865
-0.310815
-0.271957
-0.230835
-0.191075
-0.154941
-0.12349
-0.0969616
-0.0750972
-0.0573665
-0.0432511
-0.0323484
-0.0242581
-0.0187561
-0.0158943
-0.0151173
-0.0151134
-0.0134426
-0.0153742
-0.0160554
-0.0182135
-0.0228354
-0.0303838
-0.040976
-0.0552719
-0.0755413
-0.104503
-0.141625
-0.3515
-0.320121
-0.281112
-0.239243
-0.198464
-0.161329
-0.129058
-0.101958
-0.0797739
-0.0619559
-0.047972
-0.0373582
-0.0296685
-0.0249042
-0.0233695
-0.0242422
-0.0256337
-0.0253436
-0.0254015
-0.0246584
-0.0252652
-0.0286084
-0.0356221
-0.046437
-0.0610104
-0.0806294
-0.107533
-0.141395
-0.375556
-0.355595
-0.323406
-0.283535
-0.240912
-0.199575
-0.162099
-0.129678
-0.102578
-0.0805078
-0.0628832
-0.0491341
-0.0388177
-0.0315479
-0.0273336
-0.026315
-0.027431
-0.0287439
-0.0282862
-0.0278452
-0.0267525
-0.0271332
-0.0303802
-0.0374264
-0.0483407
-0.0630209
-0.0827434
-0.109707
-0.14341
-0.380202
-0.35873
-0.324885
-0.283596
-0.240007
-0.198174
-0.16058
-0.1283
-0.10149
-0.0797911
-0.0625686
-0.0492185
-0.0393231
-0.0325677
-0.0289652
-0.0284433
-0.0297159
-0.0308998
-0.0302967
-0.0296952
-0.0285146
-0.0288827
-0.032171
-0.0392803
-0.0502417
-0.0649962
-0.0849004
-0.1121
-0.145898
-0.38476
-0.362012
-0.32672
-0.28416
-0.239668
-0.197334
-0.159577
-0.127369
-0.100778
-0.0793819
-0.0625016
-0.0495087
-0.0400043
-0.0337248
-0.0306853
-0.0306322
-0.032099
-0.0332417
-0.0325582
-0.0317723
-0.0304667
-0.030766
-0.0340402
-0.0411694
-0.0521527
-0.0669638
-0.0870125
-0.114377
-0.148172
-0.389259
-0.36543
-0.328881
-0.285192
-0.239875
-0.197056
-0.159105
-0.126917
-0.100489
-0.0793435
-0.062761
-0.0500958
-0.0409698
-0.0351587
-0.0326648
-0.0330561
-0.0347111
-0.0358121
-0.0350187
-0.0339907
-0.0325087
-0.0326968
-0.0359265
-0.0430552
-0.0540485
-0.0689054
-0.0890784
-0.116574
-0.150326
-0.393725
-0.368813
-0.331002
-0.286195
-0.240073
-0.196792
-0.158669
-0.12652
-0.100269
-0.0793858
-0.0631108
-0.0507864
-0.0420579
-0.0367364
-0.0347947
-0.035614
-0.0374352
-0.0384713
-0.0375371
-0.0362485
-0.0345746
-0.0346401
-0.0378156
-0.0449318
-0.0559224
-0.0708144
-0.0911002
-0.118713
-0.152409
-0.398151
-0.372133
-0.333033
-0.287091
-0.240168
-0.196445
-0.158177
-0.126094
-0.100046
-0.0794469
-0.0634976
-0.051534
-0.0432258
-0.0384151
-0.0370317
-0.0382655
-0.0402372
-0.0411943
-0.0400983
-0.0385385
-0.0366625
-0.0365963
-0.0397077
-0.0467983
-0.0577727
-0.0726886
-0.0930748
-0.120789
-0.154416
-0.40252
-0.375405
-0.33502
-0.28795
-0.240242
-0.196095
-0.1577
-0.1257
-0.0998696
-0.0795654
-0.0639523
-0.0523641
-0.0444939
-0.0402094
-0.039385
-0.0410198
-0.0431295
-0.0439984
-0.0427118
-0.0408657
-0.0387745
-0.0385649
-0.0416007
-0.048652
-0.0595967
-0.074525
-0.0949986
-0.122797
-0.156342
-0.406819
-0.378626
-0.336973
-0.288796
-0.240323
-0.195773
-0.157269
-0.125365
-0.0997614
-0.0797601
-0.064491
-0.0532906
-0.0458741
-0.0421296
-0.0418635
-0.0438851
-0.0461189
-0.0468974
-0.0453778
-0.0432277
-0.0409074
-0.040543
-0.0434913
-0.0504894
-0.0613914
-0.0763209
-0.0968683
-0.124733
-0.158181
-0.411041
-0.381785
-0.338882
-0.289618
-0.240403
-0.195472
-0.156877
-0.125083
-0.0997184
-0.0800288
-0.0651132
-0.0543139
-0.0473672
-0.0441763
-0.0444676
-0.0468625
-0.0492039
-0.0498915
-0.0480929
-0.0456203
-0.0430578
-0.0425272
-0.0453763
-0.0523076
-0.063154
-0.0780731
-0.0986807
-0.126595
-0.159933
-0.415175
-0.384874
-0.340737
-0.290407
-0.240474
-0.195184
-0.156517
-0.12485
-0.0997366
-0.0803686
-0.0658171
-0.0554334
-0.0489726
-0.046349
-0.0471965
-0.0499516
-0.0523821
-0.0529527
-0.0508537
-0.0480402
-0.0452226
-0.0445147
-0.0472526
-0.0541035
-0.0648816
-0.0797789
-0.100433
-0.12838
-0.161592
-0.419212
-0.387883
-0.342535
-0.291162
-0.240535
-0.19491
-0.156191
-0.124665
-0.099816
-0.0807799
-0.0666039
-0.05665
-0.0506913
-0.048648
-0.0500505
-0.0531525
-0.0556521
-0.055943
-0.0536552
-0.0504846
-0.0473991
-0.0465026
-0.0491173
-0.0558743
-0.0665715
-0.0814355
-0.102121
-0.130084
-0.163156
-0.435321
-0.423142
-0.390804
-0.34427
-0.29188
-0.240586
-0.19465
-0.155898
-0.12453
-0.0999578
-0.0812638
-0.0674748
-0.0579653
-0.0525248
-0.0510744
-0.0530299
-0.0564656
-0.059014
-0.059114
-0.0564949
-0.0529505
-0.0495845
-0.0484881
-0.0509674
-0.057617
-0.0682211
-0.0830402
-0.103743
-0.131703
-0.164622
-0.439671
-0.426954
-0.39363
-0.345935
-0.292558
-0.240625
-0.194403
-0.15564
-0.124446
-0.100162
-0.0818209
-0.0684309
-0.0593803
-0.0544739
-0.0536288
-0.0561351
-0.0598905
-0.062466
-0.062339
-0.0593695
-0.0554352
-0.051776
-0.0504683
-0.0527999
-0.059329
-0.0698277
-0.0845903
-0.105296
-0.133236
-0.165987
-0.443891
-0.43064
-0.396349
-0.347525
-0.293193
-0.240652
-0.194169
-0.155415
-0.124411
-0.100429
-0.0824513
-0.0694728
-0.0608956
-0.0565394
-0.0563114
-0.059366
-0.0634268
-0.0660063
-0.0656183
-0.0622761
-0.0579358
-0.0539707
-0.0524402
-0.0546119
-0.0610074
-0.071389
-0.0860833
-0.106776
-0.134679
-0.167248
-0.447975
-0.434189
-0.398954
-0.349034
-0.29378
-0.240662
-0.193947
-0.155223
-0.124425
-0.100758
-0.083155
-0.0706008
-0.0625116
-0.0587218
-0.0591226
-0.0627223
-0.0670734
-0.0696323
-0.0689551
-0.0652118
-0.0604495
-0.0561658
-0.054401
-0.0564005
-0.0626496
-0.0729025
-0.0875167
-0.108182
-0.13603
-0.168402
-0.451916
-0.43759
-0.401435
-0.350454
-0.294316
-0.240656
-0.193736
-0.155063
-0.124489
-0.101149
-0.0839321
-0.0718152
-0.0642286
-0.0610216
-0.0620624
-0.0662035
-0.070829
-0.0733413
-0.0723452
-0.0681736
-0.0629735
-0.0583584
-0.0563479
-0.058163
-0.0642531
-0.0743658
-0.0888881
-0.10951
-0.137285
-0.169447
-0.455706
-0.440835
-0.403783
-0.351779
-0.294798
-0.24063
-0.193533
-0.154935
-0.124601
-0.101602
-0.0847823
-0.0731159
-0.0660467
-0.0634389
-0.0651304
-0.0698088
-0.0746918
-0.0771305
-0.0757846
-0.0711584
-0.0655047
-0.0605458
-0.0582779
-0.0598966
-0.0658155
-0.0757768
-0.0901953
-0.110758
-0.138442
-0.17038
-0.459337
-0.443913
-0.405988
-0.353002
-0.29522
-0.240582
-0.193339
-0.154837
-0.124761
-0.102115
-0.0857052
-0.0745027
-0.0679656
-0.0659736
-0.0683262
-0.073537
-0.0786598
-0.0809965
-0.0792698
-0.0741631
-0.0680404
-0.0627249
-0.0601883
-0.0615986
-0.0673343
-0.0771334
-0.0914362
-0.111924
-0.1395
-0.462798
-0.446812
-0.40804
-0.354116
-0.295577
-0.240509
-0.19315
-0.154769
-0.124967
-0.102688
-0.0867001
-0.075975
-0.0699849
-0.0686254
-0.071649
-0.0773865
-0.0827304
-0.0849358
-0.0827969
-0.0771846
-0.0705775
-0.064893
-0.0620763
-0.0632666
-0.0688075
-0.0784336
-0.0926087
-0.113006
-0.140455
-0.466078
-0.449523
-0.409929
-0.355114
-0.295867
-0.240409
-0.192966
-0.154728
-0.125219
-0.103319
-0.087766
-0.077532
-0.0721039
-0.0713938
-0.0750975
-0.0813554
-0.086901
-0.0889457
-0.0863619
-0.0802197
-0.0731131
-0.0670471
-0.0639393
-0.064898
-0.0702328
-0.0796755
-0.0937109
-0.114002
-0.141306
-0.469165
-0.452033
-0.411646
-0.355988
-0.296083
-0.240278
-0.192784
-0.154713
-0.125514
-0.104008
-0.088902
-0.0791726
-0.0743216
-0.0742779
-0.0786703
-0.0854413
-0.0911681
-0.0930249
-0.0899609
-0.0832651
-0.075644
-0.0691844
-0.0657744
-0.0664904
-0.0716083
-0.0808573
-0.0947412
-0.11491
-0.142051
-0.472045
-0.454331
-0.413181
-0.35673
-0.296221
-0.240113
-0.192601
-0.154722
-0.125851
-0.104752
-0.0901065
-0.0808953
-0.0766368
-0.0772763
-0.0823652
-0.0896413
-0.095528
-0.097171
-0.0935902
-0.0863173
-0.0781675
-0.0713022
-0.0675794
-0.0680417
-0.0729321
-0.0819775
-0.0956979
-0.115728
-0.14269
-0.474706
-0.456405
-0.414522
-0.357334
-0.296275
-0.23991
-0.192415
-0.154754
-0.126227
-0.10555
-0.091378
-0.0826986
-0.079048
-0.0803876
-0.08618
-0.0939522
-0.0999763
-0.10138
-0.0972457
-0.0893732
-0.0806803
-0.0733977
-0.0693515
-0.0695498
-0.0742026
-0.0830347
-0.0965797
-0.116456
-0.143219
-0.477132
-0.458243
-0.41566
-0.35779
-0.29624
-0.239666
-0.192224
-0.154804
-0.126642
-0.1064
-0.0927143
-0.0845804
-0.0815533
-0.0836097
-0.0901116
-0.0983703
-0.104508
-0.10564
-0.100923
-0.0924293
-0.0831795
-0.0754682
-0.0710886
-0.0710125
-0.075418
-0.0840274
-0.0973853
-0.117091
-0.143639
-0.479308
-0.459831
-0.416584
-0.358092
-0.29611
-0.239377
-0.192023
-0.154871
-0.127091
-0.107299
-0.0941134
-0.0865384
-0.0841507
-0.0869402
-0.0941568
-0.102891
-0.109117
-0.109873
-0.104618
-0.0954821
-0.085662
-0.0775111
-0.0727883
-0.0724282
-0.0765771
-0.0849546
-0.0981137
-0.117633
-0.143949
-0.48122
-0.461157
-0.417284
-0.358231
-0.29588
-0.239039
-0.19181
-0.154953
-0.127573
-0.108245
-0.0955725
-0.0885699
-0.0868376
-0.0903762
-0.0983115
-0.107511
-0.1138
-0.114198
-0.108326
-0.0985283
-0.0881251
-0.0795238
-0.0744485
-0.0737951
-0.0776785
-0.0858153
-0.098764
-0.118081
-0.144147
-0.482849
-0.462208
-0.417749
-0.358199
-0.295544
-0.238647
-0.191581
-0.155045
-0.128085
-0.109235
-0.0970889
-0.0906721
-0.0896111
-0.0939144
-0.102572
-0.112223
-0.11855
-0.118561
-0.112043
-0.101564
-0.0905656
-0.081504
-0.0760672
-0.0751115
-0.078721
-0.0866085
-0.0993355
-0.118435
-0.144235
-0.48219
-0.484179
-0.462969
-0.417968
-0.357988
-0.295096
-0.238197
-0.191333
-0.155144
-0.128622
-0.110266
-0.0986593
-0.0928415
-0.092468
-0.0975508
-0.106932
-0.117023
-0.123361
-0.12295
-0.115764
-0.104587
-0.0929809
-0.0834492
-0.0776425
-0.0763762
-0.0797038
-0.0873336
-0.0998278
-0.118694
-0.144211
-0.483714
-0.485192
-0.463427
-0.417931
-0.35759
-0.29453
-0.237683
-0.191062
-0.155247
-0.129182
-0.111333
-0.10028
-0.0950745
-0.0954046
-0.101281
-0.111387
-0.121904
-0.128227
-0.127364
-0.119484
-0.107593
-0.095368
-0.0853573
-0.0791726
-0.0775878
-0.0806259
-0.0879902
-0.10024
-0.118858
-0.144077
-0.48491
-0.485871
-0.463569
-0.417627
-0.356998
-0.29384
-0.237102
-0.190762
-0.15535
-0.129761
-0.112435
-0.101948
-0.0973673
-0.0984167
-0.1051
-0.115931
-0.126861
-0.13314
-0.131795
-0.123201
-0.110578
-0.0977243
-0.087226
-0.080656
-0.0787453
-0.0814867
-0.0885778
-0.100573
-0.118928
-0.143832
-0.485755
-0.486196
-0.46338
-0.417047
-0.356203
-0.293019
-0.236449
-0.190431
-0.155448
-0.130354
-0.113565
-0.103657
-0.0997153
-0.1015
-0.109003
-0.120557
-0.131884
-0.138093
-0.136239
-0.126908
-0.113539
-0.100047
-0.0890535
-0.0820912
-0.0798476
-0.0822857
-0.0890963
-0.100827
-0.118903
-0.143478
-0.486226
-0.48615
-0.462846
-0.41618
-0.355198
-0.292063
-0.235717
-0.190063
-0.155537
-0.130958
-0.114721
-0.105405
-0.102114
-0.104649
-0.112983
-0.125259
-0.136968
-0.14308
-0.140688
-0.130601
-0.116473
-0.102334
-0.0908379
-0.0834769
-0.080894
-0.0830226
-0.0895457
-0.101001
-0.118786
-0.143016
-0.486302
-0.485713
-0.461954
-0.415015
-0.353975
-0.290964
-0.234903
-0.189653
-0.155613
-0.131568
-0.115898
-0.107186
-0.104558
-0.107859
-0.117034
-0.130029
-0.142104
-0.148091
-0.145138
-0.134276
-0.119377
-0.104582
-0.0925774
-0.0848119
-0.0818839
-0.0836972
-0.0899261
-0.101096
-0.118575
-0.142446
-0.485959
-0.484868
-0.46069
-0.413544
-0.352526
-0.289716
-0.234
-0.189197
-0.155671
-0.132178
-0.11709
-0.108994
-0.107042
-0.111123
-0.121148
-0.134858
-0.147283
-0.153121
-0.149581
-0.137927
-0.122247
-0.10679
-0.0942704
-0.0860952
-0.0828168
-0.0843094
-0.090238
-0.101114
-0.118273
-0.141772
-0.485176
-0.483597
-0.459042
-0.411758
-0.350846
-0.288314
-0.233003
-0.188689
-0.155705
-0.132785
-0.118293
-0.110825
-0.10956
-0.114436
-0.125318
-0.139738
-0.152497
-0.158159
-0.154011
-0.141552
-0.12508
-0.108955
-0.0959155
-0.087326
-0.0836923
-0.0848594
-0.0904818
-0.101054
-0.117882
-0.140994
-0.483932
-0.481883
-0.456998
-0.409647
-0.348927
-0.286752
-0.231907
-0.188125
-0.155711
-0.133382
-0.1195
-0.112672
-0.112107
-0.117789
-0.129535
-0.144661
-0.157737
-0.1632
-0.158422
-0.145144
-0.127873
-0.111075
-0.0975115
-0.0885037
-0.0845104
-0.0853475
-0.0906581
-0.100918
-0.117402
-0.140115
-0.482206
-0.479709
-0.454545
-0.407204
-0.346762
-0.285024
-0.230707
-0.187498
-0.155683
-0.133965
-0.120707
-0.11453
-0.114675
-0.121176
-0.133792
-0.149616
-0.162993
-0.168233
-0.162809
-0.148701
-0.130623
-0.113149
-0.0990571
-0.0896276
-0.085271
-0.0857742
-0.0907678
-0.100707
-0.116835
-0.139138
-0.47998
-0.477062
-0.451675
-0.404422
-0.344346
-0.283124
-0.229396
-0.186804
-0.155616
-0.134527
-0.121907
-0.116391
-0.117257
-0.124589
-0.138078
-0.154595
-0.168254
-0.173251
-0.167164
-0.152216
-0.133328
-0.115174
-0.100551
-0.0906973
-0.0859743
-0.08614
-0.090812
-0.100423
-0.116184
-0.138064
-0.477267
-0.473927
-0.448376
-0.401293
-0.341674
-0.281048
-0.22797
-0.186037
-0.155503
-0.135063
-0.123095
-0.11825
-0.119847
-0.12802
-0.142384
-0.159585
-0.173512
-0.178246
-0.171482
-0.155687
-0.135984
-0.117148
-0.101994
-0.0917128
-0.0866206
-0.0864457
-0.0907917
-0.100067
-0.11545
-0.136897
-0.473991
-0.470292
-0.444641
-0.397812
-0.33874
-0.27879
-0.226424
-0.185191
-0.15534
-0.135567
-0.124263
-0.120098
-0.122436
-0.131459
-0.146699
-0.164578
-0.178756
-0.18321
-0.175757
-0.159109
-0.13859
-0.119071
-0.103383
-0.0926739
-0.0872104
-0.0866921
-0.0907083
-0.0996417
-0.114637
-0.135641
-0.470171
-0.466148
-0.440464
-0.393975
-0.33554
-0.276345
-0.224752
-0.184261
-0.15512
-0.136032
-0.125406
-0.12193
-0.125018
-0.134897
-0.151014
-0.169562
-0.183976
-0.188133
-0.179982
-0.162478
-0.141142
-0.120942
-0.104719
-0.0935807
-0.0877442
-0.0868804
-0.0905632
-0.0991481
-0.113746
-0.134297
-0.465798
-0.461486
-0.435838
-0.389777
-0.33207
-0.27371
-0.222949
-0.183242
-0.154837
-0.136453
-0.126515
-0.123738
-0.127582
-0.138326
-0.155318
-0.174526
-0.189161
-0.193009
-0.184152
-0.165791
-0.143639
-0.122758
-0.106001
-0.0944333
-0.0882228
-0.0870116
-0.0903579
-0.0985887
-0.112781
-0.132871
-0.460864
-0.456301
-0.430761
-0.385216
-0.328328
-0.27088
-0.221011
-0.182127
-0.154486
-0.136823
-0.127586
-0.125513
-0.130122
-0.141734
-0.159598
-0.179457
-0.1943
-0.197828
-0.18826
-0.169043
-0.146078
-0.124519
-0.10723
-0.0952323
-0.0886471
-0.0870871
-0.0900942
-0.0979657
-0.111744
-0.131365
-0.455366
-0.450591
-0.425231
-0.380291
-0.324311
-0.267852
-0.218932
-0.180911
-0.15406
-0.137135
-0.128609
-0.127249
-0.132628
-0.145112
-0.163845
-0.184346
-0.199384
-0.20258
-0.192302
-0.172231
-0.148458
-0.126224
-0.108404
-0.0959781
-0.089018
-0.0871083
-0.0897739
-0.0972816
-0.110639
-0.129783
-0.449302
-0.444355
-0.419249
-0.375002
-0.320018
-0.264623
-0.216709
-0.17959
-0.153554
-0.137383
-0.129579
-0.128937
-0.135092
-0.148449
-0.168046
-0.189179
-0.204401
-0.207259
-0.196272
-0.175351
-0.150776
-0.127872
-0.109525
-0.0966714
-0.0893367
-0.0870766
-0.0893989
-0.0965387
-0.109469
-0.12813
-0.442676
-0.437597
-0.412816
-0.36935
-0.315449
-0.26119
-0.214337
-0.178157
-0.152961
-0.137561
-0.130488
-0.130569
-0.137503
-0.151734
-0.172189
-0.193946
-0.209341
-0.211857
-0.200164
-0.178401
-0.153031
-0.129463
-0.110591
-0.0973128
-0.0896044
-0.0869938
-0.0889713
-0.0957396
-0.108237
-0.126408
-0.435495
-0.430321
-0.405938
-0.363339
-0.310603
-0.257551
-0.211813
-0.176609
-0.152276
-0.137663
-0.131329
-0.132137
-0.139854
-0.154957
-0.176263
-0.198634
-0.214194
-0.216366
-0.203973
-0.181377
-0.155222
-0.130997
-0.111605
-0.0979034
-0.0898225
-0.0868615
-0.0884931
-0.0948872
-0.106947
-0.124623
-0.427769
-0.422539
-0.398621
-0.356971
-0.305483
-0.253706
-0.209133
-0.17494
-0.151494
-0.137681
-0.132094
-0.133634
-0.142134
-0.158107
-0.180256
-0.203231
-0.21895
-0.22078
-0.207695
-0.184277
-0.157346
-0.132473
-0.112565
-0.098444
-0.0899924
-0.0866815
-0.0879667
-0.0939841
-0.105602
-0.122779
-0.419513
-0.41426
-0.390875
-0.350254
-0.30009
-0.249653
-0.206295
-0.173146
-0.150609
-0.137609
-0.132777
-0.13505
-0.144334
-0.161173
-0.184156
-0.207727
-0.223598
-0.22509
-0.211324
-0.187097
-0.159404
-0.133891
-0.113474
-0.0989359
-0.0901155
-0.0864558
-0.0873942
-0.0930332
-0.104205
-0.12088
)
;

boundaryField
{
    inlet
    {
        type            zeroGradient;
    }
    outlet
    {
        type            fixedValue;
        value           nonuniform 0();
    }
    cylinder
    {
        type            zeroGradient;
    }
    top
    {
        type            symmetryPlane;
    }
    bottom
    {
        type            symmetryPlane;
    }
    frontAndBack
    {
        type            empty;
    }
    procBoundary5to4
    {
        type            processor;
        value           nonuniform List<scalar> 
257
(
-0.40268
-0.394018
-0.384922
-0.375427
-0.365564
-0.355372
-0.344875
-0.33411
-0.323146
-0.31202
-0.300778
-0.28947
-0.278141
-0.266837
-0.255599
-0.244469
-0.233489
-0.222696
-0.212128
-0.201819
-0.191803
-0.182112
-0.158844
-0.158844
-0.148397
-0.138325
-0.128657
-0.119418
-0.110632
-0.102322
-0.0945092
-0.0872121
-0.0804673
-0.0742884
-0.0684287
-0.063068
-0.0586183
-0.0546976
-0.051302
-0.0214763
-0.0214763
-0.0176711
-0.0144207
-0.0117154
-0.00954841
-0.0079137
-0.00677398
-0.00604098
-0.00576901
-0.00646981
-0.00812888
0.0244747
0.0244747
0.0338107
0.0392448
0.0423428
0.0433394
0.0424259
0.0400369
0.0366002
0.0324646
0.0279113
0.0231598
0.0183708
0.0136666
0.00913503
0.00483854
0.000819511
-0.0028944
-0.00628582
-0.00934391
-0.012067
-0.0144618
-0.0165345
-0.0182963
-0.0197626
-0.0209494
-0.0218724
-0.02255
-0.0230038
-0.023253
-0.0233164
-0.0232129
-0.0229608
-0.0225775
-0.0220793
-0.0214817
-0.020799
-0.0200445
-0.0192304
-0.018368
-0.0174676
-0.0165388
-0.0155899
-0.0146284
-0.0136612
-0.012694
-0.011732
-0.0107799
-0.00984162
-0.00892072
-0.00802016
-0.0071425
-0.00628991
-0.00546423
-0.00466698
-0.00389936
-0.00316238
-0.00245686
-0.0017834
-0.00114249
-0.000534469
4.041e-05
0.000581963
0.00109005
0.00156454
0.00200538
0.00241244
0.00278557
0.00312457
0.00342914
0.0036989
0.00393333
0.00413174
0.00429326
0.00441679
0.00450093
0.00454405
0.0185513
0.0185033
0.0182684
0.0182684
0.0181321
0.0179536
0.0177332
0.0174717
0.0171694
0.016826
0.0164412
0.0160146
0.0155455
0.0150328
0.0144757
0.013873
0.0132232
0.0125249
0.0117765
0.0109763
0.0101224
0.00921281
0.00824539
0.00721787
0.00612782
0.00497273
0.00374988
0.0024564
0.00108926
-0.000354762
-0.0018791
-0.00348739
-0.0051835
-0.00697161
-0.00885612
-0.0108418
-0.0129337
-0.0151374
-0.0174588
-0.0199042
-0.0224807
-0.0251956
-0.0280573
-0.0310745
-0.0342572
-0.0376158
-0.0411621
-0.044909
-0.0488706
-0.0530626
-0.0575022
-0.0622088
-0.0672035
-0.0725103
-0.0781557
-0.0841694
-0.0905847
-0.0974394
-0.104776
-0.112642
-0.121092
-0.130188
-0.140001
-0.15061
-0.162108
-0.174595
-0.188178
-0.202969
-0.219069
-0.236546
-0.255409
-0.275571
-0.296786
-0.318622
-0.340961
-0.363768
-0.370921
-0.370921
-0.380844
-0.386459
-0.391784
-0.396887
-0.401949
-0.406975
-0.411931
-0.416803
-0.421585
-0.426271
-0.430852
-0.430852
-0.428206
-0.432698
-0.437065
-0.441296
-0.445404
-0.4494
-0.453276
-0.457019
-0.460615
-0.46405
-0.467308
-0.470373
-0.473229
-0.475858
-0.478241
-0.480358
-0.480358
-0.464144
-0.466019
-0.46758
-0.468804
-0.469667
-0.470144
-0.470214
-0.469852
-0.469038
-0.467749
-0.465968
-0.463676
-0.460859
-0.457503
-0.4536
-0.449143
-0.444129
-0.438559
-0.432438
-0.425775
-0.418582
-0.410877
)
;
    }
    procBoundary5to6
    {
        type            processor;
        value           nonuniform List<scalar> 
252
(
-0.137701
-0.135221
-0.132699
-0.13014
-0.127549
-0.12493
-0.122287
-0.119626
-0.11695
-0.114264
-0.111572
-0.108877
-0.106184
-0.103497
-0.100818
-0.0981508
-0.0954992
-0.092866
-0.0902541
-0.0876662
-0.0851048
-0.0825724
-0.0800711
-0.0776031
-0.0751703
-0.0727745
-0.0704172
-0.0681
-0.0658243
-0.0635911
-0.0614015
-0.0592565
-0.0592565
-0.0634662
-0.0611391
-0.0588596
-0.0566283
-0.0544455
-0.0523113
-0.050226
-0.0481894
-0.0462014
-0.0442619
-0.0423712
-0.0405283
-0.0387291
-0.0369716
-0.0352801
-0.033696
-0.0321025
-0.0300656
-0.0251302
-0.0202877
-0.0157515
-0.0114189
-0.00735049
-0.00356552
-6.763e-05
0.00314397
0.00607258
0.00872457
0.0111095
0.0132397
0.0151296
0.0167948
0.0182519
0.0195173
0.0206064
0.0215339
0.0223128
0.0229549
0.0234711
0.0238716
0.0241666
0.0243664
0.0244807
0.0245191
0.0244906
0.0244034
0.0242649
0.0240817
0.02386
0.0236054
0.023323
0.0230172
0.0226924
0.0223522
0.0220001
0.021639
0.0212717
0.0209008
0.0205284
0.0201565
0.0197868
0.019421
0.0190603
0.0187062
0.0183596
0.0180214
0.0176926
0.0173738
0.0170656
0.0167685
0.016483
0.0162093
0.0159478
0.0156985
0.0154618
0.0152376
0.015026
0.014827
0.0146405
0.0144666
0.0143051
0.0141559
0.0140189
0.0138941
0.0137813
0.0136806
0.0135918
0.0135151
0.0134504
0.0133979
0.0133579
0.0133308
0.0133169
0.0203495
0.0203578
0.0203741
0.0203984
0.0204307
0.0204713
0.0205204
0.0205786
0.0206462
0.0207239
0.0208121
0.0209117
0.0210231
0.0211472
0.0212845
0.0214358
0.0216018
0.0217829
0.0219799
0.0221932
0.0224232
0.0226704
0.0229348
0.0232166
0.0235157
0.0238318
0.0241643
0.0245125
0.0248752
0.0252509
0.0256375
0.0260326
0.026433
0.0268346
0.0272329
0.0276223
0.0279968
0.0283443
0.0286564
0.0289204
0.0291212
0.0292403
0.0292549
0.0291377
0.0288558
0.02837
0.027632
0.026585
0.0251599
0.023261
0.0207601
0.0175292
0.0134531
0.00844547
0.0024719
-0.00442984
-0.0121673
-0.0206324
-0.0297511
-0.039491
-0.0498287
-0.0607015
-0.0719872
-0.0835108
-0.0950668
-0.10644
-0.117429
-0.127875
-0.137658
-0.146607
-0.154477
-0.161361
-0.168096
-0.175153
-0.180042
-0.176306
-0.177804
-0.180121
-0.182125
-0.183952
-0.185702
-0.187373
-0.188953
-0.19044
-0.191831
-0.193124
-0.194315
-0.195402
-0.196381
-0.197251
-0.198009
-0.198652
-0.199179
-0.171199
-0.171199
-0.171902
-0.172488
-0.172954
-0.1733
-0.173524
-0.173626
-0.173606
-0.173463
-0.173197
-0.172809
-0.1723
-0.17167
-0.170921
-0.170054
-0.169072
-0.167977
-0.16677
-0.165456
-0.164036
-0.162513
-0.160893
-0.159177
-0.157369
-0.155475
-0.153497
-0.151441
-0.14931
-0.14711
-0.144844
-0.142517
-0.140135
)
;
    }
}


// ************************************************************************* //
