/*--------------------------------*- C++ -*----------------------------------*\
  =========                 |
  \\      /  F ield         | OpenFOAM: The Open Source CFD Toolbox
   \\    /   O peration     | Website:  https://openfoam.org
    \\  /    A nd           | Version:  7
     \\/     M anipulation  |
\*---------------------------------------------------------------------------*/
FoamFile
{
    version     2.0;
    format      ascii;
    class       volScalarField;
    location    "40";
    object      p;
}
// * * * * * * * * * * * * * * * * * * * * * * * * * * * * * * * * * * * * * //

dimensions      [0 2 -2 0 0 0 0];

internalField   nonuniform List<scalar> 
7156
(
-0.236315
-0.236671
-0.236988
-0.237274
-0.237533
-0.237772
-0.237994
-0.238203
-0.238402
-0.238592
-0.238776
-0.238954
-0.239127
-0.239298
-0.239467
-0.239636
-0.239806
-0.23998
-0.240163
-0.240337
-0.240495
-0.236345
-0.236701
-0.237017
-0.237302
-0.23756
-0.237799
-0.23802
-0.238229
-0.238427
-0.238617
-0.2388
-0.238977
-0.239151
-0.239321
-0.23949
-0.239658
-0.239829
-0.240003
-0.240186
-0.240361
-0.240518
-0.236398
-0.236752
-0.237067
-0.23735
-0.237607
-0.237844
-0.238065
-0.238272
-0.238469
-0.238657
-0.238839
-0.239015
-0.239187
-0.239356
-0.239524
-0.239692
-0.239861
-0.240034
-0.240218
-0.240392
-0.240547
-0.236472
-0.236824
-0.237137
-0.237418
-0.237673
-0.237908
-0.238127
-0.238332
-0.238527
-0.238713
-0.238893
-0.239067
-0.239237
-0.239404
-0.239569
-0.239735
-0.239903
-0.240075
-0.240259
-0.240432
-0.240584
-0.236569
-0.236918
-0.237228
-0.237506
-0.237759
-0.237991
-0.238206
-0.238409
-0.238601
-0.238784
-0.238961
-0.239132
-0.239299
-0.239463
-0.239626
-0.239789
-0.239955
-0.240125
-0.240307
-0.240479
-0.240626
-0.236688
-0.237033
-0.237339
-0.237614
-0.237863
-0.238091
-0.238303
-0.238502
-0.23869
-0.23887
-0.239043
-0.23921
-0.239374
-0.239534
-0.239693
-0.239853
-0.240015
-0.240183
-0.240363
-0.240533
-0.240675
-0.236828
-0.237168
-0.237471
-0.237741
-0.237986
-0.23821
-0.238418
-0.238612
-0.238796
-0.238971
-0.239139
-0.239302
-0.23946
-0.239616
-0.23977
-0.239926
-0.240084
-0.240248
-0.240427
-0.240593
-0.240728
-0.236989
-0.237325
-0.237622
-0.237888
-0.238127
-0.238346
-0.238549
-0.238738
-0.238916
-0.239086
-0.239249
-0.239406
-0.239558
-0.239708
-0.239857
-0.240007
-0.240161
-0.24032
-0.240496
-0.24066
-0.240785
-0.237172
-0.237502
-0.237793
-0.238053
-0.238287
-0.2385
-0.238697
-0.238879
-0.239052
-0.239215
-0.239371
-0.239521
-0.239667
-0.23981
-0.239953
-0.240096
-0.240244
-0.240398
-0.240571
-0.24073
-0.240845
-0.237375
-0.237699
-0.237984
-0.238237
-0.238464
-0.238671
-0.23886
-0.239036
-0.239201
-0.239357
-0.239505
-0.239648
-0.239786
-0.239921
-0.240056
-0.240192
-0.240333
-0.240481
-0.24065
-0.240805
-0.240908
-0.237599
-0.237915
-0.238193
-0.238439
-0.238659
-0.238858
-0.23904
-0.239208
-0.239364
-0.239512
-0.239652
-0.239785
-0.239915
-0.240041
-0.240166
-0.240294
-0.240426
-0.240568
-0.240732
-0.240881
-0.240971
-0.237843
-0.238151
-0.238421
-0.238659
-0.238871
-0.239061
-0.239234
-0.239393
-0.239541
-0.239679
-0.239809
-0.239933
-0.240052
-0.240168
-0.240283
-0.240401
-0.240524
-0.240657
-0.240815
-0.240959
-0.241033
-0.238106
-0.238406
-0.238667
-0.238896
-0.239099
-0.23928
-0.239444
-0.239593
-0.23973
-0.239857
-0.239977
-0.240089
-0.240197
-0.240301
-0.240405
-0.240511
-0.240624
-0.240748
-0.2409
-0.241037
-0.241094
-0.23868
-0.238931
-0.239151
-0.239343
-0.239514
-0.239667
-0.239805
-0.239931
-0.240047
-0.240154
-0.240254
-0.240349
-0.24044
-0.240531
-0.240625
-0.240725
-0.240838
-0.240983
-0.241113
-0.24115
-0.238971
-0.239213
-0.239422
-0.239604
-0.239763
-0.239905
-0.240031
-0.240144
-0.240247
-0.240341
-0.240427
-0.240508
-0.240584
-0.24066
-0.24074
-0.240827
-0.240927
-0.241064
-0.241185
-0.241201
-0.239281
-0.239511
-0.239709
-0.239879
-0.240027
-0.240155
-0.240268
-0.240368
-0.240457
-0.240536
-0.240607
-0.240672
-0.240732
-0.240792
-0.240855
-0.240926
-0.241013
-0.24114
-0.241252
-0.241245
-0.239608
-0.239827
-0.240012
-0.240169
-0.240304
-0.240419
-0.240518
-0.240603
-0.240676
-0.240739
-0.240793
-0.240841
-0.240883
-0.240924
-0.24097
-0.241024
-0.241095
-0.24121
-0.241312
-0.241278
-0.239952
-0.240158
-0.24033
-0.240474
-0.240594
-0.240695
-0.240778
-0.240847
-0.240904
-0.240949
-0.240985
-0.241013
-0.241036
-0.241057
-0.241082
-0.241117
-0.24117
-0.241273
-0.241363
-0.241299
-0.240313
-0.240505
-0.240664
-0.240793
-0.240898
-0.240982
-0.241049
-0.241101
-0.24114
-0.241166
-0.241182
-0.241189
-0.24119
-0.241189
-0.241191
-0.241204
-0.241237
-0.241326
-0.241403
-0.241306
-0.24069
-0.240868
-0.241012
-0.241126
-0.241214
-0.241282
-0.241331
-0.241364
-0.241383
-0.241389
-0.241384
-0.241368
-0.241345
-0.241319
-0.241297
-0.241285
-0.241295
-0.241367
-0.24143
-0.241294
-0.241246
-0.241374
-0.241471
-0.241543
-0.241592
-0.241622
-0.241636
-0.241634
-0.241618
-0.241589
-0.241549
-0.2415
-0.241447
-0.241397
-0.241358
-0.241342
-0.241394
-0.241443
-0.241261
-0.241639
-0.241751
-0.24183
-0.241883
-0.241913
-0.241924
-0.241916
-0.241892
-0.241852
-0.241798
-0.241731
-0.241654
-0.241572
-0.241491
-0.241422
-0.241377
-0.241406
-0.241439
-0.241203
-0.242047
-0.242141
-0.242202
-0.242235
-0.242245
-0.242234
-0.242204
-0.242156
-0.242091
-0.24201
-0.241915
-0.241807
-0.241693
-0.241579
-0.241475
-0.241397
-0.2414
-0.241417
-0.241114
-0.24247
-0.242544
-0.242586
-0.242599
-0.242587
-0.242553
-0.242499
-0.242426
-0.242335
-0.242226
-0.2421
-0.24196
-0.24181
-0.241659
-0.241518
-0.241403
-0.241375
-0.241375
-0.240975
-0.242962
-0.242982
-0.242974
-0.242939
-0.242882
-0.242803
-0.242703
-0.242584
-0.242444
-0.242286
-0.24211
-0.241923
-0.241732
-0.24155
-0.241393
-0.241331
-0.241317
-0.240766
-0.243392
-0.243391
-0.24336
-0.243301
-0.243219
-0.243114
-0.242986
-0.242837
-0.242666
-0.242473
-0.24226
-0.242032
-0.241798
-0.24157
-0.241367
-0.241266
-0.241248
-0.2406
-0.243835
-0.243812
-0.243756
-0.243673
-0.243564
-0.243432
-0.243276
-0.243095
-0.242891
-0.242662
-0.242409
-0.242138
-0.241856
-0.241579
-0.241324
-0.241178
-0.241094
-0.240458
-0.244292
-0.244244
-0.244164
-0.244054
-0.243919
-0.243757
-0.243571
-0.243359
-0.243119
-0.242852
-0.242558
-0.242241
-0.241908
-0.241576
-0.241265
-0.241068
-0.240924
-0.240246
-0.244689
-0.244582
-0.244446
-0.244281
-0.24409
-0.243873
-0.243627
-0.243352
-0.243046
-0.242708
-0.242341
-0.241955
-0.241563
-0.241189
-0.240935
-0.240733
-0.239974
-0.245145
-0.245011
-0.244846
-0.244653
-0.244431
-0.244181
-0.243901
-0.243589
-0.243242
-0.242859
-0.242441
-0.241997
-0.24154
-0.241097
-0.240778
-0.240512
-0.239649
-0.245613
-0.245451
-0.245257
-0.245032
-0.244779
-0.244496
-0.244181
-0.243831
-0.243442
-0.243012
-0.242541
-0.242036
-0.24151
-0.24099
-0.240596
-0.240259
-0.239269
-0.246094
-0.245902
-0.245677
-0.245421
-0.245135
-0.244818
-0.244467
-0.244078
-0.243646
-0.243168
-0.242642
-0.242073
-0.241474
-0.24087
-0.240391
-0.239972
-0.23883
-0.246364
-0.246107
-0.245818
-0.245499
-0.245147
-0.244759
-0.244331
-0.243856
-0.243329
-0.242747
-0.242111
-0.241435
-0.24074
-0.240166
-0.239654
-0.238329
-0.246837
-0.246547
-0.246225
-0.245871
-0.245483
-0.245059
-0.244591
-0.244072
-0.243496
-0.242856
-0.242152
-0.241394
-0.240602
-0.239921
-0.239305
-0.237764
-0.247321
-0.246997
-0.24664
-0.246251
-0.245827
-0.245365
-0.244857
-0.244295
-0.243669
-0.242971
-0.242198
-0.241355
-0.240459
-0.239661
-0.238926
-0.237129
-0.247457
-0.247064
-0.246639
-0.246178
-0.245678
-0.24513
-0.244524
-0.243849
-0.243094
-0.242251
-0.241321
-0.240315
-0.239388
-0.238521
-0.236423
-0.247928
-0.247498
-0.247035
-0.246537
-0.245998
-0.24541
-0.244761
-0.244037
-0.243225
-0.242312
-0.241293
-0.240173
-0.239107
-0.238093
-0.235641
-0.248409
-0.24794
-0.247439
-0.246903
-0.246325
-0.245697
-0.245005
-0.244234
-0.243365
-0.242383
-0.241276
-0.240037
-0.23882
-0.237647
-0.23478
-0.248393
-0.247852
-0.247276
-0.246659
-0.245991
-0.245257
-0.244439
-0.243515
-0.242465
-0.241269
-0.23991
-0.238533
-0.237187
-0.233838
-0.248855
-0.248273
-0.247657
-0.247
-0.246292
-0.245516
-0.244652
-0.243675
-0.242558
-0.241276
-0.239795
-0.238248
-0.236719
-0.232812
-0.248703
-0.248046
-0.247348
-0.246599
-0.245781
-0.244873
-0.243844
-0.242664
-0.241298
-0.239696
-0.237972
-0.236249
-0.231703
-0.249142
-0.248442
-0.247703
-0.246913
-0.246053
-0.245101
-0.244024
-0.242783
-0.241336
-0.239615
-0.237709
-0.235783
-0.230511
-0.248846
-0.248064
-0.247232
-0.246332
-0.245337
-0.244213
-0.242916
-0.241393
-0.239558
-0.237468
-0.235328
-0.229243
-0.249259
-0.248433
-0.247559
-0.246618
-0.245582
-0.244414
-0.243065
-0.241473
-0.239531
-0.237259
-0.234896
-0.227913
-0.24968
-0.248809
-0.247893
-0.24691
-0.245835
-0.244626
-0.243232
-0.241582
-0.239545
-0.237105
-0.234509
-0.226568
-0.249195
-0.248234
-0.247211
-0.246098
-0.244853
-0.243422
-0.241727
-0.239615
-0.237036
-0.234207
-0.225307
-0.249591
-0.248586
-0.247522
-0.246373
-0.245098
-0.243641
-0.241921
-0.239761
-0.237094
-0.234009
-0.22418
-0.248949
-0.247845
-0.246663
-0.245364
-0.243896
-0.24218
-0.240021
-0.237352
-0.233861
-0.222864
-0.249325
-0.248182
-0.24697
-0.245656
-0.244195
-0.242523
-0.24046
-0.237995
-0.233941
-0.221422
-0.248536
-0.247297
-0.245975
-0.244541
-0.242959
-0.241122
-0.239229
-0.23543
-0.225483
-0.247645
-0.24632
-0.244925
-0.243466
-0.24193
-0.240824
-0.239085
-0.247716
-0.248015
-0.24669
-0.245338
-0.244003
-0.242748
-0.242337
-0.241543
-0.253925
-0.247081
-0.245765
-0.244535
-0.243488
-0.243512
-0.242924
-0.255405
-0.24749
-0.246198
-0.245044
-0.244128
-0.244378
-0.243781
-0.255793
-0.246631
-0.245518
-0.244663
-0.24498
-0.244241
-0.255351
-0.245948
-0.245088
-0.245345
-0.244363
-0.254276
-0.24633
-0.245408
-0.245503
-0.244222
-0.252807
-0.245627
-0.245487
-0.243881
-0.251104
-0.245326
-0.243391
-0.249273
-0.242788
-0.247386
-0.242102
-0.24549
-0.24362
-0.243095
-0.241573
-0.244956
-0.244522
-0.242251
-0.246842
-0.244795
-0.242845
-0.24872
-0.245106
-0.244949
-0.243328
-0.250542
-0.24582
-0.244881
-0.244959
-0.24366
-0.252235
-0.245434
-0.244556
-0.244793
-0.243794
-0.253695
-0.246131
-0.244999
-0.244125
-0.244421
-0.243664
-0.254759
-0.247005
-0.245695
-0.244521
-0.243585
-0.243813
-0.243196
-0.255191
-0.246593
-0.245258
-0.244008
-0.24294
-0.24294
-0.24233
-0.254793
-0.247541
-0.246199
-0.244827
-0.243471
-0.242194
-0.241758
-0.240941
-0.253304
-0.247168
-0.245826
-0.244411
-0.242931
-0.241371
-0.240239
-0.238475
-0.247083
-0.248072
-0.246817
-0.245477
-0.244023
-0.242419
-0.240557
-0.238638
-0.23481
-0.224833
-0.248872
-0.247716
-0.246488
-0.245155
-0.243674
-0.241979
-0.239891
-0.237399
-0.233316
-0.220767
-0.248494
-0.247376
-0.246178
-0.244861
-0.243372
-0.241632
-0.239447
-0.236752
-0.23323
-0.222205
-0.249146
-0.248129
-0.247051
-0.245885
-0.244591
-0.243113
-0.241369
-0.239183
-0.236488
-0.233373
-0.223515
-0.248748
-0.247776
-0.246738
-0.245608
-0.244344
-0.242891
-0.241172
-0.239033
-0.236427
-0.233565
-0.224637
-0.249242
-0.248361
-0.247432
-0.246435
-0.245343
-0.244115
-0.242698
-0.241024
-0.23896
-0.236491
-0.233863
-0.225894
-0.24882
-0.247984
-0.247097
-0.246141
-0.245088
-0.2439
-0.242528
-0.240912
-0.238943
-0.236642
-0.234246
-0.227235
-0.24916
-0.248407
-0.247614
-0.24677
-0.245854
-0.244842
-0.243698
-0.242378
-0.24083
-0.238967
-0.236847
-0.234675
-0.22856
-0.248711
-0.248002
-0.247252
-0.246449
-0.245574
-0.244604
-0.243506
-0.242243
-0.24077
-0.239022
-0.237086
-0.235126
-0.229824
-0.248273
-0.247606
-0.246898
-0.246135
-0.245301
-0.244375
-0.243326
-0.242122
-0.24073
-0.2391
-0.237347
-0.23559
-0.231014
-0.248433
-0.247844
-0.247219
-0.24655
-0.245828
-0.245036
-0.244153
-0.243155
-0.242016
-0.240708
-0.239199
-0.237622
-0.236059
-0.232121
-0.247972
-0.247424
-0.246838
-0.24621
-0.245527
-0.244777
-0.24394
-0.242996
-0.241922
-0.2407
-0.239313
-0.237905
-0.236526
-0.233145
-0.247996
-0.247522
-0.247013
-0.246466
-0.245877
-0.245234
-0.244526
-0.243736
-0.242846
-0.24184
-0.240707
-0.23944
-0.238193
-0.236986
-0.234087
-0.247518
-0.247081
-0.24661
-0.246102
-0.245551
-0.244949
-0.244283
-0.243541
-0.242707
-0.24177
-0.240726
-0.239577
-0.23848
-0.237432
-0.234948
-0.24705
-0.246651
-0.246217
-0.245746
-0.245233
-0.244671
-0.244048
-0.243355
-0.242578
-0.241711
-0.240755
-0.239721
-0.238763
-0.237862
-0.235731
-0.246923
-0.246593
-0.24623
-0.245832
-0.245398
-0.244923
-0.244401
-0.243822
-0.243177
-0.242458
-0.241661
-0.240792
-0.239867
-0.239039
-0.238269
-0.236439
-0.246442
-0.246147
-0.245818
-0.245456
-0.245058
-0.244621
-0.244138
-0.243603
-0.243007
-0.242346
-0.241619
-0.240834
-0.240013
-0.239302
-0.238651
-0.237077
-0.245974
-0.245712
-0.245417
-0.245088
-0.244726
-0.244326
-0.243882
-0.243391
-0.242845
-0.242241
-0.241582
-0.240879
-0.240156
-0.23955
-0.239005
-0.237646
-0.245713
-0.245518
-0.245287
-0.245024
-0.244729
-0.244402
-0.244038
-0.243634
-0.243186
-0.242688
-0.242141
-0.241548
-0.240923
-0.240291
-0.239781
-0.239328
-0.238151
-0.245239
-0.245072
-0.244872
-0.244641
-0.244379
-0.244085
-0.243757
-0.243392
-0.242986
-0.242537
-0.242045
-0.241516
-0.240965
-0.240417
-0.239991
-0.23962
-0.238596
-0.244776
-0.244639
-0.244468
-0.244267
-0.244037
-0.243776
-0.243484
-0.243157
-0.242793
-0.242391
-0.241952
-0.241484
-0.241002
-0.24053
-0.24018
-0.239881
-0.238982
-0.244327
-0.244216
-0.244074
-0.243903
-0.243703
-0.243474
-0.243216
-0.242926
-0.242603
-0.242247
-0.241859
-0.241449
-0.241032
-0.24063
-0.240345
-0.24011
-0.239315
-0.24394
-0.24389
-0.243805
-0.24369
-0.243547
-0.243377
-0.24318
-0.242955
-0.242701
-0.242418
-0.242105
-0.241767
-0.241411
-0.241053
-0.240715
-0.240486
-0.24031
-0.239596
-0.243491
-0.243465
-0.243405
-0.243317
-0.243201
-0.243059
-0.242892
-0.2427
-0.242481
-0.242236
-0.241965
-0.241673
-0.241368
-0.241065
-0.240784
-0.240606
-0.240492
-0.239815
-0.243056
-0.243053
-0.243017
-0.242953
-0.242863
-0.242749
-0.242612
-0.24245
-0.242265
-0.242056
-0.241825
-0.241577
-0.24132
-0.241067
-0.240837
-0.240706
-0.240663
-0.239962
-0.242581
-0.242635
-0.242653
-0.24264
-0.2426
-0.242535
-0.242448
-0.242338
-0.242206
-0.242053
-0.241879
-0.241685
-0.241478
-0.241265
-0.241058
-0.240874
-0.240782
-0.240738
-0.240157
-0.242154
-0.242227
-0.242266
-0.242275
-0.242257
-0.242217
-0.242154
-0.242071
-0.241968
-0.241845
-0.241703
-0.241545
-0.241376
-0.241203
-0.241039
-0.240897
-0.24084
-0.240808
-0.240377
-0.241741
-0.241833
-0.241891
-0.241921
-0.241925
-0.241907
-0.241869
-0.241811
-0.241734
-0.24164
-0.241529
-0.241405
-0.241271
-0.241136
-0.241009
-0.240905
-0.240879
-0.240864
-0.240529
-0.241344
-0.241453
-0.24153
-0.241579
-0.241604
-0.241607
-0.241591
-0.241557
-0.241506
-0.241439
-0.241358
-0.241264
-0.241163
-0.241061
-0.240969
-0.240899
-0.2409
-0.240902
-0.240634
-0.240961
-0.241087
-0.241182
-0.241249
-0.241293
-0.241317
-0.241323
-0.241311
-0.241284
-0.241243
-0.241188
-0.241123
-0.241052
-0.240981
-0.24092
-0.240879
-0.240904
-0.240923
-0.240709
-0.240416
-0.240594
-0.240736
-0.240847
-0.240932
-0.240994
-0.241037
-0.241063
-0.241073
-0.241068
-0.24105
-0.24102
-0.240982
-0.240938
-0.240896
-0.240863
-0.240849
-0.240894
-0.240928
-0.240761
-0.240051
-0.240243
-0.240399
-0.240526
-0.240627
-0.240707
-0.240768
-0.240812
-0.240842
-0.240858
-0.240862
-0.240856
-0.240841
-0.240823
-0.240807
-0.240798
-0.240808
-0.240871
-0.24092
-0.240792
-0.239702
-0.239907
-0.240078
-0.240219
-0.240336
-0.240431
-0.240509
-0.240571
-0.240619
-0.240655
-0.240679
-0.240694
-0.240702
-0.240707
-0.240714
-0.240728
-0.240759
-0.240837
-0.2409
-0.240807
-0.23937
-0.239588
-0.239772
-0.239927
-0.240058
-0.240168
-0.240261
-0.24034
-0.240405
-0.240458
-0.240502
-0.240536
-0.240565
-0.240591
-0.240618
-0.240653
-0.240702
-0.240794
-0.24087
-0.240808
-0.239056
-0.239285
-0.239481
-0.239649
-0.239793
-0.239918
-0.240025
-0.240119
-0.2402
-0.24027
-0.24033
-0.240383
-0.24043
-0.240475
-0.240521
-0.240574
-0.240641
-0.240745
-0.240832
-0.240797
-0.238759
-0.239
-0.239207
-0.239387
-0.239543
-0.23968
-0.239801
-0.239909
-0.240004
-0.24009
-0.240166
-0.240235
-0.240299
-0.240361
-0.240425
-0.240494
-0.240575
-0.24069
-0.240788
-0.240778
-0.238481
-0.238732
-0.23895
-0.23914
-0.239308
-0.239457
-0.23959
-0.23971
-0.239819
-0.239918
-0.240009
-0.240093
-0.240173
-0.24025
-0.240329
-0.240413
-0.240507
-0.240632
-0.240739
-0.240752
-0.237921
-0.238221
-0.238481
-0.238709
-0.238909
-0.239088
-0.239247
-0.239392
-0.239524
-0.239645
-0.239757
-0.23986
-0.239958
-0.240051
-0.240143
-0.240235
-0.240332
-0.240438
-0.240572
-0.240688
-0.240721
-0.237671
-0.237979
-0.238249
-0.238485
-0.238695
-0.238883
-0.239053
-0.239207
-0.23935
-0.239482
-0.239605
-0.239721
-0.23983
-0.239936
-0.24004
-0.240145
-0.240253
-0.24037
-0.240511
-0.240635
-0.240688
-0.237441
-0.237758
-0.238035
-0.23828
-0.238498
-0.238694
-0.238873
-0.239037
-0.239189
-0.239331
-0.239464
-0.23959
-0.239711
-0.239828
-0.239943
-0.240058
-0.240177
-0.240304
-0.240452
-0.240583
-0.240653
-0.237232
-0.237555
-0.23784
-0.238092
-0.238318
-0.238522
-0.238708
-0.238881
-0.239041
-0.239192
-0.239335
-0.239471
-0.239601
-0.239728
-0.239852
-0.239978
-0.240106
-0.240241
-0.240395
-0.240533
-0.240618
-0.237043
-0.237373
-0.237664
-0.237923
-0.238155
-0.238366
-0.23856
-0.23874
-0.238908
-0.239067
-0.239217
-0.239362
-0.239501
-0.239636
-0.239769
-0.239903
-0.24004
-0.240182
-0.240341
-0.240486
-0.240584
-0.236875
-0.237211
-0.237507
-0.237772
-0.238011
-0.238228
-0.238428
-0.238614
-0.238789
-0.238955
-0.239113
-0.239264
-0.239411
-0.239554
-0.239695
-0.239836
-0.23998
-0.240128
-0.240292
-0.240443
-0.240553
-0.236728
-0.237069
-0.237371
-0.237641
-0.237884
-0.238107
-0.238313
-0.238504
-0.238685
-0.238857
-0.239021
-0.239179
-0.239332
-0.239481
-0.239629
-0.239777
-0.239927
-0.240081
-0.240249
-0.240405
-0.240526
-0.236603
-0.236948
-0.237254
-0.237529
-0.237777
-0.238004
-0.238214
-0.238411
-0.238597
-0.238773
-0.238943
-0.239106
-0.239264
-0.23942
-0.239573
-0.239727
-0.239882
-0.240041
-0.240213
-0.240373
-0.240503
-0.2365
-0.236849
-0.237158
-0.237436
-0.237688
-0.237919
-0.238133
-0.238334
-0.238524
-0.238705
-0.238878
-0.239046
-0.239209
-0.239369
-0.239527
-0.239686
-0.239845
-0.240009
-0.240183
-0.240347
-0.240486
-0.236419
-0.23677
-0.237083
-0.237363
-0.237618
-0.237852
-0.23807
-0.238273
-0.238467
-0.238651
-0.238828
-0.239
-0.239167
-0.239331
-0.239493
-0.239654
-0.239818
-0.239985
-0.240162
-0.240329
-0.240474
-0.236359
-0.236713
-0.237028
-0.237311
-0.237568
-0.237804
-0.238024
-0.23823
-0.238426
-0.238613
-0.238793
-0.238967
-0.239137
-0.239304
-0.239469
-0.239634
-0.2398
-0.239969
-0.240149
-0.240319
-0.240469
-0.236322
-0.236678
-0.236994
-0.237278
-0.237537
-0.237775
-0.237996
-0.238204
-0.238401
-0.23859
-0.238772
-0.238949
-0.23912
-0.239289
-0.239457
-0.239624
-0.239792
-0.239963
-0.240145
-0.240316
-0.24047
-0.236308
-0.236664
-0.236981
-0.237266
-0.237525
-0.237764
-0.237986
-0.238195
-0.238393
-0.238583
-0.238766
-0.238944
-0.239117
-0.239287
-0.239456
-0.239624
-0.239794
-0.239967
-0.24015
-0.240323
-0.240479
-0.241629
-0.240617
-0.2424
-0.241546
-0.242792
-0.242267
-0.242934
-0.242593
-0.242804
-0.24247
-0.242335
-0.24189
-0.241667
-0.240638
-0.242436
-0.241573
-0.242826
-0.242299
-0.242966
-0.242622
-0.242829
-0.242488
-0.242344
-0.241885
-0.241727
-0.240659
-0.242484
-0.241605
-0.242869
-0.242336
-0.243005
-0.242657
-0.24286
-0.242512
-0.242358
-0.241886
-0.241808
-0.240682
-0.242546
-0.24164
-0.24292
-0.242378
-0.243051
-0.242698
-0.242897
-0.242541
-0.242377
-0.241893
-0.24191
-0.240705
-0.242622
-0.241679
-0.24298
-0.242426
-0.243102
-0.242744
-0.242939
-0.242576
-0.242402
-0.241905
-0.242031
-0.240728
-0.24271
-0.241722
-0.243049
-0.242479
-0.24316
-0.242796
-0.242987
-0.242617
-0.242433
-0.241923
-0.242174
-0.240751
-0.24281
-0.241768
-0.243125
-0.242536
-0.243224
-0.242853
-0.24304
-0.242663
-0.242468
-0.241947
-0.242335
-0.240774
-0.242923
-0.241817
-0.243209
-0.242599
-0.243294
-0.242916
-0.243098
-0.242714
-0.24251
-0.241976
-0.242516
-0.240794
-0.243047
-0.241869
-0.243299
-0.242666
-0.243369
-0.242983
-0.243162
-0.242771
-0.242556
-0.24201
-0.242716
-0.240812
-0.243182
-0.241922
-0.243397
-0.242737
-0.243449
-0.243055
-0.24323
-0.242832
-0.242607
-0.24205
-0.242933
-0.240827
-0.243328
-0.241978
-0.243499
-0.242812
-0.243533
-0.243131
-0.243302
-0.242897
-0.242662
-0.242095
-0.243169
-0.240837
-0.243483
-0.242034
-0.243607
-0.24289
-0.243621
-0.243211
-0.243377
-0.242967
-0.242722
-0.242144
-0.243421
-0.240843
-0.243647
-0.242092
-0.24372
-0.242971
-0.243712
-0.243294
-0.243457
-0.24304
-0.242786
-0.242198
-0.24369
-0.240842
-0.243819
-0.24215
-0.243836
-0.243055
-0.243806
-0.24338
-0.243539
-0.243117
-0.242853
-0.242255
-0.243975
-0.240833
-0.243998
-0.242208
-0.243955
-0.243141
-0.243902
-0.243469
-0.243624
-0.243198
-0.242924
-0.242317
-0.244276
-0.240816
-0.244184
-0.242265
-0.244075
-0.243228
-0.243999
-0.24356
-0.243711
-0.24328
-0.242998
-0.242382
-0.244593
-0.24079
-0.244374
-0.242321
-0.244197
-0.243316
-0.244097
-0.243653
-0.243799
-0.243365
-0.243074
-0.242451
-0.244924
-0.240753
-0.244569
-0.242376
-0.244318
-0.243405
-0.244196
-0.243747
-0.243888
-0.243452
-0.243152
-0.242522
-0.24527
-0.240705
-0.244766
-0.242429
-0.244439
-0.243495
-0.244293
-0.243841
-0.243978
-0.243539
-0.243232
-0.242595
-0.245632
-0.240643
-0.244965
-0.24248
-0.244557
-0.243583
-0.244389
-0.243935
-0.244067
-0.243628
-0.243313
-0.24267
-0.246008
-0.240569
-0.245164
-0.242528
-0.244672
-0.243671
-0.244483
-0.244028
-0.244156
-0.243716
-0.243394
-0.242747
-0.246399
-0.24048
-0.245362
-0.242574
-0.244783
-0.243757
-0.244574
-0.24412
-0.244243
-0.243804
-0.243476
-0.242824
-0.246804
-0.240378
-0.245556
-0.242616
-0.244888
-0.243842
-0.244661
-0.24421
-0.244328
-0.243891
-0.243556
-0.242902
-0.242175
-0.247229
-0.240261
-0.245746
-0.242656
-0.244986
-0.243923
-0.244743
-0.244297
-0.24441
-0.243976
-0.243636
-0.24298
-0.242245
-0.247693
-0.24011
-0.245929
-0.242693
-0.245076
-0.244001
-0.24482
-0.24438
-0.244489
-0.244059
-0.243714
-0.243056
-0.242315
-0.24817
-0.239913
-0.246114
-0.242722
-0.245157
-0.244076
-0.244891
-0.24446
-0.244563
-0.244139
-0.24379
-0.243132
-0.242385
-0.248552
-0.239812
-0.24629
-0.242738
-0.245232
-0.244143
-0.244955
-0.244535
-0.244633
-0.244215
-0.243863
-0.243206
-0.242454
-0.248975
-0.239698
-0.246402
-0.242785
-0.245299
-0.2442
-0.245012
-0.244605
-0.244698
-0.244287
-0.243933
-0.243277
-0.242521
-0.249437
-0.239545
-0.246513
-0.242823
-0.245334
-0.244268
-0.24506
-0.244668
-0.244757
-0.244354
-0.243998
-0.243346
-0.242587
-0.249917
-0.239377
-0.246618
-0.242851
-0.245363
-0.244323
-0.245098
-0.244724
-0.244808
-0.244416
-0.244059
-0.24341
-0.24265
-0.25041
-0.239203
-0.246706
-0.242873
-0.245383
-0.244367
-0.245127
-0.244773
-0.244853
-0.244471
-0.244114
-0.243471
-0.24271
-0.250919
-0.239025
-0.246772
-0.242891
-0.245387
-0.244403
-0.245146
-0.244813
-0.244889
-0.244519
-0.244164
-0.243526
-0.242766
-0.251441
-0.238848
-0.246814
-0.242906
-0.245375
-0.24443
-0.245153
-0.244844
-0.244917
-0.24456
-0.244207
-0.243576
-0.242817
-0.251973
-0.238675
-0.246831
-0.242915
-0.245346
-0.244446
-0.245149
-0.244864
-0.244935
-0.244592
-0.244242
-0.24362
-0.242864
-0.252513
-0.238512
-0.246819
-0.242921
-0.2453
-0.244452
-0.245133
-0.244874
-0.244943
-0.244615
-0.24427
-0.243657
-0.242905
-0.253053
-0.238367
-0.246777
-0.24292
-0.245236
-0.244445
-0.245103
-0.244872
-0.244941
-0.244629
-0.244289
-0.243686
-0.24294
-0.253586
-0.238244
-0.246704
-0.242913
-0.245154
-0.244425
-0.245059
-0.244858
-0.244927
-0.244632
-0.244298
-0.243707
-0.242967
-0.2541
-0.238153
-0.246598
-0.242899
-0.245052
-0.244391
-0.245002
-0.24483
-0.2449
-0.244623
-0.244298
-0.24372
-0.242987
-0.254578
-0.238099
-0.246458
-0.242877
-0.244931
-0.244341
-0.244929
-0.244788
-0.244861
-0.244603
-0.244287
-0.243722
-0.242999
-0.242043
-0.255
-0.23809
-0.246285
-0.242844
-0.244789
-0.244275
-0.24484
-0.244731
-0.244808
-0.24457
-0.244264
-0.243714
-0.243002
-0.242057
-0.255335
-0.238133
-0.24608
-0.2428
-0.244626
-0.244191
-0.244735
-0.244659
-0.244741
-0.244524
-0.244229
-0.243695
-0.242994
-0.242062
-0.255546
-0.23823
-0.245843
-0.242743
-0.244441
-0.244088
-0.244612
-0.244569
-0.244658
-0.244463
-0.244181
-0.243665
-0.242977
-0.242057
-0.255585
-0.238383
-0.245578
-0.24267
-0.244235
-0.243965
-0.244472
-0.244462
-0.24456
-0.244387
-0.24412
-0.243621
-0.242948
-0.242043
-0.255389
-0.238587
-0.245287
-0.242581
-0.244006
-0.24382
-0.244313
-0.244337
-0.244444
-0.244295
-0.244043
-0.243564
-0.242907
-0.242018
-0.254878
-0.238828
-0.244973
-0.242473
-0.243753
-0.243652
-0.244133
-0.244192
-0.24431
-0.244186
-0.243951
-0.243493
-0.242852
-0.241981
-0.25395
-0.239078
-0.24464
-0.242344
-0.243475
-0.243458
-0.243932
-0.244026
-0.244157
-0.244059
-0.243843
-0.243406
-0.242784
-0.241932
-0.252532
-0.239332
-0.244308
-0.242204
-0.243181
-0.243246
-0.243716
-0.243845
-0.24399
-0.243918
-0.243721
-0.243307
-0.242704
-0.241872
-0.250584
-0.239586
-0.243995
-0.242068
-0.242881
-0.24302
-0.243488
-0.24365
-0.24381
-0.243763
-0.243586
-0.243196
-0.242614
-0.241803
-0.247577
-0.239608
-0.243598
-0.241869
-0.242501
-0.242716
-0.243191
-0.243393
-0.243573
-0.243559
-0.243408
-0.243047
-0.242492
-0.241708
-0.241886
-0.238804
-0.242932
-0.241448
-0.241919
-0.242243
-0.242751
-0.243012
-0.243228
-0.243258
-0.243144
-0.24282
-0.242297
-0.241545
-0.24057
-0.226645
-0.236427
-0.242042
-0.240977
-0.241176
-0.241678
-0.242232
-0.242573
-0.242827
-0.24291
-0.24283
-0.242542
-0.242046
-0.241318
-0.24036
-0.220047
-0.234283
-0.240949
-0.239714
-0.239527
-0.240191
-0.24086
-0.241294
-0.241604
-0.24175
-0.241722
-0.241482
-0.241024
-0.240334
-0.23941
-0.218216
-0.231745
-0.238833
-0.237753
-0.237378
-0.238183
-0.239016
-0.239569
-0.239965
-0.240196
-0.240242
-0.24007
-0.239672
-0.239038
-0.238167
-0.217808
-0.228512
-0.235434
-0.234968
-0.234651
-0.235592
-0.236624
-0.237343
-0.237863
-0.238211
-0.238363
-0.238287
-0.237977
-0.237424
-0.23663
-0.217017
-0.224735
-0.230932
-0.231282
-0.231268
-0.23236
-0.233606
-0.234532
-0.235216
-0.235713
-0.236002
-0.236053
-0.235858
-0.235414
-0.234723
-0.215052
-0.220439
-0.225594
-0.226734
-0.227215
-0.228498
-0.229954
-0.231109
-0.23199
-0.232662
-0.233115
-0.23332
-0.233269
-0.23296
-0.232398
-0.211681
-0.215604
-0.219703
-0.221481
-0.222559
-0.224081
-0.225734
-0.227119
-0.228213
-0.229078
-0.229712
-0.230089
-0.230202
-0.230049
-0.229638
-0.207054
-0.210266
-0.213511
-0.215744
-0.217421
-0.21922
-0.221057
-0.222654
-0.223962
-0.225023
-0.225842
-0.2264
-0.226687
-0.226704
-0.226457
-0.201494
-0.204515
-0.2072
-0.209737
-0.211942
-0.214036
-0.216047
-0.217833
-0.21934
-0.220589
-0.221589
-0.222324
-0.222786
-0.222976
-0.2229
-0.195336
-0.198471
-0.200881
-0.203621
-0.206254
-0.208637
-0.210819
-0.212769
-0.214456
-0.215881
-0.217049
-0.217951
-0.21858
-0.218937
-0.219029
-0.18885
-0.192254
-0.194612
-0.197502
-0.200463
-0.203112
-0.205463
-0.207562
-0.209407
-0.210991
-0.212314
-0.213369
-0.214154
-0.214668
-0.214918
-0.182239
-0.185966
-0.18842
-0.191442
-0.194648
-0.197532
-0.200049
-0.202285
-0.204271
-0.205998
-0.207461
-0.208656
-0.209583
-0.210242
-0.21064
-0.175644
-0.179686
-0.182323
-0.185472
-0.188864
-0.191949
-0.194624
-0.196991
-0.199102
-0.200959
-0.20255
-0.203874
-0.204929
-0.205721
-0.206255
-0.169153
-0.173475
-0.176332
-0.179609
-0.183145
-0.186398
-0.189223
-0.191713
-0.193941
-0.195914
-0.197623
-0.199064
-0.200239
-0.201153
-0.201811
-0.162821
-0.167376
-0.170457
-0.173862
-0.177514
-0.180906
-0.183867
-0.186474
-0.18881
-0.190891
-0.192709
-0.194258
-0.195543
-0.196569
-0.197343
-0.156682
-0.16142
-0.164709
-0.168237
-0.171984
-0.175491
-0.178573
-0.18129
-0.183726
-0.185906
-0.187824
-0.189475
-0.190862
-0.191993
-0.192873
-0.150752
-0.155628
-0.1591
-0.162738
-0.166565
-0.170167
-0.173354
-0.176171
-0.1787
-0.180971
-0.182982
-0.184727
-0.18621
-0.187438
-0.188418
-0.145042
-0.150014
-0.153639
-0.157373
-0.161265
-0.164943
-0.16822
-0.171127
-0.17374
-0.176095
-0.17819
-0.180023
-0.181595
-0.182914
-0.183987
-0.139555
-0.144586
-0.148334
-0.152146
-0.15609
-0.159826
-0.163178
-0.166164
-0.168854
-0.171283
-0.173457
-0.175369
-0.177024
-0.178428
-0.179588
-0.134293
-0.139351
-0.143192
-0.147064
-0.151044
-0.154825
-0.158237
-0.161289
-0.164046
-0.166543
-0.168786
-0.170772
-0.172503
-0.173985
-0.175225
-0.129255
-0.134312
-0.138219
-0.142132
-0.146134
-0.149945
-0.153402
-0.156508
-0.159322
-0.161878
-0.164183
-0.166235
-0.168035
-0.169589
-0.170904
-0.124438
-0.129469
-0.133417
-0.137353
-0.141362
-0.145189
-0.148678
-0.151828
-0.154689
-0.157295
-0.159654
-0.161764
-0.163626
-0.165246
-0.166629
-0.119838
-0.124823
-0.128789
-0.13273
-0.136733
-0.140563
-0.144072
-0.147252
-0.15015
-0.152797
-0.155202
-0.157362
-0.15928
-0.160959
-0.162404
-0.115451
-0.120371
-0.124336
-0.128266
-0.132249
-0.13607
-0.139585
-0.142785
-0.145709
-0.148389
-0.150831
-0.153035
-0.155001
-0.156732
-0.158234
-0.11127
-0.11611
-0.120055
-0.12396
-0.127912
-0.131712
-0.135222
-0.138431
-0.141372
-0.144075
-0.146547
-0.148786
-0.150793
-0.15257
-0.154121
-0.10729
-0.112037
-0.115947
-0.119813
-0.123723
-0.12749
-0.130986
-0.134192
-0.137141
-0.139859
-0.142352
-0.144619
-0.14666
-0.148476
-0.150071
-0.103503
-0.108146
-0.112008
-0.115824
-0.119681
-0.123406
-0.126876
-0.130072
-0.13302
-0.135744
-0.13825
-0.140538
-0.142606
-0.144454
-0.146087
-0.0999019
-0.104433
-0.108234
-0.111991
-0.115786
-0.119461
-0.122896
-0.126071
-0.129009
-0.131732
-0.134244
-0.136546
-0.138633
-0.140508
-0.142172
-0.0964798
-0.100891
-0.104623
-0.108311
-0.112037
-0.115653
-0.119046
-0.122192
-0.125112
-0.127825
-0.130337
-0.132645
-0.134746
-0.136641
-0.138331
-0.093229
-0.0975159
-0.10117
-0.104782
-0.108431
-0.111982
-0.115325
-0.118435
-0.121329
-0.124026
-0.12653
-0.128838
-0.130946
-0.132855
-0.134565
-0.0901419
-0.0943006
-0.0978699
-0.1014
-0.104968
-0.108446
-0.111732
-0.114799
-0.117662
-0.120336
-0.122825
-0.125127
-0.127237
-0.129154
-0.130878
-0.0872112
-0.0912392
-0.0947186
-0.0981618
-0.101643
-0.105044
-0.108268
-0.111286
-0.11411
-0.116756
-0.119224
-0.121514
-0.123619
-0.125539
-0.127272
-0.0844297
-0.0883255
-0.0917109
-0.0950633
-0.0984538
-0.101774
-0.10493
-0.107894
-0.110674
-0.113285
-0.115728
-0.118
-0.120096
-0.122013
-0.12375
-0.0817902
-0.0855534
-0.0888418
-0.0921002
-0.0953974
-0.0986327
-0.101717
-0.104621
-0.107354
-0.109925
-0.112337
-0.114586
-0.116667
-0.118577
-0.120313
-0.0792859
-0.0829167
-0.0861061
-0.0892685
-0.0924701
-0.0956177
-0.0986265
-0.101468
-0.104147
-0.106675
-0.109051
-0.111273
-0.113335
-0.115233
-0.116964
-0.0769103
-0.0804097
-0.0834988
-0.0865638
-0.0896683
-0.0927261
-0.0956566
-0.0984315
-0.101055
-0.103534
-0.105871
-0.108062
-0.1101
-0.111982
-0.113704
-0.074657
-0.0780265
-0.0810147
-0.0839816
-0.0869882
-0.0899547
-0.0928048
-0.0955104
-0.0980738
-0.100502
-0.102796
-0.104952
-0.106963
-0.108825
-0.110534
-0.0725199
-0.0757615
-0.078649
-0.0815177
-0.084426
-0.0873003
-0.0900684
-0.0927024
-0.0952035
-0.097578
-0.0998261
-0.101943
-0.103923
-0.105762
-0.107454
-0.0704933
-0.0736094
-0.0763969
-0.0791676
-0.0819779
-0.0847595
-0.0874444
-0.0900053
-0.0924421
-0.0947602
-0.0969595
-0.0990355
-0.100982
-0.102793
-0.104466
-0.0685718
-0.0715651
-0.0742534
-0.0769272
-0.07964
-0.0823291
-0.0849302
-0.0874167
-0.0897875
-0.0920472
-0.0941956
-0.0962279
-0.0981377
-0.0999196
-0.101569
-0.06675
-0.0696235
-0.0722142
-0.0747922
-0.0774086
-0.0800055
-0.0825227
-0.084934
-0.0872377
-0.0894376
-0.0915332
-0.0935196
-0.0953906
-0.0971405
-0.098765
-0.0650231
-0.0677799
-0.0702748
-0.0727585
-0.0752798
-0.0777855
-0.0802188
-0.0825547
-0.0847905
-0.0869294
-0.0889707
-0.0909096
-0.0927398
-0.0944557
-0.0960525
-0.0633864
-0.0660299
-0.0684309
-0.0708222
-0.07325
-0.0756656
-0.0780157
-0.0802761
-0.0824436
-0.0845208
-0.0865068
-0.0883968
-0.0901846
-0.0918645
-0.0934317
-0.0618355
-0.0643691
-0.0666786
-0.0689794
-0.0713156
-0.0736425
-0.0759103
-0.0780955
-0.0801948
-0.0822098
-0.0841397
-0.0859798
-0.0877239
-0.0893663
-0.0909021
-0.0603663
-0.0627934
-0.0650137
-0.0672264
-0.0694732
-0.0717131
-0.0738996
-0.0760104
-0.0780415
-0.0799943
-0.0818677
-0.0836571
-0.0853565
-0.0869602
-0.0884632
-0.0589747
-0.0612991
-0.0634328
-0.0655597
-0.0677192
-0.069874
-0.0719807
-0.0740179
-0.0759814
-0.0778721
-0.0796889
-0.0814272
-0.0830812
-0.0846452
-0.0861142
-0.0576573
-0.0598825
-0.0619321
-0.0639758
-0.0660505
-0.0681222
-0.0701507
-0.0721154
-0.0740121
-0.0758412
-0.0776014
-0.0792884
-0.0808966
-0.0824202
-0.0838543
-0.0564104
-0.0585401
-0.0605085
-0.0624715
-0.0644639
-0.0664547
-0.0684067
-0.0703004
-0.0721312
-0.0738993
-0.0756034
-0.0772392
-0.0788012
-0.080284
-0.0816826
-0.0552309
-0.0572687
-0.0591585
-0.0610435
-0.0629563
-0.0648686
-0.0667461
-0.0685701
-0.0703363
-0.0720443
-0.0736928
-0.0752777
-0.0767937
-0.0782353
-0.0795978
-0.0541156
-0.0560652
-0.0578793
-0.0596891
-0.0615249
-0.0633611
-0.065166
-0.0669222
-0.068625
-0.0702741
-0.0718678
-0.0734023
-0.0748724
-0.0762729
-0.0775991
-0.0530618
-0.0549266
-0.0566679
-0.0584053
-0.0601668
-0.0619295
-0.0636641
-0.0653542
-0.0669952
-0.0685865
-0.0701263
-0.0716111
-0.0730357
-0.0743953
-0.0756851
-0.0520666
-0.0538504
-0.0555217
-0.0571894
-0.0588795
-0.0605712
-0.0622377
-0.0638637
-0.0654446
-0.0669794
-0.0684665
-0.0699023
-0.0712822
-0.0726011
-0.0738546
-0.0511278
-0.052834
-0.0544381
-0.0560389
-0.0576603
-0.0592838
-0.0608846
-0.0624485
-0.0639709
-0.0654508
-0.0668864
-0.0682744
-0.0696101
-0.070889
-0.0721064
-0.0502427
-0.0518748
-0.0534147
-0.0549514
-0.056507
-0.0580649
-0.0596024
-0.0611063
-0.0625721
-0.0639987
-0.0653842
-0.0667255
-0.068018
-0.0692574
-0.0704393
-0.0494094
-0.0509708
-0.0524492
-0.0539247
-0.0554174
-0.0569122
-0.0583889
-0.0598351
-0.0612463
-0.0626213
-0.0639582
-0.065254
-0.0665044
-0.0677051
-0.068852
-0.0486256
-0.0501199
-0.0515396
-0.0529566
-0.0543891
-0.0558238
-0.0572422
-0.0586329
-0.0599915
-0.0613166
-0.0626066
-0.0638582
-0.0650676
-0.0662306
-0.0673432
-0.0478896
-0.0493199
-0.0506838
-0.0520451
-0.0534204
-0.0547977
-0.0561603
-0.0574977
-0.0588058
-0.0600831
-0.0613277
-0.0625368
-0.0637064
-0.0648327
-0.0659119
-0.0471995
-0.0485693
-0.04988
-0.0511885
-0.0525093
-0.053832
-0.0551414
-0.056428
-0.0576877
-0.058919
-0.0601201
-0.0612881
-0.0624194
-0.0635102
-0.0645568
-0.0465537
-0.0478662
-0.0491266
-0.050385
-0.0516542
-0.0529249
-0.0541838
-0.0554219
-0.0566355
-0.0578229
-0.0589822
-0.0601108
-0.0612052
-0.0622617
-0.0632769
-0.0459507
-0.0472091
-0.048422
-0.049633
-0.0508534
-0.052075
-0.0532859
-0.054478
-0.0556477
-0.0567933
-0.0579128
-0.0590037
-0.0600627
-0.0610863
-0.0620712
-0.0453891
-0.0465967
-0.0477648
-0.0489311
-0.0501056
-0.0512809
-0.0524464
-0.053595
-0.0547231
-0.0558289
-0.0569106
-0.0579656
-0.0589909
-0.059983
-0.0609388
-0.0448677
-0.0460276
-0.0471536
-0.0482781
-0.0494093
-0.0505411
-0.051664
-0.0527716
-0.0538604
-0.0549287
-0.0559745
-0.0569956
-0.0579887
-0.0589509
-0.059879
-0.0443854
-0.0455008
-0.0465875
-0.0476727
-0.0487636
-0.0498547
-0.0509376
-0.0520066
-0.0530586
-0.0540915
-0.0551037
-0.0560926
-0.0570555
-0.0579894
-0.0588911
-0.0439412
-0.0450152
-0.0460652
-0.047114
-0.0481674
-0.0492205
-0.0502663
-0.0512993
-0.0523168
-0.0533167
-0.0542973
-0.0552561
-0.0561906
-0.0570977
-0.0579747
-0.0435342
-0.0445701
-0.0455862
-0.0466012
-0.0476198
-0.0486379
-0.0496491
-0.0506489
-0.0516343
-0.0526035
-0.0535547
-0.0544856
-0.0553935
-0.0562757
-0.0571294
-0.0431638
-0.0441646
-0.0451495
-0.0461336
-0.0471204
-0.0481062
-0.0490857
-0.0500548
-0.0510107
-0.0519516
-0.0528756
-0.0537806
-0.0546639
-0.055523
-0.0563552
-0.0428294
-0.0437983
-0.0447549
-0.0457107
-0.0466685
-0.047625
-0.0485756
-0.0495166
-0.0504456
-0.0513606
-0.0522598
-0.0531411
-0.0540019
-0.0548398
-0.0556521
-0.0425306
-0.0434709
-0.0444019
-0.0453323
-0.046264
-0.0471941
-0.0481186
-0.0490344
-0.049939
-0.0508307
-0.0517075
-0.0525672
-0.0534076
-0.0542262
-0.0550206
-0.0422673
-0.0431822
-0.0440905
-0.0449984
-0.0459069
-0.0468135
-0.0477149
-0.0486082
-0.0494912
-0.0503621
-0.0512188
-0.0520594
-0.0528816
-0.0536831
-0.0544613
-0.0420395
-0.0429323
-0.0438207
-0.044709
-0.0455974
-0.0464836
-0.0473648
-0.0482385
-0.0491026
-0.0499553
-0.0507946
-0.0516185
-0.0524247
-0.0532111
-0.0539753
-0.0418474
-0.0427214
-0.0435931
-0.0444647
-0.045336
-0.0462049
-0.047069
-0.0479261
-0.0487742
-0.0496114
-0.0504358
-0.0512455
-0.0520382
-0.0528117
-0.0535638
-0.0416915
-0.0425502
-0.0434082
-0.0442662
-0.0451235
-0.0459783
-0.0468285
-0.047672
-0.048507
-0.0493316
-0.0501439
-0.0509419
-0.0517236
-0.0524866
-0.0532288
-0.0415724
-0.0424195
-0.043267
-0.0441146
-0.0449613
-0.0458053
-0.0466448
-0.0474779
-0.0483028
-0.0491178
-0.0499208
-0.0507098
-0.0514829
-0.0522379
-0.0529726
-0.0414918
-0.0423307
-0.043171
-0.0440115
-0.0448509
-0.0456875
-0.0465197
-0.0473458
-0.0481639
-0.0489722
-0.0497688
-0.0505518
-0.0513191
-0.0520685
-0.052798
-0.0414498
-0.0422849
-0.0431215
-0.0439585
-0.0447942
-0.0456271
-0.0464556
-0.047278
-0.0480926
-0.0488975
-0.0496909
-0.0504708
-0.0512351
-0.0519817
-0.0527085
-0.22668
-0.227715
-0.228857
-0.230146
-0.231633
-0.233377
-0.235455
-0.237966
-0.241034
-0.244801
-0.249546
-0.256403
-0.265146
-0.226814
-0.228792
-0.230866
-0.233046
-0.235344
-0.23777
-0.240336
-0.24306
-0.245967
-0.249083
-0.252448
-0.256614
-0.262015
-0.219396
-0.221263
-0.223173
-0.225137
-0.22717
-0.229289
-0.231514
-0.233873
-0.236398
-0.239131
-0.242102
-0.245607
-0.250726
-0.213634
-0.215612
-0.217643
-0.219739
-0.221912
-0.224174
-0.226539
-0.22902
-0.231632
-0.234377
-0.237313
-0.241666
-0.206307
-0.208303
-0.210326
-0.212382
-0.214478
-0.216622
-0.218822
-0.221089
-0.223435
-0.225874
-0.228375
-0.232045
-0.198602
-0.200579
-0.202569
-0.204579
-0.206612
-0.208676
-0.210776
-0.212919
-0.215113
-0.217372
-0.219634
-0.222722
-0.191009
-0.192976
-0.194949
-0.19693
-0.198924
-0.200932
-0.202959
-0.205009
-0.207085
-0.2092
-0.211299
-0.213908
-0.183574
-0.185522
-0.187471
-0.189422
-0.191378
-0.193339
-0.195308
-0.197288
-0.199282
-0.201296
-0.203295
-0.205559
-0.176331
-0.178257
-0.180182
-0.182105
-0.184028
-0.185953
-0.18788
-0.18981
-0.191746
-0.193691
-0.195625
-0.197655
-0.169325
-0.171224
-0.173121
-0.175016
-0.176908
-0.178799
-0.18069
-0.18258
-0.184472
-0.186366
-0.188253
-0.190133
-0.162568
-0.164436
-0.166301
-0.168164
-0.170024
-0.171882
-0.173738
-0.175593
-0.177447
-0.1793
-0.181149
-0.182934
-0.15607
-0.157901
-0.15973
-0.161557
-0.163382
-0.165204
-0.167025
-0.168845
-0.170662
-0.172479
-0.174293
-0.176014
-0.149834
-0.151624
-0.153412
-0.155199
-0.156984
-0.158768
-0.160551
-0.162333
-0.164113
-0.165892
-0.167671
-0.169344
-0.143863
-0.145607
-0.14735
-0.149092
-0.150834
-0.152575
-0.154315
-0.156055
-0.157795
-0.159534
-0.161274
-0.162906
-0.138154
-0.139848
-0.141542
-0.143236
-0.14493
-0.146624
-0.148318
-0.150013
-0.151708
-0.153403
-0.1551
-0.156692
-0.132705
-0.134346
-0.135988
-0.13763
-0.139273
-0.140917
-0.142561
-0.144207
-0.145853
-0.147501
-0.149151
-0.150699
-0.127512
-0.129097
-0.130684
-0.132272
-0.133861
-0.135452
-0.137044
-0.138637
-0.140232
-0.141828
-0.143428
-0.14493
-0.122568
-0.124097
-0.125627
-0.127159
-0.128693
-0.130228
-0.131765
-0.133304
-0.134844
-0.136387
-0.137933
-0.139387
-0.117867
-0.119338
-0.120811
-0.122286
-0.123763
-0.125242
-0.126722
-0.128205
-0.12969
-0.131177
-0.132668
-0.134071
-0.113402
-0.114815
-0.11623
-0.117648
-0.119067
-0.120488
-0.121912
-0.123338
-0.124766
-0.126197
-0.127631
-0.128982
-0.109163
-0.110519
-0.111877
-0.113237
-0.114599
-0.115963
-0.117329
-0.118698
-0.120069
-0.121443
-0.122821
-0.124119
-0.105143
-0.106442
-0.107743
-0.109046
-0.110351
-0.111658
-0.112968
-0.11428
-0.115595
-0.116912
-0.118232
-0.119478
-0.101332
-0.102575
-0.10382
-0.105067
-0.106316
-0.107568
-0.108821
-0.110077
-0.111335
-0.112596
-0.113861
-0.115054
-0.0977217
-0.0989099
-0.1001
-0.101292
-0.102486
-0.103683
-0.104881
-0.106082
-0.107285
-0.108491
-0.1097
-0.110842
-0.0943018
-0.0954367
-0.0965735
-0.0977123
-0.098853
-0.0999958
-0.101141
-0.102288
-0.103437
-0.104588
-0.105743
-0.106834
-0.0910636
-0.0921469
-0.0932319
-0.0943188
-0.0954075
-0.0964982
-0.0975907
-0.0986853
-0.0997819
-0.100881
-0.101983
-0.103025
-0.0879982
-0.0890315
-0.0900664
-0.0911031
-0.0921414
-0.0931816
-0.0942236
-0.0952674
-0.096313
-0.097361
-0.0984114
-0.0994063
-0.0850967
-0.0860818
-0.0870684
-0.0880566
-0.0890463
-0.0900377
-0.0910308
-0.0920255
-0.093022
-0.0940205
-0.0950213
-0.0959702
-0.0823508
-0.0832895
-0.0842295
-0.085171
-0.086114
-0.0870584
-0.0880043
-0.0889517
-0.0899007
-0.0908517
-0.0918045
-0.0927091
-0.0797522
-0.0806463
-0.0815417
-0.0824383
-0.0833362
-0.0842355
-0.0851361
-0.086038
-0.0869414
-0.0878465
-0.0887532
-0.0896152
-0.0772932
-0.0781446
-0.078997
-0.0798506
-0.0807053
-0.0815612
-0.0824183
-0.0832766
-0.0841362
-0.0849973
-0.0858598
-0.0866808
-0.0749662
-0.0757766
-0.076588
-0.0774004
-0.0782137
-0.0790281
-0.0798435
-0.08066
-0.0814775
-0.0822965
-0.0831166
-0.0838983
-0.0727642
-0.0735355
-0.0743075
-0.0750804
-0.0758542
-0.0766289
-0.0774044
-0.0781809
-0.0789582
-0.0797369
-0.0805163
-0.0812605
-0.0706804
-0.0714142
-0.0721487
-0.0728839
-0.0736199
-0.0743566
-0.0750941
-0.0758323
-0.0765712
-0.0773113
-0.078052
-0.0787602
-0.0687083
-0.0694064
-0.0701051
-0.0708043
-0.0715042
-0.0722046
-0.0729057
-0.0736074
-0.0743097
-0.075013
-0.0757167
-0.0763906
-0.066842
-0.067506
-0.0681704
-0.0688353
-0.0695008
-0.0701667
-0.0708331
-0.0715
-0.0721673
-0.0728355
-0.0735039
-0.0741451
-0.0650756
-0.0657071
-0.066339
-0.0669712
-0.0676038
-0.0682367
-0.0688701
-0.0695038
-0.0701379
-0.0707727
-0.0714074
-0.0720174
-0.0634039
-0.0640044
-0.0646052
-0.0652062
-0.0658076
-0.0664092
-0.067011
-0.0676132
-0.0682156
-0.0688185
-0.0694213
-0.0700016
-0.0618216
-0.0623926
-0.0629638
-0.0635352
-0.0641068
-0.0646786
-0.0652505
-0.0658226
-0.0663948
-0.0669675
-0.0675398
-0.0680918
-0.0603241
-0.060867
-0.0614101
-0.0619533
-0.0624966
-0.0630399
-0.0635833
-0.0641268
-0.0646704
-0.0652143
-0.0657577
-0.0662828
-0.0589068
-0.059423
-0.0599394
-0.0604557
-0.060972
-0.0614884
-0.0620047
-0.0625211
-0.0630374
-0.063554
-0.0640699
-0.0645693
-0.0575655
-0.0580564
-0.0585472
-0.0590381
-0.0595288
-0.0600195
-0.0605101
-0.0610006
-0.0614911
-0.0619817
-0.0624715
-0.0629466
-0.0562963
-0.0567631
-0.0572297
-0.0576963
-0.0581627
-0.058629
-0.0590952
-0.0595612
-0.0600271
-0.060493
-0.0609581
-0.06141
-0.0550954
-0.0555393
-0.055983
-0.0564265
-0.0568698
-0.057313
-0.0577559
-0.0581987
-0.0586412
-0.0590837
-0.0595254
-0.0599552
-0.0539595
-0.0543815
-0.0548034
-0.055225
-0.0556464
-0.0560676
-0.0564885
-0.0569092
-0.0573296
-0.0577499
-0.0581693
-0.0585782
-0.0532865
-0.0536876
-0.0540885
-0.0544891
-0.0548894
-0.0552894
-0.0556891
-0.0560886
-0.0564878
-0.0568861
-0.0572752
-0.0522511
-0.0526326
-0.0530137
-0.0533945
-0.0537751
-0.0541553
-0.0545351
-0.0549147
-0.0552939
-0.0556722
-0.0560424
-0.0512724
-0.0516352
-0.0519977
-0.0523598
-0.0527215
-0.053083
-0.053444
-0.0538046
-0.054165
-0.0545244
-0.0548766
-0.0503478
-0.0506929
-0.0510376
-0.0513819
-0.0517259
-0.0520695
-0.0524127
-0.0527555
-0.053098
-0.0534394
-0.0537747
-0.0494746
-0.0498029
-0.0501308
-0.0504583
-0.0507855
-0.0511122
-0.0514385
-0.0517644
-0.0520899
-0.0524144
-0.0527335
-0.0486504
-0.0489628
-0.0492749
-0.0495865
-0.0498977
-0.0502084
-0.0505187
-0.0508286
-0.0511381
-0.0514466
-0.0517504
-0.0478732
-0.0481705
-0.0484675
-0.048764
-0.0490601
-0.0493558
-0.049651
-0.0499457
-0.0502401
-0.0505334
-0.0508227
-0.0471406
-0.0474238
-0.0477065
-0.0479888
-0.0482706
-0.048552
-0.0488329
-0.0491134
-0.0493934
-0.0496724
-0.049948
-0.0464509
-0.0467206
-0.0469899
-0.0472587
-0.047527
-0.0477949
-0.0480624
-0.0483293
-0.0485958
-0.0488614
-0.0491239
-0.0458022
-0.0460592
-0.0463157
-0.0465719
-0.0468275
-0.0470827
-0.0473374
-0.0475916
-0.0478454
-0.0480982
-0.0483485
-0.0451928
-0.0454378
-0.0456824
-0.0459265
-0.0461702
-0.0464134
-0.0466561
-0.0468983
-0.0471401
-0.047381
-0.0476197
-0.0446211
-0.0448548
-0.0450881
-0.045321
-0.0455534
-0.0457853
-0.0460167
-0.0462477
-0.0464782
-0.0467078
-0.0469355
-0.0440856
-0.0443087
-0.0445314
-0.0447537
-0.0449755
-0.0451968
-0.0454177
-0.045638
-0.0458579
-0.046077
-0.0462945
-0.043585
-0.0437982
-0.0440109
-0.0442233
-0.0444351
-0.0446465
-0.0448574
-0.0450679
-0.0452778
-0.045487
-0.0456949
-0.043118
-0.0433219
-0.0435253
-0.0437283
-0.0439309
-0.044133
-0.0443347
-0.0445358
-0.0447365
-0.0449365
-0.0451352
-0.0426835
-0.0428786
-0.0430734
-0.0432677
-0.0434616
-0.0436551
-0.0438481
-0.0440406
-0.0442326
-0.044424
-0.0446143
-0.0422803
-0.0424674
-0.0426541
-0.0428404
-0.0430262
-0.0432116
-0.0433965
-0.043581
-0.043765
-0.0439483
-0.0441308
-0.0419077
-0.0420873
-0.0422664
-0.0424452
-0.0426236
-0.0428015
-0.042979
-0.043156
-0.0433326
-0.0435085
-0.0436838
-0.0415646
-0.0417373
-0.0419095
-0.0420814
-0.0422529
-0.0424239
-0.0425946
-0.0427647
-0.0429345
-0.0431036
-0.0432721
-0.0412504
-0.0414167
-0.0415827
-0.0417482
-0.0419134
-0.0420781
-0.0422425
-0.0424064
-0.0425698
-0.0427328
-0.0428951
-0.0409644
-0.0411249
-0.0412851
-0.0414449
-0.0416044
-0.0417634
-0.041922
-0.0420802
-0.042238
-0.0423953
-0.042552
-0.0407062
-0.0408615
-0.0410165
-0.0411711
-0.0413254
-0.0414792
-0.0416327
-0.0417858
-0.0419385
-0.0420907
-0.0422424
-0.0404753
-0.040626
-0.0407763
-0.0409263
-0.041076
-0.0412253
-0.0413742
-0.0415227
-0.0416709
-0.0418186
-0.0419658
-0.0402715
-0.0404181
-0.0405644
-0.0407104
-0.040856
-0.0410013
-0.0411462
-0.0412908
-0.0414349
-0.0415787
-0.0417221
-0.0400947
-0.0402379
-0.0403807
-0.0405232
-0.0406653
-0.0408072
-0.0409487
-0.0410899
-0.0412307
-0.0413711
-0.0415112
-0.0400852
-0.0402251
-0.0403648
-0.0405041
-0.0406431
-0.0407818
-0.0409202
-0.0410582
-0.0411959
-0.0413333
-0.0399608
-0.0400984
-0.0402358
-0.0403729
-0.0405096
-0.0406461
-0.0407823
-0.0409182
-0.0410538
-0.041189
-0.0398642
-0.0400001
-0.0401359
-0.0402713
-0.0404065
-0.0405415
-0.0406762
-0.0408106
-0.0409447
-0.0410785
-0.0397984
-0.0399333
-0.040068
-0.0402024
-0.0403366
-0.0404706
-0.0406043
-0.0407378
-0.040871
-0.041004
-0.0397593
-0.0398939
-0.0400284
-0.0401627
-0.0402968
-0.0404307
-0.0405643
-0.0406978
-0.0408311
-0.0409641
-0.0395792
-0.0397139
-0.0398483
-0.0399826
-0.0401166
-0.0402505
-0.0403842
-0.0405176
-0.0406509
-0.0407839
-0.0409168
-0.0396183
-0.0397532
-0.0398879
-0.0400224
-0.0401566
-0.0402906
-0.0404243
-0.0405578
-0.0406911
-0.0408241
-0.0409568
-0.0396833
-0.0398193
-0.0399551
-0.0400906
-0.0402259
-0.0403609
-0.0404956
-0.0406301
-0.0407642
-0.0408981
-0.0410317
-0.0397789
-0.0399166
-0.040054
-0.0401911
-0.040328
-0.0404646
-0.0406008
-0.0407368
-0.0408725
-0.0410078
-0.0411429
-0.0397615
-0.0399018
-0.0400418
-0.0401815
-0.0403209
-0.04046
-0.0405988
-0.0407373
-0.0408755
-0.0410133
-0.0411508
-0.041288
-0.0399092
-0.0400525
-0.0401954
-0.040338
-0.0404803
-0.0406223
-0.0407639
-0.0409052
-0.0410462
-0.0411868
-0.041327
-0.0414669
-0.0400836
-0.0402304
-0.0403768
-0.0405229
-0.0406687
-0.0408141
-0.0409592
-0.0411039
-0.0412482
-0.0413922
-0.0415358
-0.0416789
-0.0402846
-0.0404355
-0.040586
-0.0407362
-0.040886
-0.0410354
-0.0411845
-0.0413332
-0.0414816
-0.0416295
-0.041777
-0.0419241
-0.0405124
-0.040668
-0.0408231
-0.0409779
-0.0411324
-0.0412864
-0.0414401
-0.0415934
-0.0417463
-0.0418988
-0.0420508
-0.0422023
-0.0407672
-0.040928
-0.0410883
-0.0412483
-0.041408
-0.0415672
-0.0417261
-0.0418845
-0.0420425
-0.0422001
-0.0423572
-0.0425138
-0.0410494
-0.0412159
-0.0413821
-0.0415479
-0.0417133
-0.0418783
-0.0420428
-0.042207
-0.0423707
-0.042534
-0.0426968
-0.042859
-0.0413594
-0.0415323
-0.0417049
-0.041877
-0.0420487
-0.04222
-0.0423909
-0.0425614
-0.0427314
-0.042901
-0.04307
-0.0432383
-0.041698
-0.0418778
-0.0420573
-0.0422364
-0.042415
-0.0425932
-0.042771
-0.0429483
-0.0431252
-0.0433017
-0.0434775
-0.0436525
-0.0420658
-0.0422532
-0.0424402
-0.0426267
-0.0428129
-0.0429986
-0.0431838
-0.0433686
-0.043553
-0.0437369
-0.0439201
-0.0441025
-0.0424637
-0.0426592
-0.0428543
-0.043049
-0.0432432
-0.043437
-0.0436304
-0.0438232
-0.0440157
-0.0442076
-0.0443988
-0.0445891
-0.0428926
-0.0430969
-0.0433007
-0.0435041
-0.043707
-0.0439095
-0.0441116
-0.0443131
-0.0445142
-0.0447149
-0.0449147
-0.0451135
-0.0433537
-0.0435673
-0.0437804
-0.0439931
-0.0442054
-0.0444172
-0.0446286
-0.0448395
-0.0450499
-0.0452598
-0.045469
-0.0456768
-0.0438479
-0.0440715
-0.0442946
-0.0445173
-0.0447396
-0.0449614
-0.0451827
-0.0454036
-0.045624
-0.0458438
-0.0460629
-0.0462804
-0.0443766
-0.0446108
-0.0448446
-0.045078
-0.0453109
-0.0455433
-0.0457753
-0.0460068
-0.0462378
-0.0464683
-0.046698
-0.0469258
-0.0449411
-0.0451867
-0.0454318
-0.0456764
-0.0459207
-0.0461644
-0.0464077
-0.0466505
-0.0468929
-0.0471347
-0.0473757
-0.0476145
-0.0455429
-0.0458004
-0.0460576
-0.0463143
-0.0465705
-0.0468263
-0.0470817
-0.0473365
-0.0475909
-0.0478448
-0.0480978
-0.0483482
-0.0461834
-0.0464537
-0.0467236
-0.0469931
-0.0472621
-0.0475307
-0.0477988
-0.0480664
-0.0483336
-0.0486003
-0.0488661
-0.0491289
-0.0468644
-0.0471482
-0.0474316
-0.0477146
-0.0479972
-0.0482793
-0.0485609
-0.0488421
-0.0491229
-0.0494032
-0.0496825
-0.0499584
-0.0475876
-0.0478857
-0.0481834
-0.0484807
-0.0487776
-0.0490741
-0.0493701
-0.0496656
-0.0499607
-0.0502554
-0.0505492
-0.0508388
-0.048355
-0.0486682
-0.048981
-0.0492934
-0.0496055
-0.0499171
-0.0502283
-0.050539
-0.0508494
-0.0511593
-0.0514683
-0.0517725
-0.0491685
-0.0494976
-0.0498264
-0.0501548
-0.0504829
-0.0508106
-0.0511378
-0.0514647
-0.0517911
-0.0521171
-0.0524422
-0.0527619
-0.0500303
-0.0503763
-0.0507219
-0.0510673
-0.0514122
-0.0517568
-0.052101
-0.0524449
-0.0527883
-0.0531314
-0.0534735
-0.0538095
-0.0509427
-0.0513065
-0.0516699
-0.0520331
-0.0523959
-0.0527584
-0.0531205
-0.0534823
-0.0538437
-0.0542049
-0.054565
-0.054918
-0.0519082
-0.0522907
-0.052673
-0.0530549
-0.0534366
-0.053818
-0.054199
-0.0545797
-0.0549601
-0.0553403
-0.0557194
-0.0560905
-0.0529295
-0.0533318
-0.0537338
-0.0541356
-0.0545371
-0.0549383
-0.0553393
-0.05574
-0.0561404
-0.0565407
-0.05694
-0.0573301
-0.0540093
-0.0544324
-0.0548552
-0.0552779
-0.0557004
-0.0561226
-0.0565446
-0.0569664
-0.0573879
-0.0578093
-0.0582299
-0.05864
-0.0551507
-0.0555956
-0.0560404
-0.0564851
-0.0569296
-0.057374
-0.0578182
-0.0582621
-0.0587059
-0.0591497
-0.0595926
-0.0600238
-0.0563567
-0.0568248
-0.0572927
-0.0577606
-0.0582283
-0.0586959
-0.0591635
-0.0596308
-0.0600981
-0.0605654
-0.0610319
-0.0614853
-0.057631
-0.0581233
-0.0586155
-0.0591078
-0.0596
-0.0600921
-0.0605842
-0.0610763
-0.0615682
-0.0620603
-0.0625518
-0.0630284
-0.058977
-0.0594948
-0.0600127
-0.0605306
-0.0610485
-0.0615665
-0.0620844
-0.0626024
-0.0631204
-0.0636387
-0.0641563
-0.0646575
-0.0603988
-0.0609434
-0.0614881
-0.062033
-0.062578
-0.0631231
-0.0636683
-0.0642136
-0.064759
-0.0653047
-0.06585
-0.0663769
-0.0619004
-0.0624732
-0.0630462
-0.0636194
-0.0641928
-0.0647665
-0.0653403
-0.0659143
-0.0664885
-0.0670632
-0.0676375
-0.0681915
-0.0634862
-0.0640886
-0.0646913
-0.0652943
-0.0658976
-0.0665012
-0.0671051
-0.0677093
-0.0683138
-0.0689189
-0.0695238
-0.0701062
-0.0651609
-0.0657944
-0.0664283
-0.0670626
-0.0676973
-0.0683324
-0.0689679
-0.0696038
-0.0702401
-0.0708772
-0.0715142
-0.0721265
-0.0669296
-0.0675957
-0.0682623
-0.0689294
-0.0695971
-0.0702652
-0.0709339
-0.0716031
-0.0722728
-0.0729434
-0.0736142
-0.0742578
-0.0687975
-0.0694978
-0.0701987
-0.0709003
-0.0716024
-0.0723053
-0.0730088
-0.0737129
-0.0744177
-0.0751234
-0.0758296
-0.076506
-0.0707703
-0.0715064
-0.0722433
-0.0729809
-0.0737193
-0.0744584
-0.0751984
-0.0759391
-0.0766806
-0.0774233
-0.0781666
-0.0788774
-0.0728539
-0.0736275
-0.074402
-0.0751774
-0.0759537
-0.0767309
-0.077509
-0.0782881
-0.0790681
-0.0798494
-0.0806315
-0.0813783
-0.0750547
-0.0758676
-0.0766814
-0.0774963
-0.0783122
-0.0791292
-0.0799473
-0.0807664
-0.0815866
-0.0824083
-0.0832311
-0.0840155
-0.0773793
-0.0782332
-0.0790882
-0.0799443
-0.0808017
-0.0816602
-0.0825199
-0.0833809
-0.0842431
-0.085107
-0.0859723
-0.0867959
-0.0798348
-0.0807315
-0.0816293
-0.0825285
-0.0834291
-0.0843309
-0.0852342
-0.0861388
-0.0870448
-0.0879527
-0.0888622
-0.0897268
-0.0824286
-0.0833698
-0.0843124
-0.0852564
-0.0862019
-0.0871489
-0.0880974
-0.0890475
-0.0899992
-0.0909528
-0.0919084
-0.0928155
-0.0851684
-0.0861559
-0.0871449
-0.0881356
-0.0891279
-0.0901218
-0.0911174
-0.0921147
-0.0931137
-0.0941149
-0.0951182
-0.0960696
-0.0880622
-0.0890978
-0.0901351
-0.0911742
-0.092215
-0.0932575
-0.0943019
-0.0953481
-0.0963963
-0.0974467
-0.0984996
-0.0994967
-0.0911185
-0.092204
-0.0932912
-0.0943804
-0.0954713
-0.0965642
-0.0976591
-0.0987559
-0.0998548
-0.100956
-0.10206
-0.103105
-0.0943459
-0.0954829
-0.0966218
-0.0977626
-0.0989054
-0.10005
-0.101197
-0.102346
-0.103497
-0.104651
-0.105808
-0.106901
-0.0977535
-0.0989435
-0.100135
-0.101329
-0.102526
-0.103724
-0.104924
-0.106127
-0.107331
-0.108539
-0.109749
-0.110892
-0.10135
-0.102595
-0.103841
-0.10509
-0.10634
-0.107593
-0.108848
-0.110105
-0.111365
-0.112627
-0.113893
-0.115087
-0.105145
-0.106445
-0.107747
-0.109052
-0.110358
-0.111666
-0.112977
-0.11429
-0.115605
-0.116923
-0.118245
-0.11949
-0.109148
-0.110504
-0.111863
-0.113224
-0.114586
-0.115951
-0.117318
-0.118687
-0.120059
-0.121433
-0.122811
-0.124109
-0.113367
-0.114781
-0.116196
-0.117614
-0.119034
-0.120455
-0.121879
-0.123305
-0.124733
-0.126163
-0.127597
-0.128947
-0.117812
-0.119283
-0.120756
-0.12223
-0.123706
-0.125184
-0.126665
-0.128147
-0.129631
-0.131117
-0.132607
-0.134008
-0.12249
-0.124018
-0.125548
-0.127079
-0.128611
-0.130145
-0.131681
-0.133218
-0.134757
-0.136298
-0.137842
-0.139294
-0.125826
-0.127409
-0.128994
-0.130579
-0.132165
-0.133753
-0.135341
-0.136931
-0.138522
-0.140115
-0.141708
-0.143305
-0.144804
-0.130938
-0.132577
-0.134216
-0.135856
-0.137495
-0.139136
-0.140777
-0.142418
-0.144061
-0.145704
-0.147348
-0.148994
-0.150538
-0.136307
-0.137999
-0.13969
-0.141381
-0.143072
-0.144762
-0.146453
-0.148143
-0.149834
-0.151525
-0.153215
-0.154907
-0.156493
-0.141938
-0.143679
-0.145419
-0.147159
-0.148897
-0.150634
-0.152371
-0.154106
-0.155841
-0.157575
-0.159309
-0.161042
-0.162668
-0.147833
-0.149621
-0.151406
-0.15319
-0.154972
-0.156752
-0.15853
-0.160307
-0.162082
-0.163856
-0.165628
-0.167399
-0.169065
-0.153997
-0.155826
-0.157652
-0.159475
-0.161296
-0.163114
-0.16493
-0.166744
-0.168556
-0.170367
-0.172175
-0.173981
-0.175693
-0.160427
-0.162293
-0.164154
-0.166013
-0.167868
-0.169721
-0.171571
-0.173419
-0.175266
-0.177111
-0.178955
-0.180794
-0.182569
-0.167122
-0.169018
-0.17091
-0.172799
-0.174686
-0.17657
-0.178452
-0.180333
-0.182214
-0.184095
-0.185979
-0.187855
-0.189724
-0.174071
-0.175992
-0.17791
-0.179826
-0.18174
-0.183654
-0.185569
-0.187485
-0.189405
-0.191329
-0.193263
-0.195184
-0.197202
-0.181262
-0.183203
-0.185142
-0.187082
-0.189023
-0.190968
-0.192918
-0.194876
-0.196844
-0.198825
-0.200827
-0.202812
-0.205063
-0.188653
-0.190607
-0.192564
-0.194526
-0.196497
-0.198479
-0.200476
-0.20249
-0.204527
-0.20659
-0.208691
-0.210776
-0.213371
-0.196214
-0.19817
-0.200136
-0.202115
-0.204113
-0.206134
-0.208185
-0.210272
-0.212402
-0.214582
-0.216826
-0.219074
-0.222148
-0.203883
-0.205846
-0.207831
-0.209842
-0.211886
-0.213969
-0.2161
-0.218287
-0.22054
-0.222871
-0.225295
-0.227781
-0.231437
-0.211224
-0.213148
-0.215114
-0.217133
-0.219216
-0.221376
-0.223625
-0.225976
-0.228444
-0.231041
-0.233771
-0.236693
-0.241031
-0.218899
-0.220754
-0.222652
-0.224604
-0.226625
-0.228731
-0.230943
-0.233288
-0.2358
-0.238519
-0.241476
-0.244967
-0.250073
-0.2263
-0.228267
-0.23033
-0.232498
-0.234784
-0.237197
-0.239751
-0.242462
-0.245356
-0.248458
-0.251809
-0.255963
-0.26135
-0.226144
-0.227168
-0.228299
-0.229577
-0.231052
-0.232785
-0.234853
-0.237352
-0.240409
-0.244164
-0.248898
-0.255744
-0.264475
-0.0414016
-0.0422352
-0.0430703
-0.0439056
-0.0447395
-0.0455706
-0.0463973
-0.0472177
-0.0480303
-0.0488332
-0.0496244
-0.050402
-0.0511641
-0.0519084
-0.0414438
-0.0422812
-0.0431199
-0.0439588
-0.0447965
-0.0456313
-0.0464616
-0.0472857
-0.0481017
-0.0489079
-0.0497024
-0.0504831
-0.0512481
-0.0519952
-0.0415249
-0.0423704
-0.0432163
-0.0440623
-0.0449072
-0.0457494
-0.0465869
-0.0474181
-0.048241
-0.0490537
-0.0498545
-0.0506413
-0.0514121
-0.0521646
-0.0528968
-0.0416445
-0.0425017
-0.0433581
-0.0442144
-0.04507
-0.0459229
-0.0467712
-0.0476127
-0.0484455
-0.0492679
-0.050078
-0.0508736
-0.0516528
-0.0524134
-0.053153
-0.0418012
-0.0426737
-0.0435438
-0.0444137
-0.0452831
-0.0461501
-0.0470123
-0.0478673
-0.0487132
-0.0495481
-0.0503702
-0.0511774
-0.0519676
-0.0527386
-0.053488
-0.0419943
-0.0428855
-0.0437724
-0.0446589
-0.0455454
-0.0464297
-0.0473089
-0.0481805
-0.0490424
-0.0498927
-0.0507295
-0.0515508
-0.0523545
-0.0531381
-0.0538994
-0.0422233
-0.0431367
-0.0440433
-0.0449494
-0.0458561
-0.0467607
-0.04766
-0.0485511
-0.0494318
-0.0503002
-0.0511544
-0.0519923
-0.0528117
-0.0536102
-0.0543855
-0.042488
-0.0434268
-0.0443561
-0.0452848
-0.0462145
-0.0471426
-0.048065
-0.0489784
-0.0498807
-0.0507698
-0.0516438
-0.0525007
-0.0533382
-0.0541537
-0.0549449
-0.0427885
-0.0437559
-0.0447107
-0.0456648
-0.0466206
-0.047575
-0.0485234
-0.049462
-0.0503885
-0.0513008
-0.0521972
-0.0530754
-0.0539331
-0.0547677
-0.0555766
-0.0431247
-0.044124
-0.0451073
-0.0460895
-0.0470743
-0.048058
-0.0490352
-0.0500018
-0.0509551
-0.0518932
-0.0528142
-0.053716
-0.0545959
-0.0554515
-0.05628
-0.0434973
-0.0445316
-0.045546
-0.0465592
-0.0475758
-0.0485917
-0.0496006
-0.0505978
-0.0515804
-0.0525467
-0.0534948
-0.0544222
-0.0553266
-0.056205
-0.0570547
-0.0439067
-0.0449792
-0.0460275
-0.0470744
-0.0481257
-0.0491767
-0.05022
-0.0512504
-0.052265
-0.0532618
-0.0542391
-0.0551943
-0.056125
-0.0570281
-0.0579007
-0.0443536
-0.0454675
-0.0465524
-0.0476358
-0.0487246
-0.0498134
-0.0508939
-0.0519602
-0.0530092
-0.0540389
-0.0550475
-0.0560327
-0.0569915
-0.057921
-0.0588181
-0.0448388
-0.0459973
-0.0471216
-0.0482442
-0.0493734
-0.0505029
-0.0516233
-0.052728
-0.0538137
-0.0548787
-0.0559208
-0.0569378
-0.0579267
-0.0588842
-0.0598073
-0.0453634
-0.0465697
-0.0477361
-0.0489006
-0.050073
-0.051246
-0.052409
-0.0535547
-0.0546796
-0.0557819
-0.0568598
-0.0579106
-0.0589312
-0.0599183
-0.0608687
-0.0459285
-0.0471857
-0.048397
-0.0496062
-0.0508246
-0.052044
-0.0532523
-0.0544415
-0.0556079
-0.0567498
-0.0578653
-0.0589517
-0.0600058
-0.0610241
-0.0620031
-0.0465354
-0.0478467
-0.0491057
-0.0503623
-0.0516296
-0.0528981
-0.0541543
-0.0553895
-0.0565998
-0.0577834
-0.0589386
-0.0600624
-0.0611516
-0.0622024
-0.0632113
-0.0471853
-0.0485541
-0.0498635
-0.0511703
-0.0524893
-0.0538098
-0.0551167
-0.0564003
-0.0576567
-0.0588841
-0.0600808
-0.0612439
-0.0623697
-0.0634544
-0.0644943
-0.0478799
-0.0493094
-0.050672
-0.0520319
-0.0534054
-0.0547807
-0.0561408
-0.0574754
-0.0587801
-0.0600534
-0.0612935
-0.0624974
-0.0636613
-0.0647812
-0.0658531
-0.0486207
-0.0501144
-0.051533
-0.0529487
-0.0543797
-0.0558125
-0.0572285
-0.0586164
-0.0599716
-0.0612928
-0.0625781
-0.0638245
-0.0650278
-0.066184
-0.0672889
-0.0494096
-0.0509708
-0.0524483
-0.0539227
-0.055414
-0.0569071
-0.0583817
-0.0598251
-0.061233
-0.062604
-0.0639363
-0.0652265
-0.0664706
-0.0676642
-0.0688029
-0.0502484
-0.0518805
-0.0534198
-0.0549557
-0.0565102
-0.0580666
-0.0596021
-0.0611035
-0.0625661
-0.0639888
-0.0653696
-0.0667053
-0.0679913
-0.0692231
-0.0703964
-0.0511392
-0.0528458
-0.0544497
-0.0560499
-0.0576706
-0.0592929
-0.060892
-0.0624536
-0.063973
-0.0654491
-0.06688
-0.0682624
-0.0695914
-0.0708624
-0.0720707
-0.0520842
-0.0538687
-0.0555402
-0.0572077
-0.0588974
-0.0605883
-0.0622535
-0.0638776
-0.0654556
-0.0669868
-0.0684693
-0.0698995
-0.0712725
-0.0725833
-0.0738272
-0.0530856
-0.0549518
-0.0566937
-0.0584313
-0.0601929
-0.0619553
-0.063689
-0.0653775
-0.0670161
-0.068604
-0.0701394
-0.0716186
-0.0730364
-0.0743876
-0.0756674
-0.0541461
-0.0560975
-0.0579127
-0.0597233
-0.0615597
-0.0633962
-0.0652008
-0.0669559
-0.0686567
-0.0703027
-0.0718923
-0.0734214
-0.0748846
-0.0762766
-0.0775925
-0.0552682
-0.0573085
-0.0592
-0.0610864
-0.0630005
-0.0649137
-0.0667914
-0.068615
-0.0703797
-0.0720852
-0.07373
-0.0753097
-0.0768189
-0.078252
-0.0796039
-0.0564548
-0.0585877
-0.0605583
-0.0625235
-0.0645179
-0.0665104
-0.0684635
-0.0703573
-0.0721873
-0.0739536
-0.0756545
-0.0772855
-0.078841
-0.0803152
-0.081703
-0.0577089
-0.0599381
-0.0619908
-0.0640374
-0.066115
-0.0681892
-0.0702196
-0.0721854
-0.0740821
-0.0759101
-0.0776678
-0.0793506
-0.0809525
-0.0824678
-0.0838911
-0.0590338
-0.0613629
-0.0635005
-0.0656312
-0.0677946
-0.0699529
-0.0720626
-0.0741019
-0.0760664
-0.0779569
-0.079772
-0.0815068
-0.0831551
-0.0847111
-0.0861694
-0.0604327
-0.0628655
-0.0650907
-0.0673083
-0.06956
-0.0718046
-0.0739952
-0.0761093
-0.0781426
-0.0800963
-0.081969
-0.0837558
-0.0854504
-0.0870466
-0.088539
-0.0619093
-0.0644496
-0.066765
-0.0690719
-0.0714143
-0.0737472
-0.0760205
-0.0782103
-0.0803131
-0.0823304
-0.0842609
-0.0860995
-0.0878398
-0.0894754
-0.0910011
-0.0634676
-0.0661188
-0.068527
-0.0709256
-0.0733609
-0.075784
-0.0781411
-0.0804077
-0.0825804
-0.0846614
-0.0866495
-0.0885395
-0.0903247
-0.0919988
-0.0935565
-0.0651115
-0.0678772
-0.0703806
-0.072873
-0.0754033
-0.0779181
-0.0803602
-0.082704
-0.0849469
-0.0870915
-0.0891367
-0.0910773
-0.0929064
-0.0946178
-0.0962061
-0.0668453
-0.069729
-0.0723296
-0.0749178
-0.0775449
-0.0801528
-0.0826806
-0.085102
-0.0874148
-0.0896225
-0.0917241
-0.0937143
-0.0955861
-0.0973332
-0.0989505
-0.0686737
-0.0716786
-0.0743783
-0.077064
-0.0797894
-0.0824914
-0.0851053
-0.0876041
-0.0899865
-0.0922565
-0.0944134
-0.0964518
-0.0983647
-0.100146
-0.10179
-0.0706014
-0.0737306
-0.076531
-0.0793155
-0.0821404
-0.0849371
-0.0876373
-0.090213
-0.092664
-0.0949951
-0.0972059
-0.0992908
-0.101243
-0.103056
-0.104725
-0.0726336
-0.0758898
-0.0787921
-0.0816765
-0.0846016
-0.0874933
-0.0902792
-0.092931
-0.0954494
-0.0978401
-0.100103
-0.102232
-0.104222
-0.106065
-0.107756
-0.0747756
-0.0781613
-0.0811662
-0.0841509
-0.0871766
-0.0901632
-0.093034
-0.0957605
-0.0983445
-0.100793
-0.103105
-0.105277
-0.107301
-0.109171
-0.110883
-0.0770331
-0.0805503
-0.083658
-0.0867431
-0.0898692
-0.0929499
-0.0959043
-0.0987035
-0.101351
-0.103854
-0.106214
-0.108426
-0.110481
-0.112376
-0.114104
-0.079412
-0.0830622
-0.0862724
-0.0894572
-0.092683
-0.0958565
-0.0988925
-0.101762
-0.10447
-0.107026
-0.10943
-0.111678
-0.113762
-0.115677
-0.11742
-0.0819184
-0.0857027
-0.0890141
-0.0922974
-0.0956215
-0.098886
-0.102001
-0.104938
-0.107703
-0.110308
-0.112753
-0.115033
-0.117143
-0.119076
-0.12083
-0.0845588
-0.0884775
-0.0918881
-0.0952679
-0.0986883
-0.102041
-0.105232
-0.108232
-0.111051
-0.113701
-0.116183
-0.118492
-0.120623
-0.122571
-0.124332
-0.0873399
-0.0913925
-0.0948993
-0.0983726
-0.101886
-0.105324
-0.108586
-0.111646
-0.114514
-0.117205
-0.119719
-0.122053
-0.124202
-0.126159
-0.127924
-0.0902687
-0.0944536
-0.0980526
-0.101616
-0.105219
-0.108737
-0.112067
-0.115181
-0.118093
-0.120819
-0.123361
-0.125716
-0.127877
-0.129841
-0.131605
-0.0933521
-0.0976668
-0.101353
-0.105
-0.108689
-0.112283
-0.115674
-0.118836
-0.121787
-0.124543
-0.127108
-0.129477
-0.131647
-0.133613
-0.135374
-0.0965974
-0.101038
-0.104804
-0.10853
-0.112298
-0.115962
-0.119408
-0.122612
-0.125595
-0.128375
-0.130957
-0.133337
-0.13551
-0.137473
-0.139226
-0.100012
-0.104573
-0.108412
-0.112209
-0.116049
-0.119775
-0.123269
-0.126508
-0.129516
-0.132314
-0.134906
-0.137291
-0.139462
-0.141419
-0.14316
-0.103603
-0.108278
-0.112179
-0.116038
-0.119943
-0.123724
-0.127257
-0.130523
-0.133548
-0.136357
-0.138954
-0.141337
-0.143502
-0.145447
-0.147172
-0.107378
-0.112158
-0.116109
-0.120021
-0.123981
-0.127808
-0.131371
-0.134655
-0.13769
-0.140502
-0.143097
-0.145473
-0.147626
-0.149554
-0.151259
-0.111344
-0.116218
-0.120205
-0.124158
-0.128164
-0.132026
-0.13561
-0.138901
-0.141937
-0.144745
-0.147331
-0.149693
-0.151829
-0.153737
-0.155417
-0.115508
-0.120462
-0.124471
-0.12845
-0.13249
-0.136377
-0.13997
-0.14326
-0.146287
-0.149082
-0.151652
-0.153995
-0.156107
-0.15799
-0.159642
-0.119876
-0.124895
-0.128906
-0.132897
-0.136959
-0.140858
-0.144449
-0.147726
-0.150736
-0.15351
-0.156057
-0.158373
-0.160457
-0.162309
-0.16393
-0.124453
-0.129519
-0.133511
-0.137499
-0.141568
-0.145467
-0.149044
-0.152297
-0.155278
-0.158023
-0.160539
-0.162822
-0.164872
-0.16669
-0.168276
-0.129245
-0.134335
-0.138287
-0.142252
-0.146315
-0.150201
-0.153749
-0.156966
-0.159909
-0.162616
-0.165093
-0.167338
-0.169349
-0.171128
-0.172676
-0.134256
-0.139345
-0.14323
-0.147154
-0.151195
-0.155053
-0.158559
-0.161728
-0.164623
-0.167283
-0.169715
-0.171914
-0.173881
-0.175618
-0.177124
-0.139487
-0.144547
-0.148338
-0.152201
-0.156205
-0.160019
-0.163469
-0.166576
-0.169413
-0.172018
-0.174397
-0.176545
-0.178463
-0.180153
-0.181616
-0.14494
-0.149938
-0.153604
-0.157386
-0.161339
-0.165093
-0.168471
-0.171504
-0.174273
-0.176815
-0.179134
-0.181224
-0.183089
-0.184729
-0.186145
-0.150614
-0.155513
-0.159022
-0.162706
-0.16659
-0.170268
-0.173556
-0.176504
-0.179195
-0.181667
-0.183918
-0.185945
-0.187751
-0.189338
-0.190706
-0.156505
-0.161261
-0.164584
-0.168152
-0.171953
-0.175534
-0.178717
-0.181567
-0.184173
-0.186565
-0.188741
-0.1907
-0.192442
-0.193972
-0.195288
-0.162603
-0.16717
-0.170279
-0.17372
-0.17742
-0.180882
-0.183942
-0.186684
-0.189195
-0.1915
-0.193594
-0.195476
-0.197151
-0.19862
-0.199881
-0.16889
-0.173218
-0.176097
-0.179404
-0.182981
-0.186298
-0.189219
-0.191843
-0.194251
-0.196458
-0.198461
-0.200261
-0.201861
-0.203263
-0.204465
-0.175335
-0.179376
-0.182028
-0.185197
-0.188621
-0.191763
-0.194529
-0.197028
-0.199322
-0.201421
-0.203323
-0.205031
-0.206549
-0.207878
-0.209015
-0.181882
-0.185599
-0.18806
-0.191091
-0.19432
-0.197251
-0.199851
-0.202215
-0.204383
-0.206359
-0.208149
-0.209755
-0.211181
-0.212427
-0.21349
-0.188443
-0.191829
-0.194182
-0.197071
-0.200041
-0.202726
-0.205149
-0.207368
-0.209393
-0.211231
-0.212894
-0.214385
-0.215706
-0.216858
-0.217838
-0.194879
-0.197986
-0.200379
-0.203103
-0.205731
-0.208134
-0.210375
-0.212436
-0.214297
-0.215978
-0.217497
-0.218857
-0.220059
-0.221104
-0.221991
-0.200987
-0.203968
-0.206624
-0.209128
-0.211311
-0.213409
-0.215463
-0.217345
-0.219018
-0.220522
-0.22188
-0.223093
-0.22416
-0.225086
-0.225869
-0.206496
-0.209658
-0.212859
-0.215042
-0.216677
-0.218461
-0.220322
-0.221999
-0.223461
-0.22477
-0.225951
-0.227002
-0.227923
-0.22872
-0.229393
-0.211075
-0.214938
-0.218977
-0.220684
-0.221701
-0.223186
-0.224842
-0.226286
-0.227519
-0.228623
-0.229617
-0.230498
-0.231268
-0.231934
-0.232496
-0.214403
-0.219719
-0.224796
-0.225846
-0.226245
-0.227468
-0.228904
-0.230097
-0.231097
-0.231994
-0.232803
-0.233514
-0.234137
-0.234677
-0.235135
-0.216332
-0.223969
-0.230068
-0.23031
-0.230194
-0.231204
-0.232405
-0.233345
-0.234127
-0.234832
-0.235465
-0.236021
-0.23651
-0.236937
-0.237303
-0.217098
-0.22771
-0.234517
-0.233925
-0.233489
-0.234325
-0.235288
-0.235997
-0.236591
-0.237127
-0.237608
-0.23803
-0.238404
-0.238735
-0.239024
-0.217496
-0.230921
-0.237877
-0.236658
-0.236146
-0.236826
-0.237566
-0.238085
-0.238531
-0.238927
-0.239283
-0.239594
-0.239875
-0.240129
-0.240356
-0.219331
-0.233451
-0.239974
-0.238587
-0.238246
-0.238766
-0.23932
-0.239695
-0.24003
-0.240317
-0.240575
-0.240799
-0.241007
-0.2412
-0.241379
-0.225941
-0.235598
-0.241064
-0.239838
-0.239871
-0.240212
-0.240634
-0.240895
-0.241152
-0.241351
-0.241535
-0.24169
-0.241841
-0.241983
-0.242124
-0.24119
-0.23798
-0.241962
-0.240318
-0.240624
-0.24079
-0.241166
-0.241349
-0.241567
-0.241712
-0.241857
-0.241969
-0.242083
-0.242187
-0.242291
-0.246877
-0.238777
-0.24262
-0.240731
-0.241196
-0.241252
-0.241596
-0.241721
-0.241907
-0.242011
-0.242126
-0.242206
-0.242294
-0.242373
-0.249875
-0.238741
-0.243002
-0.240912
-0.241557
-0.241538
-0.241877
-0.241967
-0.242138
-0.242219
-0.242318
-0.242382
-0.242459
-0.242526
-0.251812
-0.238475
-0.243303
-0.241034
-0.241842
-0.24175
-0.242093
-0.242154
-0.242317
-0.24238
-0.242469
-0.242521
-0.242589
-0.242647
-0.253222
-0.238212
-0.243624
-0.241162
-0.242124
-0.241951
-0.242301
-0.242331
-0.242486
-0.24253
-0.242609
-0.242648
-0.242707
-0.242755
-0.254141
-0.237952
-0.243948
-0.241281
-0.242392
-0.242136
-0.242497
-0.242496
-0.242644
-0.24267
-0.242739
-0.242765
-0.242815
-0.242853
-0.254644
-0.237704
-0.244253
-0.241381
-0.242638
-0.242299
-0.242674
-0.242643
-0.242786
-0.242795
-0.242855
-0.24287
-0.242911
-0.242939
-0.254832
-0.237493
-0.244536
-0.241463
-0.242861
-0.24244
-0.242833
-0.242774
-0.242912
-0.242905
-0.242958
-0.242961
-0.242994
-0.243013
-0.254786
-0.237334
-0.244795
-0.24153
-0.243063
-0.242562
-0.242976
-0.242888
-0.243025
-0.243003
-0.243048
-0.243041
-0.243066
-0.243075
-0.254569
-0.237232
-0.245027
-0.241584
-0.243246
-0.242667
-0.243104
-0.242989
-0.243125
-0.243088
-0.243127
-0.24311
-0.243127
-0.243127
-0.254228
-0.237186
-0.245229
-0.241626
-0.243409
-0.242755
-0.243218
-0.243076
-0.243213
-0.243161
-0.243196
-0.243168
-0.243178
-0.243168
-0.253802
-0.237192
-0.2454
-0.241658
-0.243554
-0.242827
-0.243318
-0.243149
-0.243289
-0.243223
-0.243254
-0.243216
-0.24322
-0.243199
-0.25332
-0.237245
-0.245539
-0.241683
-0.243681
-0.242886
-0.243405
-0.243211
-0.243354
-0.243275
-0.243302
-0.243255
-0.243251
-0.252803
-0.237337
-0.245647
-0.241701
-0.24379
-0.242932
-0.24348
-0.243261
-0.243408
-0.243317
-0.243341
-0.243284
-0.243274
-0.252269
-0.237461
-0.245723
-0.241714
-0.243882
-0.242966
-0.243542
-0.2433
-0.243453
-0.24335
-0.243371
-0.243305
-0.243288
-0.251728
-0.23761
-0.245769
-0.241723
-0.243958
-0.242989
-0.243594
-0.24333
-0.243488
-0.243374
-0.243393
-0.243318
-0.243294
-0.251189
-0.237778
-0.245788
-0.241728
-0.244018
-0.243003
-0.243635
-0.24335
-0.243515
-0.24339
-0.243407
-0.243323
-0.243293
-0.250659
-0.237957
-0.245779
-0.24173
-0.244063
-0.243008
-0.243666
-0.243361
-0.243533
-0.243398
-0.243413
-0.24332
-0.243283
-0.25014
-0.238143
-0.245747
-0.241731
-0.244094
-0.243005
-0.243687
-0.243365
-0.243544
-0.243399
-0.243413
-0.243311
-0.243267
-0.249637
-0.238331
-0.245693
-0.241729
-0.244111
-0.242995
-0.2437
-0.243361
-0.243548
-0.243393
-0.243406
-0.243295
-0.243244
-0.249149
-0.238517
-0.245619
-0.241726
-0.244115
-0.242979
-0.243704
-0.24335
-0.243545
-0.243381
-0.243393
-0.243273
-0.243215
-0.248678
-0.238698
-0.245529
-0.241719
-0.24411
-0.242955
-0.243701
-0.243333
-0.243536
-0.243363
-0.243374
-0.243246
-0.24318
-0.248227
-0.238864
-0.245435
-0.241703
-0.244097
-0.242924
-0.24369
-0.243311
-0.24352
-0.24334
-0.24335
-0.243213
-0.24314
-0.247812
-0.238998
-0.245342
-0.241682
-0.244063
-0.242897
-0.243672
-0.243284
-0.2435
-0.243312
-0.243322
-0.243175
-0.243094
-0.24743
-0.239131
-0.245187
-0.241691
-0.244021
-0.242864
-0.243648
-0.243253
-0.243475
-0.24328
-0.243288
-0.243133
-0.243043
-0.246977
-0.239337
-0.245024
-0.241689
-0.243972
-0.242828
-0.243619
-0.243218
-0.243446
-0.243244
-0.243251
-0.243086
-0.242989
-0.246535
-0.239504
-0.244865
-0.241682
-0.243915
-0.242788
-0.243585
-0.243179
-0.243414
-0.243205
-0.243211
-0.243036
-0.24293
-0.246129
-0.239642
-0.244702
-0.241672
-0.243853
-0.242747
-0.243546
-0.243138
-0.243378
-0.243163
-0.243167
-0.242983
-0.242868
-0.245744
-0.239767
-0.244535
-0.241662
-0.243785
-0.242705
-0.243505
-0.243096
-0.243339
-0.243118
-0.243121
-0.242927
-0.245375
-0.239879
-0.244367
-0.24165
-0.243713
-0.242662
-0.24346
-0.243051
-0.243298
-0.243072
-0.243072
-0.242869
-0.245022
-0.239979
-0.244198
-0.241637
-0.243638
-0.242618
-0.243413
-0.243006
-0.243256
-0.243025
-0.243022
-0.242809
-0.244685
-0.240067
-0.244031
-0.241622
-0.24356
-0.242574
-0.243365
-0.24296
-0.243213
-0.242976
-0.242971
-0.242748
-0.244364
-0.240143
-0.243867
-0.241607
-0.243482
-0.242531
-0.243316
-0.242914
-0.243169
-0.242927
-0.242919
-0.242685
-0.244059
-0.240209
-0.243707
-0.24159
-0.243404
-0.242488
-0.243266
-0.242869
-0.243125
-0.242879
-0.242866
-0.242623
-0.24377
-0.240265
-0.243552
-0.241574
-0.243326
-0.242447
-0.243217
-0.242825
-0.243081
-0.242831
-0.242814
-0.24256
-0.243498
-0.240313
-0.243403
-0.241557
-0.243251
-0.242408
-0.243169
-0.242783
-0.243038
-0.242784
-0.242762
-0.242497
-0.243242
-0.240353
-0.243261
-0.241541
-0.243177
-0.242371
-0.243123
-0.242742
-0.242997
-0.242738
-0.242712
-0.242436
-0.243003
-0.240387
-0.243127
-0.241525
-0.243108
-0.242336
-0.243079
-0.242704
-0.242958
-0.242694
-0.242663
-0.242376
-0.242781
-0.240415
-0.243002
-0.24151
-0.243042
-0.242304
-0.243038
-0.242669
-0.242921
-0.242653
-0.242616
-0.242317
-0.242578
-0.240439
-0.242886
-0.241497
-0.242982
-0.242276
-0.243001
-0.242637
-0.242887
-0.242615
-0.242571
-0.242261
-0.242392
-0.240459
-0.242781
-0.241486
-0.242927
-0.242251
-0.242967
-0.242609
-0.242857
-0.242579
-0.242529
-0.242208
-0.242225
-0.240477
-0.242687
-0.241477
-0.242878
-0.242231
-0.242938
-0.242585
-0.24283
-0.242548
-0.24249
-0.242157
-0.242078
-0.240492
-0.242604
-0.24147
-0.242836
-0.242215
-0.242914
-0.242565
-0.242807
-0.24252
-0.242455
-0.24211
-0.241949
-0.240507
-0.242533
-0.241467
-0.242802
-0.242203
-0.242895
-0.24255
-0.242788
-0.242496
-0.242424
-0.242066
-0.241841
-0.24052
-0.242474
-0.241467
-0.242775
-0.242196
-0.242882
-0.24254
-0.242775
-0.242477
-0.242397
-0.242027
-0.241754
-0.240534
-0.242429
-0.24147
-0.242756
-0.242195
-0.242874
-0.242535
-0.242766
-0.242463
-0.242374
-0.241992
-0.241686
-0.240549
-0.242396
-0.241477
-0.242745
-0.242198
-0.242873
-0.242535
-0.242762
-0.242454
-0.242356
-0.241961
-0.24164
-0.240564
-0.242377
-0.241488
-0.242744
-0.242207
-0.242879
-0.242541
-0.242764
-0.242449
-0.242343
-0.241935
-0.241615
-0.24058
-0.242371
-0.241503
-0.242751
-0.242222
-0.24289
-0.242552
-0.242772
-0.242451
-0.242335
-0.241915
-0.241611
-0.240598
-0.242379
-0.241522
-0.242767
-0.242242
-0.242909
-0.24257
-0.242785
-0.242458
-0.242333
-0.241899
)
;

boundaryField
{
    inlet
    {
        type            zeroGradient;
    }
    outlet
    {
        type            fixedValue;
        value           nonuniform 0();
    }
    cylinder
    {
        type            zeroGradient;
    }
    top
    {
        type            symmetryPlane;
    }
    bottom
    {
        type            symmetryPlane;
    }
    frontAndBack
    {
        type            empty;
    }
    procBoundary4to3
    {
        type            processor;
        value           nonuniform List<scalar> 
323
(
-0.235911
-0.235942
-0.235996
-0.236072
-0.236172
-0.236294
-0.236439
-0.236606
-0.236794
-0.237004
-0.237235
-0.237487
-0.237759
-0.238389
-0.238389
-0.238691
-0.239011
-0.23935
-0.239706
-0.240079
-0.24047
-0.241083
-0.241083
-0.241492
-0.241916
-0.242356
-0.242906
-0.242906
-0.243357
-0.243822
-0.244301
-0.244761
-0.244761
-0.245244
-0.245739
-0.246248
-0.246587
-0.246587
-0.247092
-0.247609
-0.247817
-0.247817
-0.248324
-0.248844
-0.248901
-0.248901
-0.249404
-0.249327
-0.249327
-0.24981
-0.24959
-0.24959
-0.250048
-0.250518
-0.250113
-0.250113
-0.250556
-0.249999
-0.249999
-0.250421
-0.249718
-0.249718
-0.248909
-0.248909
-0.249304
-0.248408
-0.248408
-0.248825
-0.247915
-0.247915
-0.247058
-0.247058
-0.247473
-0.246662
-0.246662
-0.245755
-0.245755
-0.245046
-0.245046
-0.244669
-0.241353
-0.241353
-0.241796
-0.241796
-0.241279
-0.241279
-0.240831
-0.240831
-0.244152
-0.244152
-0.245289
-0.245239
-0.245239
-0.246157
-0.246157
-0.24698
-0.246561
-0.246561
-0.247432
-0.247432
-0.248355
-0.247936
-0.247936
-0.248844
-0.248447
-0.248447
-0.249267
-0.249267
-0.249979
-0.249555
-0.249555
-0.250121
-0.249676
-0.249676
-0.250088
-0.249618
-0.249618
-0.249879
-0.249386
-0.248904
-0.248904
-0.248988
-0.248486
-0.248486
-0.248436
-0.247919
-0.247415
-0.247415
-0.247215
-0.246701
-0.246201
-0.246201
-0.24587
-0.245367
-0.244878
-0.244402
-0.244402
-0.243951
-0.24348
-0.243023
-0.243023
-0.242487
-0.242041
-0.241611
-0.241197
-0.240798
-0.240798
-0.240196
-0.239817
-0.239456
-0.239112
-0.238786
-0.238479
-0.23819
-0.23819
-0.237573
-0.237315
-0.237077
-0.236861
-0.236665
-0.236491
-0.23634
-0.23621
-0.236103
-0.236018
-0.235957
-0.235918
-0.235903
-0.225718
-0.22492
-0.217563
-0.211699
-0.211699
-0.204332
-0.196636
-0.189045
-0.181624
-0.174402
-0.167422
-0.160696
-0.154235
-0.148042
-0.142118
-0.13646
-0.131065
-0.125927
-0.12104
-0.116397
-0.11199
-0.107809
-0.103846
-0.100091
-0.0965354
-0.0931687
-0.0899821
-0.0869665
-0.0841131
-0.0814135
-0.0788594
-0.076443
-0.0741568
-0.0719939
-0.0699473
-0.0680109
-0.0661785
-0.0644445
-0.0628036
-0.0612508
-0.0597812
-0.0583905
-0.0570746
-0.0558294
-0.0546515
-0.0535372
-0.0528851
-0.0528851
-0.0518694
-0.0509094
-0.0500024
-0.0491459
-0.0483376
-0.0475754
-0.0468571
-0.0461808
-0.0455448
-0.0449473
-0.0443869
-0.043862
-0.0433714
-0.0429137
-0.0424879
-0.0420928
-0.0417277
-0.0413915
-0.0410837
-0.0408035
-0.0405505
-0.0403242
-0.0401245
-0.0399513
-0.039945
-0.039945
-0.0398229
-0.0397279
-0.0396633
-0.0396244
-0.0394444
-0.0394832
-0.0395471
-0.039641
-0.039641
-0.0396209
-0.0397657
-0.0399366
-0.0401335
-0.0403566
-0.0406061
-0.0408824
-0.0411861
-0.0415177
-0.041878
-0.0422678
-0.042688
-0.0431397
-0.0436239
-0.044142
-0.0446952
-0.0452849
-0.0459127
-0.0465802
-0.0472892
-0.0480414
-0.048839
-0.0496839
-0.0505786
-0.0515255
-0.052527
-0.0535861
-0.0547056
-0.0558887
-0.0571387
-0.0584593
-0.0598543
-0.0613278
-0.0628841
-0.0645278
-0.066264
-0.0680978
-0.0700349
-0.0720812
-0.0742428
-0.0765266
-0.0789395
-0.0814888
-0.0841824
-0.0870282
-0.0900348
-0.0932108
-0.0965653
-0.100108
-0.103847
-0.107793
-0.111955
-0.116342
-0.120963
-0.120963
-0.124243
-0.1293
-0.134615
-0.140195
-0.146044
-0.152165
-0.158558
-0.165221
-0.172146
-0.179319
-0.1867
-0.194264
-0.201935
-0.209333
-0.217077
-0.224417
-0.225192
)
;
    }
    procBoundary4to5
    {
        type            processor;
        value           nonuniform List<scalar> 
257
(
-0.241469
-0.241449
-0.241433
-0.241424
-0.24142
-0.241422
-0.241429
-0.241443
-0.241461
-0.241485
-0.241514
-0.241549
-0.241588
-0.241631
-0.241679
-0.241731
-0.241787
-0.241846
-0.241908
-0.241972
-0.242038
-0.242106
-0.242106
-0.24121
-0.241272
-0.241335
-0.241399
-0.241464
-0.241527
-0.241591
-0.241652
-0.241712
-0.241769
-0.241822
-0.241873
-0.241918
-0.241959
-0.241993
-0.242022
-0.242022
-0.240893
-0.240915
-0.240929
-0.240935
-0.240933
-0.240921
-0.2409
-0.240867
-0.240824
-0.240774
-0.240705
-0.240705
-0.239365
-0.23917
-0.238253
-0.237062
-0.2356
-0.233792
-0.231591
-0.228977
-0.225958
-0.222568
-0.218864
-0.214914
-0.210785
-0.206538
-0.202222
-0.197871
-0.193511
-0.189157
-0.184822
-0.180511
-0.176231
-0.171987
-0.167783
-0.163623
-0.159511
-0.155452
-0.151449
-0.147507
-0.143628
-0.139817
-0.136076
-0.132409
-0.128818
-0.125306
-0.121875
-0.118528
-0.115264
-0.112087
-0.108998
-0.105996
-0.103083
-0.10026
-0.0975262
-0.0948819
-0.092327
-0.0898611
-0.0874839
-0.0851946
-0.0829925
-0.0808768
-0.0788465
-0.0769007
-0.0750384
-0.0732584
-0.0715597
-0.0699411
-0.0684016
-0.0669401
-0.0655556
-0.0642472
-0.0630139
-0.061855
-0.0607698
-0.0597578
-0.0588186
-0.0579519
-0.0571578
-0.0564364
-0.0557882
-0.0552139
-0.0547148
-0.0542921
-0.053948
-0.0536846
-0.0535052
-0.0534133
-0.0526328
-0.0527223
-0.0527223
-0.0536064
-0.0538696
-0.0542136
-0.054636
-0.055135
-0.0557091
-0.0563573
-0.0570787
-0.0578731
-0.0587401
-0.0596799
-0.0606927
-0.0617791
-0.0629395
-0.0641748
-0.0654857
-0.0668733
-0.0683387
-0.0698828
-0.0715069
-0.0732122
-0.075
-0.0768714
-0.0788276
-0.08087
-0.0829997
-0.0852177
-0.0875251
-0.0899229
-0.092412
-0.094993
-0.0976666
-0.100433
-0.103293
-0.106246
-0.109293
-0.112432
-0.115664
-0.118987
-0.1224
-0.125903
-0.129492
-0.133167
-0.136926
-0.140765
-0.144682
-0.148673
-0.152736
-0.156867
-0.161062
-0.165317
-0.169628
-0.173989
-0.178397
-0.182847
-0.187333
-0.191848
-0.196384
-0.200928
-0.20546
-0.209952
-0.214364
-0.218639
-0.222711
-0.226501
-0.229933
-0.232945
-0.235501
-0.237597
-0.239259
-0.240544
-0.241532
-0.242247
-0.242377
-0.242455
-0.242455
-0.242598
-0.242711
-0.242811
-0.2429
-0.242977
-0.243041
-0.243095
-0.243137
-0.243169
-0.243191
-0.243221
-0.243221
-0.243234
-0.243238
-0.243233
-0.24322
-0.2432
-0.243172
-0.243138
-0.243096
-0.243049
-0.242995
-0.242937
-0.242873
-0.242804
-0.242731
-0.242654
-0.242802
-0.242802
-0.242734
-0.242664
-0.242592
-0.242519
-0.242445
-0.24237
-0.242296
-0.242222
-0.242149
-0.242078
-0.242008
-0.241941
-0.241876
-0.241814
-0.241756
-0.241701
-0.241651
-0.241605
-0.241563
-0.241527
-0.241495
)
;
    }
}


// ************************************************************************* //
