/*--------------------------------*- C++ -*----------------------------------*\
  =========                 |
  \\      /  F ield         | OpenFOAM: The Open Source CFD Toolbox
   \\    /   O peration     | Website:  https://openfoam.org
    \\  /    A nd           | Version:  7
     \\/     M anipulation  |
\*---------------------------------------------------------------------------*/
FoamFile
{
    version     2.0;
    format      ascii;
    class       volScalarField;
    location    "300";
    object      p;
}
// * * * * * * * * * * * * * * * * * * * * * * * * * * * * * * * * * * * * * //

dimensions      [0 2 -2 0 0 0 0];

internalField   nonuniform List<scalar> 
4575
(
-0.53013
-0.521354
-0.514736
-0.537484
-0.528357
-0.52152
-0.514234
-0.506324
-0.544817
-0.535351
-0.528299
-0.520742
-0.512448
-0.503184
-0.492568
-0.480333
-0.552093
-0.542303
-0.535039
-0.527201
-0.518495
-0.508651
-0.497275
-0.484124
-0.469162
-0.452574
-0.434724
-0.416073
-0.559274
-0.549177
-0.541704
-0.533572
-0.524425
-0.513957
-0.501769
-0.487654
-0.471644
-0.453999
-0.435156
-0.41562
-0.39588
-0.376339
-0.357289
-0.56632
-0.555933
-0.548254
-0.539815
-0.530196
-0.519059
-0.50601
-0.490889
-0.473801
-0.455092
-0.435263
-0.414863
-0.394395
-0.374257
-0.354725
-0.335965
-0.318056
-0.301009
-0.28482
-0.57319
-0.562532
-0.55465
-0.545889
-0.535764
-0.523913
-0.509957
-0.493791
-0.475605
-0.455829
-0.435027
-0.413787
-0.392619
-0.371913
-0.351925
-0.3328
-0.314598
-0.297315
-0.280948
-0.265518
-0.579839
-0.568932
-0.560847
-0.551749
-0.541085
-0.528477
-0.513568
-0.496326
-0.477028
-0.456188
-0.434434
-0.41238
-0.390543
-0.369297
-0.348879
-0.329412
-0.310939
-0.293438
-0.276906
-0.261303
-0.586223
-0.575088
-0.566803
-0.557349
-0.546113
-0.532704
-0.516805
-0.49846
-0.478042
-0.456149
-0.433465
-0.410629
-0.388154
-0.3664
-0.34558
-0.325795
-0.307069
-0.289368
-0.272688
-0.256926
-0.592295
-0.580956
-0.57247
-0.562643
-0.550802
-0.536552
-0.519627
-0.50016
-0.478621
-0.455692
-0.432107
-0.408522
-0.385444
-0.363213
-0.342017
-0.321938
-0.302981
-0.2851
-0.268288
-0.252381
-0.598007
-0.586488
-0.577802
-0.567584
-0.555103
-0.539976
-0.521996
-0.501393
-0.478741
-0.454799
-0.430344
-0.406047
-0.382401
-0.359725
-0.338182
-0.317834
-0.298667
-0.280625
-0.263697
-0.247664
-0.603312
-0.591638
-0.582752
-0.572122
-0.558971
-0.542934
-0.523875
-0.502131
-0.478378
-0.45345
-0.428163
-0.403192
-0.379016
-0.355927
-0.334067
-0.313473
-0.294119
-0.275937
-0.258911
-0.242767
-0.608162
-0.596359
-0.587271
-0.576212
-0.562361
-0.545382
-0.525228
-0.502344
-0.47751
-0.45163
-0.425551
-0.399947
-0.375277
-0.35181
-0.329661
-0.308849
-0.28933
-0.271029
-0.253922
-0.237686
-0.612508
-0.600601
-0.59131
-0.579804
-0.565225
-0.547281
-0.526021
-0.502006
-0.476117
-0.449323
-0.422495
-0.3963
-0.371177
-0.347366
-0.324959
-0.303954
-0.284294
-0.265896
-0.248726
-0.232417
-0.616302
-0.604318
-0.594823
-0.582851
-0.56752
-0.548592
-0.526222
-0.501091
-0.474181
-0.446515
-0.418983
-0.392242
-0.366705
-0.342585
-0.31995
-0.29878
-0.279003
-0.26053
-0.243318
-0.226954
-0.619498
-0.607463
-0.597762
-0.585308
-0.569204
-0.549278
-0.525801
-0.499578
-0.471683
-0.443192
-0.415006
-0.387764
-0.361854
-0.337461
-0.314629
-0.293322
-0.273452
-0.254926
-0.237692
-0.221294
-0.622049
-0.60999
-0.600081
-0.58713
-0.570235
-0.549305
-0.524731
-0.497445
-0.468608
-0.439343
-0.410552
-0.382857
-0.356616
-0.331986
-0.308989
-0.287571
-0.267634
-0.24908
-0.231844
-0.215433
-0.623911
-0.611854
-0.601736
-0.588275
-0.570576
-0.548639
-0.522987
-0.494672
-0.464943
-0.434956
-0.405613
-0.377512
-0.350983
-0.326153
-0.303023
-0.281524
-0.261546
-0.242986
-0.22577
-0.209367
-0.625041
-0.613012
-0.602684
-0.588701
-0.570191
-0.547252
-0.520545
-0.491245
-0.460675
-0.430022
-0.400181
-0.371724
-0.344948
-0.319956
-0.296726
-0.275175
-0.255182
-0.236641
-0.219466
-0.203093
-0.625399
-0.613422
-0.602883
-0.588372
-0.569046
-0.545117
-0.517386
-0.487146
-0.455793
-0.424534
-0.39425
-0.365486
-0.338507
-0.31339
-0.290093
-0.268519
-0.248538
-0.23004
-0.21293
-0.19661
-0.624944
-0.613046
-0.602296
-0.58725
-0.56711
-0.542209
-0.513492
-0.482365
-0.450288
-0.418483
-0.387813
-0.358792
-0.331655
-0.30645
-0.28312
-0.261553
-0.24161
-0.22318
-0.206161
-0.189919
-0.623643
-0.611846
-0.600887
-0.585303
-0.564356
-0.538508
-0.508847
-0.476891
-0.444154
-0.411865
-0.380866
-0.351639
-0.324387
-0.299134
-0.275804
-0.254274
-0.234395
-0.216056
-0.199156
-0.183016
-0.62146
-0.60979
-0.598622
-0.582502
-0.56076
-0.533995
-0.50344
-0.470716
-0.437384
-0.404675
-0.373406
-0.344024
-0.316701
-0.291439
-0.268143
-0.24668
-0.22689
-0.208664
-0.191904
-0.175865
-0.618366
-0.606845
-0.595473
-0.578821
-0.556301
-0.528655
-0.497259
-0.463832
-0.429974
-0.39691
-0.36543
-0.335944
-0.308596
-0.283362
-0.260136
-0.23877
-0.219097
-0.201007
-0.184396
-0.16839
-0.614334
-0.602983
-0.591412
-0.574235
-0.55096
-0.522475
-0.490299
-0.456237
-0.421923
-0.38857
-0.356937
-0.327399
-0.300069
-0.274904
-0.251782
-0.230545
-0.211017
-0.193099
-0.176657
-0.160551
-0.609339
-0.598182
-0.586416
-0.568727
-0.544724
-0.515448
-0.482554
-0.447929
-0.41323
-0.379655
-0.347927
-0.318389
-0.291123
-0.266066
-0.243082
-0.222005
-0.202653
-0.184944
-0.168735
-0.152584
-0.603362
-0.592418
-0.580466
-0.562279
-0.537582
-0.507567
-0.474022
-0.438908
-0.403897
-0.370166
-0.338403
-0.308915
-0.281758
-0.256848
-0.234038
-0.213152
-0.194007
-0.176526
-0.160458
-0.144624
-0.596385
-0.585675
-0.573545
-0.55488
-0.529526
-0.498829
-0.464703
-0.429176
-0.393926
-0.360106
-0.328367
-0.29898
-0.271976
-0.247253
-0.224651
-0.203989
-0.185082
-0.16785
-0.151965
-0.13647
-0.588396
-0.577939
-0.565643
-0.546521
-0.520552
-0.489234
-0.454602
-0.418737
-0.383322
-0.34948
-0.317823
-0.288589
-0.261782
-0.237284
-0.214926
-0.194521
-0.175879
-0.15892
-0.143265
-0.128093
-0.579386
-0.5692
-0.556749
-0.537198
-0.51066
-0.478785
-0.443722
-0.407599
-0.372093
-0.338294
-0.306777
-0.277746
-0.251179
-0.226946
-0.204869
-0.18475
-0.166402
-0.149742
-0.134353
-0.119495
-0.569347
-0.559451
-0.546861
-0.526908
-0.499851
-0.467488
-0.432071
-0.395768
-0.360245
-0.326556
-0.295236
-0.266457
-0.240176
-0.216247
-0.194482
-0.174682
-0.156655
-0.140322
-0.125227
-0.110685
-0.55828
-0.548689
-0.535976
-0.515655
-0.488133
-0.455352
-0.419661
-0.383257
-0.347789
-0.314275
-0.283208
-0.25473
-0.228778
-0.20519
-0.183773
-0.164322
-0.146645
-0.130665
-0.115886
-0.546186
-0.536917
-0.524098
-0.503444
-0.475514
-0.442388
-0.406502
-0.370076
-0.334737
-0.301461
-0.270703
-0.242575
-0.216993
-0.193785
-0.17275
-0.153678
-0.136379
-0.120777
-0.53307
-0.524139
-0.511233
-0.490284
-0.462005
-0.42861
-0.39261
-0.356241
-0.321101
-0.288125
-0.257731
-0.230001
-0.204831
-0.182039
-0.161419
-0.142757
-0.518942
-0.510364
-0.497392
-0.476189
-0.447624
-0.414034
-0.378001
-0.341766
-0.306895
-0.274282
-0.244306
-0.217019
-0.192302
-0.169964
-0.149792
-0.503815
-0.495604
-0.482588
-0.461175
-0.432386
-0.398679
-0.362694
-0.32667
-0.292137
-0.259946
-0.230439
-0.203641
-0.179418
-0.157569
-0.487706
-0.479875
-0.466839
-0.44526
-0.416314
-0.382567
-0.346711
-0.310971
-0.276842
-0.245133
-0.216146
-0.189882
-0.166192
-0.470635
-0.463196
-0.450166
-0.428468
-0.399429
-0.365722
-0.330074
-0.294687
-0.261032
-0.229861
-0.201442
-0.175755
-0.452626
-0.44559
-0.432591
-0.410822
-0.381761
-0.348174
-0.312797
-0.277847
-0.244726
-0.214147
-0.186344
-0.433705
-0.427083
-0.414141
-0.392351
-0.363342
-0.329948
-0.294907
-0.26047
-0.227945
-0.198011
-0.413902
-0.407702
-0.394846
-0.373089
-0.344199
-0.311044
-0.276458
-0.242583
-0.210713
-0.393247
-0.387481
-0.374739
-0.353076
-0.324342
-0.291527
-0.257457
-0.224213
-0.371773
-0.366456
-0.35386
-0.332351
-0.303798
-0.27143
-0.237937
-0.349515
-0.344667
-0.332246
-0.310878
-0.282675
-0.250781
-0.326512
-0.322153
-0.309938
-0.288749
-0.260965
-0.302799
-0.298956
-0.286928
-0.266056
-0.238707
-0.278408
-0.275137
-0.263314
-0.242797
-0.253382
-0.250755
-0.239147
-0.227881
-0.225771
-0.214464
-0.201908
-0.200259
-0.175475
-0.148633
-0.121601
-0.148643
-0.175341
-0.174156
-0.201636
-0.199983
-0.189526
-0.227484
-0.22537
-0.214569
-0.252898
-0.250223
-0.239153
-0.219968
-0.277801
-0.274525
-0.263236
-0.24368
-0.218098
-0.302089
-0.298272
-0.286778
-0.266882
-0.240832
-0.211514
-0.325724
-0.321408
-0.309729
-0.289534
-0.263075
-0.233174
-0.348672
-0.343881
-0.331996
-0.31164
-0.28479
-0.254368
-0.222978
-0.370898
-0.365654
-0.353596
-0.333087
-0.305948
-0.275057
-0.243061
-0.211885
-0.392367
-0.386688
-0.374489
-0.353845
-0.326517
-0.295208
-0.262674
-0.230832
-0.200908
-0.413047
-0.406945
-0.394633
-0.373907
-0.346409
-0.314818
-0.281785
-0.249338
-0.218728
-0.190574
-0.432906
-0.426393
-0.413996
-0.393242
-0.365635
-0.33382
-0.300364
-0.267377
-0.236137
-0.207306
-0.181097
-0.451916
-0.445003
-0.432547
-0.411814
-0.384168
-0.352172
-0.318398
-0.284924
-0.25311
-0.223651
-0.196793
-0.172511
-0.470052
-0.462748
-0.450258
-0.429595
-0.401975
-0.369873
-0.33584
-0.301957
-0.269626
-0.239591
-0.212128
-0.187235
-0.164767
-0.487288
-0.479606
-0.467108
-0.446557
-0.419029
-0.386898
-0.352672
-0.318452
-0.285666
-0.255107
-0.227085
-0.201621
-0.178585
-0.157781
-0.503603
-0.495557
-0.483073
-0.462679
-0.435305
-0.403219
-0.368877
-0.334386
-0.30121
-0.270181
-0.241648
-0.215654
-0.192086
-0.170757
-0.151464
-0.518981
-0.510585
-0.498138
-0.477943
-0.450783
-0.418814
-0.384433
-0.349743
-0.316241
-0.284799
-0.255801
-0.229321
-0.205257
-0.183436
-0.163657
-0.145718
-0.533407
-0.524675
-0.512287
-0.49233
-0.465445
-0.433666
-0.399321
-0.364506
-0.330743
-0.298944
-0.269533
-0.242608
-0.218088
-0.195807
-0.175573
-0.157185
-0.140462
-0.125335
-0.546871
-0.537819
-0.525509
-0.505828
-0.479274
-0.447757
-0.413525
-0.378658
-0.344701
-0.312605
-0.28283
-0.255505
-0.230567
-0.207861
-0.187202
-0.168392
-0.151251
-0.135707
-0.121271
-0.559366
-0.55001
-0.537796
-0.518426
-0.49226
-0.461073
-0.42703
-0.392185
-0.358102
-0.325769
-0.295683
-0.268002
-0.242685
-0.219589
-0.198536
-0.179332
-0.161798
-0.14586
-0.131066
-0.116795
-0.570887
-0.561245
-0.549144
-0.530119
-0.504391
-0.473602
-0.439823
-0.405075
-0.370934
-0.338424
-0.30808
-0.28009
-0.254433
-0.230983
-0.209567
-0.189997
-0.172096
-0.155786
-0.140656
-0.126034
-0.581436
-0.571525
-0.559552
-0.540901
-0.515661
-0.485336
-0.451895
-0.417317
-0.383189
-0.350564
-0.320014
-0.291761
-0.265806
-0.242036
-0.220289
-0.200382
-0.182138
-0.165482
-0.150037
-0.13507
-0.591016
-0.580854
-0.569024
-0.550773
-0.526067
-0.496267
-0.463236
-0.428904
-0.394857
-0.362178
-0.331478
-0.303008
-0.276796
-0.252742
-0.230696
-0.210481
-0.191921
-0.174942
-0.159208
-0.143897
-0.599634
-0.589242
-0.577565
-0.559738
-0.535607
-0.506393
-0.473842
-0.439828
-0.405932
-0.373263
-0.342465
-0.313827
-0.287398
-0.263097
-0.240784
-0.22029
-0.20144
-0.18416
-0.168173
-0.152511
-0.607302
-0.596698
-0.585186
-0.567804
-0.544286
-0.515712
-0.483708
-0.450084
-0.416408
-0.383811
-0.352973
-0.324212
-0.297608
-0.273097
-0.250549
-0.229806
-0.210694
-0.193131
-0.176928
-0.160924
-0.614033
-0.603239
-0.591901
-0.574979
-0.552108
-0.524226
-0.492834
-0.45967
-0.426283
-0.393821
-0.362996
-0.334162
-0.307424
-0.282739
-0.259989
-0.239024
-0.219679
-0.201865
-0.185429
-0.169212
-0.619844
-0.608881
-0.597725
-0.581278
-0.559083
-0.53194
-0.501221
-0.468585
-0.435555
-0.40329
-0.372535
-0.343675
-0.316844
-0.292021
-0.269101
-0.247944
-0.228392
-0.210348
-0.193698
-0.17754
-0.624758
-0.613649
-0.60268
-0.586718
-0.565223
-0.538861
-0.508872
-0.47683
-0.444223
-0.412218
-0.381587
-0.352749
-0.325868
-0.300943
-0.277884
-0.256564
-0.236831
-0.218584
-0.201729
-0.185536
-0.628798
-0.617564
-0.606788
-0.591319
-0.570544
-0.544999
-0.515794
-0.484408
-0.45229
-0.420606
-0.390154
-0.361387
-0.334496
-0.309505
-0.28634
-0.264883
-0.244993
-0.226568
-0.209509
-0.193173
-0.631991
-0.620657
-0.610078
-0.595105
-0.575064
-0.550369
-0.521996
-0.491325
-0.459758
-0.428456
-0.398238
-0.369589
-0.34273
-0.317709
-0.294468
-0.272902
-0.252878
-0.234294
-0.21705
-0.200544
-0.634368
-0.622956
-0.612577
-0.598101
-0.578805
-0.554986
-0.527489
-0.497589
-0.466633
-0.435772
-0.405842
-0.377358
-0.350573
-0.325556
-0.30227
-0.280622
-0.260487
-0.241765
-0.22436
-0.207703
-0.635959
-0.624495
-0.614318
-0.600338
-0.581792
-0.55887
-0.532285
-0.503207
-0.47292
-0.442558
-0.412971
-0.3847
-0.358028
-0.333051
-0.309751
-0.288046
-0.267824
-0.248985
-0.231444
-0.214661
-0.636802
-0.625309
-0.615335
-0.601847
-0.584051
-0.562041
-0.536401
-0.508193
-0.47863
-0.448822
-0.419629
-0.391617
-0.365099
-0.340197
-0.316913
-0.295179
-0.274892
-0.255958
-0.238301
-0.221415
-0.636932
-0.625436
-0.615667
-0.602662
-0.585613
-0.564524
-0.539856
-0.512558
-0.48377
-0.454571
-0.425823
-0.398117
-0.371793
-0.347001
-0.323762
-0.302024
-0.281697
-0.262688
-0.244934
-0.227963
-0.636388
-0.624914
-0.61535
-0.60282
-0.586511
-0.566345
-0.54267
-0.516319
-0.488354
-0.459815
-0.431562
-0.404207
-0.378116
-0.353467
-0.330303
-0.308588
-0.288242
-0.269179
-0.251346
-0.234308
-0.635211
-0.623785
-0.614425
-0.60236
-0.586778
-0.567535
-0.544865
-0.519493
-0.492393
-0.464563
-0.436854
-0.409893
-0.384076
-0.359603
-0.336542
-0.314874
-0.294532
-0.275435
-0.257541
-0.240454
-0.633443
-0.622089
-0.612935
-0.601321
-0.586452
-0.568123
-0.546468
-0.522099
-0.495903
-0.468826
-0.441708
-0.415186
-0.389679
-0.365416
-0.342487
-0.320891
-0.300574
-0.281462
-0.263524
-0.246404
-0.631126
-0.61987
-0.610921
-0.599746
-0.585571
-0.568143
-0.547504
-0.524157
-0.498899
-0.472618
-0.446135
-0.420094
-0.394935
-0.370915
-0.348145
-0.326644
-0.306374
-0.287266
-0.269299
-0.252163
-0.628303
-0.617171
-0.608426
-0.597676
-0.584174
-0.56763
-0.548003
-0.525691
-0.501399
-0.475953
-0.450146
-0.424627
-0.399854
-0.376107
-0.353524
-0.332142
-0.311938
-0.292852
-0.274871
-0.257733
-0.62502
-0.614035
-0.605496
-0.595155
-0.582303
-0.566621
-0.547995
-0.526725
-0.503421
-0.478844
-0.453754
-0.428795
-0.404444
-0.381003
-0.358633
-0.337393
-0.317274
-0.298227
-0.280246
-0.263121
-0.621321
-0.610505
-0.602172
-0.592226
-0.579998
-0.565153
-0.547513
-0.527286
-0.504987
-0.481308
-0.456971
-0.432611
-0.408717
-0.385612
-0.363481
-0.342404
-0.32239
-0.303399
-0.285431
-0.268331
-0.617248
-0.606626
-0.5985
-0.588933
-0.577303
-0.563266
-0.54659
-0.527399
-0.506118
-0.483362
-0.459811
-0.436086
-0.412682
-0.389944
-0.368078
-0.347186
-0.327293
-0.308374
-0.290431
-0.273369
-0.612845
-0.602438
-0.59452
-0.585318
-0.574258
-0.560997
-0.54526
-0.527094
-0.506835
-0.485024
-0.462289
-0.439232
-0.416351
-0.394009
-0.372433
-0.351746
-0.331993
-0.313161
-0.295255
-0.278241
-0.608155
-0.597984
-0.590275
-0.581423
-0.570906
-0.558388
-0.54356
-0.526401
-0.507164
-0.486312
-0.46442
-0.442062
-0.419736
-0.397818
-0.376557
-0.356096
-0.336499
-0.317767
-0.299908
-0.282953
-0.603219
-0.593303
-0.585806
-0.57729
-0.567288
-0.555477
-0.541525
-0.525351
-0.50713
-0.487247
-0.466218
-0.444589
-0.422848
-0.401382
-0.38046
-0.360245
-0.34082
-0.322201
-0.304399
-0.598078
-0.588435
-0.581151
-0.572959
-0.563445
-0.552304
-0.539191
-0.523975
-0.506757
-0.487848
-0.467701
-0.446826
-0.425699
-0.404713
-0.384153
-0.592769
-0.583416
-0.576348
-0.568468
-0.559415
-0.548907
-0.536595
-0.522306
-0.506074
-0.488137
-0.468886
-0.58733
-0.578281
-0.571432
-0.563854
-0.555236
-0.545325
-0.533773
-0.520374
-0.581796
-0.573065
-0.566437
-0.55915
-0.550944
-0.576201
-0.567798
-0.561393
-0.223942
-0.228687
-0.233288
-0.23775
-0.242076
-0.246273
-0.204151
-0.208649
-0.21304
-0.217327
-0.221513
-0.225603
-0.186455
-0.190699
-0.194863
-0.198949
-0.202961
-0.206903
-0.170677
-0.174662
-0.178587
-0.182456
-0.186271
-0.190034
-0.156453
-0.160185
-0.163873
-0.167519
-0.171125
-0.174695
-0.143596
-0.147079
-0.150529
-0.153949
-0.157341
-0.160707
-0.131904
-0.135145
-0.138363
-0.14156
-0.144737
-0.147896
-0.121227
-0.124238
-0.127232
-0.13021
-0.133175
-0.136129
-0.111444
-0.114234
-0.117012
-0.11978
-0.122539
-0.12529
-0.10244
-0.105021
-0.107594
-0.110161
-0.112722
-0.115279
-0.0941279
-0.0965134
-0.0988936
-0.10127
-0.103643
-0.106013
-0.0864373
-0.0886382
-0.090836
-0.0930314
-0.0952254
-0.0974189
-0.0793045
-0.0813322
-0.0833582
-0.0853833
-0.0874083
-0.0894338
-0.0726701
-0.0745365
-0.0764023
-0.0782681
-0.0801345
-0.0820022
-0.0664891
-0.0682054
-0.0699217
-0.0716387
-0.0733568
-0.0750766
-0.0607201
-0.0622968
-0.0638741
-0.0654523
-0.067032
-0.0686137
-0.0553234
-0.0567717
-0.0582206
-0.0596707
-0.0611224
-0.0625759
-0.0502765
-0.0516052
-0.0529347
-0.0542654
-0.0555977
-0.056932
-0.0455491
-0.0467673
-0.0479865
-0.0492069
-0.0504288
-0.0516526
-0.0528785
-0.0411159
-0.0422324
-0.0433499
-0.0444686
-0.0455886
-0.0467103
-0.047834
-0.0369561
-0.0379791
-0.039003
-0.0400279
-0.0410541
-0.0420817
-0.0431111
-0.0330533
-0.0339902
-0.0349277
-0.0358662
-0.0368059
-0.0377468
-0.0386892
-0.029389
-0.0302467
-0.031105
-0.031964
-0.0328241
-0.0336853
-0.0345477
-0.0259484
-0.0267334
-0.0275189
-0.0283051
-0.029092
-0.0298799
-0.0306688
-0.022718
-0.0234363
-0.024155
-0.0248742
-0.0255941
-0.0263147
-0.0270362
-0.0196852
-0.0203424
-0.0209998
-0.0216577
-0.0223161
-0.022975
-0.0236347
-0.0168381
-0.0174393
-0.0180408
-0.0186425
-0.0192445
-0.019847
-0.02045
-0.0141672
-0.0147172
-0.0152673
-0.0158175
-0.016368
-0.0169188
-0.0174699
-0.0116619
-0.012165
-0.0126681
-0.0131713
-0.0136745
-0.014178
-0.0146817
-0.00931353
-0.00977373
-0.0102339
-0.010694
-0.0111541
-0.0116143
-0.0120746
-0.00711341
-0.00753441
-0.00795528
-0.00837604
-0.00879673
-0.00921739
-0.00963804
-0.00505369
-0.00543887
-0.00582384
-0.00620865
-0.0065933
-0.00697784
-0.00736229
-0.00312694
-0.00347938
-0.00383157
-0.00418352
-0.00453527
-0.00488682
-0.0052382
-0.00132611
-0.00164865
-0.00197088
-0.00229283
-0.00261452
-0.00293595
-0.00325714
0.00035539
6.01717e-05
-0.000234709
-0.000529263
-0.000823501
-0.00111743
-0.00141107
0.00192388
0.00165361
0.00138371
0.00111417
0.000844983
0.000576148
0.000307653
0.00338522
0.00313774
0.00289065
0.00264395
0.00239763
0.0021517
0.00190615
0.00474504
0.00451836
0.0042921
0.00406624
0.0038408
0.00361577
0.00339115
0.00600902
0.0058013
0.005594
0.00538715
0.00518073
0.00497475
0.0047692
0.00718163
0.00699124
0.00680129
0.00661179
0.00642275
0.00623415
0.006046
0.00826805
0.00809348
0.00791935
0.00774568
0.00757246
0.00739971
0.00722741
0.00927287
0.0091127
0.008953
0.00879374
0.00863496
0.00847664
0.00831879
0.0102003
0.0100533
0.00990675
0.00976064
0.009615
0.00946982
0.00932512
0.0110547
0.0109196
0.010785
0.0106509
0.0105172
0.010384
0.0102512
0.0118397
0.0117156
0.0115919
0.0114686
0.0113458
0.0112235
0.0111016
0.0125593
0.012445
0.0123312
0.0122178
0.0121049
0.0119924
0.0118804
0.0132167
0.0131114
0.0130066
0.0129021
0.0127982
0.0126947
0.0125916
0.0138153
0.0137182
0.0136214
0.0135251
0.0134293
0.0133339
0.0132389
0.0143582
0.0142684
0.014179
0.01409
0.0140015
0.0139134
0.0138257
0.0148481
0.0147649
0.0146821
0.0145997
0.0145177
0.0144362
0.0143551
0.0152875
0.0152102
0.0151334
0.0150569
0.0149808
0.0149051
0.0148299
0.0156788
0.0156068
0.0155352
0.015464
0.0153931
0.0153227
0.0152527
0.0160241
0.0159567
0.0158898
0.0158232
0.0157569
0.0156911
0.0156257
0.0163248
0.0162615
0.0161986
0.0161361
0.0160739
0.0160121
0.0159507
0.0165826
0.0165228
0.0164634
0.0164043
0.0163456
0.0162872
0.0162293
0.016798
0.0167412
0.0166847
0.0166285
0.0165728
0.0165173
0.0164623
0.016972
0.0169176
0.0168635
0.0168097
0.0167563
0.0167033
0.0166506
0.0171039
0.0170514
0.0169992
0.0169473
0.0168957
0.0168445
0.0167937
0.017194
0.0171428
0.0170918
0.0170412
0.0169909
0.016941
0.0168914
0.0172397
0.0171893
0.0171391
0.0170893
0.0170399
0.0169907
0.0169419
-0.101858
-0.109857
-0.117687
-0.125348
-0.132838
-0.140152
-0.147262
-0.154184
-0.161075
-0.167728
-0.174127
-0.180325
-0.186353
-0.192215
-0.197909
-0.203435
-0.208799
-0.214002
-0.219049
-0.0946007
-0.101609
-0.10848
-0.115211
-0.121801
-0.128242
-0.134524
-0.140616
-0.146549
-0.152467
-0.158254
-0.163876
-0.169351
-0.174695
-0.179913
-0.185004
-0.18997
-0.194814
-0.19954
-0.0870899
-0.0933045
-0.0994034
-0.105386
-0.111251
-0.116998
-0.122625
-0.128129
-0.133496
-0.138825
-0.144091
-0.149223
-0.154224
-0.159115
-0.163908
-0.168604
-0.173205
-0.177711
-0.182127
-0.0806719
-0.0861888
-0.0916105
-0.0969373
-0.102169
-0.107305
-0.112344
-0.117282
-0.122116
-0.126821
-0.131645
-0.136345
-0.140903
-0.145368
-0.14976
-0.154083
-0.158335
-0.162516
-0.166629
-0.074561
-0.079488
-0.0843394
-0.0891165
-0.0938208
-0.098454
-0.103019
-0.107517
-0.111949
-0.116307
-0.120474
-0.12469
-0.128882
-0.132999
-0.137045
-0.141032
-0.144965
-0.148845
-0.152673
-0.0690348
-0.0734479
-0.077799
-0.0820889
-0.0863183
-0.0904879
-0.0945979
-0.0986479
-0.102636
-0.106562
-0.110422
-0.114295
-0.11813
-0.121905
-0.125625
-0.129299
-0.132931
-0.136524
-0.140078
-0.0638904
-0.0678556
-0.0717709
-0.0756374
-0.0794561
-0.0832284
-0.0869556
-0.090639
-0.0942803
-0.0978798
-0.101435
-0.104915
-0.108403
-0.111866
-0.115287
-0.11867
-0.122021
-0.125343
-0.128637
-0.0591367
-0.0627095
-0.0662419
-0.0697348
-0.0731892
-0.0766059
-0.0799858
-0.0833297
-0.086638
-0.0899106
-0.0931473
-0.0963459
-0.0995499
-0.102729
-0.105874
-0.10899
-0.112081
-0.11515
-0.118199
-0.0547077
-0.0579345
-0.0611288
-0.0642916
-0.0674239
-0.0705268
-0.0736014
-0.0766489
-0.0796706
-0.0826677
-0.0856409
-0.0885888
-0.0914872
-0.0943902
-0.0972801
-0.100148
-0.102995
-0.105826
-0.108642
-0.0505707
-0.0534904
-0.0563837
-0.0592515
-0.0620947
-0.0649139
-0.06771
-0.0704837
-0.0732357
-0.0759664
-0.0786762
-0.0813661
-0.0840365
-0.0867262
-0.0893889
-0.0920231
-0.0946415
-0.0972502
-0.0998496
-0.0466916
-0.0493382
-0.0519637
-0.0545689
-0.0571546
-0.0597215
-0.0622706
-0.0648027
-0.0673187
-0.0698194
-0.0723057
-0.0747772
-0.0772312
-0.0796492
-0.0820777
-0.0845085
-0.0869291
-0.0893374
-0.0917362
-0.0430404
-0.0454425
-0.0478276
-0.0501962
-0.0525491
-0.0548869
-0.0572102
-0.0595195
-0.0618156
-0.064099
-0.0663702
-0.0686297
-0.0708779
-0.0731128
-0.0753512
-0.077584
-0.0798075
-0.0820229
-0.0842324
-0.0395931
-0.041776
-0.0439451
-0.0461011
-0.0482445
-0.0503757
-0.0524955
-0.0546043
-0.0567025
-0.0587909
-0.0608697
-0.0629392
-0.0649999
-0.0670514
-0.069112
-0.0711629
-0.0732048
-0.0752414
-0.0772744
-0.0363292
-0.038315
-0.0402899
-0.0422543
-0.0442086
-0.0461535
-0.0480895
-0.0500171
-0.0519369
-0.0538495
-0.0557555
-0.0576556
-0.0595502
-0.0614392
-0.0633086
-0.0651833
-0.0670595
-0.0689327
-0.0708025
-0.0332302
-0.0350382
-0.0368374
-0.0386282
-0.0404109
-0.0421861
-0.0439541
-0.0457154
-0.0474705
-0.0492196
-0.0509633
-0.0527019
-0.0544356
-0.0561648
-0.0578881
-0.0596124
-0.0613349
-0.0630546
-0.0647724
-0.0302814
-0.0319285
-0.0335686
-0.0352019
-0.0368287
-0.0384495
-0.0400646
-0.0416743
-0.043279
-0.044879
-0.0464747
-0.0480665
-0.0496547
-0.0512396
-0.0528214
-0.0544076
-0.0559895
-0.0575674
-0.0591438
-0.0274709
-0.0289725
-0.0304684
-0.0319589
-0.0334443
-0.0349249
-0.036401
-0.0378729
-0.039341
-0.0408055
-0.0422668
-0.0437251
-0.0451809
-0.0466343
-0.0480851
-0.0495302
-0.0509774
-0.0524262
-0.053875
-0.024788
-0.0261575
-0.0275224
-0.0288831
-0.0302396
-0.0315922
-0.0329413
-0.0342871
-0.0356297
-0.0369696
-0.0383069
-0.0396419
-0.040975
-0.0423063
-0.043636
-0.0449629
-0.046291
-0.0476197
-0.0489482
-0.0222245
-0.0234742
-0.0247202
-0.0259627
-0.0272019
-0.0284381
-0.0296714
-0.0309021
-0.0321304
-0.0333565
-0.0345806
-0.035803
-0.0370238
-0.0382434
-0.0394618
-0.040679
-0.0418965
-0.043114
-0.0443314
-0.0197734
-0.0209141
-0.0220518
-0.0231868
-0.0243191
-0.025449
-0.0265765
-0.027702
-0.0288256
-0.0299474
-0.0310677
-0.0321866
-0.0333043
-0.034421
-0.035537
-0.0366523
-0.0377687
-0.0388845
-0.0400001
-0.0174289
-0.0184705
-0.0195098
-0.0205468
-0.0215817
-0.0226146
-0.0236457
-0.0246752
-0.025703
-0.0267295
-0.0277548
-0.028779
-0.0298023
-0.0308248
-0.0318467
-0.032868
-0.0338898
-0.0349116
-0.0359336
-0.0151862
-0.0161377
-0.0170872
-0.018035
-0.0189811
-0.0199255
-0.0208686
-0.0218102
-0.0227507
-0.0236901
-0.0246285
-0.0255662
-0.0265032
-0.0274396
-0.0283757
-0.0293115
-0.0302456
-0.0311808
-0.0321168
-0.0130412
-0.0139106
-0.0147784
-0.0156448
-0.0165098
-0.0173735
-0.0182361
-0.0190975
-0.019958
-0.0208175
-0.0216763
-0.0225344
-0.023392
-0.0242491
-0.0251058
-0.0259623
-0.0268184
-0.0276749
-0.0285318
-0.0109904
-0.011785
-0.0125784
-0.0133705
-0.0141616
-0.0149516
-0.0157406
-0.0165287
-0.017316
-0.0181026
-0.0188885
-0.0196739
-0.0204588
-0.0212433
-0.0220276
-0.0228116
-0.0235955
-0.0243796
-0.0251639
-0.00903089
-0.00975739
-0.0104829
-0.0112074
-0.0119309
-0.0126536
-0.0133755
-0.0140967
-0.0148171
-0.015537
-0.0162562
-0.0169751
-0.0176935
-0.0184115
-0.0191294
-0.019847
-0.0205645
-0.0212822
-0.022
-0.00716007
-0.0078245
-0.00848807
-0.00915084
-0.00981283
-0.0104741
-0.0111347
-0.0117946
-0.012454
-0.0131128
-0.0137711
-0.014429
-0.0150866
-0.0157438
-0.0164008
-0.0170577
-0.0177144
-0.0183714
-0.0190283
-0.00537563
-0.00598348
-0.00659062
-0.00719707
-0.00780287
-0.00840804
-0.00901261
-0.00961663
-0.0102201
-0.0108231
-0.0114257
-0.0120279
-0.0126297
-0.0132312
-0.0138324
-0.0144334
-0.0150342
-0.0156358
-0.016237
-0.00367545
-0.00423174
-0.00478742
-0.00534252
-0.00589706
-0.00645106
-0.00700455
-0.00755755
-0.00811009
-0.00866221
-0.00921394
-0.00976531
-0.0103164
-0.0108672
-0.0114178
-0.0119682
-0.0125184
-0.0130677
-0.0136173
-0.00205742
-0.00256667
-0.0030754
-0.00358362
-0.00409135
-0.0045986
-0.00510538
-0.00561171
-0.00611762
-0.00662312
-0.00712824
-0.007633
-0.00813743
-0.00864157
-0.00914543
-0.00964906
-0.0101525
-0.0106556
-0.0111588
-0.000519586
-0.000985943
-0.00145184
-0.00191729
-0.00238229
-0.00284686
-0.00331099
-0.00377471
-0.00423803
-0.00470096
-0.00516352
-0.00562572
-0.0060876
-0.00654917
-0.00701045
-0.00747148
-0.00793227
-0.00839282
-0.00885323
0.000939946
0.000512715
8.58957e-05
-0.000340513
-0.000766512
-0.0011921
-0.0016173
-0.00204209
-0.0024665
-0.00289053
-0.0033142
-0.00373751
-0.00416049
-0.00458315
-0.0050055
-0.00542756
-0.00584936
-0.0062709
-0.00669225
0.00232309
0.00193156
0.00154041
0.00114963
0.000759242
0.000369236
-2.03878e-05
-0.000409631
-0.000798497
-0.00118699
-0.00157512
-0.00196289
-0.00235032
-0.00273741
-0.00312418
-0.00351063
-0.0038968
-0.00428267
-0.0046683
0.00363178
0.00327282
0.00291422
0.00255598
0.0021981
0.00184059
0.00148345
0.00112669
0.00077029
0.000414264
5.86054e-05
-0.000296691
-0.000651631
-0.00100622
-0.00136047
-0.00171438
-0.00206797
-0.00242125
-0.00277424
0.00486795
0.00453873
0.00420985
0.00388131
0.00355313
0.0032253
0.00289784
0.00257075
0.00224402
0.00191766
0.00159167
0.00126605
0.000940801
0.000615913
0.000291384
-3.27918e-05
-0.00035662
-0.000680107
-0.00100327
0.0060336
0.00573153
0.00542979
0.00512838
0.00482732
0.00452661
0.00422626
0.00392627
0.00362665
0.0033274
0.00302852
0.00273002
0.0024319
0.00213415
0.00183677
0.00153977
0.00124314
0.000946869
0.000650953
0.00713076
0.0068535
0.00657655
0.00629993
0.00602364
0.00574771
0.00547213
0.00519691
0.00492206
0.00464758
0.00437348
0.00409976
0.00382643
0.00355348
0.00328092
0.00300875
0.00273696
0.00246556
0.00219453
0.00816148
0.00790687
0.00765257
0.00739859
0.00714495
0.00689165
0.0066387
0.00638612
0.0061339
0.00588206
0.00563061
0.00537953
0.00512885
0.00487857
0.00462868
0.00437919
0.0041301
0.00388141
0.00363311
0.00912793
0.00889402
0.00866042
0.00842713
0.00819418
0.00796158
0.00772932
0.00749743
0.0072659
0.00703475
0.00680399
0.00657361
0.00634363
0.00611405
0.00588488
0.00565611
0.00542776
0.00519981
0.00497219
0.0100321
0.00981715
0.00960247
0.0093881
0.00917405
0.00896035
0.008747
0.00853401
0.00832139
0.00810915
0.00789729
0.00768582
0.00747475
0.00726409
0.00705383
0.006844
0.00663458
0.00642559
0.00621712
0.0108764
0.0106787
0.0104813
0.0102842
0.0100875
0.00989106
0.00969499
0.00949928
0.00930394
0.00910897
0.00891439
0.00872021
0.00852642
0.00833304
0.00814007
0.00794752
0.0077554
0.0075637
0.00737245
0.0116628
0.0114809
0.0112993
0.011118
0.0109371
0.0107564
0.0105762
0.0103963
0.0102167
0.0100375
0.00985872
0.00968032
0.00950232
0.00932472
0.00914754
0.00897077
0.00879444
0.00861853
0.00844307
0.0123936
0.0122261
0.012059
0.0118921
0.0117256
0.0115594
0.0113936
0.0112281
0.011063
0.0108982
0.0107338
0.0105699
0.0104063
0.0102431
0.0100803
0.00991795
0.00975603
0.00959453
0.00943348
0.0130709
0.0129167
0.0127627
0.0126091
0.0124557
0.0123027
0.0121501
0.0119978
0.0118458
0.0116942
0.011543
0.0113922
0.0112417
0.0110917
0.0109421
0.0107929
0.0106441
0.0104957
0.0103478
0.013697
0.0135548
0.0134129
0.0132713
0.01313
0.0129891
0.0128485
0.0127082
0.0125682
0.0124287
0.0122895
0.0121506
0.0120122
0.0118742
0.0117365
0.0115993
0.0114625
0.0113261
0.0111902
0.014274
0.0141428
0.0140119
0.0138813
0.013751
0.0136211
0.0134914
0.0133621
0.0132331
0.0131045
0.0129763
0.0128484
0.0127209
0.0125938
0.0124671
0.0123408
0.0122149
0.0120894
0.0119644
0.0148041
0.0146829
0.0145621
0.0144415
0.0143212
0.0142012
0.0140816
0.0139623
0.0138433
0.0137247
0.0136064
0.0134885
0.0133709
0.0132538
0.013137
0.0130206
0.0129047
0.0127891
0.012674
0.0152893
0.0151773
0.0150655
0.0149541
0.0148429
0.0147321
0.0146215
0.0145113
0.0144014
0.0142918
0.0141826
0.0140737
0.0139653
0.0138571
0.0137494
0.013642
0.0135351
0.0134286
0.0133224
0.0157316
0.0156279
0.0155245
0.0154213
0.0153184
0.0152158
0.0151135
0.0150116
0.0149099
0.0148086
0.0147076
0.014607
0.0145067
0.0144068
0.0143072
0.014208
0.0141093
0.0140109
0.0139129
0.0162295
0.0161331
0.0160369
0.015941
0.0158453
0.0157499
0.0156548
0.01556
0.0154655
0.0153713
0.0152774
0.0151839
0.0150907
0.0149978
0.0149053
0.0148132
0.0147214
0.01463
0.014539
0.0144484
0.0165851
0.0164955
0.0164061
0.0163169
0.016228
0.0161394
0.0160511
0.015963
0.0158753
0.0157878
0.0157007
0.0156138
0.0155273
0.0154412
0.0153553
0.0152699
0.0151847
0.0151
0.0150156
0.0149317
0.0169041
0.0168205
0.0167372
0.0166542
0.0165714
0.0164888
0.0164066
0.0163246
0.0162429
0.0161615
0.0160803
0.0159995
0.015919
0.0158389
0.0157591
0.0156796
0.0156004
0.0155216
0.0154432
0.0153652
0.0171879
0.0171098
0.017032
0.0169544
0.016877
0.0167999
0.016723
0.0166464
0.0165701
0.0164941
0.0164184
0.0163429
0.0162678
0.016193
0.0161185
0.0160444
0.0159706
0.0158971
0.015824
0.0157512
0.017438
0.0173648
0.0172918
0.017219
0.0171464
0.0170741
0.0170021
0.0169303
0.0168587
0.0167875
0.0167165
0.0166458
0.0165754
0.0165054
0.0164356
0.0163662
0.0162971
0.0162283
0.0161599
0.0160918
0.0176556
0.0175866
0.0175178
0.0174492
0.0173809
0.0173127
0.0172449
0.0171773
0.0171099
0.0170428
0.016976
0.0169095
0.0168433
0.0167774
0.0167117
0.0166464
0.0165814
0.0165168
0.0164524
0.0163885
0.0178417
0.0177763
0.0177112
0.0176462
0.0175815
0.017517
0.0174527
0.0173887
0.017325
0.0172615
0.0171983
0.0171354
0.0170727
0.0170103
0.0169483
0.0168865
0.0168251
0.016764
0.0167032
0.0166427
0.0179968
0.0179344
0.0178723
0.0178104
0.0177488
0.0176873
0.0176261
0.0175652
0.0175044
0.017444
0.0173838
0.0173239
0.0172642
0.0172049
0.0171458
0.0170871
0.0170286
0.0169705
0.0169127
0.0168552
0.0181216
0.0180618
0.0180021
0.0179427
0.0178835
0.0178246
0.0177659
0.0177074
0.0176491
0.0175912
0.0175334
0.017476
0.0174188
0.0173619
0.0173053
0.017249
0.017193
0.0171373
0.0170819
0.0170268
0.0182153
0.0181574
0.0180997
0.0180422
0.0179849
0.0179279
0.0178711
0.0178145
0.0177582
0.0177021
0.0176463
0.0175908
0.0175355
0.0174806
0.0174259
0.0173714
0.0173173
0.0172635
0.01721
0.0171568
0.0182791
0.0182225
0.0181661
0.0181099
0.018054
0.0179983
0.0179428
0.0178875
0.0178325
0.0177778
0.0177233
0.0176691
0.0176152
0.0175615
0.0175081
0.017455
0.0174022
0.0173497
0.0172975
0.0172456
0.0183089
0.018253
0.0181973
0.0181419
0.0180867
0.0180317
0.017977
0.0179226
0.0178684
0.0178144
0.0177608
0.0177074
0.0176542
0.0176014
0.0175488
0.0174966
0.0174446
0.0173929
0.0173415
0.0172905
0.017658
0.0175988
0.0175398
0.0174809
0.0174223
0.0173638
0.0173056
0.0172475
0.0171897
0.0171321
0.0170747
0.0170176
0.0169606
0.016904
0.0168475
0.0167914
0.0167354
0.0166797
0.0166243
0.0165692
0.0165143
0.0176343
0.0175744
0.0175146
0.017455
0.0173956
0.0173364
0.0172774
0.0172186
0.01716
0.0171016
0.0170434
0.0169854
0.0169277
0.0168702
0.0168129
0.0167559
0.0166991
0.0166426
0.0165863
0.0165303
0.0164746
0.0175817
0.0175205
0.0174594
0.0173986
0.0173379
0.0172773
0.017217
0.0171569
0.0170969
0.0170372
0.0169777
0.0169184
0.0168593
0.0168005
0.0167419
0.0166836
0.0166255
0.0165676
0.0165101
0.0164528
0.0163957
0.0175045
0.0174414
0.0173785
0.0173157
0.0172531
0.0171907
0.0171284
0.0170664
0.0170045
0.0169429
0.0168815
0.0168203
0.0167593
0.0166986
0.0166381
0.0165778
0.0165178
0.0164581
0.0163986
0.0163394
0.0162804
0.0174012
0.0173356
0.0172702
0.017205
0.01714
0.0170751
0.0170104
0.0169459
0.0168816
0.0168175
0.0167536
0.01669
0.0166266
0.0165634
0.0165004
0.0164377
0.0163753
0.0163131
0.0162512
0.0161896
0.0161282
0.0172042
0.0171358
0.0170676
0.0169995
0.0169316
0.0168639
0.0167964
0.0167291
0.0166621
0.0165952
0.0165285
0.0164621
0.016396
0.01633
0.0162644
0.016199
0.0161338
0.0160689
0.0160044
0.0159401
0.0170462
0.0169742
0.0169024
0.0168308
0.0167594
0.0166881
0.0166171
0.0165462
0.0164756
0.0164052
0.016335
0.0162651
0.0161954
0.0161259
0.0160567
0.0159878
0.0159192
0.0158508
0.0157828
0.015715
0.0168613
0.0167852
0.0167093
0.0166335
0.016558
0.0164826
0.0164075
0.0163325
0.0162578
0.0161833
0.0161091
0.0160351
0.0159613
0.0158878
0.0158145
0.0157416
0.0156689
0.0155965
0.0155244
0.0154526
0.0166483
0.0165675
0.0164869
0.0164065
0.0163263
0.0162463
0.0161664
0.0160869
0.0160075
0.0159284
0.0158495
0.0157708
0.0156924
0.0156143
0.0155365
0.0154589
0.0153816
0.0153047
0.015228
0.0151516
0.0164062
0.0163202
0.0162343
0.0161487
0.0160632
0.015978
0.0158929
0.0158081
0.0157235
0.0156392
0.0155551
0.0154712
0.0153877
0.0153044
0.0152213
0.0151386
0.0150562
0.014974
0.0148922
0.0148107
0.0161337
0.0160418
0.0159501
0.0158586
0.0157673
0.0156762
0.0155854
0.0154947
0.0154043
0.0153142
0.0152243
0.0151347
0.0150453
0.0149562
0.0148674
0.0147789
0.0146908
0.0146029
0.0145153
0.0144281
0.0158292
0.0157309
0.0156327
0.0155347
0.015437
0.0153394
0.0152421
0.0151451
0.0150483
0.0149517
0.0148554
0.0147594
0.0146636
0.0145681
0.014473
0.0143781
0.0142836
0.0141893
0.0140954
0.0140019
0.0154911
0.0153856
0.0152803
0.0151753
0.0150704
0.0149658
0.0148614
0.0147572
0.0146533
0.0145497
0.0144464
0.0143433
0.0142405
0.014138
0.0140358
0.0139339
0.0138324
0.0137312
0.0136303
0.0135297
0.0151175
0.0150042
0.0148911
0.0147783
0.0146656
0.0145532
0.0144411
0.0143292
0.0142175
0.0141062
0.0139951
0.0138843
0.0137738
0.0136636
0.0135537
0.0134441
0.0133349
0.013226
0.0131174
0.0130092
0.0147064
0.0145846
0.014463
0.0143416
0.0142205
0.0140996
0.013979
0.0138586
0.0137385
0.0136186
0.0134991
0.0133799
0.0132609
0.0131423
0.013024
0.012906
0.0127884
0.0126711
0.0125542
0.0124376
0.0142557
0.0141246
0.0139937
0.0138631
0.0137327
0.0136025
0.0134727
0.013343
0.0132137
0.0130847
0.0129559
0.0128275
0.0126994
0.0125716
0.0124441
0.0123169
0.0121902
0.0120637
0.0119377
0.0118119
0.0137632
0.013622
0.013481
0.0133403
0.0131998
0.0130596
0.0129196
0.01278
0.0126406
0.0125015
0.0123627
0.0122243
0.0120861
0.0119483
0.0118109
0.0116738
0.011537
0.0114006
0.0112646
0.011129
0.0132265
0.0130743
0.0129223
0.0127706
0.0126192
0.012468
0.0123171
0.0121665
0.0120162
0.0118662
0.0117166
0.0115672
0.0114182
0.0112696
0.0111213
0.0109733
0.0108257
0.0106785
0.0105317
0.0103852
0.012643
0.0124789
0.012315
0.0121514
0.011988
0.011825
0.0116622
0.0114998
0.0113376
0.0111758
0.0110143
0.0108531
0.0106923
0.0105318
0.0103717
0.010212
0.0100527
0.00989369
0.0097351
0.0095769
0.0120103
0.0118332
0.0116563
0.0114798
0.0113035
0.0111275
0.0109519
0.0107765
0.0106015
0.0104268
0.0102525
0.0100785
0.00990483
0.00973157
0.00955867
0.00938616
0.00921403
0.0090423
0.00887096
0.00870002
0.0113255
0.0111343
0.0109434
0.0107528
0.0105624
0.0103724
0.0101828
0.00999343
0.00980443
0.00961578
0.00942749
0.00923957
0.00905203
0.00886487
0.00867809
0.00849171
0.00830573
0.00812014
0.00793497
0.00775021
0.0105858
0.0103793
0.0101731
0.00996717
0.0097616
0.00955637
0.00935148
0.00914694
0.00894277
0.00873897
0.00853555
0.00833251
0.00812987
0.00792763
0.00772579
0.00752435
0.00732334
0.00712273
0.00692255
0.00672279
0.00978817
0.00956501
0.00934218
0.00911968
0.00889753
0.00867575
0.00845433
0.00823329
0.00801264
0.00779238
0.00757252
0.00735308
0.00713404
0.00691543
0.00669724
0.00647948
0.00626214
0.00604525
0.00582879
0.00561276
0.00892958
0.00868829
0.00844736
0.0082068
0.00796662
0.00772683
0.00748744
0.00724846
0.0070099
0.00677176
0.00653405
0.00629677
0.00605994
0.00582355
0.00558761
0.00535212
0.00511708
0.0048825
0.00464838
0.0044147
0.00800677
0.00774573
0.00748509
0.00722486
0.00696505
0.00670566
0.00644672
0.00618822
0.00593018
0.00567259
0.00541547
0.00515882
0.00490264
0.00464693
0.00439171
0.00413696
0.0038827
0.00362891
0.00337562
0.00312279
0.0070164
0.00673382
0.00645168
0.00617001
0.0058888
0.00560807
0.00532782
0.00504807
0.00476881
0.00449006
0.00421182
0.00393409
0.00365687
0.00338017
0.00310398
0.00282831
0.00255315
0.00227851
0.00200443
0.00173081
0.005955
0.00564889
0.00534328
0.00503819
0.00473364
0.00442962
0.00412614
0.00382322
0.00352084
0.00321903
0.00291778
0.00261708
0.00231695
0.00201738
0.00171837
0.00141992
0.00112201
0.000824659
0.000528012
0.000231821
0.00481899
0.00448714
0.00415587
0.00382521
0.00349515
0.0031657
0.00283688
0.00250868
0.0021811
0.00185416
0.00152784
0.00120216
0.000877103
0.000552675
0.00022887
-9.43156e-05
-0.000416888
-0.000738855
-0.00106042
-0.00138131
0.00324454
0.00288518
0.00252651
0.00216854
0.00181128
0.00145473
0.0010989
0.000743774
0.000389364
3.56671e-05
-0.000317321
-0.000669605
-0.00102119
-0.00137208
-0.00172229
-0.00207182
-0.00242068
-0.00276893
-0.00311652
0.001917
0.00152682
0.00113746
0.000748921
0.000361202
-2.56925e-05
-0.000411764
-0.000797013
-0.00118144
-0.00156506
-0.00194786
-0.00232987
-0.00271108
-0.00309151
-0.00347117
-0.00385006
-0.00422821
-0.00460565
-0.00498238
0.000500219
7.62043e-05
-0.000346847
-0.000768934
-0.00119006
-0.00161021
-0.00202941
-0.00244765
-0.00286495
-0.0032813
-0.00369672
-0.00411122
-0.00452481
-0.0049375
-0.00534932
-0.00576027
-0.00617036
-0.00657966
-0.00698816
-0.00101027
-0.00147151
-0.00193161
-0.00239056
-0.00284837
-0.00330505
-0.0037606
-0.00421503
-0.00466835
-0.00512057
-0.00557172
-0.00602179
-0.00647081
-0.0069188
-0.00736578
-0.00781176
-0.00825673
-0.00870081
-0.009144
-0.00261905
-0.0031213
-0.00362217
-0.00412169
-0.00461985
-0.00511667
-0.00561216
-0.00610633
-0.0065992
-0.00709078
-0.00758109
-0.00807016
-0.008558
-0.00904463
-0.00953009
-0.0100144
-0.0104975
-0.0109796
-0.0114607
-0.00433096
-0.00487845
-0.00542431
-0.00596854
-0.00651116
-0.00705219
-0.00759163
-0.00812951
-0.00866586
-0.00920069
-0.00973403
-0.0102659
-0.0107963
-0.0113254
-0.011853
-0.0123793
-0.0129038
-0.0134274
-0.01395
-0.00615086
-0.00674835
-0.00734387
-0.00793744
-0.0085291
-0.00911885
-0.00970672
-0.0102928
-0.010877
-0.0114594
-0.0120401
-0.012619
-0.0131963
-0.013772
-0.0143461
-0.0149186
-0.0154889
-0.016058
-0.0166259
-0.00808394
-0.00873674
-0.00938717
-0.0100353
-0.0106811
-0.0113246
-0.0119658
-0.0126049
-0.0132417
-0.0138765
-0.0145091
-0.0151396
-0.0157681
-0.0163946
-0.0170192
-0.0176419
-0.0182637
-0.0188833
-0.019501
-0.0101355
-0.0108496
-0.0115609
-0.0122694
-0.0129751
-0.013678
-0.0143783
-0.015076
-0.0157711
-0.0164636
-0.0171537
-0.0178413
-0.0185265
-0.0192093
-0.0198899
-0.0205683
-0.0212447
-0.0219191
-0.0225913
-0.0123111
-0.0130932
-0.013872
-0.0146474
-0.0154194
-0.0161883
-0.0169539
-0.0177163
-0.0184757
-0.0192321
-0.0199855
-0.0207359
-0.0214836
-0.0222284
-0.0229706
-0.0237099
-0.024447
-0.0251816
-0.0259138
-0.0146162
-0.015474
-0.0163276
-0.0171773
-0.0180229
-0.0188647
-0.0197027
-0.0205369
-0.0213674
-0.0221943
-0.0230176
-0.0238375
-0.024654
-0.0254672
-0.0262771
-0.0270835
-0.0278873
-0.0286884
-0.0294867
-0.0170569
-0.0179987
-0.0189357
-0.0198678
-0.0207953
-0.021718
-0.0226362
-0.02355
-0.0244593
-0.0253644
-0.0262652
-0.0271619
-0.0280545
-0.0289431
-0.0298278
-0.0307075
-0.0315846
-0.0324588
-0.0333297
-0.019639
-0.0206745
-0.0217041
-0.022728
-0.0237463
-0.024759
-0.0257663
-0.0267682
-0.027765
-0.0287566
-0.0297434
-0.0307253
-0.0317025
-0.0326752
-0.0336433
-0.0346043
-0.0355623
-0.0365169
-0.0374675
-0.0223689
-0.0235089
-0.0246418
-0.0257678
-0.026887
-0.0279996
-0.0291057
-0.0302054
-0.0312987
-0.0323859
-0.033467
-0.0345421
-0.0356114
-0.0366748
-0.0377325
-0.0387886
-0.0398381
-0.0408815
-0.0419199
-0.0252536
-0.0265101
-0.0277583
-0.0289983
-0.0302302
-0.0314541
-0.0326704
-0.033879
-0.0350801
-0.036274
-0.0374607
-0.0386404
-0.0398132
-0.0409792
-0.0421383
-0.0432923
-0.0444402
-0.0455818
-0.0467175
-0.0282999
-0.0296868
-0.0310637
-0.0324308
-0.0337882
-0.0351363
-0.0364751
-0.0378048
-0.0391256
-0.0404377
-0.0417412
-0.0430364
-0.0443233
-0.045602
-0.0468717
-0.0481358
-0.0493935
-0.0506439
-0.051887
-0.0315153
-0.033048
-0.0345689
-0.0360781
-0.0375759
-0.0390625
-0.0405381
-0.0420029
-0.0434573
-0.0449013
-0.0463353
-0.0477593
-0.0491736
-0.0505779
-0.0519677
-0.0533525
-0.0547312
-0.0561015
-0.0574631
-0.0349075
-0.0366036
-0.0382854
-0.0399534
-0.0416077
-0.0432486
-0.0448764
-0.0464914
-0.0480938
-0.0496838
-0.0512618
-0.052828
-0.0543827
-0.0559257
-0.0574591
-0.0589819
-0.0604935
-0.0619945
-0.0634855
-0.038486
-0.0403652
-0.0422275
-0.0440733
-0.0459029
-0.0477164
-0.0495144
-0.051297
-0.0530645
-0.0548173
-0.0565555
-0.0582794
-0.059989
-0.0616836
-0.0633715
-0.0650454
-0.0667052
-0.0683524
-0.0699878
-0.04226
-0.0443449
-0.0464098
-0.0484549
-0.0504807
-0.0524874
-0.0544755
-0.0564452
-0.0583969
-0.0603307
-0.0622471
-0.064146
-0.0660276
-0.06789
-0.0697439
-0.0715852
-0.0734109
-0.0752209
-0.077016
-0.0462405
-0.0485569
-0.0508495
-0.0531187
-0.0553649
-0.0575886
-0.0597904
-0.0619707
-0.06413
-0.0662689
-0.0683877
-0.0704862
-0.0725631
-0.074601
-0.0766359
-0.0786622
-0.080671
-0.0826599
-0.0846306
-0.0504388
-0.0530156
-0.0555638
-0.058084
-0.0605766
-0.063042
-0.0654806
-0.067893
-0.0702794
-0.0726404
-0.0749762
-0.0772876
-0.0795747
-0.0818606
-0.0841161
-0.0863406
-0.0885418
-0.0907237
-0.0928863
-0.0548712
-0.0577424
-0.0605798
-0.0633837
-0.0661548
-0.0688935
-0.0716003
-0.0742755
-0.0769194
-0.0795323
-0.0821138
-0.0846643
-0.0871821
-0.0896913
-0.0921771
-0.0946333
-0.0970613
-0.0994633
-0.10184
-0.0595503
-0.0627544
-0.0659184
-0.0690427
-0.0721281
-0.0751753
-0.0781852
-0.0811585
-0.0840959
-0.086998
-0.0898633
-0.0926858
-0.0954435
-0.0982044
-0.100951
-0.103661
-0.106334
-0.108975
-0.111585
-0.0644977
-0.068079
-0.071612
-0.0750972
-0.0785352
-0.0819264
-0.0852714
-0.0885705
-0.0918239
-0.0950317
-0.0981956
-0.101319
-0.104447
-0.107516
-0.110526
-0.113495
-0.11643
-0.119331
-0.122197
-0.0697254
-0.0737363
-0.0776899
-0.0815869
-0.0854281
-0.0892144
-0.0929467
-0.0966261
-0.100253
-0.103828
-0.107349
-0.110787
-0.114212
-0.117596
-0.120926
-0.124206
-0.12744
-0.13063
-0.133777
-0.075286
-0.0797871
-0.0842191
-0.0885825
-0.0928778
-0.0971055
-0.101266
-0.105359
-0.109385
-0.113342
-0.117228
-0.121088
-0.124899
-0.12864
-0.132316
-0.135933
-0.139495
-0.143002
-0.146456
-0.0811234
-0.0861865
-0.0911674
-0.0960667
-0.100885
-0.105622
-0.110279
-0.114856
-0.119353
-0.123766
-0.128055
-0.132345
-0.136575
-0.140719
-0.144783
-0.148775
-0.1527
-0.156557
-0.160348
-0.0874723
-0.0931799
-0.0987883
-0.104298
-0.109708
-0.115018
-0.120227
-0.125333
-0.130331
-0.135208
-0.140076
-0.144864
-0.149538
-0.154109
-0.158591
-0.162989
-0.167304
-0.171535
-0.175684
-0.0939055
-0.100371
-0.106719
-0.112947
-0.119055
-0.125041
-0.130903
-0.136641
-0.142251
-0.14772
-0.153179
-0.158526
-0.16373
-0.168808
-0.173776
-0.178637
-0.183392
-0.188041
-0.192588
-0.101402
-0.10872
-0.115901
-0.122945
-0.129848
-0.136607
-0.14321
-0.149633
-0.155745
-0.161948
-0.168046
-0.173963
-0.179719
-0.185338
-0.190825
-0.196179
-0.201401
-0.206493
-0.211457
-0.108162
-0.11654
-0.124751
-0.132794
-0.140668
-0.148368
-0.155881
-0.16313
-0.170484
-0.177588
-0.18439
-0.190973
-0.197389
-0.203641
-0.209724
-0.215636
-0.221382
-0.226964
-0.232385
0.0164597
0.0164054
0.0163513
0.0162975
0.0162441
0.0161909
0.0164191
0.016364
0.0163091
0.0162545
0.0162002
0.0161462
0.016339
0.0162825
0.0162263
0.0161704
0.0161149
0.0160596
0.0162218
0.0161634
0.0161054
0.0160476
0.0159902
0.015933
0.0160672
0.0160064
0.015946
0.0158858
0.015826
0.0157665
0.0158761
0.0158124
0.015749
0.0156859
0.0156231
0.0155607
0.0156475
0.0155803
0.0155135
0.015447
0.0153808
0.0153149
0.0153811
0.0153099
0.0152391
0.0151686
0.0150984
0.0150285
0.0150755
0.0149998
0.0149244
0.0148494
0.0147746
0.0147003
0.0147295
0.0146487
0.0145681
0.014488
0.0144082
0.0143287
0.0143412
0.0142546
0.0141684
0.0140825
0.013997
0.0139119
0.0139086
0.0138157
0.0137232
0.013631
0.0135392
0.0134478
0.0134295
0.0133297
0.0132302
0.0131311
0.0130323
0.012934
0.0129014
0.0127939
0.0126868
0.01258
0.0124737
0.0123677
0.0123214
0.0122056
0.0120901
0.011975
0.0118603
0.011746
0.0116866
0.0115616
0.0114371
0.0113129
0.0111891
0.0110657
0.0109937
0.0108588
0.0107243
0.0105902
0.0104565
0.0103233
0.0102391
0.0100935
0.00994818
0.0098033
0.00965884
0.00951478
0.0094191
0.0092617
0.0091047
0.00894811
0.00879194
0.00863618
0.00852948
0.00835935
0.00818964
0.00802034
0.00785146
0.00768299
0.00756585
0.00738192
0.00719841
0.00701531
0.00683264
0.00665039
0.00652346
0.00632455
0.00612607
0.00592801
0.00573039
0.00553319
0.00539717
0.00518202
0.00496731
0.00475303
0.00453919
0.00432578
0.00418148
0.00394871
0.00371639
0.00348451
0.00325308
0.00302209
0.00287043
0.00261854
0.00236711
0.00211615
0.00186564
0.00161558
0.00145767
0.00118501
0.000912845
0.000641162
0.000369951
9.92017e-05
-6.38931e-05
-0.000359089
-0.000653765
-0.000947934
-0.00124161
-0.00153481
-0.00170156
-0.00202124
-0.00234038
-0.00265898
-0.00297707
-0.00329466
-0.00346347
-0.00380981
-0.00415556
-0.00450073
-0.00484535
-0.00518942
-0.00535842
-0.00573378
-0.00610848
-0.00648256
-0.00685603
-0.00722891
-0.00739589
-0.00780286
-0.00820911
-0.00861465
-0.00901952
-0.00942375
-0.00958631
-0.0100278
-0.0104684
-0.0109082
-0.0113473
-0.0117856
-0.0119408
-0.0124199
-0.012898
-0.0133753
-0.0138517
-0.0143272
-0.0144714
-0.0149917
-0.0155108
-0.0160289
-0.016546
-0.0170621
-0.0171924
-0.0177576
-0.0183215
-0.0188842
-0.0194457
-0.0200061
-0.0201169
-0.0207314
-0.0213443
-0.0219558
-0.0225659
-0.0231747
-0.0232616
-0.02393
-0.0245967
-0.0252616
-0.0259249
-0.0265866
-0.0266437
-0.0273714
-0.0280969
-0.0288204
-0.0295419
-0.0302616
-0.0302821
-0.0310748
-0.031865
-0.0326527
-0.033438
-0.0342211
-0.0341972
-0.0350615
-0.0359226
-0.0367808
-0.0376362
-0.0384888
-0.038414
-0.0393567
-0.0402957
-0.0412312
-0.0421632
-0.043092
-0.0429537
-0.043983
-0.0450079
-0.0460284
-0.0470449
-0.0480574
-0.0478475
-0.048972
-0.0500912
-0.0512052
-0.0523143
-0.0534185
-0.0531232
-0.0543527
-0.0555758
-0.0567928
-0.0580037
-0.0592088
-0.0588162
-0.0601615
-0.061499
-0.0628291
-0.0641519
-0.0654678
-0.0649671
-0.0664392
-0.0679022
-0.0693562
-0.0708016
-0.0722386
-0.0716117
-0.0732242
-0.0748257
-0.0764165
-0.0779967
-0.0795669
-0.0787971
-0.0805646
-0.0823188
-0.0840599
-0.0857884
-0.0875046
-0.0865844
-0.0885218
-0.090443
-0.0923486
-0.0942389
-0.0961144
-0.095029
-0.0971521
-0.099256
-0.101341
-0.103408
-0.105458
-0.104193
-0.106522
-0.108827
-0.111109
-0.11337
-0.115609
-0.114165
-0.116717
-0.119241
-0.121737
-0.124207
-0.126651
-0.125027
-0.127822
-0.130584
-0.133313
-0.13601
-0.138675
-0.13688
-0.139942
-0.142962
-0.145943
-0.148884
-0.151788
-0.149856
-0.153205
-0.156504
-0.159754
-0.162957
-0.166113
-0.164073
-0.167735
-0.171334
-0.174874
-0.178356
-0.18178
-0.179753
-0.183744
-0.18766
-0.191502
-0.195272
-0.198973
-0.197034
-0.201382
-0.205635
-0.209797
-0.213869
-0.217855
-0.216297
-0.221015
-0.225615
-0.2301
-0.234472
-0.238737
-0.237648
-0.242757
-0.247717
-0.252531
-0.257204
-0.261741
)
;

boundaryField
{
    inlet
    {
        type            zeroGradient;
    }
    outlet
    {
        type            fixedValue;
        value           nonuniform 0();
    }
    cylinder
    {
        type            zeroGradient;
    }
    top
    {
        type            symmetryPlane;
    }
    bottom
    {
        type            symmetryPlane;
    }
    frontAndBack
    {
        type            empty;
    }
    procBoundary2to1
    {
        type            processor;
        value           nonuniform List<scalar> 
205
(
-0.101671
-0.101671
-0.106336
-0.125863
-0.106336
-0.110663
-0.125863
-0.131568
-0.131568
-0.137877
-0.137877
-0.144867
-0.144867
-0.152636
-0.152636
-0.161276
-0.161276
-0.170871
-0.170871
-0.181475
-0.181475
-0.193053
-0.193053
-0.205388
-0.205388
-0.21793
-0.21793
-0.229616
-0.229616
-0.207972
-0.215945
-0.215945
-0.219016
-0.219016
-0.194761
-0.189311
-0.189311
-0.174301
-0.174301
-0.147953
-0.121444
-0.0942695
-0.1214
-0.147944
-0.147944
-0.16407
-0.16407
-0.171201
-0.195793
-0.195793
-0.194915
-0.194915
-0.189423
-0.189423
-0.181526
-0.202456
-0.202456
-0.192526
-0.192526
-0.182699
-0.182699
-0.173478
-0.173478
-0.165057
-0.165057
-0.157463
-0.157463
-0.150645
-0.150645
-0.144521
-0.144521
-0.139004
-0.139004
-0.134
-0.134
-0.129438
-0.129438
-0.11475
-0.111274
-0.111274
-0.107362
-0.107362
-0.0936907
-0.0874557
-0.0807607
-0.0750597
-0.0695575
-0.0645586
-0.0598742
-0.0555223
-0.0514475
-0.0476239
-0.0440231
-0.0406206
-0.0373959
-0.0343318
-0.031413
-0.0286268
-0.0259633
-0.0234136
-0.020971
-0.0186296
-0.0163848
-0.0142327
-0.0121702
-0.0101944
-0.00830331
-0.00649476
-0.00476705
-0.00311856
-0.00154764
-5.27694e-05
0.00136759
0.002715
0.00399108
0.00519749
0.00633597
0.00740834
0.0084164
0.00936213
0.0102474
0.0110744
0.011845
0.0125613
0.0132254
0.0138395
0.0144054
0.0149255
0.0154015
0.0158356
0.0158356
0.0163262
0.016675
0.0169878
0.0172662
0.0175115
0.0177248
0.0179073
0.0180593
0.0181816
0.0182735
0.0183359
0.018365
0.0177174
0.0176944
0.0176431
0.0175678
0.0174669
0.0172728
0.0172728
0.0171183
0.0169375
0.0167292
0.0164924
0.0162258
0.0159278
0.0155968
0.015231
0.0148284
0.014387
0.0139046
0.0133789
0.0128074
0.0121876
0.0115169
0.0107926
0.0100116
0.00917121
0.00826819
0.00729942
0.00626162
0.00515142
0.00360459
0.00360459
0.00230798
0.000925192
-0.00054789
-0.00211544
-0.00378183
-0.0055514
-0.00742877
-0.00941856
-0.0115255
-0.0137544
-0.0161101
-0.0185975
-0.0212219
-0.0239885
-0.0269028
-0.0299704
-0.0331971
-0.0365896
-0.0401546
-0.0438998
-0.047833
-0.0519655
-0.0563051
-0.0608674
-0.0656563
-0.0707152
-0.075978
-0.0816657
-0.0873232
-0.0939488
-0.0996196
)
;
    }
    procBoundary2to3
    {
        type            processor;
        value           nonuniform List<scalar> 
173
(
-0.522788
-0.514373
-0.507978
-0.507712
-0.507712
-0.500159
-0.497595
-0.497595
-0.487688
-0.47632
-0.466387
-0.466387
-0.450839
-0.433985
-0.416233
-0.397086
-0.397086
-0.378169
-0.359627
-0.338917
-0.338917
-0.32132
-0.304526
-0.288531
-0.269578
-0.269578
-0.287511
-0.364203
-0.344965
-0.326473
-0.287511
-0.308736
-0.448787
-0.428301
-0.40782
-0.364203
-0.387646
-0.505107
-0.488136
-0.448787
-0.469789
-0.541594
-0.53076
-0.505107
-0.518214
-0.554389
-0.541594
-0.546573
-0.570574
-0.56251
-0.554389
-0.556331
-0.250345
-0.229601
-0.210778
-0.193749
-0.17823
-0.164048
-0.151038
-0.139071
-0.128036
-0.117833
-0.108383
-0.0996127
-0.0914608
-0.0838719
-0.0767987
-0.0701978
-0.0640319
-0.0582685
-0.0582685
-0.0541069
-0.0489599
-0.0441425
-0.0396333
-0.0354116
-0.031459
-0.0277587
-0.0242951
-0.0210536
-0.0180214
-0.0151856
-0.012535
-0.0100587
-0.00774667
-0.00558943
-0.00357811
-0.00170443
3.94893e-05
0.00166097
0.00316693
0.00456408
0.0058583
0.00705558
0.00816141
0.0091809
0.010119
0.0109802
0.0117689
0.012489
0.0131444
0.0137385
0.0142744
0.0147551
0.0151831
0.0155607
0.0158897
0.0161717
0.0164076
0.0165982
0.0167432
0.0168421
0.0168934
0.016138
0.0160925
0.0160046
0.0158762
0.0157073
0.0154986
0.0152494
0.014959
0.0146263
0.0142496
0.0138272
0.0133568
0.012836
0.0122621
0.0116321
0.0109427
0.0101904
0.00937114
0.00848084
0.00751495
0.00646857
0.00533642
0.0041128
0.00279154
0.00136597
-0.000171096
-0.00182754
-0.00361176
-0.00553299
-0.00760124
-0.00982737
-0.0122233
-0.014802
-0.0175774
-0.0205654
-0.0237823
-0.0272469
-0.0309794
-0.035002
-0.0393388
-0.0440176
-0.049066
-0.0545182
-0.0604083
-0.0667768
-0.0736674
-0.0811271
-0.0892088
-0.0979755
-0.10749
-0.117827
-0.12907
-0.141311
-0.154655
-0.169225
-0.18515
-0.202606
-0.221757
-0.242897
-0.266145
)
;
    }
}


// ************************************************************************* //
