/*--------------------------------*- C++ -*----------------------------------*\
  =========                 |
  \\      /  F ield         | OpenFOAM: The Open Source CFD Toolbox
   \\    /   O peration     | Website:  https://openfoam.org
    \\  /    A nd           | Version:  7
     \\/     M anipulation  |
\*---------------------------------------------------------------------------*/
FoamFile
{
    version     2.0;
    format      ascii;
    class       volScalarField;
    location    "140";
    object      p;
}
// * * * * * * * * * * * * * * * * * * * * * * * * * * * * * * * * * * * * * //

dimensions      [0 2 -2 0 0 0 0];

internalField   nonuniform List<scalar> 
4575
(
-0.0587404
-0.0621291
-0.050105
-0.0785748
-0.0652705
-0.0529744
-0.0412879
-0.0829096
-0.0684711
-0.0555684
-0.0436292
-0.0322968
-0.087759
-0.0721528
-0.0581452
-0.0456659
-0.0341017
-0.02314
-0.0931922
-0.0762989
-0.0611591
-0.0476069
-0.0355726
-0.0244012
-0.0138265
-0.0992988
-0.0809709
-0.0645865
-0.0499397
-0.0368672
-0.0252989
-0.014538
-0.00436605
-0.106162
-0.0862544
-0.0684807
-0.0526342
-0.0385068
-0.0259378
-0.0148563
-0.00452336
0.00522997
-0.113859
-0.0922297
-0.0729237
-0.0557356
-0.0404554
-0.0268733
-0.0148313
-0.00425701
0.00563017
0.0149486
-0.122435
-0.0989723
-0.0779929
-0.0593224
-0.0427503
-0.0280641
-0.0150525
-0.0035611
0.00648551
0.0159087
0.0247747
-0.131852
-0.10653
-0.0837628
-0.0634696
-0.0454669
-0.0295402
-0.0154748
-0.00305885
0.00785861
0.0173572
0.0262972
0.0346906
-0.141906
-0.114873
-0.0902834
-0.068251
-0.0486785
-0.0313745
-0.0161212
-0.00270259
0.00909325
0.0194133
0.0283432
0.036779
0.0446758
-0.152089
-0.123814
-0.0975339
-0.0737189
-0.0524582
-0.0336389
-0.0170629
-0.00250984
0.0102371
0.021389
0.031088
0.0394285
0.0473364
0.0547047
-0.161434
-0.13287
-0.10534
-0.0798601
-0.0568606
-0.0364063
-0.018371
-0.00255052
0.0112771
0.0233289
0.0338135
0.0428681
0.050598
0.0579494
0.0647433
-0.14111
-0.113248
-0.0865158
-0.0618795
-0.0397333
-0.0201182
-0.00289562
0.0121437
0.0252224
0.036557
0.0463525
0.0547396
0.0618375
0.0685973
0.0747513
-0.147011
-0.120361
-0.0932576
-0.0673714
-0.0436207
-0.0223632
-0.00361756
0.0127658
0.0270002
0.0393086
0.049906
0.0589919
0.0666894
0.0731352
0.0792641
0.0846962
-0.148456
-0.125199
-0.0992265
-0.0729337
-0.0479395
-0.025113
-0.00477681
0.0130713
0.028591
0.0419989
0.0535178
0.0633606
0.0717181
0.078705
0.0844836
0.0899458
0.0945493
-0.125676
-0.102985
-0.0777449
-0.0523128
-0.0282531
-0.00638666
0.0129981
0.0299231
0.0445572
0.0571194
0.0678321
0.0769053
0.0845179
0.0907767
0.095884
0.100638
0.10421
-0.119418
-0.102487
-0.0804133
-0.055957
-0.0314318
-0.0083462
0.0125274
0.0309334
0.0469121
0.0606407
0.0723404
0.082233
0.0905247
0.0973795
0.102904
0.107355
0.111303
0.113416
-0.104522
-0.0953847
-0.0789354
-0.0575282
-0.033904
-0.0103287
0.0117466
0.0315975
0.0489999
0.0640116
0.0768171
0.0876398
0.0967009
0.104202
0.110294
0.115102
0.118936
0.121901
0.121939
-0.0797463
-0.070998
-0.0550702
-0.0343753
-0.0116281
0.0109578
0.0319901
0.0507913
0.0671681
0.0811943
0.0930615
0.102995
0.111215
0.117919
0.123251
0.12738
0.130638
0.132466
0.13041
-0.0546498
-0.0546495
-0.0463094
-0.0309404
-0.0110006
0.0108282
0.0323887
0.0523482
0.070076
0.0854077
0.0984325
0.109348
0.118381
0.125752
0.131654
0.136234
0.139711
0.142358
0.142946
0.141444
-0.0287734
-0.0292818
-0.0213699
-0.00659518
0.0125493
0.0334215
0.0539241
0.0727847
0.0894181
0.103688
0.115697
0.12565
0.133773
0.140288
0.145384
0.149214
0.152027
0.154014
0.153888
0.153088
-0.00267537
-0.00369732
0.00376729
0.0179148
0.0362269
0.0561083
0.0755241
0.0932629
0.108784
0.121978
0.132961
0.141941
0.149147
0.154799
0.159085
0.162165
0.164294
0.165601
0.164903
0.164178
0.023588
0.0220496
0.0290488
0.0425386
0.0599848
0.0788445
0.0971482
0.113746
0.12814
0.140246
0.150193
0.158193
0.164476
0.16926
0.172733
0.17506
0.176493
0.177126
0.175898
0.174958
0.0499604
0.0479041
0.0544208
0.067225
0.083775
0.101586
0.118756
0.134196
0.147451
0.15846
0.167365
0.17438
0.179736
0.183648
0.186306
0.187875
0.188602
0.188563
0.186799
0.185508
0.0763852
0.0738106
0.0798293
0.0919225
0.107549
0.124288
0.140307
0.154576
0.166683
0.17659
0.184447
0.190473
0.194899
0.197939
0.199778
0.200586
0.200602
0.199889
0.197572
0.195848
0.102806
0.0997135
0.10522
0.11658
0.13126
0.146907
0.16176
0.174849
0.185802
0.194602
0.20141
0.206447
0.209941
0.212107
0.213128
0.213172
0.212474
0.211084
0.208198
0.205994
0.129164
0.125557
0.130539
0.141145
0.154859
0.169398
0.183074
0.194978
0.204773
0.212466
0.218225
0.222272
0.224837
0.226129
0.226332
0.225613
0.224198
0.22213
0.218664
0.215949
0.155405
0.151285
0.155731
0.165567
0.178299
0.191718
0.204211
0.214925
0.223564
0.230151
0.234862
0.237923
0.239561
0.239983
0.239371
0.237888
0.235757
0.23301
0.228957
0.225713
0.181471
0.176842
0.180743
0.189795
0.201532
0.213823
0.225128
0.234654
0.242138
0.247624
0.251293
0.253373
0.254089
0.253646
0.252221
0.24998
0.247133
0.24371
0.239067
0.235281
0.207306
0.202172
0.205522
0.213779
0.224511
0.23567
0.245788
0.254128
0.260464
0.264855
0.26749
0.268596
0.268396
0.267094
0.264864
0.261867
0.25831
0.254213
0.248984
0.232853
0.227221
0.230014
0.237468
0.24719
0.257215
0.266149
0.273312
0.278508
0.281813
0.283423
0.283564
0.282458
0.280305
0.277277
0.273533
0.269272
0.264507
0.258695
0.258058
0.251934
0.254167
0.260813
0.269523
0.278417
0.286175
0.292169
0.296237
0.298469
0.299065
0.298253
0.296252
0.293259
0.289443
0.284959
0.280001
0.274577
0.268188
0.282867
0.276258
0.277929
0.283765
0.291465
0.299234
0.305826
0.310665
0.313618
0.314792
0.314389
0.312638
0.309754
0.305933
0.30134
0.296128
0.290482
0.284408
0.307224
0.300139
0.30125
0.306276
0.312972
0.319626
0.325065
0.328765
0.330621
0.330753
0.329368
0.326693
0.322942
0.318306
0.31295
0.307022
0.3007
0.293989
0.331078
0.323527
0.324079
0.3283
0.333999
0.339552
0.343855
0.346435
0.347214
0.346323
0.343975
0.340394
0.335792
0.330359
0.324253
0.317623
0.310639
0.303303
0.354377
0.34637
0.346368
0.349791
0.354505
0.358973
0.362161
0.363642
0.363366
0.361475
0.358184
0.353717
0.348284
0.34207
0.335233
0.327916
0.320284
0.312338
0.37707
0.368618
0.368068
0.370704
0.374448
0.377851
0.379947
0.380355
0.379049
0.376181
0.37197
0.366639
0.360395
0.35342
0.345869
0.337884
0.329619
0.399108
0.390223
0.389135
0.390995
0.393788
0.396149
0.397179
0.396541
0.394232
0.390415
0.385309
0.379138
0.372105
0.364391
0.356146
0.34751
0.338632
0.420444
0.411139
0.409522
0.410621
0.412485
0.413831
0.413825
0.41217
0.408888
0.40415
0.398177
0.391191
0.383394
0.374963
0.366046
0.356779
0.347306
0.44103
0.431319
0.429186
0.429543
0.430503
0.430863
0.429851
0.427213
0.42299
0.417361
0.41055
0.402777
0.394242
0.385118
0.375552
0.365676
0.355628
0.460822
0.450719
0.448084
0.447721
0.447803
0.447209
0.445228
0.441641
0.436511
0.430024
0.422406
0.413875
0.404629
0.394838
0.384647
0.374186
0.479776
0.469298
0.466177
0.465116
0.464351
0.462839
0.459924
0.455427
0.449426
0.442116
0.433724
0.424466
0.414538
0.404108
0.393318
0.382294
0.497852
0.487014
0.483425
0.481692
0.480114
0.477721
0.473913
0.468544
0.461711
0.453614
0.444482
0.43453
0.423951
0.41291
0.401548
0.389988
0.51501
0.503829
0.49979
0.497414
0.495058
0.491825
0.487166
0.480967
0.473342
0.464497
0.454662
0.44405
0.432851
0.42123
0.409323
0.397253
0.531211
0.519705
0.515238
0.51225
0.509154
0.505123
0.499657
0.492672
0.484298
0.474745
0.464243
0.453006
0.441222
0.429051
0.41663
0.404078
0.546421
0.534608
0.529736
0.526167
0.522373
0.517589
0.511362
0.503637
0.494556
0.484337
0.473209
0.461384
0.449048
0.436361
0.423456
0.560605
0.548505
0.54325
0.539136
0.534686
0.529196
0.522257
0.51384
0.504099
0.493257
0.481542
0.469168
0.456316
0.443146
0.429788
0.573731
0.561364
0.555753
0.551129
0.546069
0.539923
0.532322
0.523261
0.512907
0.501485
0.489227
0.476342
0.463012
0.449393
0.435615
0.585771
0.573156
0.567215
0.562121
0.556497
0.549745
0.541534
0.531881
0.520962
0.509008
0.496249
0.482893
0.469122
0.45509
0.440926
0.596696
0.583855
0.577612
0.572088
0.565948
0.558644
0.549876
0.539683
0.528249
0.515809
0.502593
0.488809
0.474637
0.460228
0.445711
0.606482
0.593436
0.58692
0.581007
0.574403
0.5666
0.557331
0.54665
0.534753
0.521875
0.508248
0.494078
0.479544
0.464796
0.449961
0.615107
0.601877
0.595117
0.58886
0.581842
0.573597
0.563883
0.55277
0.540461
0.527194
0.513202
0.498689
0.483833
0.468785
0.453668
0.622549
0.609158
0.602185
0.595627
0.588249
0.579619
0.569517
0.558028
0.54536
0.531755
0.517444
0.502633
0.487497
0.472187
0.456824
0.62879
0.61526
0.608107
0.601293
0.59361
0.584653
0.574221
0.562413
0.54944
0.535548
0.520967
0.505902
0.490528
0.474994
0.459423
0.633816
0.62017
0.612869
0.605844
0.597911
0.588686
0.577985
0.565915
0.552693
0.538564
0.523761
0.508487
0.492918
0.477201
0.461459
0.637612
0.623874
0.616456
0.60927
0.601143
0.59171
0.5808
0.568525
0.555109
0.540797
0.525821
0.510384
0.494663
0.478803
0.462927
0.640168
0.626361
0.618861
0.61156
0.603296
0.593717
0.582658
0.570238
0.556683
0.54224
0.52714
0.511588
0.495757
0.479795
0.641476
0.627623
0.620075
0.612707
0.604364
0.594699
0.583553
0.571048
0.557411
0.542889
0.527715
0.512093
0.496197
0.480174
0.64153
0.627654
0.620092
0.612707
0.604342
0.594653
0.583481
0.57095
0.557287
0.542741
0.527543
0.511898
0.495981
0.479937
0.640327
0.626452
0.61891
0.611556
0.603228
0.593576
0.582441
0.569944
0.556312
0.541794
0.526622
0.511002
0.495107
0.479084
0.637866
0.624016
0.616527
0.609253
0.60102
0.591468
0.580431
0.568027
0.554483
0.540047
0.524952
0.509403
0.493575
0.477614
0.634148
0.620347
0.612946
0.605801
0.59772
0.58833
0.577453
0.565203
0.551803
0.537502
0.522534
0.507103
0.491385
0.475528
0.629178
0.61545
0.60817
0.601202
0.593332
0.584165
0.573509
0.561472
0.548274
0.534162
0.519369
0.504103
0.48854
0.472828
0.457091
0.622963
0.60933
0.602205
0.595463
0.587861
0.578978
0.568605
0.55684
0.543899
0.530028
0.515462
0.500408
0.485043
0.469516
0.453953
0.615512
0.601998
0.595061
0.588591
0.581314
0.572775
0.562746
0.551312
0.538684
0.525108
0.510817
0.496021
0.480897
0.465596
0.450245
0.606836
0.593464
0.586748
0.580598
0.573701
0.565567
0.555941
0.544896
0.532637
0.519406
0.50544
0.490947
0.476108
0.461074
0.445972
0.59695
0.583742
0.577279
0.571494
0.565033
0.557362
0.548199
0.5376
0.525764
0.512931
0.499338
0.485194
0.470681
0.455953
0.441138
0.585871
0.572849
0.56667
0.561295
0.555323
0.548174
0.539532
0.529436
0.518077
0.505692
0.492519
0.478769
0.464625
0.450242
0.43575
0.573617
0.560803
0.554938
0.550017
0.544587
0.538016
0.529952
0.520415
0.509585
0.497699
0.484993
0.471681
0.457946
0.443948
0.429816
0.560209
0.547626
0.542103
0.537679
0.532842
0.526904
0.519475
0.51055
0.500302
0.488964
0.476771
0.463939
0.450655
0.437079
0.423342
0.545672
0.533339
0.528188
0.524301
0.520107
0.514856
0.508116
0.499857
0.490242
0.479498
0.467864
0.455556
0.442762
0.429644
0.416338
0.530031
0.517969
0.513216
0.509905
0.506403
0.501891
0.495893
0.488353
0.479419
0.469318
0.458286
0.446542
0.434277
0.421655
0.408813
0.513314
0.501543
0.497215
0.494517
0.491752
0.488029
0.482825
0.476054
0.46785
0.458437
0.44805
0.436911
0.425213
0.413122
0.400777
0.495552
0.484091
0.480211
0.478163
0.476179
0.473295
0.468934
0.46298
0.455553
0.446872
0.437173
0.426678
0.415583
0.404058
0.392243
0.380263
0.476777
0.465645
0.462237
0.460872
0.45971
0.457711
0.454241
0.449151
0.442548
0.434641
0.425669
0.415856
0.405401
0.394474
0.38322
0.371767
0.457024
0.446238
0.443323
0.442672
0.442374
0.441303
0.43877
0.434591
0.428853
0.421763
0.413557
0.404463
0.394681
0.384385
0.373723
0.362825
0.436329
0.425907
0.423504
0.423598
0.424199
0.4241
0.422547
0.419321
0.414491
0.408257
0.400855
0.392514
0.383439
0.373806
0.363764
0.353449
0.414731
0.404689
0.402817
0.403681
0.405217
0.406128
0.405598
0.403366
0.399483
0.394143
0.387582
0.380029
0.371692
0.362751
0.353358
0.343651
0.39227
0.382623
0.381299
0.382959
0.385461
0.387419
0.38795
0.386751
0.383855
0.379445
0.373758
0.367024
0.359456
0.351236
0.342519
0.333445
0.324169
0.368989
0.359752
0.35899
0.361466
0.364965
0.368004
0.369632
0.369504
0.367629
0.364185
0.359404
0.353521
0.34675
0.339278
0.331262
0.322846
0.31419
0.34493
0.336117
0.33593
0.339243
0.343764
0.347916
0.350675
0.351653
0.350833
0.348385
0.344542
0.339539
0.333592
0.326893
0.319602
0.311867
0.303854
0.32014
0.311765
0.312163
0.31633
0.321895
0.327188
0.331111
0.333225
0.333492
0.332072
0.329195
0.325098
0.320002
0.314101
0.307558
0.300524
0.293173
0.294666
0.28674
0.287733
0.292767
0.299398
0.305857
0.31097
0.314251
0.315635
0.31527
0.313386
0.310221
0.305999
0.300918
0.295144
0.288831
0.282162
0.27513
0.268557
0.261091
0.262685
0.268597
0.276311
0.283958
0.290288
0.294762
0.297289
0.298006
0.297139
0.29493
0.291605
0.287364
0.282378
0.276805
0.270835
0.264461
0.241861
0.234866
0.237067
0.243865
0.252675
0.261529
0.269098
0.274789
0.278484
0.280306
0.28048
0.279248
0.276839
0.273458
0.269279
0.264463
0.259207
0.253506
0.214631
0.208116
0.210927
0.218616
0.228532
0.238608
0.247435
0.254366
0.259249
0.262199
0.263434
0.263198
0.261725
0.259221
0.255865
0.25182
0.247292
0.24228
0.236209
0.186918
0.180893
0.184313
0.192895
0.203925
0.215236
0.225337
0.233525
0.239617
0.243712
0.246026
0.246805
0.246283
0.244672
0.242153
0.238893
0.235106
0.230795
0.225334
0.158776
0.153248
0.157277
0.166751
0.178897
0.191452
0.20284
0.2123
0.219617
0.224875
0.228285
0.230093
0.230537
0.229833
0.228164
0.2257
0.222665
0.219066
0.214224
0.13026
0.125234
0.12987
0.140232
0.153494
0.167297
0.179981
0.190726
0.199282
0.205717
0.210236
0.213087
0.21451
0.214724
0.213916
0.212259
0.209984
0.207105
0.20289
0.199661
0.101424
0.0969073
0.102144
0.113387
0.127761
0.142813
0.1568
0.168839
0.178645
0.186268
0.191908
0.195813
0.198226
0.199368
0.199429
0.198587
0.19708
0.194928
0.191344
0.188702
0.0723242
0.0683213
0.0741517
0.0862655
0.101745
0.118043
0.133336
0.146675
0.157739
0.166558
0.173329
0.178297
0.181708
0.183786
0.184725
0.184703
0.183968
0.182548
0.179597
0.177531
0.0430173
0.0395319
0.045947
0.0589181
0.0754911
0.0930305
0.109627
0.124269
0.136596
0.14662
0.154528
0.160566
0.164981
0.168001
0.169823
0.170626
0.170666
0.169981
0.16766
0.166156
0.0135602
0.0105949
0.0175838
0.0313958
0.0490478
0.0678181
0.0857138
0.101659
0.115252
0.126483
0.135533
0.142646
0.14807
0.152037
0.154745
0.156375
0.157191
0.157241
0.155545
0.154581
-0.0159899
-0.0184332
-0.0108834
0.00375022
0.0224627
0.0424501
0.0616371
0.078882
0.0937395
0.10618
0.116374
0.124564
0.131
0.135916
0.139513
0.141971
0.143562
0.144346
0.143263
0.142805
-0.0455756
-0.047496
-0.0393999
-0.023967
-0.0042161
0.0169709
0.0374374
0.0559747
0.0720938
0.0857418
0.0970799
0.106348
0.113797
0.119664
0.124149
0.127435
0.129798
0.131315
0.130831
0.130824
-0.0751391
-0.076537
-0.0679108
-0.0517038
-0.0309403
-0.00857513
0.0131555
0.0329749
0.0503493
0.0652009
0.0776807
0.0880254
0.096487
0.103303
0.108677
0.112788
0.115919
0.11817
0.118269
0.118627
-0.104623
-0.1055
-0.0963612
-0.0794083
-0.0576615
-0.0341433
-0.0111678
0.00992029
0.0285405
0.0445893
0.058206
0.0696239
0.0790951
0.0868591
0.093121
0.0980534
0.101944
0.104936
0.105618
0.106193
-0.13397
-0.134328
-0.124696
-0.107028
-0.0843311
-0.0596889
-0.0354914
-0.0131517
0.00670201
0.0239389
0.0386855
0.0511712
0.061648
0.0703568
0.077505
0.0832573
0.0878934
0.0916376
0.0929669
0.0934422
-0.163122
-0.162967
-0.152862
-0.134512
-0.110901
-0.0851675
-0.0597745
-0.0362034
-0.0151317
0.00328141
0.0191488
0.0326951
0.0441716
0.053821
0.0618538
0.0684268
0.0737883
0.0782645
0.0804235
0.0800954
-0.19136
-0.180803
-0.161808
-0.137322
-0.110535
-0.0839764
-0.0591978
-0.0369263
-0.0173514
-0.000374897
0.0142227
0.0266919
0.0372763
0.0461915
0.0535911
0.0596623
0.0648063
0.0683995
0.0673763
-0.219455
-0.208467
-0.188865
-0.163548
-0.135746
-0.108057
-0.0820976
-0.0586478
-0.0379283
-0.0198564
-0.00421873
0.00923436
0.0207474
0.0305418
0.0387787
0.0455918
0.0513525
0.056221
0.0575933
-0.235801
-0.215633
-0.189531
-0.160758
-0.131975
-0.104866
-0.0802627
-0.0584182
-0.0392673
-0.0226029
-0.00817635
0.0042578
0.0149268
0.0240077
0.0316099
0.0380367
0.0439867
0.0477314
-0.242061
-0.215224
-0.185528
-0.155693
-0.127468
-0.101738
-0.078791
-0.0585796
-0.040904
-0.0255166
-0.0121707
-0.000634015
0.00928805
0.0177039
0.0248521
0.0316896
0.0370763
-0.268102
-0.240581
-0.210013
-0.17917
-0.149867
-0.123041
-0.0990168
-0.0777661
-0.0590971
-0.0427638
-0.0285181
-0.0161237
-0.00537163
0.00385534
0.0117494
0.0193765
0.0259194
-0.265556
-0.234171
-0.202369
-0.172028
-0.14414
-0.119066
-0.0968
-0.0771579
-0.0598963
-0.0447656
-0.0315267
-0.0199599
-0.00993807
-0.00129845
0.00707729
0.0145585
-0.257962
-0.225252
-0.193917
-0.165003
-0.138911
-0.115655
-0.0950629
-0.0768928
-0.0608948
-0.0468275
-0.0344638
-0.0236674
-0.0142962
-0.00521007
0.00309319
-0.247782
-0.2155
-0.185601
-0.158524
-0.134307
-0.112789
-0.0937328
-0.0768876
-0.0620106
-0.0488695
-0.0373205
-0.0272377
-0.017484
-0.00845185
-0.269923
-0.236745
-0.205904
-0.177878
-0.152731
-0.130314
-0.110396
-0.0927261
-0.0770603
-0.0631633
-0.0508845
-0.0401113
-0.0297281
-0.0200412
-0.257621
-0.225882
-0.196945
-0.170902
-0.147617
-0.126863
-0.108393
-0.0919608
-0.0773305
-0.0643453
-0.0529029
-0.0419206
-0.0316298
-0.245508
-0.215703
-0.188798
-0.164676
-0.143115
-0.12387
-0.106696
-0.091356
-0.0776881
-0.0655972
-0.0540407
-0.0431804
-0.234124
-0.206397
-0.181471
-0.159133
-0.13914
-0.12125
-0.105225
-0.0908973
-0.0781786
-0.0660694
-0.0546651
-0.223678
-0.197982
-0.174899
-0.154188
-0.135608
-0.118921
-0.103958
-0.0906317
-0.0779894
-0.0660619
-0.214191
-0.190395
-0.168995
-0.149753
-0.132431
-0.116855
-0.102942
-0.0897845
-0.0773515
-0.205606
-0.183548
-0.163671
-0.14574
-0.129575
-0.115094
-0.10144
-0.0885175
-0.197831
-0.177349
-0.158834
-0.142103
-0.127076
-0.112942
-0.0995459
-0.190772
-0.1717
-0.154429
-0.138876
-0.12428
-0.110425
-0.184327
-0.166539
-0.150482
-0.135441
-0.121144
-0.178423
-0.161884
-0.146417
-0.131694
-0.157198
-0.142066
-0.152254
0.123406
0.114898
0.105815
0.0970773
0.0880963
0.0788457
0.0695468
0.0602711
0.0510176
0.0418067
0.0326692
0.0236253
0.0146871
0.00586465
-0.00283267
-0.0113971
-0.0198222
-0.0281024
-0.0362328
-0.0442093
-0.0520281
0.112508
0.103706
0.0936966
0.0850061
0.076697
0.0681772
0.059627
0.0512158
0.042935
0.0347556
0.0266826
0.0187276
0.0108933
0.00317972
-0.00441223
-0.0118808
-0.0192243
-0.0264414
-0.0335308
-0.0404912
-0.0473215
0.100358
0.091876
0.0823371
0.0743721
0.0670633
0.0596048
0.0520686
0.0446595
0.0373956
0.0302311
0.023153
0.0161699
0.00928706
0.00250453
-0.00417745
-0.0107572
-0.0172326
-0.023602
-0.0298638
-0.0360164
-0.0420586
0.0886124
0.0808077
0.0722558
0.0651943
0.0587762
0.0522267
0.0455718
0.0390106
0.0325831
0.0262494
0.0199913
0.0138154
0.00772884
0.001733
-0.00417235
-0.00998654
-0.0157085
-0.0213373
-0.0268725
-0.0323138
-0.0376608
0.0784195
0.0714367
0.0639176
0.057689
0.0520165
0.046231
0.0403448
0.034533
0.0288404
0.0232358
0.0176997
0.0122356
0.00684963
0.00154312
-0.00368478
-0.00883448
-0.0139058
-0.0188986
-0.023813
-0.0286492
-0.0334076
0.06978
0.0635472
0.0569365
0.0514169
0.0463631
0.0412191
0.0359929
0.0308312
0.0257746
0.0207981
0.0158838
0.0110329
0.00624991
0.00153602
-0.00310987
-0.00768862
-0.0122006
-0.0166459
-0.0210252
-0.0253388
-0.0295872
0.0624121
0.0568304
0.0510164
0.0461256
0.0416179
0.0370383
0.0323962
0.0278115
0.0233179
0.0188949
0.0145269
0.0102138
0.00595903
0.00176323
-0.00237472
-0.00645588
-0.0104809
-0.0144501
-0.0183644
-0.0222241
-0.0260302
0.0561097
0.0511052
0.0459952
0.0416664
0.0376454
0.0335639
0.0294352
0.0253575
0.0213573
0.0174174
0.013525
0.0096796
0.00588366
0.00213757
-0.00155973
-0.00520927
-0.00881177
-0.0123678
-0.015878
-0.0193431
-0.0227637
0.0507363
0.0462507
0.0417591
0.0379267
0.0343363
0.0306929
0.0270141
0.0233805
0.0198122
0.0162948
0.0128179
0.00938098
0.00598577
0.00263246
-0.000679943
-0.00395242
-0.00718569
-0.0103804
-0.0135372
-0.0166567
-0.0197398
0.046172
0.0421512
0.0381985
0.0348
0.0315888
0.0283299
0.025045
0.0218
0.0186098
0.0154622
0.0123487
0.00926893
0.00622421
0.00321452
0.000238953
-0.00270338
-0.00561318
-0.00849104
-0.0113376
-0.0141535
-0.0169394
0.0423036
0.0386968
0.0352121
0.0321923
0.0293147
0.026394
0.0234545
0.02055
0.0176914
0.0148682
0.0120735
0.00930711
0.00657
0.00386204
0.00118242
-0.00146967
-0.00409484
-0.00669367
-0.00926673
-0.0118146
-0.014338
0.0390305
0.0357915
0.032713
0.030024
0.0274405
0.0248176
0.0221815
0.0195761
0.0170089
0.0144708
0.0119565
0.00946583
0.00699946
0.00455724
0.00213844
-0.000257616
-0.0026315
-0.00498372
-0.0073148
-0.00962526
-0.0119157
0.0362663
0.0333541
0.0306283
0.0282285
0.0259047
0.0235447
0.0211756
0.0188334
0.0165228
0.0142361
0.011969
0.00972155
0.0074942
0.00528678
0.00309865
0.00092923
-0.00122198
-0.00335542
-0.00547155
-0.00757084
-0.00965375
0.0339379
0.0313159
0.0288967
0.0267502
0.0246559
0.0225283
0.0203947
0.0182845
0.0162005
0.014136
0.0120875
0.0100552
0.00803944
0.0060401
0.00405658
0.00208838
0.000135085
-0.0018037
-0.00372838
-0.00563936
-0.00753705
0.0319825
0.0296186
0.0274663
0.0255419
0.0236509
0.0217291
0.0198036
0.0178986
0.0160151
0.0141473
0.0122927
0.0104513
0.00862352
0.00680915
0.00500772
0.00321878
0.00144199
-0.000322977
-0.00207648
-0.00381886
-0.00555046
0.0303469
0.0282124
0.0262929
0.0245637
0.0228532
0.021114
0.019373
0.0176498
0.0159442
0.0142512
0.0125689
0.0108974
0.009237
0.00758756
0.00594863
0.00431986
0.00270095
0.00109163
-0.000508399
-0.00209943
-0.00368177
0.0289855
0.0270554
0.0253392
0.0237819
0.0222319
0.0206553
0.0190781
0.0175163
0.015969
0.0144317
0.012903
0.0113831
0.00987222
0.00837022
0.00687672
0.00539145
0.00391415
0.00244459
0.000982523
-0.000472303
-0.00192014
0.0278593
0.0261115
0.0245734
0.023168
0.021761
0.0203294
0.018898
0.01748
0.0160739
0.0146756
0.0132842
0.0118999
0.0105229
0.00915306
0.00779007
0.0064337
0.00508375
0.00374001
0.00240228
0.00107036
-0.000255968
0.0269353
0.0253503
0.0239686
0.0226975
0.0214182
0.0201162
0.018815
0.0175254
0.0162455
0.0149717
0.0137033
0.0124406
0.0111838
0.00993272
0.00868713
0.00744684
0.00621168
0.00498148
0.00375609
0.00253532
0.00131901
0.0261849
0.0247457
0.0235015
0.0223497
0.0211848
0.0199989
0.0188141
0.0176394
0.0164725
0.0153104
0.0141525
0.0129992
0.0118505
0.0107064
0.00956669
0.00843118
0.00729974
0.00617224
0.00504856
0.00392854
0.00281205
0.0255838
0.0242752
0.0231525
0.0221066
0.0210444
0.0199626
0.0188823
0.0178107
0.0167454
0.0156837
0.0146252
0.0135704
0.0125192
0.0114717
0.0104276
0.00938688
0.00834934
0.00731491
0.00628348
0.00525494
0.00422916
0.025111
0.0239196
0.0229043
0.021953
0.020983
0.0199949
0.0190084
0.0180294
0.0170556
0.0160844
0.0151156
0.0141497
0.0131867
0.0122266
0.0112691
0.0103142
0.00936182
0.00841189
0.0074643
0.00651897
0.00557579
0.0247481
0.0236623
0.0227421
0.0218753
0.0209884
0.0200848
0.0191827
0.0182873
0.0173958
0.0165064
0.0156188
0.0147333
0.0138501
0.0129691
0.0120901
0.0112132
0.0103382
0.00946513
0.00859385
0.00772432
0.00685646
0.0244795
0.0234888
0.0226532
0.021862
0.02105
0.0202227
0.0193969
0.0185767
0.0177598
0.0169443
0.0161301
0.0153175
0.0145067
0.0136975
0.01289
0.0120839
0.0112794
0.0104763
0.00967458
0.0088742
0.00807511
0.0242913
0.0233864
0.0226262
0.0219029
0.0211587
0.0204003
0.0196434
0.0188914
0.0181419
0.0173934
0.0166458
0.0158994
0.0151543
0.0144105
0.0136679
0.0129264
0.012186
0.0114468
0.0107086
0.00997138
0.00923515
0.0241715
0.0233443
0.0226512
0.021989
0.0213061
0.0206102
0.0199157
0.0192254
0.0185372
0.0178495
0.0171623
0.0164761
0.0157908
0.0151065
0.014423
0.0137404
0.0130587
0.0123777
0.0116975
0.0110181
0.0103394
0.0241095
0.0233526
0.0227197
0.0221124
0.0214852
0.020846
0.020208
0.0195738
0.0189411
0.0183087
0.0176766
0.0170451
0.0164144
0.0157843
0.0151548
0.014526
0.0138977
0.0132701
0.012643
0.0120164
0.0113904
0.024096
0.0234028
0.0228239
0.0222663
0.0216896
0.0211019
0.0205153
0.0199319
0.0193498
0.0187677
0.0181858
0.0176043
0.0170232
0.0164426
0.0158625
0.0152828
0.0147035
0.0141246
0.0135462
0.0129681
0.0123904
0.0241228
0.0234876
0.0229571
0.0224444
0.0219136
0.0213728
0.020833
0.0202959
0.0197598
0.0192236
0.0186874
0.0181515
0.0176158
0.0170805
0.0165455
0.0160107
0.0154763
0.0149421
0.0144082
0.0138746
0.0133413
0.0241827
0.0236002
0.0231133
0.0226412
0.0221523
0.0216542
0.021157
0.0206621
0.020168
0.0196737
0.0191793
0.018685
0.0181909
0.017697
0.0172032
0.0167097
0.0162163
0.0157231
0.0152301
0.0147373
0.0142446
0.0242693
0.0237348
0.0232872
0.022852
0.0224012
0.0219422
0.0214838
0.0210274
0.0205716
0.0201156
0.0196594
0.0192032
0.0187471
0.0182911
0.0178352
0.0173794
0.0169237
0.0164681
0.0160127
0.0155573
0.0151021
0.024377
0.0238862
0.0234741
0.0230726
0.0226565
0.0222331
0.0218102
0.021389
0.0209683
0.0205473
0.020126
0.0197047
0.0192835
0.0188622
0.018441
0.0180199
0.0175988
0.0171777
0.0167567
0.0163358
0.015915
0.0245008
0.0240498
0.02367
0.023299
0.0229148
0.0225239
0.0221334
0.0217445
0.0213558
0.0209669
0.0205777
0.0201884
0.019799
0.0194097
0.0190204
0.018631
0.0182417
0.0178523
0.0174631
0.0170738
0.0166847
0.0246363
0.0242218
0.0238712
0.0235281
0.023173
0.0228119
0.0224511
0.0220916
0.0217324
0.0213728
0.021013
0.0206531
0.0202931
0.019933
0.0195729
0.0192128
0.0188527
0.0184925
0.0181324
0.0177723
0.0174123
0.0247798
0.0243986
0.0240746
0.0237569
0.0234285
0.0230947
0.0227612
0.0224287
0.0220964
0.0217638
0.021431
0.021098
0.0207649
0.0204318
0.0200986
0.0197653
0.019432
0.0190988
0.0187655
0.0184322
0.018099
0.0249279
0.0245772
0.0242775
0.0239831
0.0236791
0.0233703
0.0230618
0.0227541
0.0224466
0.0221387
0.0218307
0.0215224
0.0212141
0.0209057
0.0205972
0.0202887
0.0199802
0.0196716
0.019363
0.0190545
0.018746
0.0250777
0.024755
0.0244774
0.0242044
0.0239228
0.0236371
0.0233514
0.0230665
0.0227817
0.0224967
0.0222113
0.0219259
0.0216403
0.0213547
0.021069
0.0207832
0.0204975
0.0202117
0.0199258
0.0196401
0.0193543
0.0252269
0.0249298
0.0246724
0.024419
0.0241581
0.0238934
0.0236288
0.0233649
0.023101
0.0228368
0.0225725
0.022308
0.0220434
0.0217787
0.021514
0.0212492
0.0209843
0.0207195
0.0204547
0.0201899
0.0199251
0.0253734
0.0250997
0.0248609
0.0246255
0.0243835
0.0241382
0.023893
0.0236483
0.0234037
0.0231588
0.0229137
0.0226685
0.0224232
0.0221778
0.0219324
0.0216869
0.0214414
0.0211959
0.0209504
0.0207049
0.0204594
0.0255154
0.0252632
0.0250414
0.0248226
0.024598
0.0243706
0.0241432
0.0239162
0.0236893
0.0234621
0.0232348
0.0230073
0.0227798
0.0225522
0.0223245
0.0220969
0.0218691
0.0216414
0.0214137
0.0211861
0.0209584
0.0256516
0.025419
0.0252129
0.0250093
0.0248008
0.0245898
0.0243788
0.0241681
0.0239575
0.0237467
0.0235357
0.0233246
0.0231134
0.0229022
0.0226909
0.0224796
0.0222683
0.022057
0.0218457
0.0216345
0.0214233
0.0257807
0.0255662
0.0253745
0.025185
0.0249913
0.0247954
0.0245994
0.0244038
0.0242082
0.0240124
0.0238164
0.0236204
0.0234243
0.0232282
0.023032
0.0228358
0.0226396
0.0224434
0.0222473
0.0220512
0.0218551
0.025902
0.0257041
0.0255256
0.025349
0.0251689
0.024987
0.0248049
0.0246231
0.0244413
0.0242593
0.0240773
0.0238951
0.0237129
0.0235307
0.0233484
0.0231661
0.0229838
0.0228016
0.0226193
0.0224372
0.022255
0.0260149
0.0258321
0.0256658
0.0255012
0.0253336
0.0251644
0.0249951
0.0248261
0.024657
0.0244878
0.0243185
0.0241491
0.0239797
0.0238102
0.0236407
0.0234712
0.0233018
0.0231323
0.0229629
0.0227936
0.0226243
0.0261189
0.0259499
0.0257949
0.0256413
0.0254852
0.0253278
0.0251703
0.0250129
0.0248555
0.024698
0.0245405
0.0243828
0.0242251
0.0240674
0.0239097
0.023752
0.0235943
0.0234367
0.023279
0.0231215
0.022964
0.0262138
0.0260575
0.0259128
0.0257694
0.0256239
0.0254772
0.0253305
0.0251839
0.0250373
0.0248905
0.0247437
0.0245969
0.02445
0.0243031
0.0241562
0.0240093
0.0238624
0.0237156
0.0235688
0.023422
0.0232754
0.0262996
0.0261548
0.0260196
0.0258855
0.0257498
0.025613
0.0254762
0.0253394
0.0252027
0.0250658
0.0249289
0.0247919
0.024655
0.024518
0.024381
0.024244
0.024107
0.0239701
0.0238332
0.0236964
0.0235596
0.0263764
0.026242
0.0261156
0.0259901
0.0258632
0.0257355
0.0256077
0.02548
0.0253523
0.0252245
0.0250966
0.0249687
0.0248407
0.0247128
0.0245849
0.0244569
0.024329
0.0242012
0.0240734
0.0239456
0.0238179
0.0264444
0.0263196
0.0262011
0.0260835
0.0259647
0.0258453
0.0257257
0.0256062
0.0254867
0.0253671
0.0252475
0.0251278
0.0250082
0.0248885
0.0247688
0.0246491
0.0245295
0.0244099
0.0242904
0.0241709
0.026504
0.0263877
0.0262766
0.0261661
0.0260547
0.0259427
0.0258307
0.0257187
0.0256066
0.0254945
0.0253824
0.0252702
0.025158
0.0250458
0.0249337
0.0248215
0.0247094
0.0245973
0.0244852
0.0243733
0.0265556
0.0264471
0.0263425
0.0262385
0.0261337
0.0260285
0.0259233
0.025818
0.0257127
0.0256074
0.025502
0.0253966
0.0252912
0.0251858
0.0250804
0.024975
0.0248696
0.0247643
0.024659
0.0245538
0.0265998
0.0264981
0.0263994
0.0263012
0.0262024
0.0261033
0.0260041
0.0259049
0.0258057
0.0257064
0.0256071
0.0255077
0.0254084
0.0253091
0.0252097
0.0251104
0.0250111
0.0249119
0.0248127
0.0247136
0.0266371
0.0265414
0.026448
0.026355
0.0262615
0.0261678
0.0260739
0.0259801
0.0258863
0.0257924
0.0256984
0.0256045
0.0255105
0.0254166
0.0253227
0.0252287
0.0251349
0.025041
0.0249472
0.0248535
0.026668
0.0265776
0.0264888
0.0264003
0.0263115
0.0262224
0.0261333
0.0260442
0.025955
0.0258658
0.0257766
0.0256874
0.0255982
0.025509
0.0254198
0.0253306
0.0252415
0.0251524
0.0250633
0.0249743
0.0266932
0.0266073
0.0265225
0.0264379
0.026353
0.026268
0.026183
0.0260979
0.0260128
0.0259277
0.0258425
0.0257574
0.0256722
0.0255871
0.0255019
0.0254169
0.0253318
0.0252468
0.0251618
0.0250769
0.0267132
0.0266309
0.0265494
0.026468
0.0263865
0.0263049
0.0262232
0.0261415
0.0260598
0.0259781
0.0258963
0.0258146
0.0257328
0.0256511
0.0255694
0.0254877
0.0254061
0.0253246
0.025243
0.0251616
0.0267286
0.0266493
0.0265705
0.0264917
0.0264129
0.0263339
0.026255
0.026176
0.026097
0.026018
0.025939
0.02586
0.025781
0.025702
0.0256231
0.0255442
0.0254654
0.0253866
0.0253079
0.0252293
0.0267395
0.0266623
0.0265854
0.0265085
0.0264316
0.0263547
0.0262777
0.0262007
0.0261237
0.0260467
0.0259698
0.0258928
0.0258159
0.0257391
0.0256623
0.0255855
0.0255088
0.0254321
0.0253556
0.0252791
0.0267472
0.0266714
0.0265957
0.0265201
0.0264444
0.0263687
0.0262931
0.0262174
0.0261418
0.0260661
0.0259906
0.025915
0.0258395
0.0257641
0.0256887
0.0256134
0.0255381
0.0254629
0.0253878
0.0253128
0.0267502
0.0266747
0.0265993
0.026524
0.0264488
0.0263735
0.0262983
0.0262231
0.026148
0.0260729
0.0259979
0.0259229
0.025848
0.0257732
0.0256985
0.0256238
0.0255493
0.0254748
0.0254005
0.0253263
0.161148
0.13841
0.143482
0.124246
0.129545
0.111989
0.116605
0.099883
0.104814
0.0889278
0.0944412
0.0795129
0.0854034
0.0714598
0.0775115
0.0645229
0.0706101
0.0585393
0.0645824
0.0533904
0.0593275
0.0489703
0.054753
0.0451815
0.0507751
0.0419381
0.0473193
0.0391657
0.0443206
0.0368003
0.0417216
0.0347869
0.0394723
0.0330778
0.0375288
0.0316321
0.0358529
0.0304143
0.0344111
0.0293941
0.0331741
0.0285449
0.0321161
0.0278438
0.0312148
0.0272709
0.0304503
0.0268089
0.0298051
0.0264423
0.0292639
0.026158
0.0288131
0.0259442
0.0284406
0.0257904
0.0281358
0.0256875
0.0278891
0.0256275
0.0276923
0.0256031
0.0275378
0.0256081
0.0274191
0.0256368
0.0273302
0.0256844
0.027266
0.0257464
0.0272221
0.0258192
0.0271943
0.0258993
0.0271792
0.0259841
0.0271739
0.026071
0.0271757
0.0261581
0.0271825
0.0262435
0.0271924
0.0263259
0.0272039
0.0264042
0.0272157
0.0264776
0.027227
0.0265453
0.027237
0.0266071
0.0272452
0.0266626
0.0272513
0.0267118
0.0272551
0.0267549
0.0272567
0.0267919
0.0272562
0.0268233
0.0272539
0.0268495
0.02725
0.0268708
0.0272451
0.0268879
0.0272395
0.0269012
0.0272337
0.0269113
0.0272282
0.0269187
0.0272236
0.0269238
0.0272202
0.0269272
0.0272182
0.0269285
0.206547
0.197608
0.188495
0.179202
0.169495
0.18045
0.159221
0.129151
0.10212
0.114056
0.125429
0.136289
0.146945
0.157414
0.167682
0.0072593
0.00707178
0.00723493
0.00704433
0.00718731
0.00699032
0.00711705
0.0069109
0.0070245
0.00680615
0.00690953
0.00667608
0.00677179
0.0065202
0.00661066
0.00633785
0.00642537
0.00612809
0.00621498
0.00588983
0.00597845
0.00562181
0.00571464
0.00532266
0.00542236
0.00499092
0.00510043
0.00462508
0.00474768
0.00422361
0.00436299
0.00378502
0.00394536
0.00330783
0.00349391
0.0027907
0.00300796
0.0022324
0.00248708
0.00163189
0.00193112
0.000988368
0.00134031
0.00030133
0.000715276
-0.000429376
5.71677e-05
-0.00120348
-0.000632299
-0.00202021
-0.00135074
-0.00287821
-0.00209502
-0.00377546
-0.00286113
-0.00470917
-0.00364409
-0.00567568
-0.00443783
-0.00667034
-0.00523506
-0.00768736
-0.00602708
-0.00871973
-0.00680371
-0.00975899
-0.00755303
-0.0107951
-0.00826123
-0.0118164
-0.0089124
-0.012809
-0.00948831
-0.0137569
-0.00996811
-0.0146419
-0.0103281
-0.0154427
-0.0105413
-0.0161351
-0.0105773
-0.0166914
-0.0104015
-0.01708
-0.00997502
-0.0172649
-0.00925384
-0.0172052
-0.00818841
-0.0168541
-0.00672287
-0.0161584
-0.00479438
-0.0150574
-0.00233228
-0.0134823
0.000742818
-0.0113545
0.00452006
-0.00858409
0.00909874
-0.00506894
0.0145871
-0.000694611
0.0211016
0.00466182
0.0287759
0.0111355
0.0377862
0.0189098
0.048346
0.0282602
0.0605401
0.0393806
0.0740602
0.0518183
0.0887627
0.06444
0.107852
0.0792281
0.00695773
0.00690967
0.00686191
0.00681438
0.00676702
0.00671984
0.00667286
0.00662609
0.00657952
0.00653317
0.00648704
0.00644113
0.00639545
0.00635001
0.00630481
0.00625985
0.00621515
0.00617069
0.0061265
0.00692858
0.00688012
0.00683207
0.00678421
0.00673647
0.00668889
0.00664149
0.00659428
0.00654727
0.00650046
0.00645384
0.00640744
0.00636125
0.00631529
0.00626955
0.00622404
0.00617877
0.00613374
0.00608895
0.00687051
0.00682081
0.00677182
0.00672299
0.0066742
0.00662554
0.00657705
0.00652876
0.00648065
0.00643273
0.00638501
0.00633749
0.00629017
0.00624308
0.0061962
0.00614956
0.00610314
0.00605697
0.00601104
0.00678548
0.00673395
0.00668352
0.00663319
0.0065828
0.0065325
0.00648238
0.00643245
0.00638271
0.00633315
0.00628378
0.00623461
0.00618565
0.0061369
0.00608837
0.00604006
0.00599199
0.00594415
0.00589655
0.00667305
0.00661898
0.00656658
0.00651422
0.00646167
0.00640917
0.00635685
0.00630473
0.00625281
0.00620106
0.0061495
0.00609815
0.00604699
0.00599606
0.00594534
0.00589484
0.00584458
0.00579456
0.00574478
0.00653352
0.00647629
0.00642145
0.00636658
0.00631134
0.00625609
0.00620104
0.00614622
0.00609158
0.00603713
0.00598286
0.0059288
0.00587495
0.00582131
0.00576789
0.00571471
0.00566175
0.00560904
0.00555658
0.00550438
0.00636619
0.00630514
0.00624739
0.00618951
0.00613105
0.00607251
0.0060142
0.00595613
0.00589826
0.00584058
0.00578308
0.00572579
0.00566871
0.00561186
0.00555523
0.00549883
0.00544268
0.00538677
0.00533112
0.00527573
0.00617045
0.00610492
0.00604381
0.00598245
0.00592024
0.00585788
0.00579577
0.00573393
0.00567231
0.00561086
0.00554962
0.00548858
0.00542776
0.00536717
0.00530681
0.0052467
0.00518683
0.00512721
0.00506786
0.00500878
0.00594521
0.00587451
0.00580959
0.00574427
0.00567777
0.00561104
0.00554459
0.00547845
0.00541253
0.0053468
0.00528127
0.00521595
0.00515086
0.005086
0.00502139
0.00495702
0.00489291
0.00482907
0.00476549
0.0047022
0.00568929
0.00561273
0.00554354
0.00547379
0.00540246
0.00533078
0.00525944
0.00518845
0.00511769
0.00504712
0.00497676
0.00490662
0.00483671
0.00476705
0.00469763
0.00462848
0.00455959
0.00449097
0.00442263
0.00435458
0.00540127
0.0053181
0.0052442
0.00516952
0.00509279
0.00501559
0.00493878
0.00486237
0.00478621
0.00471024
0.00463447
0.00455894
0.00448365
0.00440861
0.00433383
0.00425931
0.00418508
0.00411112
0.00403746
0.0039641
0.00507963
0.00498908
0.00491001
0.00482988
0.00474717
0.00466384
0.00458095
0.00449853
0.00441637
0.0043344
0.00425264
0.00417112
0.00408985
0.00400884
0.00392811
0.00384765
0.00376747
0.00368759
0.00360802
0.00352875
0.00472273
0.00462396
0.00453924
0.00445315
0.00436383
0.00427371
0.00418411
0.00409505
0.00400627
0.00391767
0.00382929
0.00374115
0.00365327
0.00356567
0.00347835
0.00339131
0.00330458
0.00321815
0.00313203
0.00304624
0.00432886
0.00422097
0.00413009
0.00403749
0.00394089
0.0038433
0.00374632
0.00364995
0.00355387
0.00345798
0.0033623
0.00326688
0.00317173
0.00307687
0.00298229
0.00288801
0.00279404
0.00270039
0.00260707
0.00251408
0.00389625
0.00377826
0.00368071
0.003581
0.00347641
0.0033706
0.0032655
0.00316111
0.00305703
0.00295313
0.00284944
0.00274601
0.00264287
0.00254002
0.00243747
0.00233524
0.00223332
0.00213173
0.00203049
0.00192959
0.00342312
0.00329399
0.00318921
0.00308175
0.00296839
0.00285356
0.00273956
0.00262638
0.00251352
0.00240083
0.00228835
0.00217614
0.00206423
0.00195263
0.00184133
0.00173036
0.00161972
0.00150943
0.00139949
0.00128991
0.00290774
0.0027663
0.00265368
0.00253778
0.00241482
0.00229008
0.00216633
0.00204352
0.00192104
0.00179872
0.00167661
0.00155477
0.00143325
0.00131205
0.00119116
0.00107061
0.000950412
0.000830569
0.000711096
0.000592004
0.00234841
0.00219341
0.00207228
0.00194719
0.00181369
0.00167809
0.00154365
0.00141028
0.00127727
0.00114439
0.00101172
0.000879346
0.000747292
0.000615565
0.000484174
0.00035313
0.000222447
9.21391e-05
-3.77825e-05
-0.000167306
0.00174356
0.0015736
0.00144322
0.0013081
0.00116305
0.00101552
0.000869362
0.000724426
0.000579871
0.000435428
0.000291186
0.000147249
3.64931e-06
-0.000139608
-0.000282517
-0.000425064
-0.000567234
-0.000709012
-0.000850386
-0.000991343
0.00109175
0.00090529
0.000764838
0.000618762
0.000461023
0.0003004
0.000141377
-1.62404e-05
-0.000173457
-0.000330586
-0.00048752
-0.000644135
-0.000800396
-0.000956299
-0.00111184
-0.001267
-0.00142176
-0.00157612
-0.00173005
-0.00188354
0.000391751
0.000187086
3.56272e-05
-0.000122449
-0.000294136
-0.000469162
-0.00064231
-0.000813849
-0.000984965
-0.00115602
-0.00132689
-0.00149742
-0.00166758
-0.00183736
-0.00200676
-0.00217576
-0.00234435
-0.0025125
-0.00268021
-0.00284745
-0.000357421
-0.000582189
-0.000745715
-0.000916965
-0.00110401
-0.00129489
-0.00148357
-0.00167041
-0.00185681
-0.00204317
-0.00222936
-0.00241518
-0.00260061
-0.00278564
-0.00297026
-0.00315446
-0.00333823
-0.00352153
-0.00370436
-0.00388671
-0.00115644
-0.00140342
-0.00158023
-0.00176598
-0.00196995
-0.00217831
-0.00238411
-0.00258779
-0.002791
-0.00299422
-0.00319726
-0.00339991
-0.00360214
-0.00380393
-0.0040053
-0.00420622
-0.00440668
-0.00460664
-0.00480609
-0.00500503
-0.00200559
-0.00227715
-0.00246865
-0.0026704
-0.00289307
-0.00312073
-0.00334539
-0.00356765
-0.00378941
-0.0040112
-0.00423281
-0.00445401
-0.00467474
-0.004895
-0.00511481
-0.00533414
-0.00555296
-0.00577125
-0.005989
-0.00620619
-0.00290473
-0.00320351
-0.0034113
-0.00363077
-0.00387413
-0.00412313
-0.00436865
-0.00461141
-0.00485364
-0.00509595
-0.00533806
-0.00557972
-0.00582086
-0.0060615
-0.00630164
-0.00654125
-0.00678032
-0.00701881
-0.00725671
-0.00749401
-0.00385318
-0.00418214
-0.00440809
-0.00464723
-0.00491352
-0.00518615
-0.00545474
-0.0057202
-0.00598508
-0.00625007
-0.00651484
-0.00677911
-0.0070428
-0.00730594
-0.00756852
-0.00783053
-0.00809194
-0.00835272
-0.00861285
-0.00887233
-0.00484964
-0.00521209
-0.00545839
-0.00571943
-0.00601117
-0.00631
-0.00660418
-0.00689478
-0.00718475
-0.00747486
-0.00776473
-0.00805402
-0.00834266
-0.00863068
-0.00891808
-0.00920485
-0.00949094
-0.00977634
-0.010061
-0.010345
-0.00589212
-0.00629179
-0.00656096
-0.00684645
-0.00716649
-0.00749442
-0.007817
-0.00813551
-0.00845333
-0.0087713
-0.00908899
-0.009406
-0.00972228
-0.0100379
-0.0103527
-0.0106669
-0.0109803
-0.0112929
-0.0116048
-0.0119158
-0.00697781
-0.00741888
-0.00771385
-0.00802672
-0.00837826
-0.00873855
-0.00909271
-0.00944226
-0.00979102
-0.0101399
-0.0104885
-0.0108363
-0.0111833
-0.0115294
-0.0118747
-0.0122193
-0.0125629
-0.0129057
-0.0132476
-0.0135886
-0.0139286
-0.00810298
-0.00859015
-0.00891434
-0.00925792
-0.00964459
-0.0100409
-0.0104302
-0.0108143
-0.0111975
-0.0115809
-0.0119638
-0.0123458
-0.0127268
-0.0131069
-0.013486
-0.0138642
-0.0142414
-0.0146176
-0.0149928
-0.015367
-0.0157401
-0.00926285
-0.00980139
-0.0101588
-0.0105369
-0.0109628
-0.0113993
-0.0118278
-0.0122504
-0.012672
-0.0130937
-0.0135148
-0.0139349
-0.0143537
-0.0147715
-0.0151882
-0.0156038
-0.0160183
-0.0164316
-0.0168438
-0.0172547
-0.0176644
-0.0104515
-0.0110473
-0.0114426
-0.0118596
-0.0123292
-0.0128105
-0.0132829
-0.0137485
-0.0142129
-0.0146773
-0.015141
-0.0156035
-0.0160645
-0.0165242
-0.0169827
-0.0174399
-0.0178958
-0.0183503
-0.0188035
-0.0192552
-0.0197056
-0.0116615
-0.0123214
-0.0127598
-0.0132208
-0.0137394
-0.0142707
-0.014792
-0.0153056
-0.0158178
-0.01633
-0.0168412
-0.0173509
-0.0178589
-0.0183654
-0.0188704
-0.0193739
-0.0198758
-0.0203761
-0.0208748
-0.021372
-0.0218675
-0.0128843
-0.0136156
-0.0141035
-0.0146141
-0.0151875
-0.0157748
-0.0163507
-0.0169182
-0.0174838
-0.0180493
-0.0186136
-0.019176
-0.0197364
-0.020295
-0.0208518
-0.0214067
-0.0219599
-0.0225112
-0.0230606
-0.0236082
-0.0241539
-0.0141092
-0.0149205
-0.015465
-0.0160318
-0.0166666
-0.0173164
-0.0179536
-0.0185813
-0.0192068
-0.0198318
-0.0204554
-0.0210766
-0.0216955
-0.0223122
-0.0229268
-0.0235392
-0.0241494
-0.0247574
-0.0253633
-0.0259669
-0.0265684
-0.015324
-0.0162247
-0.0168343
-0.0174648
-0.0181683
-0.0188881
-0.019594
-0.0202891
-0.0209816
-0.0216733
-0.0223631
-0.0230501
-0.0237343
-0.0244159
-0.0250949
-0.0257713
-0.0264451
-0.0271164
-0.027785
-0.0284511
-0.0291147
-0.0165143
-0.017515
-0.0181994
-0.0189021
-0.0196826
-0.0204808
-0.0212637
-0.0220345
-0.022802
-0.0235683
-0.0243323
-0.0250928
-0.02585
-0.026604
-0.027355
-0.0281028
-0.0288476
-0.0295893
-0.0303279
-0.0310635
-0.0317961
-0.0176631
-0.0187759
-0.0195464
-0.020331
-0.0211979
-0.0220839
-0.0229531
-0.0238088
-0.0246605
-0.0255104
-0.0263574
-0.0272002
-0.028039
-0.028874
-0.0297053
-0.0305328
-0.0313567
-0.0321769
-0.0329935
-0.0338065
-0.034616
-0.0187512
-0.0199895
-0.0208591
-0.0217367
-0.0227005
-0.0236849
-0.0246511
-0.0256021
-0.0265482
-0.0274919
-0.0284317
-0.0293666
-0.0302967
-0.0312222
-0.0321433
-0.0330599
-0.0339721
-0.0348799
-0.0357834
-0.0366827
-0.0375777
-0.019756
-0.0211349
-0.0221187
-0.0231021
-0.0241746
-0.0252693
-0.0263444
-0.0274026
-0.0284546
-0.0295034
-0.0305473
-0.0315854
-0.0326177
-0.0336444
-0.0346658
-0.0356819
-0.0366926
-0.0376982
-0.0386987
-0.0396941
-0.0406845
-0.0206518
-0.0221885
-0.0233037
-0.0244074
-0.025602
-0.0268203
-0.0280178
-0.0291966
-0.0303676
-0.0315342
-0.0326949
-0.0338486
-0.0349953
-0.0361353
-0.0372689
-0.0383961
-0.039517
-0.0406317
-0.0417403
-0.0428429
-0.0439396
-0.021409
-0.0231225
-0.0243893
-0.0256299
-0.0269615
-0.0283187
-0.0296539
-0.0309682
-0.0322731
-0.033572
-0.0348637
-0.0361469
-0.0374218
-0.0386887
-0.0399478
-0.0411993
-0.0424432
-0.0436798
-0.0449091
-0.0461312
-0.0473464
-0.0219936
-0.0239056
-0.0253473
-0.0267437
-0.0282292
-0.0297422
-0.0312325
-0.0326995
-0.0341548
-0.0356023
-0.037041
-0.0384696
-0.0398882
-0.0412972
-0.0426969
-0.0440874
-0.0454689
-0.0468416
-0.0482057
-0.0495613
-0.0509086
-0.0223668
-0.0245016
-0.0261449
-0.0277188
-0.0293774
-0.0310655
-0.0327304
-0.0343694
-0.035994
-0.0376087
-0.0392125
-0.0408043
-0.0423841
-0.0439524
-0.0455095
-0.0470558
-0.0485912
-0.0501162
-0.0516308
-0.0531353
-0.05463
-0.0224839
-0.0248688
-0.0267448
-0.028521
-0.0303743
-0.0322592
-0.034121
-0.0359541
-0.0377694
-0.0395721
-0.0413615
-0.0431367
-0.0448975
-0.0466446
-0.0483783
-0.0500989
-0.0518067
-0.0535019
-0.0551849
-0.0568558
-0.0585151
-0.0222938
-0.0249595
-0.0271041
-0.0291111
-0.0311834
-0.0332898
-0.0353739
-0.037426
-0.0394563
-0.0414707
-0.0434691
-0.0454505
-0.0474148
-0.0493627
-0.0512945
-0.0532107
-0.0551116
-0.0569975
-0.0588687
-0.0607257
-0.0625687
-0.0217377
-0.0247186
-0.0271733
-0.0294439
-0.0317629
-0.0341188
-0.0364539
-0.0387535
-0.0410265
-0.0432796
-0.0455134
-0.047727
-0.0499204
-0.052094
-0.0542485
-0.0563842
-0.0585017
-0.0606013
-0.0626835
-0.0647486
-0.066797
-0.020748
-0.0240829
-0.0268957
-0.0294671
-0.0320642
-0.0347013
-0.0373204
-0.0399001
-0.0424474
-0.0449699
-0.0474693
-0.0499448
-0.0523961
-0.054824
-0.057229
-0.0596116
-0.0619724
-0.0643119
-0.0666306
-0.0689289
-0.0712074
-0.0192472
-0.0229794
-0.0262054
-0.0291207
-0.0320315
-0.0349859
-0.0379265
-0.0408235
-0.043681
-0.0465082
-0.0493076
-0.0520788
-0.0548214
-0.0575359
-0.0602232
-0.0628839
-0.0655185
-0.0681277
-0.070712
-0.073272
-0.0758083
-0.0171462
-0.0213241
-0.0250269
-0.0283351
-0.0315999
-0.0349127
-0.0382176
-0.0414744
-0.0446835
-0.0478554
-0.0509943
-0.0541
-0.0571719
-0.0602103
-0.0632163
-0.0661906
-0.0691339
-0.0720468
-0.07493
-0.0777842
-0.0806101
-0.014342
-0.0190196
-0.0232721
-0.0270294
-0.030694
-0.0344119
-0.0381302
-0.0417955
-0.0454033
-0.0489659
-0.0524897
-0.0559745
-0.0594193
-0.0628245
-0.0661911
-0.06952
-0.0728121
-0.0760679
-0.0792883
-0.0824739
-0.0856257
-0.0107164
-0.0159526
-0.0208382
-0.0251087
-0.0292252
-0.0334016
-0.0375895
-0.0417191
-0.0457796
-0.0497859
-0.0537466
-0.0576617
-0.0615298
-0.065351
-0.0691265
-0.0728573
-0.0765442
-0.080188
-0.0837895
-0.0873496
-0.090869
-0.00613801
-0.0119952
-0.0176068
-0.0224623
-0.0270896
-0.0317856
-0.0365075
-0.0411652
-0.0457406
-0.0502514
-0.0547092
-0.059114
-0.0634638
-0.0677583
-0.0719988
-0.0761864
-0.0803221
-0.0844065
-0.0884405
-0.0924248
-0.0963605
-0.00046957
-0.0070148
-0.0134509
-0.0189668
-0.0241682
-0.029452
-0.0347806
-0.0400387
-0.0451992
-0.0502841
-0.055308
-0.0602708
-0.0651693
-0.0700029
-0.074773
-0.0794809
-0.0841273
-0.0887129
-0.0932385
-0.0977049
-0.102113
0.00644095
-0.000876139
-0.00824246
-0.0144937
-0.0203356
-0.0262821
-0.0322974
-0.0382351
-0.0440597
-0.0497984
-0.0554688
-0.0610696
-0.0665959
-0.0720469
-0.0774239
-0.082728
-0.0879596
-0.0931194
-0.0982077
-0.103226
-0.108174
0.0148214
0.00661985
-0.00180218
-0.00887798
-0.0154417
-0.0221378
-0.0289257
-0.0356255
-0.0421968
-0.0486742
-0.0550771
-0.0614015
-0.067641
-0.0737943
-0.0798627
-0.0858467
-0.0917464
-0.0975618
-0.103293
-0.108941
-0.114507
0.0249833
0.0158183
0.00620476
-0.00183244
-0.0092595
-0.0168416
-0.0245214
-0.032092
-0.0395191
-0.0468471
-0.0540943
-0.0612531
-0.0683158
-0.0752812
-0.08215
-0.0889213
-0.0955942
-0.102168
-0.108642
-0.115017
-0.121293
0.036909
0.0269481
0.0162024
0.00712163
-0.00134113
-0.00997908
-0.0186812
-0.0272357
-0.035634
-0.0439274
-0.0521279
-0.060226
-0.0682167
-0.0761008
-0.0838784
-0.0915478
-0.099107
-0.106555
-0.113889
-0.121108
-0.128212
0.0492795
0.0389672
0.0277235
0.0178233
0.00821526
-0.00163634
-0.0115025
-0.0212146
-0.0307918
-0.0402633
-0.0496206
-0.058851
-0.0679524
-0.0769253
-0.085769
-0.094482
-0.103063
-0.11151
-0.119823
-0.127999
-0.136039
0.0600459
0.0500338
0.0398146
0.0298392
0.0194821
0.00882558
-0.00187708
-0.0125666
-0.0232472
-0.0338912
-0.0444627
-0.0549394
-0.0653083
-0.075558
-0.0856784
-0.0956611
-0.105499
-0.115187
-0.124719
-0.134091
-0.1433
)
;

boundaryField
{
    inlet
    {
        type            zeroGradient;
    }
    outlet
    {
        type            fixedValue;
        value           nonuniform 0();
    }
    cylinder
    {
        type            zeroGradient;
    }
    top
    {
        type            symmetryPlane;
    }
    bottom
    {
        type            symmetryPlane;
    }
    frontAndBack
    {
        type            empty;
    }
    procBoundary1to0
    {
        type            processor;
        value           nonuniform List<scalar> 
216
(
0.215303
0.223877
0.232269
0.244647
0.240475
0.244647
0.253803
0.26274
0.277453
0.277453
0.286476
0.295245
0.303748
0.32108
0.32108
0.329517
0.337634
0.345419
0.363585
0.363585
0.371164
0.378351
0.385136
0.391505
0.410449
0.410449
0.416357
0.42179
0.426739
0.431194
0.435147
0.438589
0.441516
0.443919
0.445794
0.447137
0.463824
0.463824
0.464145
0.46389
0.463057
0.461645
0.459656
0.459656
0.441433
0.438458
0.434949
0.430909
0.426344
0.42126
0.415663
0.40956
0.402959
0.39587
0.388301
0.388301
0.368242
0.360243
0.351825
0.342999
0.333776
0.333776
0.314688
0.305292
0.295558
0.2855
0.2855
0.267301
0.257205
0.246837
0.246837
0.231199
0.220918
0.210403
0.210403
0.206796
0.197312
0.187631
0.177754
0.175407
0.158321
0.143953
0.130729
0.118619
0.107752
0.0980962
0.0895331
0.0819431
0.0752243
0.069287
0.0640486
0.0594327
0.0553698
0.051797
0.0486584
0.0459039
0.0434891
0.0413745
0.0395249
0.0379095
0.0365008
0.0352743
0.0342085
0.0332843
0.0324846
0.0317942
0.0311998
0.0306892
0.0302519
0.0298783
0.0295599
0.0292891
0.0290593
0.0288645
0.0286994
0.0285594
0.0284403
0.0283387
0.0282515
0.0281759
0.0281098
0.0280511
0.0279983
0.0279502
0.0279056
0.0278639
0.0278243
0.0277867
0.0277508
0.0277165
0.027684
0.0276534
0.027625
0.0275993
0.0275767
0.0275576
0.0275425
0.027532
0.0275265
0.215303
0.218571
0.211371
0.204043
0.19661
0.188895
0.188895
0.191153
0.144348
0.139012
0.139012
0.148163
0.15695
0.165615
0.17415
0.182533
0.177754
0.00746132
0.00744035
0.00739946
0.00733909
0.00725956
0.00716076
0.00704239
0.00690395
0.00674479
0.00656415
0.0063612
0.00613504
0.00588478
0.00560956
0.00530855
0.00498107
0.00462654
0.0042446
0.00383512
0.00339826
0.00293455
0.00244492
0.00193081
0.00139422
0.000837798
0.000264932
-0.000320146
-0.000912258
-0.00150517
-0.00209146
-0.0026624
-0.00320777
-0.00371575
-0.00417273
-0.00456311
-0.00486909
-0.0050705
-0.0051445
-0.00506534
-0.00480405
-0.00432812
-0.00360116
-0.00258248
-0.00122668
0.000516814
0.00270421
0.00539783
0.00866662
0.0125867
0.0172415
0.0227218
0.0291246
0.036554
0.0451278
0.0549836
0.0662548
0.0789721
0.0929837
0.108357
0.126973
)
;
    }
    procBoundary1to2
    {
        type            processor;
        value           nonuniform List<scalar> 
205
(
-0.0671861
-0.0710861
-0.0710861
-0.0884472
-0.0747639
-0.0747639
-0.0934192
-0.0934192
-0.0989551
-0.0989551
-0.105131
-0.105131
-0.112042
-0.112042
-0.119774
-0.119774
-0.128405
-0.128405
-0.137977
-0.137977
-0.148445
-0.148445
-0.159587
-0.159587
-0.170871
-0.170871
-0.181295
-0.181295
-0.189265
-0.168381
-0.168381
-0.170782
-0.170782
-0.166229
-0.143049
-0.143049
-0.128926
-0.128926
-0.105516
-0.0802485
-0.0802485
-0.192022
-0.192022
-0.220616
-0.247199
-0.247199
-0.262753
-0.262753
-0.289273
-0.293706
-0.293706
-0.290106
-0.290106
-0.281344
-0.281344
-0.30428
-0.291641
-0.291641
-0.278096
-0.278096
-0.264755
-0.264755
-0.252187
-0.252187
-0.240618
-0.240618
-0.23008
-0.23008
-0.220514
-0.220514
-0.21183
-0.21183
-0.203929
-0.203929
-0.196703
-0.196703
-0.190072
-0.173073
-0.173073
-0.167777
-0.167777
-0.16225
-0.0596864
-0.0540207
-0.0479889
-0.0429133
-0.0380885
-0.0337711
-0.0297833
-0.0261406
-0.0227871
-0.0196959
-0.0168373
-0.0141865
-0.0117207
-0.00942185
-0.00727163
-0.0052557
-0.00336122
-0.00157691
0.000106975
0.00169895
0.00320605
0.00463468
0.00599019
0.00727723
0.00849985
0.00966137
0.010765
0.0118131
0.0128082
0.0137522
0.014647
0.0154943
0.0162956
0.0170523
0.0177658
0.0184375
0.0190686
0.0196603
0.020214
0.0207309
0.0212121
0.0216591
0.022073
0.0224551
0.0228066
0.0231288
0.023423
0.0236903
0.0240515
0.0240515
0.0242614
0.0244487
0.0246145
0.0247599
0.0248854
0.0249921
0.0250802
0.0251508
0.0252027
0.0252379
0.0252522
0.00608258
0.00604442
0.00596536
0.00584921
0.00569526
0.00569526
0.00545244
0.00522062
0.00494998
0.00463919
0.00428683
0.00389105
0.00344981
0.00296078
0.00242144
0.00182906
0.00118072
0.000473305
-0.00029642
-0.00113187
-0.00203658
-0.00301422
-0.00406855
-0.00520343
-0.00642281
-0.00773069
-0.00913112
-0.0106282
-0.012226
-0.012226
-0.0142677
-0.0161121
-0.018073
-0.0201547
-0.0223615
-0.0246978
-0.0271677
-0.0297757
-0.0325257
-0.035422
-0.0384687
-0.0416701
-0.0450306
-0.0485548
-0.0522478
-0.0561151
-0.0601629
-0.0643981
-0.0688292
-0.0734665
-0.0783215
-0.0834082
-0.0887443
-0.0943487
-0.100248
-0.106464
-0.113053
-0.11999
-0.127469
-0.1352
-0.143941
-0.15234
)
;
    }
}


// ************************************************************************* //
