/*--------------------------------*- C++ -*----------------------------------*\
  =========                 |
  \\      /  F ield         | OpenFOAM: The Open Source CFD Toolbox
   \\    /   O peration     | Website:  https://openfoam.org
    \\  /    A nd           | Version:  7
     \\/     M anipulation  |
\*---------------------------------------------------------------------------*/
FoamFile
{
    version     2.0;
    format      ascii;
    class       volScalarField;
    location    "220";
    object      p;
}
// * * * * * * * * * * * * * * * * * * * * * * * * * * * * * * * * * * * * * //

dimensions      [0 2 -2 0 0 0 0];

internalField   nonuniform List<scalar> 
4575
(
-0.0465913
-0.0421825
-0.0382718
-0.0357273
-0.0350568
-0.0354076
-0.0356096
-0.0343755
-0.0316449
-0.0290399
-0.0262318
-0.0259398
-0.0256152
-0.0251494
-0.0211632
-0.0196199
-0.015033
-0.0172698
-0.0163804
-0.0165913
-0.00684941
-0.00890572
-0.00244163
-0.0450376
-0.0408959
-0.0373716
-0.0353017
-0.0351596
-0.0359764
-0.0365557
-0.0354887
-0.0327557
-0.0299152
-0.026683
-0.0259317
-0.0250819
-0.02433
-0.0201177
-0.0187168
-0.0145036
-0.0171567
-0.0169233
-0.0173254
-0.0078239
-0.00966126
-0.00249923
-0.0434982
-0.0396132
-0.0364676
-0.0348706
-0.0352593
-0.0365472
-0.0375071
-0.0366066
-0.0338679
-0.030789
-0.0271322
-0.025922
-0.0245479
-0.0235109
-0.0190739
-0.0178135
-0.0139744
-0.0170416
-0.0174636
-0.0180576
-0.0088013
-0.0104176
-0.00255677
-0.041974
-0.0383348
-0.0355601
-0.0344335
-0.0353553
-0.0371194
-0.0384632
-0.0377288
-0.0349811
-0.0316612
-0.0275795
-0.0259113
-0.0240138
-0.0226928
-0.0180322
-0.0169101
-0.0134457
-0.0169243
-0.018001
-0.0187872
-0.00978114
-0.0111744
-0.00261441
-0.0404655
-0.037061
-0.0346492
-0.0339903
-0.0354471
-0.0376924
-0.0394235
-0.0388547
-0.036095
-0.0325314
-0.028025
-0.0258999
-0.02348
-0.021876
-0.0169932
-0.016007
-0.0129174
-0.0168046
-0.0185348
-0.019514
-0.0107629
-0.0119317
-0.0026723
-0.0389736
-0.0357924
-0.0337349
-0.0335405
-0.0355339
-0.0382654
-0.0403873
-0.0399839
-0.037209
-0.0333997
-0.0284688
-0.0258881
-0.0229472
-0.0210614
-0.0159573
-0.0151044
-0.0123897
-0.0166821
-0.0190648
-0.0202375
-0.0117462
-0.0126891
-0.00273059
-0.037499
-0.0345295
-0.0328174
-0.0330839
-0.0356153
-0.0388376
-0.0413541
-0.0411159
-0.0383228
-0.0342656
-0.0289109
-0.0258763
-0.0224159
-0.0202492
-0.0149252
-0.0142027
-0.0118624
-0.0165568
-0.0195904
-0.0209573
-0.0127305
-0.0134465
-0.00278943
-0.0360423
-0.0332727
-0.0318969
-0.0326202
-0.0356905
-0.0394085
-0.0423232
-0.0422501
-0.0394358
-0.0351291
-0.0293513
-0.0258648
-0.0218867
-0.0194402
-0.0138972
-0.0133019
-0.0113358
-0.0164284
-0.0201113
-0.0216729
-0.0137153
-0.0142036
-0.00284897
-0.0346043
-0.0320225
-0.0309736
-0.0321491
-0.0357589
-0.0399773
-0.0432939
-0.0433861
-0.0405478
-0.0359898
-0.0297903
-0.0258541
-0.02136
-0.0186349
-0.012874
-0.0124025
-0.0108098
-0.0162967
-0.0206269
-0.0223839
-0.0147003
-0.0149602
-0.00290937
-0.0331857
-0.0307793
-0.0300475
-0.0316702
-0.0358199
-0.0405432
-0.0442658
-0.0445233
-0.0416583
-0.0368477
-0.0302278
-0.0258443
-0.0208364
-0.0178338
-0.0118562
-0.0115046
-0.0102846
-0.0161614
-0.0211369
-0.0230899
-0.0156847
-0.015716
-0.00297079
-0.031787
-0.0295439
-0.029119
-0.0311832
-0.0358728
-0.0411055
-0.0452381
-0.0456613
-0.0427669
-0.0377024
-0.0306638
-0.0258358
-0.0203164
-0.0170374
-0.0108444
-0.0106085
-0.00976002
-0.0160224
-0.0216409
-0.0237906
-0.0166681
-0.0164709
-0.00303338
-0.0304091
-0.0283165
-0.0281881
-0.0306879
-0.0359169
-0.0416634
-0.0462102
-0.0467995
-0.0438732
-0.0385538
-0.0310984
-0.0258289
-0.0198006
-0.0162463
-0.00983899
-0.00971447
-0.00923629
-0.0158794
-0.0221385
-0.0244854
-0.0176501
-0.0172245
-0.00309729
-0.0290526
-0.0270978
-0.0272551
-0.030184
-0.0359516
-0.0422162
-0.0471815
-0.0479376
-0.0449768
-0.0394017
-0.0315316
-0.025824
-0.0192896
-0.015461
-0.00884059
-0.0088227
-0.00871341
-0.0157324
-0.0226292
-0.025174
-0.0186301
-0.0179767
-0.00316268
-0.0277181
-0.0258884
-0.0263202
-0.0296711
-0.0359763
-0.0427631
-0.0481514
-0.049075
-0.0460774
-0.0402457
-0.0319634
-0.0258212
-0.0187837
-0.014682
-0.00784965
-0.00793343
-0.00819145
-0.015581
-0.0231127
-0.0258559
-0.0196076
-0.018727
-0.0032297
-0.0264063
-0.0246887
-0.0253838
-0.0291491
-0.0359902
-0.0433032
-0.049119
-0.0502112
-0.0471745
-0.0410858
-0.0323938
-0.0258209
-0.0182835
-0.0139098
-0.00686664
-0.00704689
-0.00767045
-0.0154252
-0.0235887
-0.0265308
-0.0205821
-0.0194753
-0.00329852
-0.025118
-0.0234993
-0.0244459
-0.0286176
-0.0359927
-0.0438358
-0.050084
-0.0513458
-0.0482678
-0.0419216
-0.0328229
-0.0258233
-0.0177896
-0.013145
-0.00589209
-0.00616331
-0.00715049
-0.0152647
-0.0240567
-0.0271984
-0.0215531
-0.0202214
-0.00336927
-0.0238535
-0.0223208
-0.023507
-0.0280765
-0.0359831
-0.0443601
-0.0510454
-0.0524783
-0.0493569
-0.0427529
-0.0332505
-0.0258287
-0.0173024
-0.012388
-0.00492652
-0.00528291
-0.00663163
-0.0150995
-0.0245164
-0.0278581
-0.0225202
-0.0209648
-0.00344211
-0.0226133
-0.0211537
-0.0225672
-0.0275255
-0.0359608
-0.0448753
-0.0520028
-0.0536083
-0.0504415
-0.0435796
-0.0336767
-0.0258372
-0.0168224
-0.0116394
-0.00397044
-0.00440591
-0.00611392
-0.0149293
-0.0249675
-0.0285096
-0.0234828
-0.0217053
-0.00351719
-0.0214174
-0.0199985
-0.021627
-0.0269644
-0.0359252
-0.0453806
-0.0529553
-0.0547352
-0.0515213
-0.0444014
-0.0341013
-0.0258491
-0.01635
-0.0108995
-0.00302425
-0.00353251
-0.00559745
-0.014754
-0.0254097
-0.0291526
-0.0244405
-0.0224427
-0.00359464
-0.0202193
-0.0188557
-0.0206866
-0.026393
-0.0358756
-0.045875
-0.0539024
-0.0558587
-0.0525959
-0.045218
-0.0345245
-0.0258645
-0.0158857
-0.0101689
-0.00208837
-0.00266294
-0.00508228
-0.0145736
-0.0258426
-0.0297867
-0.0253926
-0.0231765
-0.00367463
-0.0190462
-0.0177262
-0.0197463
-0.0258112
-0.0358114
-0.0463579
-0.0548432
-0.0569782
-0.0536649
-0.0460293
-0.034946
-0.0258836
-0.0154299
-0.00944808
-0.00116318
-0.00179739
-0.00456849
-0.0143879
-0.0262659
-0.0304116
-0.0263386
-0.0239066
-0.00375728
-0.0179019
-0.0166106
-0.0188066
-0.0252188
-0.0357319
-0.0468284
-0.0557773
-0.0580933
-0.0547282
-0.046835
-0.0353659
-0.0259065
-0.0149831
-0.0087374
-0.000249112
-0.000936069
-0.00405616
-0.0141968
-0.0266794
-0.0310269
-0.027278
-0.0246326
-0.00384273
-0.0167868
-0.0155094
-0.0178678
-0.0246157
-0.0356366
-0.0472856
-0.0567037
-0.0592035
-0.0557853
-0.0476349
-0.0357839
-0.0259334
-0.0145457
-0.00803733
0.000653235
-7.91864e-05
-0.00354536
-0.0140002
-0.0270828
-0.0316322
-0.0282102
-0.0253542
-0.00393111
-0.0156996
-0.0144231
-0.0169304
-0.0240019
-0.035525
-0.0477287
-0.0576218
-0.0603083
-0.0568359
-0.0484288
-0.0362001
-0.0259644
-0.014118
-0.00734829
0.00154307
0.000773047
-0.00303618
-0.0137981
-0.0274758
-0.0322274
-0.0291349
-0.0260711
-0.00402255
-0.0146401
-0.0133523
-0.0159946
-0.0233772
-0.0353964
-0.048157
-0.058531
-0.0614074
-0.0578798
-0.0492164
-0.0366144
-0.0259995
-0.0137004
-0.00667066
0.00241986
0.00162042
-0.0025287
-0.0135904
-0.0278582
-0.032812
-0.0300514
-0.0267829
-0.00411718
-0.0136091
-0.0122975
-0.015061
-0.0227416
-0.0352503
-0.0485695
-0.0594304
-0.0625001
-0.0589167
-0.0499976
-0.0370265
-0.0260388
-0.0132932
-0.00600485
0.00328321
0.00246273
-0.00202303
-0.013377
-0.0282297
-0.0333859
-0.0309593
-0.0274893
-0.0042151
-0.0126069
-0.0112593
-0.01413
-0.0220952
-0.0350862
-0.0489655
-0.0603193
-0.063586
-0.0599462
-0.0507721
-0.0374364
-0.0260824
-0.0128969
-0.00535126
0.00413281
0.00329978
-0.00151924
-0.0131579
-0.0285901
-0.0339486
-0.0318579
-0.0281901
-0.00431644
-0.0116341
-0.0102384
-0.0132021
-0.021438
-0.0349036
-0.0493441
-0.061197
-0.0646646
-0.0609681
-0.0515397
-0.037844
-0.0261302
-0.0125116
-0.00471025
0.00496836
0.00413139
-0.00101744
-0.0129332
-0.0289392
-0.0345001
-0.0327467
-0.0288849
-0.0044213
-0.010691
-0.00923513
-0.0122777
-0.0207699
-0.0347021
-0.0497046
-0.0620627
-0.0657354
-0.0619822
-0.0523003
-0.0382491
-0.0261823
-0.0121378
-0.00408217
0.00578939
0.00495734
-0.000517725
-0.0127028
-0.0292768
-0.0350399
-0.0336252
-0.0295734
-0.00452978
-0.00977724
-0.00825019
-0.0113575
-0.0200913
-0.0344812
-0.0500461
-0.0629157
-0.066798
-0.0629881
-0.0530535
-0.0386515
-0.0262386
-0.0117755
-0.00346735
0.00659531
0.0057774
-2.01973e-05
-0.0124666
-0.0296027
-0.035568
-0.0344928
-0.0302552
-0.00464197
-0.008893
-0.00728412
-0.0104419
-0.0194021
-0.0342406
-0.0503679
-0.0637552
-0.0678517
-0.0639856
-0.0537993
-0.0390512
-0.0262992
-0.0114252
-0.00286612
0.00738572
0.00659138
0.000475036
-0.0122248
-0.0299168
-0.036084
-0.0353489
-0.0309301
-0.00475796
-0.0080385
-0.00633749
-0.00953153
-0.0187025
-0.0339798
-0.0506692
-0.0645805
-0.068896
-0.0649744
-0.0545374
-0.0394478
-0.0263639
-0.0110869
-0.00227882
0.0081603
0.00739906
0.000967864
-0.0119774
-0.0302189
-0.0365879
-0.0361932
-0.0315977
-0.00487783
-0.00721406
-0.00541098
-0.00862697
-0.0179928
-0.0336986
-0.0509493
-0.0653907
-0.0699304
-0.0659542
-0.0552676
-0.0398413
-0.0264328
-0.010761
-0.00170582
0.00891864
0.0082002
0.00145817
-0.0117243
-0.0305089
-0.0370793
-0.0370249
-0.0322578
-0.00500164
-0.00641987
-0.00450529
-0.00772894
-0.0172732
-0.0333966
-0.0512073
-0.066185
-0.0709542
-0.0669247
-0.0559898
-0.0402317
-0.0265058
-0.0104476
-0.00114736
0.00966034
0.00899456
0.00194583
-0.0114658
-0.0307866
-0.0375582
-0.0378437
-0.0329099
-0.00512947
-0.0056546
-0.00362022
-0.00683781
-0.0165441
-0.0330737
-0.0514427
-0.066963
-0.0719674
-0.0678864
-0.0567041
-0.0406186
-0.0265821
-0.010146
-0.000602994
0.0103855
0.00978203
0.00243076
-0.0112018
-0.0310519
-0.0380245
-0.0386489
-0.0335538
-0.00526142
-0.00491539
-0.00275431
-0.00595318
-0.0158053
-0.0327298
-0.0516555
-0.0677251
-0.0729709
-0.0688395
-0.05741
-0.0410009
-0.0266608
-0.00985556
-7.21435e-05
0.0110946
0.0105627
0.00291291
-0.0109326
-0.0313051
-0.0384782
-0.0394403
-0.0341891
-0.00539749
-0.00421044
-0.00191325
-0.00507808
-0.0150582
-0.0323651
-0.0518448
-0.0684688
-0.07396
-0.0697792
-0.0581042
-0.0413774
-0.0267437
-0.0095798
0.000440498
0.0117843
0.0113351
0.00339178
-0.0106582
-0.0315457
-0.0389187
-0.0402167
-0.0348157
-0.00553732
-0.00357809
-0.0011269
-0.00423017
-0.0143083
-0.0319758
-0.0519984
-0.0691747
-0.074913
-0.0706915
-0.0587843
-0.0417526
-0.0268421
-0.0093321
0.000919904
0.0124412
0.0120938
0.00386561
-0.0103775
-0.0317706
-0.0393426
-0.0409755
-0.0354342
-0.0056805
-0.00300533
-0.0003914
-0.00341035
-0.013554
-0.0315526
-0.0521024
-0.0698337
-0.0758365
-0.0715945
-0.0594724
-0.0421439
-0.0269614
-0.00910968
0.00137608
0.0130703
0.0128415
0.00433583
-0.010089
-0.0319774
-0.0397503
-0.0417182
-0.0360443
-0.00582962
-0.00213532
0.000592918
-0.00242451
-0.0127224
-0.0311325
-0.0522908
-0.0706547
-0.076955
-0.0726446
-0.0602247
-0.0425463
-0.0270264
-0.008807
0.00194869
0.0138034
0.0136417
0.00482498
-0.00980567
-0.0322003
-0.0401777
-0.0424693
-0.0366379
-0.00599331
0.00111046
0.00409421
0.000781451
-0.0103941
-0.0303826
-0.0534679
-0.073506
-0.0803548
-0.0755263
-0.062045
-0.043408
-0.0269645
-0.00786108
0.00360495
0.0158552
0.0156233
0.00599006
-0.00924581
-0.0328272
-0.041213
-0.0441089
-0.037845
-0.00636861
0.00319512
0.00617843
0.00303545
-0.00860808
-0.029808
-0.0545501
-0.0762085
-0.0835722
-0.0780101
-0.0636494
-0.043951
-0.0266414
-0.00670601
0.00534967
0.017941
0.0177156
0.00727912
-0.0084905
-0.0335537
-0.0424357
-0.0461656
-0.0395317
-0.00691136
0.00533468
0.00841242
0.00508015
-0.00703676
-0.0292595
-0.0554355
-0.0787325
-0.0867617
-0.0805568
-0.0651161
-0.0443578
-0.0262739
-0.00559143
0.00700822
0.0199399
0.0196742
0.00848026
-0.00771265
-0.0341902
-0.0435202
-0.0480502
-0.0411325
-0.0074803
0.0074431
0.0106752
0.00725055
-0.00529801
-0.028568
-0.0562959
-0.0813723
-0.0900617
-0.0830565
-0.06643
-0.0445973
-0.0258208
-0.00450155
0.00859849
0.0218497
0.0216002
0.00968566
-0.00690569
-0.0347484
-0.0445172
-0.0497736
-0.0426242
-0.00807801
0.00938737
0.0128094
0.00939528
-0.0034963
-0.027786
-0.0571087
-0.0839569
-0.0932503
-0.0853687
-0.0675193
-0.0446349
-0.0252687
-0.00344354
0.0100828
0.0235996
0.0234373
0.0108624
-0.00609344
-0.0352118
-0.0454032
-0.0512886
-0.0439795
-0.00870014
0.0111743
0.014776
0.0114036
-0.00174253
-0.0269397
-0.0577569
-0.0863017
-0.09622
-0.0874331
-0.068349
-0.0444531
-0.0246077
-0.00242296
0.0114474
0.025176
0.0251455
0.0119789
-0.00528357
-0.035565
-0.0461553
-0.0525678
-0.0451753
-0.00934172
0.0128016
0.0165631
0.0132466
-6.14259e-05
-0.0260014
-0.0581486
-0.088313
-0.0988856
-0.0891885
-0.0688843
-0.0440349
-0.023828
-0.00144266
0.0126852
0.0265628
0.0267062
0.013024
-0.00447562
-0.0358026
-0.0467657
-0.0535918
-0.0461879
-0.00999572
0.0142594
0.0181624
0.014918
0.00155113
-0.0249444
-0.058233
-0.0899044
-0.101133
-0.0905575
-0.0690857
-0.0433645
-0.0229215
-0.000503535
0.0137892
0.0277413
0.0281058
0.0139916
-0.00367323
-0.0359252
-0.047231
-0.0543409
-0.0469941
-0.0106528
0.0155412
0.019564
0.016406
0.00308786
-0.023762
-0.0579624
-0.0909615
-0.10283
-0.0914516
-0.068912
-0.0424292
-0.0218825
0.000395186
0.0147529
0.0286942
0.0293276
0.0148721
-0.00288422
-0.035934
-0.0475477
-0.0547967
-0.0475709
-0.0113011
0.0166411
0.0207551
0.017691
0.00452798
-0.0224535
-0.0572766
-0.0913566
-0.103832
-0.0917749
-0.0683215
-0.0412203
-0.0207088
0.00125598
0.015572
0.0294061
0.0303523
0.0156534
-0.00211672
-0.03583
-0.0477132
-0.0549434
-0.0478968
-0.0119268
0.0175529
0.0217211
0.0187502
0.0058474
-0.0210156
-0.0561138
-0.090965
-0.103994
-0.0914284
-0.0672732
-0.0397337
-0.0194015
0.00208278
0.0162437
0.0298635
0.0311592
0.016322
-0.00137791
-0.0356137
-0.0477262
-0.0547685
-0.0479515
-0.0125136
0.0182715
0.0224468
0.0195618
0.00702353
-0.0194463
-0.0544231
-0.0896745
-0.103178
-0.0903163
-0.0657291
-0.037971
-0.0179662
0.00288046
0.0167681
0.030056
0.031727
0.0168639
-0.000674516
-0.0352863
-0.0475858
-0.0542625
-0.0477165
-0.0130435
0.0187941
0.0229188
0.0201062
0.00803425
-0.0177503
-0.0521695
-0.0873946
-0.101265
-0.0883536
-0.0636569
-0.03594
-0.0164126
0.00365419
0.017148
0.0299774
0.0320343
0.017264
-1.30389e-05
-0.0348471
-0.04729
-0.0534201
-0.0471752
-0.013497
0.0191222
0.0231268
0.020367
0.008857
-0.0159403
-0.0493367
-0.0840659
-0.0981685
-0.0854756
-0.061034
-0.0336549
-0.0147547
0.00440858
0.0173898
0.0296271
0.0320609
0.0175066
0.000600752
-0.0342928
-0.0468336
-0.0522397
-0.0463136
-0.0138537
0.0192636
0.0230664
0.0203322
0.00947061
-0.0140355
-0.0459315
-0.0796702
-0.0938444
-0.0816473
-0.0578509
-0.0311363
-0.0130101
0.00514693
0.0175034
0.0290117
0.0317891
0.0175762
0.00116245
-0.0336147
-0.0462053
-0.0507239
-0.0451206
-0.0140928
0.0192339
0.022742
0.0199976
0.00985831
-0.012061
-0.0419869
-0.0742375
-0.0883021
-0.0768701
-0.0541155
-0.0284107
-0.0111995
0.00587062
0.0175024
0.0281468
0.0312068
0.0174595
0.00166961
-0.0327964
-0.0453854
-0.0488796
-0.0435889
-0.0141942
0.0190578
0.0221708
0.0193699
0.0100109
-0.0100466
-0.037562
-0.0678505
-0.0816102
-0.0711871
-0.0498557
-0.0255099
-0.00934546
0.00657887
0.0174044
0.027058
0.0303096
0.0171472
0.00212247
-0.0318119
-0.0443423
-0.0467174
-0.0417167
-0.0141393
0.018769
0.0213845
0.0184719
0.00993051
-0.00802395
-0.0327401
-0.0606419
-0.0738958
-0.0646881
-0.0451236
-0.0224703
-0.00747103
0.00726912
0.0172297
0.0257841
0.0291047
0.0166376
0.00252493
-0.0306235
-0.0430305
-0.0442514
-0.0395093
-0.0139125
0.0184108
0.0204317
0.0173466
0.00963633
-0.00602165
-0.0276252
-0.0527877
-0.0653431
-0.0575087
-0.0399952
-0.0193314
-0.00559876
0.00793787
0.0170011
0.0243768
0.0276142
0.0159397
0.00288564
-0.0291822
-0.041391
-0.0414981
-0.0369817
-0.0135022
0.0180345
0.0193814
0.0160614
0.00917088
-0.00406
-0.0223336
-0.0445019
-0.0561858
-0.0498228
-0.0345699
-0.0161356
-0.00374925
0.00858172
0.0167419
0.0229003
0.0258794
0.0150776
0.00321882
-0.0274304
-0.0393529
-0.0384774
-0.034161
-0.0129032
0.0176921
0.018321
0.0147152
0.00860766
-0.00214456
-0.0169881
-0.0360214
-0.0466926
-0.0418394
-0.0289682
-0.0129271
-0.0019401
0.00919859
0.016475
0.0214281
0.0239635
0.0140927
0.00354426
-0.0253092
-0.0368392
-0.0352161
-0.0310897
-0.0121175
0.017433
0.0173513
0.0134374
0.00805507
-0.000261323
-0.0117107
-0.027592
-0.0371542
-0.0337901
-0.0233262
-0.00975102
-0.000185324
0.00978855
0.0162218
0.0200358
0.0219534
0.0130469
0.0038859
-0.0227703
-0.0337828
-0.0317483
-0.0278259
-0.0111564
0.017298
0.0165779
0.0123778
0.00765176
0.00162399
-0.00661576
-0.0194589
-0.027866
-0.0259106
-0.0177862
-0.00665252
0.00150479
0.0103538
0.0160004
0.0187951
0.0199521
0.0120166
0.00426852
-0.0197914
-0.0301464
-0.0281166
-0.0244436
-0.0100415
0.0173078
0.016092
0.0116859
0.00754977
0.00355881
-0.00180799
-0.0118498
-0.0191079
-0.0184281
-0.0124885
-0.00367543
0.00312286
0.0108979
0.0158247
0.0177681
0.0180886
0.0110818
0.00471183
-0.0163943
-0.025944
-0.0243732
-0.0210295
-0.00880517
0.0174586
0.0159453
0.0115189
0.00788165
0.00558709
0.00262092
-0.00495978
-0.0111279
-0.0115233
-0.00755985
-0.000860215
0.00466308
0.0114241
0.0157017
0.0169905
0.0164578
0.0103218
0.0052243
-0.0126578
-0.0212594
-0.020582
-0.0176767
-0.00749008
0.0177292
0.0161372
0.0118949
0.00871596
0.00772794
0.00659706
0.00106275
-0.00412429
-0.00543122
-0.00310227
0.00175846
0.00611999
0.0119343
0.0156311
0.0164647
0.015144
0.00980173
0.00579804
-0.00872017
-0.0162546
-0.016818
-0.0144731
-0.00614754
0.0180859
0.0166131
0.0127637
0.0100365
0.00996028
0.0100695
0.0061288
0.00178338
-0.000199157
0.000822652
0.00415429
0.00748769
0.0124278
0.015606
0.0161652
0.0141931
0.00955271
0.00640816
-0.00476889
-0.0111586
-0.0131692
-0.0115053
-0.00483226
0.0184888
0.0172728
0.0139923
0.0117404
0.0122208
0.0130156
0.0102203
0.00656333
0.00414725
0.00419449
0.00631096
0.00875948
0.0129013
0.0156137
0.0160423
0.0136025
0.00956519
0.00701901
-0.00101562
-0.00623809
-0.009731
-0.00881846
-0.00359499
0.0189002
0.0180013
0.015398
0.0136504
0.0144067
0.0154392
0.0133947
0.0102819
0.00765405
0.00702927
0.00822154
0.00992814
0.0133488
0.0156375
0.0160303
0.0133251
0.00979441
0.00759867
0.00233973
-0.00175706
-0.00659425
-0.00644379
-0.00247891
0.0192922
0.0186995
0.0167927
0.0155465
0.016385
0.0173566
0.015764
0.0130812
0.0104165
0.00936832
0.00988665
0.0109866
0.0137629
0.0156613
0.0160617
0.0132832
0.0101773
0.00813548
0.00515093
0.00205775
-0.00382937
-0.00439621
-0.00151529
0.0196489
0.0193074
0.0180259
0.0172286
0.0180282
0.0187929
0.0174643
0.0151341
0.0125537
0.0112686
0.0113137
0.0119292
0.0141368
0.0156715
0.016082
0.0133893
0.0106472
0.00864006
0.00735231
0.00506734
-0.0014791
-0.00267188
-0.000719741
0.019961
0.0197998
0.0190195
0.0185691
0.0192654
0.0197928
0.0186315
0.0166059
0.0141843
0.0127911
0.0125153
0.0127525
0.0144645
0.0156596
0.016057
0.0135637
0.0111476
0.00914209
0.00896654
0.00723592
0.000447293
-0.00125068
-9.22701e-05
0.0202236
0.020173
0.0197332
0.0195332
0.0201048
0.0204259
0.0193888
0.0176351
0.0154094
0.0139937
0.0135087
0.0134569
0.0147421
0.0156223
0.0159731
0.0137446
0.0116362
0.0096681
0.0100798
0.0086352
0.00197186
-0.000101883
0.000380255
0.0204364
0.0204422
0.0202067
0.0201656
0.020612
0.0207753
0.0198417
0.0183295
0.0163118
0.0149206
0.0143139
0.0140462
0.0149677
0.0155606
0.0158341
0.013889
0.0120722
0.0102076
0.0107957
0.00941523
0.0031391
0.000809952
0.000720052
0.0206013
0.0206257
0.0205114
0.020544
0.0208716
0.0209198
0.0200757
0.0187721
0.0169619
0.0156433
0.0149515
0.0145265
0.0151412
0.0154775
0.0156524
0.0139726
0.0124182
0.0107097
0.0112023
0.00975188
0.00400544
0.00152067
0.000931222
0.0207402
0.0206886
0.0207412
0.02096
0.020924
0.0201568
0.0190277
0.0174149
0.0161809
0.0154418
0.0149061
0.0152641
0.0153764
0.0154418
0.0139869
0.0126483
0.0111126
0.0113654
0.00980169
0.00462861
0.00206565
0.00108851
0.0208005
0.0207718
0.0208134
0.0209355
0.0208362
0.0201336
0.019147
0.0177148
0.0165677
0.0158061
0.0151947
0.0153395
0.0152603
0.0152135
0.0139338
0.0127559
0.0113757
0.0113382
0.00967993
0.00505999
0.00247456
0.00118758
0.0208187
0.0207874
0.0208012
0.0208393
0.0206904
0.0200414
0.0191686
0.0178965
0.016833
0.0160647
0.0154028
0.0153718
0.0151317
0.0149755
0.0138235
0.012755
0.011492
0.0111703
0.00946082
0.00534186
0.0027725
0.00124452
0.0208038
0.0207551
0.020733
0.0206992
0.0205099
0.0199048
0.0191218
0.017988
0.0170013
0.016236
0.0155409
0.015366
0.0149926
0.0147334
0.0136695
0.0126685
0.0114812
0.0109086
0.00918877
0.00550794
0.00298039
0.00127161
0.0207633
0.0206889
0.0206281
0.0205339
0.0203107
0.0197412
0.0190279
0.0180113
0.0170924
0.0163357
0.0156194
0.0153271
0.0148448
0.0144909
0.0134847
0.0125196
0.011374
0.0105928
0.00889029
0.0055852
0.00311595
0.00127771
0.0207026
0.0205989
0.0205003
0.0203554
0.0201034
0.0195624
0.0189028
0.0179836
0.0171231
0.0163777
0.0156479
0.0152603
0.0146905
0.0142506
0.0132801
0.0123282
0.0112008
0.0102535
0.00858195
0.00559548
0.0031943
0.00126906
0.020619
0.0204922
0.0203588
0.0201718
0.0198949
0.0193764
0.0187576
0.0179183
0.0171069
0.0163737
0.0156356
0.0151707
0.0145314
0.0140144
0.0130639
0.0121102
0.0109864
0.00991145
0.00827473
0.0055565
0.00322822
0.00125014
0.0205305
0.0203756
0.0202101
0.0199882
0.0196897
0.0191886
0.0186005
0.0178256
0.017055
0.0163334
0.0155905
0.015063
0.0143693
0.0137834
0.0128427
0.0118778
0.0107493
0.00957972
0.00797608
0.00548238
0.00322835
0.00122428
0.0204331
0.0202529
0.0200587
0.0198079
0.0194906
0.0190027
0.0184375
0.0177138
0.0169763
0.0162644
0.01552
0.0149416
0.0142059
0.0135592
0.0126199
0.0116399
0.0105028
0.00926558
0.00769092
0.00538427
0.00320358
0.00119408
0.0203292
0.0201269
0.0199075
0.0196329
0.0192991
0.0188211
0.0182727
0.0175892
0.0168783
0.0161773
0.0154309
0.0148103
0.0140426
0.0133431
0.0124005
0.0114028
0.0102557
0.00897254
0.00742231
0.00527087
0.00316123
0.00116151
0.0202207
0.0199996
0.0197586
0.0194644
0.0191164
0.0186455
0.0181091
0.0174571
0.0167673
0.0160749
0.0153279
0.0146729
0.0138808
0.0131359
0.0121868
0.0111714
0.0100143
0.00870176
0.00717202
0.00514894
0.00310716
0.00112811
0.0201096
0.0198727
0.0196135
0.0193032
0.0189428
0.0184769
0.0179491
0.0173212
0.016648
0.0159624
0.0152158
0.0145322
0.0137217
0.012938
0.0119809
0.0109489
0.00978267
0.00845309
0.00694083
0.00502369
0.00304596
0.00109504
0.0199976
0.0197477
0.0194732
0.0191497
0.0187788
0.0183162
0.0177943
0.0171846
0.0165243
0.0158438
0.0150978
0.0143908
0.0135663
0.0127502
0.0117842
0.0107377
0.00956333
0.00822575
0.0067289
0.00489911
0.00298121
0.00106313
0.0198862
0.0196258
0.0193386
0.0190045
0.0186245
0.018164
0.0176459
0.01705
0.0163995
0.0157226
0.0149773
0.0142509
0.0134159
0.012573
0.011598
0.0105392
0.00935798
0.0080187
0.00653594
0.00477821
0.00291564
0.00103293
0.0197767
0.019508
0.0192105
0.0188678
0.0184801
0.0180207
0.0175051
0.0169192
0.0162762
0.0156016
0.0148571
0.0141148
0.0132716
0.012407
0.0114232
0.0103542
0.00916763
0.00783091
0.00636139
0.0046632
0.0028513
0.0010048
0.0196707
0.0193954
0.0190896
0.01874
0.0183458
0.0178869
0.0173727
0.0167941
0.0161567
0.0154834
0.0147396
0.0139844
0.0131346
0.0122525
0.0112608
0.0101835
0.00899291
0.00766143
0.00620458
0.00455568
0.0027897
0.000978968
0.0195692
0.0192891
0.0189766
0.0186215
0.018222
0.0177631
0.0172495
0.0166761
0.0160427
0.01537
0.0146269
0.0138612
0.0130061
0.01211
0.0111113
0.0100276
0.00883417
0.00750946
0.00606479
0.00445678
0.00273197
0.00095555
0.0194738
0.01919
0.0188724
0.0185129
0.018109
0.0176498
0.0171364
0.0165664
0.0159361
0.0152634
0.0145208
0.0137467
0.0128873
0.0119801
0.0109754
0.00988685
0.00869165
0.00737436
0.00594136
0.00436729
0.00267891
0.000934606
0.0193856
0.0190993
0.0187776
0.0184148
0.0180074
0.0175476
0.0170341
0.0164665
0.0158383
0.0151653
0.014423
0.0136422
0.0127792
0.0118635
0.0108538
0.00976163
0.00856551
0.00725569
0.0058337
0.00428775
0.00263115
0.000916152
0.019306
0.019018
0.0186933
0.0183279
0.0179176
0.0174573
0.0169435
0.0163773
0.0157506
0.0150771
0.014335
0.013549
0.0126831
0.0117607
0.0107471
0.00965233
0.00845596
0.00715319
0.00574135
0.00421852
0.00258916
0.000900188
0.0192365
0.0189472
0.0186203
0.018253
0.0178405
0.0173796
0.0168655
0.0163001
0.0156744
0.0150003
0.0142583
0.0134683
0.0126001
0.0116726
0.0106559
0.00955937
0.00836324
0.00706678
0.00566401
0.00415993
0.00255332
0.000886719
0.0191782
0.0188882
0.0185597
0.0181909
0.0177768
0.0173154
0.0168009
0.0162359
0.015611
0.0149363
0.0141943
0.0134012
0.0125312
0.0116
0.0105811
0.00948331
0.00828769
0.00699658
0.00560154
0.00411222
0.00252396
0.000875757
0.0191325
0.0188421
0.0185125
0.0181428
0.0177274
0.0172656
0.0167508
0.016186
0.0155616
0.0148863
0.0141443
0.013349
0.0124777
0.0115438
0.0105233
0.00942481
0.00822981
0.00694287
0.00555402
0.00407573
0.00250143
0.000867333
0.0191008
0.0188101
0.0184799
0.0181095
0.0176934
0.0172312
0.0167163
0.0161515
0.0155273
0.0148517
0.0141096
0.0133129
0.0124408
0.0115051
0.0104837
0.00938468
0.00819027
0.00690616
0.00552176
0.00405078
0.00248611
0.000861496
0.0190843
0.0187935
0.018463
0.0180922
0.0176758
0.0172134
0.0166985
0.0161336
0.0155096
0.0148337
0.0140917
0.0132941
0.0124217
0.011485
0.0104633
0.00936386
0.00817006
0.00688715
0.00550538
0.00403784
0.00247845
0.000858362
0.0207747
0.0203903
0.0199698
0.0195093
0.0190148
0.0184801
0.0179117
0.0173014
0.0166536
0.015959
0.0152186
0.0144223
0.0135691
0.0126478
0.0116602
0.0105922
0.00945434
0.00822529
0.00692682
0.00552987
0.00406327
0.00250034
0.000868461
0.0207918
0.0204063
0.0199849
0.0195232
0.019028
0.0184926
0.0179242
0.0173139
0.0166668
0.0159728
0.0152335
0.0144381
0.0135859
0.0126652
0.0116781
0.01061
0.0094724
0.00824235
0.0069438
0.00554447
0.00407596
0.0025084
0.000872101
0.020825
0.0204374
0.0200138
0.01955
0.0190534
0.0185167
0.0179481
0.017338
0.016692
0.0159996
0.0152621
0.0144689
0.0136182
0.012699
0.0117126
0.0106446
0.00950714
0.00827562
0.00697646
0.00557329
0.00410041
0.00252499
0.000878943
0.0208732
0.0204824
0.0200557
0.0195886
0.0190898
0.0185512
0.0179825
0.0173726
0.0167284
0.0160383
0.0153034
0.0145134
0.013665
0.0127482
0.0117627
0.0106948
0.00955758
0.00832411
0.0070243
0.00561578
0.00413664
0.00254992
0.000888988
0.0209355
0.0205403
0.0201093
0.0196378
0.0191362
0.0185951
0.0180262
0.0174168
0.0167748
0.0160878
0.0153565
0.014571
0.0137255
0.0128119
0.0118273
0.0107597
0.00962281
0.00838705
0.00708689
0.00567171
0.00418477
0.00258332
0.000902398
0.0210109
0.0206101
0.0201736
0.0196966
0.0191913
0.0186471
0.0180781
0.0174692
0.0168303
0.0161473
0.0154205
0.0146406
0.0137986
0.0128891
0.0119055
0.0108383
0.00970195
0.00846372
0.00716399
0.00574106
0.00424521
0.0026256
0.000919416
0.0210987
0.0206909
0.0202476
0.0197636
0.019254
0.0187059
0.018137
0.017529
0.0168939
0.0162158
0.0154945
0.0147215
0.0138837
0.0129793
0.0119963
0.0109297
0.00979412
0.00855345
0.00725546
0.00582402
0.00431868
0.00267739
0.00094038
0.0211982
0.0207818
0.02033
0.0198376
0.0193228
0.0187703
0.0182018
0.0175948
0.0169647
0.0162924
0.0155778
0.0148131
0.01398
0.0130816
0.0120987
0.0110329
0.00989838
0.00865553
0.00736126
0.00592097
0.00440623
0.00273952
0.000965744
0.0213087
0.0208818
0.0204196
0.0199171
0.0193964
0.0188388
0.0182713
0.0176657
0.0170416
0.0163761
0.0156695
0.0149144
0.0140868
0.0131956
0.0122118
0.0111468
0.0100137
0.0087692
0.0074814
0.0060325
0.00450925
0.00281304
0.000996115
0.0214294
0.02099
0.0205153
0.0200009
0.0194732
0.0189098
0.018344
0.0177404
0.0171238
0.0164661
0.0157689
0.0150249
0.0142035
0.0133205
0.0123342
0.0112702
0.0101389
0.00889353
0.0076159
0.00615937
0.00462953
0.00289918
0.00103228
0.0215598
0.0211051
0.0206156
0.0200871
0.019552
0.018982
0.0184189
0.0178177
0.0172103
0.0165614
0.0158754
0.0151439
0.0143296
0.0134559
0.0124648
0.0114016
0.0102725
0.00902738
0.00776471
0.0063026
0.00476924
0.00299937
0.00107525
0.0216989
0.0212261
0.0207188
0.0201735
0.0196302
0.0190534
0.0184942
0.0178965
0.0173002
0.0166612
0.015988
0.0152706
0.0144646
0.0136011
0.0126018
0.0115393
0.0104127
0.0091693
0.00792766
0.00646339
0.00493101
0.00311518
0.00112632
0.021846
0.0213513
0.0208232
0.020258
0.0197062
0.0191222
0.0185689
0.0179769
0.0173926
0.0167645
0.0161061
0.0154042
0.014608
0.0137554
0.0127434
0.0116813
0.0105572
0.00931741
0.00810444
0.0066432
0.00511782
0.00324827
0.0011871
0.022
0.0214792
0.0209264
0.0203422
0.0197778
0.0191863
0.0186412
0.0180551
0.0174865
0.0168704
0.0162285
0.0155436
0.0147593
0.0139179
0.0128872
0.0118248
0.0107032
0.00946922
0.00829443
0.00684372
0.00533307
0.0034003
0.0012596
0.0221596
0.0216075
0.0210253
0.0204161
0.0198415
0.0192431
0.0187091
0.0181313
0.0175809
0.0169775
0.0163539
0.0156877
0.0149182
0.0140876
0.0130304
0.0119667
0.0108471
0.00962153
0.0084966
0.00706687
0.00558048
0.00357277
0.00134619
0.0223229
0.0217335
0.0211165
0.0204796
0.0198944
0.01929
0.0187709
0.0182041
0.0176749
0.0170845
0.0164805
0.0158346
0.0150837
0.014263
0.0131694
0.0121028
0.0109846
0.00977046
0.00870935
0.00731444
0.00586384
0.00376686
0.00144963
0.0224877
0.0218541
0.0211961
0.0205288
0.0199326
0.0193237
0.0188245
0.0182721
0.0177681
0.0171893
0.0166058
0.0159821
0.0152547
0.0144421
0.0132998
0.0122279
0.01111
0.00991129
0.00893056
0.00758792
0.00617919
0.00398292
0.0015729
0.0226506
0.0219648
0.0212641
0.0205593
0.019952
0.0193409
0.0188673
0.0183338
0.0178572
0.0172891
0.0167263
0.0161267
0.0154296
0.0146219
0.0134159
0.0123355
0.0112164
0.010038
0.00915758
0.00789014
0.00654322
0.00422067
0.00171896
0.0228073
0.0220596
0.0213083
0.0205648
0.0199472
0.0193375
0.0188966
0.0183875
0.0179417
0.0173809
0.0168372
0.0162636
0.0156052
0.0147983
0.0135107
0.0124173
0.011295
0.0101434
0.00938708
0.00822343
0.00694894
0.00447711
0.0018902
0.0229521
0.0221316
0.021323
0.0205383
0.0199125
0.0193089
0.0189094
0.0184315
0.0180195
0.0174604
0.0169317
0.0163855
0.0157767
0.0149652
0.0135754
0.0124629
0.0113351
0.010219
0.00961498
0.00858812
0.00739514
0.00474728
0.00208778
0.0230771
0.0221718
0.0213003
0.020472
0.0198412
0.0192501
0.0189024
0.0184643
0.0180882
0.0175218
0.0169995
0.016482
0.0159363
0.0151142
0.0135986
0.0124594
0.0113238
0.0102552
0.00983637
0.00898409
0.00787733
0.00502372
0.00231078
0.0231718
0.0221687
0.02123
0.0203569
0.0197258
0.0191554
0.018872
0.0184839
0.0181446
0.017566
0.0170263
0.0165381
0.0160719
0.015233
0.0135656
0.0123901
0.0112496
0.0102419
0.0100459
0.00940939
0.00838637
0.00529711
0.00255563
0.0232224
0.0221081
0.0210995
0.0201828
0.0195581
0.0190189
0.0188146
0.018488
0.0181822
0.0175534
0.0169912
0.0165325
0.0161643
0.0153048
0.0134576
0.0122346
0.0110926
0.0101672
0.0102379
0.00985944
0.00890744
0.0055581
0.00281606
0.0232102
0.0219716
0.020894
0.0199378
0.0193292
0.0188343
0.0187267
0.0184747
0.0181952
0.0174836
0.0168687
0.0164362
0.0161852
0.0153061
0.0132503
0.0119698
0.0108304
0.0100174
0.0104066
0.0103264
0.00941946
0.00580087
0.0030837
0.0231115
0.021736
0.0205952
0.0196089
0.0190296
0.0185958
0.0186051
0.0184423
0.0181761
0.0173347
0.0166256
0.0162114
0.0160947
0.0152046
0.0129117
0.0115684
0.0104411
0.00977813
0.0105463
0.0107986
0.00989524
0.00602945
0.00334925
0.0228952
0.0213723
0.0201813
0.0191813
0.0186494
0.0182982
0.0184472
0.0183886
0.0181165
0.0170812
0.0162225
0.0158153
0.0158415
0.0149554
0.0123999
0.0109975
0.00990171
0.00943593
0.0106519
0.0112611
0.0103029
0.00625601
0.00360222
0.0225209
0.0208445
0.0196269
0.0186389
0.0181788
0.0179375
0.0182515
0.0183119
0.0180055
0.0166997
0.0156246
0.0152121
0.0153678
0.0144956
0.0116585
0.0102164
0.00918921
0.00897908
0.0107184
0.0116975
0.0106107
0.00648939
0.00382965
0.0219377
0.0201079
0.0189014
0.0179633
0.0176082
0.0175117
0.0180176
0.0182116
0.0178321
0.0161784
0.014818
0.0143926
0.0146178
0.0137366
0.0106108
0.00917141
0.00828049
0.00839933
0.0107422
0.0120934
0.0107968
0.00673485
0.00401674
0.0210827
0.0191088
0.0179698
0.0171344
0.0169294
0.0170206
0.0177467
0.0180885
0.0175903
0.0155283
0.0138273
0.0133868
0.0135432
0.0125587
0.00915683
0.00779242
0.00715213
0.00769188
0.0107203
0.0124418
0.0108648
0.00700115
0.0041525
0.0198777
0.0177964
0.0167934
0.0161301
0.016136
0.0164661
0.0174416
0.017945
0.0172817
0.0147915
0.012717
0.012256
0.0120961
0.0108127
0.0071734
0.00599384
0.00578366
0.00685882
0.0106502
0.012747
0.0108606
0.00732342
0.00424082
0.0182308
0.0161253
0.0153285
0.0149266
0.0152239
0.0158517
0.0171059
0.0177871
0.016926
0.014046
0.0115786
0.0110592
0.0102143
0.00833702
0.00452682
0.003686
0.00416219
0.00590794
0.0105309
0.0130284
0.0108771
0.00775616
0.00430927
0.0160379
0.0139641
0.0135214
0.0134997
0.0141926
0.0151822
0.0167466
0.0176274
0.0165659
0.013398
0.010514
0.00982417
0.00781889
0.00499032
0.00109978
0.00079951
0.0022866
0.00485007
0.0103621
0.0133191
0.0110415
0.00838696
0.00440382
0.0131884
0.0112428
0.0113205
0.0118275
0.0130446
0.0144644
0.0163732
0.0174848
0.0162657
0.0129651
0.00962052
0.00854731
0.00483839
0.00069157
-0.00317794
-0.00272129
0.000169208
0.00369602
0.0101429
0.0136609
0.011483
0.00930986
0.00457202
0.00956145
0.00788419
0.00867902
0.00989379
0.0117853
0.0137063
0.0159969
0.0173826
0.0161019
0.0128525
0.00897726
0.00721608
0.00124358
-0.0045509
-0.00829996
-0.00685783
-0.00216712
0.00245316
0.00987338
0.0140942
0.0122944
0.0105882
0.00484536
0.00502981
0.00381138
0.00555789
0.00769018
0.0104216
0.0129153
0.015629
0.0173446
0.0161449
0.0131301
0.00863184
0.00582449
-0.00293452
-0.0106399
-0.0141808
-0.0115426
-0.00469217
0.00112487
0.00955509
0.0146481
0.0135074
0.0122352
0.00522786
-0.000524172
-0.00104131
0.00193044
0.00521773
0.00895984
0.0120974
0.0152789
0.0173903
0.0164418
0.0138157
0.00859071
0.0043719
-0.00760645
-0.0173934
-0.0206603
-0.0166549
-0.00737098
-0.000287953
0.00919402
0.0153357
0.0150934
0.0142132
0.0056965
-0.00717688
-0.00671149
-0.00221069
0.00248763
0.00740557
0.0112555
0.014953
0.0175314
0.0170074
0.0148783
0.0088197
0.00286469
-0.0126298
-0.0245623
-0.0275177
-0.022039
-0.0101676
-0.00178508
0.0088032
0.0161499
0.0169755
0.0164438
0.00621344
-0.0149271
-0.0131922
-0.00684729
-0.000478873
0.00576301
0.0103889
0.0146521
0.0177687
0.0178241
0.0162474
0.009254
0.00131705
-0.0178253
-0.0318563
-0.0345027
-0.0275226
-0.0130452
-0.00336372
0.00840357
0.0170638
0.0190502
0.0188219
0.00673626
-0.0236804
-0.0204199
-0.0119303
-0.00365124
0.00403562
0.00949315
0.014371
0.0180899
0.0188453
0.0177926
0.00981246
-0.000250439
-0.022996
-0.0389767
-0.0413607
-0.0329354
-0.0159657
-0.00501592
0.00802281
0.0180383
0.0212126
0.021236
0.00722538
-0.0332607
-0.0282725
-0.0173793
-0.00699104
0.00222653
0.00856035
0.0140978
0.0184712
0.0200074
0.0194091
0.0104134
-0.00181306
-0.0279491
-0.0456482
-0.0478563
-0.0381217
-0.0188889
-0.00672682
0.00769188
0.0190287
0.0233692
0.0235822
0.00764859
-0.043432
-0.0365773
-0.0230884
-0.0104541
0.000339325
0.00758122
0.013817
0.0188814
0.0212368
0.020991
0.010983
-0.0033457
-0.0325158
-0.0516446
-0.0537948
-0.0429524
-0.0217727
-0.00847391
0.00743906
0.0199903
0.0254447
0.0257737
0.00798299
-0.0539255
-0.0451293
-0.0289352
-0.0139927
-0.0016208
0.00654693
0.0135111
0.0192848
0.0224572
0.0224463
0.0114606
-0.00482683
-0.0365665
-0.0568027
-0.0590358
-0.0473336
-0.0245735
-0.010228
0.0072837
0.0208828
0.027382
0.0277437
0.00821466
-0.0644642
-0.0537104
-0.0347909
-0.0175576
-0.0036461
0.00545046
0.0131626
0.0196451
0.0235965
0.0237006
0.0117994
-0.00624014
-0.0400196
-0.061032
-0.0634959
-0.0512051
-0.0272481
-0.0119557
0.0072324
0.0216733
0.0291407
0.0294457
0.00833738
-0.0747812
-0.0621031
-0.0405288
-0.0211004
-0.00572579
0.00428735
0.0127549
0.0199273
0.0245913
0.0246995
0.0119673
-0.00757541
-0.0428423
-0.0643141
-0.067146
-0.0545356
-0.0297549
-0.0136222
0.00727794
0.0223355
0.030694
0.0308517
0.00835115
-0.0846333
-0.0701086
-0.0460324
-0.0245748
-0.00784592
0.00305615
0.0122737
0.0201001
0.0253895
0.0254087
0.0119464
-0.00882854
-0.0450443
-0.0666896
-0.0700042
-0.0573199
-0.0320569
-0.0151945
0.00740113
0.0228505
0.0320251
0.0319492
0.00826058
-0.0938063
-0.0775519
-0.0512005
-0.027938
-0.00998957
0.00175865
0.0117081
0.0201365
0.0259528
0.0258112
0.0117307
-0.0100002
-0.0466686
-0.0682422
-0.0721233
-0.0595725
-0.0341233
-0.016644
0.00757442
0.0232051
0.0331246
0.0327373
0.00807343
-0.102116
-0.0842862
-0.05595
-0.0311519
-0.0121373
0.000399876
0.0110502
0.0200156
0.0262563
0.0259042
0.0113244
-0.0110943
-0.0477799
-0.0690819
-0.0735779
-0.0613201
-0.0359305
-0.0179484
0.00776591
0.0233911
0.0339882
0.0332239
0.00779961
-0.109416
-0.0901997
-0.0602177
-0.0341831
-0.0142682
-0.00101226
0.0102952
0.019722
0.0262868
0.0256962
0.0107389
-0.0121165
-0.0484538
-0.0693284
-0.0744514
-0.0625969
-0.0374629
-0.019093
0.00794301
0.0234042
0.0346149
0.0334233
0.00745048
-0.11561
-0.0952165
-0.0639608
-0.0370036
-0.0163605
-0.00246743
0.00944046
0.0192464
0.0260416
0.0252034
0.00999037
-0.0130732
-0.0487675
-0.0690978
-0.0748266
-0.0634404
-0.0387126
-0.0200703
0.00807541
0.0232434
0.0350065
0.0333536
0.00703809
-0.120826
-0.0992936
-0.0671548
-0.0395906
-0.0183927
-0.00395378
0.00848515
0.0185851
0.0255259
0.0244464
0.00909745
-0.0139711
-0.0487928
-0.0684947
-0.0747788
-0.0638883
-0.0396786
-0.0208801
0.00813711
0.0229103
0.0351671
0.0330351
0.0065748
-0.124626
-0.102409
-0.0697925
-0.0419267
-0.020345
-0.00545881
0.00742988
0.0177391
0.0247504
0.0234488
0.00807933
-0.0148168
-0.0485918
-0.067608
-0.0743718
-0.0639772
-0.0403658
-0.0215279
0.00810754
0.0224086
0.0351027
0.0324887
0.00607284
-0.127201
-0.10458
-0.0718812
-0.0439994
-0.0221997
-0.00697039
0.00627642
0.0167127
0.0237297
0.0222352
0.00695507
-0.015617
-0.0482161
-0.0665092
-0.0736579
-0.0637414
-0.0407842
-0.0220242
0.00797203
0.0217438
0.0348205
0.031735
0.00554401
-0.128607
-0.105848
-0.0734403
-0.0458015
-0.023942
-0.00847745
0.00502757
0.0155129
0.0224807
0.0208303
0.0057437
-0.0163768
-0.047707
-0.0652536
-0.0726792
-0.063213
-0.0409473
-0.0223825
0.00772163
0.0209226
0.0343298
0.0307942
0.00499948
-0.128914
-0.106277
-0.0744984
-0.0473301
-0.0255602
-0.00997059
0.00368708
0.0141484
0.0210212
0.0192565
0.00446259
-0.0170978
-0.0470943
-0.0638829
-0.0714693
-0.0624212
-0.0408714
-0.0226187
0.00735267
0.0199528
0.0336407
0.0296856
0.00444957
-0.128212
-0.105944
-0.0750907
-0.0485873
-0.0270462
-0.0114424
0.00225971
0.0126292
0.0193679
0.0175314
0.00312259
-0.0177806
-0.0463946
-0.0624246
-0.0700552
-0.0613938
-0.0405746
-0.0227497
0.00686613
0.0188429
0.0327648
0.0284268
0.00390356
-0.12661
-0.104935
-0.075256
-0.0495789
-0.0283952
-0.0128878
0.000750677
0.0109664
0.0175369
0.015667
0.00172719
-0.0184336
-0.0456177
-0.0608909
-0.0684578
-0.060156
-0.0400759
-0.0227926
0.00626682
0.0176018
0.0317144
0.0270333
0.00336951
-0.12421
-0.103342
-0.0750353
-0.0503145
-0.0296052
-0.014303
-0.00083433
0.00916779
0.0155421
0.013685
0.000290953
-0.0190713
-0.0447874
-0.0592946
-0.0666876
-0.0587305
-0.039394
-0.0227641
0.00556271
0.016238
0.0305025
0.0255193
0.00285491
-0.121067
-0.101251
-0.0744662
-0.0508052
-0.0306769
-0.0156849
-0.0024843
0.00724943
0.0134051
0.011654
-0.00112754
-0.0196877
-0.0439477
-0.0576913
-0.0647666
-0.0571418
-0.038548
-0.0226793
0.00476486
0.0147645
0.0291428
0.023904
0.00236807
-0.117324
-0.0988229
-0.0736138
-0.0510724
-0.0316143
-0.0170335
-0.00417438
0.00529032
0.0112489
0.00967132
-0.0024688
-0.020249
-0.0431157
-0.0561396
-0.0627883
-0.0554401
-0.0375712
-0.0225547
0.00388698
0.0132073
0.0276632
0.0222117
0.00191328
-0.115947
-0.096226
-0.0725601
-0.0511674
-0.0324595
-0.018386
-0.00591158
0.00328887
0.00937565
0.00754419
-0.00393577
-0.0207928
-0.042197
-0.0544666
-0.0606863
-0.0536154
-0.0364726
-0.0224162
0.00293207
0.0115493
0.02608
0.0204331
0.00147349
-0.109899
-0.0928248
-0.0709469
-0.0507249
-0.0327821
-0.0194129
-0.00766997
0.00089283
0.00660647
0.00510649
-0.00552073
-0.0212768
-0.0412972
-0.0528075
-0.0585906
-0.0519373
-0.0354043
-0.0222613
0.00218864
0.0101832
0.0248449
0.0191071
0.00116931
-0.108336
-0.0915076
-0.0701512
-0.0503798
-0.0327937
-0.0196945
-0.00819438
0.000157795
0.00575179
0.00424104
-0.00614103
-0.02156
-0.0410733
-0.0522556
-0.0577934
-0.0512464
-0.034926
-0.0221264
0.00188269
0.00961104
0.0243002
0.0184822
0.00102837
-0.107115
-0.0903587
-0.0693647
-0.0499657
-0.03272
-0.0198478
-0.00854079
-0.000372361
0.0050803
0.00347611
-0.00672084
-0.0218559
-0.0409056
-0.0517854
-0.0570752
-0.0506049
-0.034469
-0.0219541
0.00159526
0.00908187
0.0237626
0.0178581
0.000892496
-0.105806
-0.089228
-0.068622
-0.0495923
-0.0326799
-0.0200306
-0.00891977
-0.000936203
0.00437363
0.00269652
-0.00729828
-0.0221339
-0.0407117
-0.0512909
-0.0563368
-0.0499553
-0.034015
-0.0217913
0.00128881
0.00854102
0.0232037
0.0172287
0.000759843
-0.10442
-0.0880672
-0.0678837
-0.0492377
-0.0326641
-0.0202478
-0.00934615
-0.00154938
0.00362575
0.00189951
-0.00787583
-0.0223984
-0.0404971
-0.050773
-0.0555735
-0.0492873
-0.0335539
-0.0216372
0.000964376
0.00798408
0.0226241
0.0165935
0.000629863
-0.103003
-0.0868863
-0.0671368
-0.0488819
-0.0326541
-0.0204791
-0.00979574
-0.00218671
0.00285809
0.00109524
-0.00845068
-0.0226524
-0.0402693
-0.0502412
-0.0547945
-0.0486056
-0.033086
-0.0214857
0.000627196
0.00741649
0.0220272
0.0159531
0.000502632
-0.101563
-0.085694
-0.0663836
-0.0485233
-0.0326468
-0.0207193
-0.0102612
-0.00284112
0.00207537
0.000285759
-0.0090221
-0.022896
-0.0400288
-0.0496972
-0.0540022
-0.0479125
-0.0326127
-0.0213353
0.000278561
0.00684003
0.0214684
0.0153077
0.000378205
-0.100098
-0.0844915
-0.0656263
-0.0481642
-0.0326441
-0.0209699
-0.010744
-0.00351392
0.00127664
-0.000529163
-0.00959008
-0.0231289
-0.0397753
-0.0491403
-0.0531962
-0.0472084
-0.0321347
-0.0211865
-8.17105e-05
0.0062545
0.0208408
0.0146574
0.000256582
-0.0986099
-0.0832788
-0.0648653
-0.0478054
-0.0326468
-0.0212323
-0.0112455
-0.00420595
0.000461655
-0.00134942
-0.0101545
-0.0233512
-0.0395089
-0.0485706
-0.0523766
-0.0464932
-0.0316521
-0.0210399
-0.000453629
0.00565987
0.0201975
0.0140023
0.000137751
-0.0970989
-0.0820566
-0.0641002
-0.0474465
-0.032655
-0.0215067
-0.0117656
-0.00491698
-0.00036913
-0.00217469
-0.0107153
-0.023563
-0.0392295
-0.0479881
-0.0515436
-0.0457671
-0.0311651
-0.0208955
-0.000836951
0.00505633
0.0195389
0.0133424
2.17026e-05
-0.0955671
-0.0808256
-0.063331
-0.0470874
-0.0326686
-0.021793
-0.0123041
-0.0056466
-0.00121523
-0.00300465
-0.0112723
-0.0237644
-0.0389375
-0.0473931
-0.0506974
-0.0450304
-0.0306741
-0.0207533
-0.00123138
0.00444412
0.0188648
0.012678
-9.1576e-05
-0.0940161
-0.0795865
-0.0625577
-0.046728
-0.0326875
-0.0220913
-0.0128608
-0.00639449
-0.00207621
-0.00383905
-0.0118255
-0.0239554
-0.038633
-0.0467856
-0.0498385
-0.0442835
-0.0301792
-0.0206133
-0.00163663
0.00382345
0.0181754
0.012009
-0.000202101
-0.0924474
-0.07834
-0.0617803
-0.0463683
-0.0327118
-0.0224018
-0.0134356
-0.00716038
-0.00295168
-0.00467763
-0.0123748
-0.0241362
-0.0383162
-0.046166
-0.0489672
-0.0435266
-0.0296807
-0.0204756
-0.0020524
0.00319454
0.0174711
0.0113356
-0.000309892
-0.0908624
-0.0770866
-0.0609987
-0.0460083
-0.0327414
-0.0227243
-0.0140283
-0.00794395
-0.00384122
-0.00552015
-0.0129201
-0.0243069
-0.0379873
-0.0455344
-0.0480836
-0.0427601
-0.029179
-0.0203402
-0.00247837
0.00255763
0.0167522
0.0106579
-0.000414974
-0.0892627
-0.075827
-0.060213
-0.0456478
-0.0327763
-0.023059
-0.0146387
-0.00874489
-0.00474444
-0.00636638
-0.0134614
-0.0244677
-0.0376464
-0.0448911
-0.0471883
-0.0419843
-0.0286741
-0.0202071
-0.00291422
0.00191296
0.016019
0.00997599
-0.000517375
-0.0876497
-0.0745616
-0.0594231
-0.0452868
-0.0328165
-0.0234059
-0.0152665
-0.00956286
-0.00566092
-0.0072161
-0.0139987
-0.0246187
-0.0372938
-0.0442362
-0.0462816
-0.0411994
-0.0281664
-0.0200762
-0.00335959
0.00126077
0.0152719
0.00928994
-0.000617127
-0.0860248
-0.0732911
-0.0586289
-0.0449251
-0.0328619
-0.0237648
-0.0159116
-0.0103975
-0.00659025
-0.0080691
-0.0145319
-0.02476
-0.0369298
-0.04357
-0.0453638
-0.0404059
-0.027656
-0.0199477
-0.00381414
0.000601328
0.0145112
0.00859986
-0.000714269
-0.0843895
-0.0720157
-0.0578305
-0.0445628
-0.0329125
-0.0241357
-0.0165736
-0.0112485
-0.00753202
-0.00892518
-0.015061
-0.024892
-0.0365545
-0.0428928
-0.0444353
-0.0396039
-0.0271432
-0.0198214
-0.00427749
-6.51117e-05
0.0137372
0.00790585
-0.000808842
-0.082745
-0.0707361
-0.0570279
-0.0441997
-0.0329682
-0.0245184
-0.0172524
-0.0121155
-0.00848584
-0.00978413
-0.0155861
-0.0250147
-0.0361683
-0.0422049
-0.0434965
-0.038794
-0.0266281
-0.0196972
-0.00474926
-0.000738269
0.0129502
0.00720799
-0.000900892
-0.0810927
-0.0694525
-0.0562209
-0.0438358
-0.0330288
-0.024913
-0.0179475
-0.0129982
-0.00945127
-0.0106458
-0.0161072
-0.0251284
-0.0357714
-0.0415067
-0.0425478
-0.0379763
-0.026111
-0.0195752
-0.00522905
-0.00141786
0.0121507
0.00650639
-0.000990471
-0.0794339
-0.0681654
-0.0554096
-0.0434708
-0.0330943
-0.0253192
-0.0186586
-0.013896
-0.0104279
-0.0115099
-0.0166242
-0.0252334
-0.0353642
-0.0407983
-0.0415897
-0.0371512
-0.0255921
-0.0194552
-0.00571648
-0.0021036
0.011339
0.00580113
-0.00107763
-0.0777699
-0.0668752
-0.0545939
-0.0431048
-0.0331645
-0.0257367
-0.0193855
-0.0148087
-0.0114153
-0.0123763
-0.0171373
-0.0253298
-0.0349468
-0.0400802
-0.0406225
-0.0363191
-0.0250715
-0.0193372
-0.00621111
-0.00279519
0.0105155
0.00509232
-0.00116244
-0.0761019
-0.0655821
-0.0537738
-0.0427376
-0.0332393
-0.0261655
-0.0201277
-0.0157358
-0.0124131
-0.0132448
-0.0176464
-0.025418
-0.0345197
-0.0393527
-0.0396468
-0.0354803
-0.0245493
-0.0192211
-0.00671254
-0.00349231
0.00968044
0.00438005
-0.00124496
-0.0744312
-0.0642866
-0.0529494
-0.042369
-0.0333184
-0.0266053
-0.0208848
-0.0166769
-0.0134208
-0.0141153
-0.0181517
-0.0254981
-0.0340832
-0.0386162
-0.0386629
-0.0346352
-0.0240258
-0.0191067
-0.00722032
-0.00419466
0.00883436
0.00366442
-0.00132526
-0.0727587
-0.0629889
-0.0521206
-0.0419989
-0.0334018
-0.0270557
-0.0216566
-0.0176316
-0.014438
-0.0149875
-0.0186532
-0.0255705
-0.0336377
-0.0378712
-0.0376713
-0.033784
-0.0235011
-0.0189939
-0.00773403
-0.0049019
0.00797758
0.00294552
-0.00140342
-0.0710857
-0.0616893
-0.0512873
-0.0416272
-0.0334891
-0.0275166
-0.0224425
-0.0185994
-0.0154643
-0.0158613
-0.0191509
-0.0256354
-0.0331834
-0.0371179
-0.0366725
-0.0329272
-0.0229753
-0.0188825
-0.00825321
-0.00561371
0.00711049
0.00222347
-0.00147951
-0.0694133
-0.0603883
-0.0504497
-0.0412537
-0.0335801
-0.0279875
-0.0232421
-0.01958
-0.0164992
-0.0167365
-0.0196449
-0.0256932
-0.0327208
-0.0363568
-0.0356669
-0.032065
-0.0224485
-0.0187726
-0.00877742
-0.00632975
0.00623351
0.00149837
-0.00155362
-0.0677425
-0.059086
-0.0496077
-0.0408783
-0.0336746
-0.0284682
-0.0240551
-0.0205728
-0.0175423
-0.017613
-0.0201354
-0.0257442
-0.0322503
-0.0355884
-0.0346551
-0.0311979
-0.021921
-0.0186637
-0.00930619
-0.00704966
0.00534703
0.000770325
-0.00162584
-0.0660743
-0.0577827
-0.0487613
-0.0405007
-0.0337722
-0.0289583
-0.0248809
-0.0215774
-0.0185932
-0.0184905
-0.0206224
-0.0257886
-0.0317723
-0.034813
-0.0336375
-0.0303261
-0.0213927
-0.0185559
-0.00983905
-0.0077731
0.00445145
3.94467e-05
-0.00169627
-0.0644096
-0.0564789
-0.0479105
-0.0401209
-0.0338728
-0.0294574
-0.025719
-0.0225933
-0.0196514
-0.0193689
-0.021106
-0.0258269
-0.0312872
-0.0340313
-0.0326147
-0.0294499
-0.0208639
-0.018449
-0.0103756
-0.0084997
0.0035472
-0.00069415
-0.001765
-0.0627496
-0.0551746
-0.0470553
-0.0397385
-0.0339758
-0.029965
-0.0265691
-0.0236201
-0.0207164
-0.020248
-0.0215863
-0.0258593
-0.0307955
-0.0332435
-0.0315871
-0.0285698
-0.0203346
-0.0183427
-0.0109152
-0.00922909
0.00263469
-0.00143034
-0.00183214
-0.061095
-0.0538703
-0.0461958
-0.0393535
-0.034081
-0.0304809
-0.0274305
-0.0246572
-0.0217879
-0.0211277
-0.0220634
-0.0258862
-0.0302975
-0.0324503
-0.0305552
-0.027686
-0.0198049
-0.0182368
-0.0114576
-0.0099609
0.00171435
-0.00216901
-0.0018978
-0.0594468
-0.0525663
-0.045332
-0.0389655
-0.0341881
-0.0310044
-0.0283028
-0.0257042
-0.0228653
-0.0220077
-0.0225374
-0.0259079
-0.0297938
-0.0316521
-0.0295196
-0.0267989
-0.0192749
-0.0181312
-0.0120021
-0.0106947
0.000786593
-0.00291003
-0.00196208
-0.0578058
-0.0512628
-0.0444639
-0.0385743
-0.0342965
-0.0315351
-0.0291855
-0.0267606
-0.0239482
-0.0228879
-0.0230084
-0.0259248
-0.0292848
-0.0308495
-0.0284807
-0.0259087
-0.0187446
-0.0180257
-0.0125484
-0.0114302
-0.000148136
-0.00365327
-0.0020251
-0.0561729
-0.0499602
-0.0435916
-0.0381798
-0.0344059
-0.0320725
-0.0300781
-0.0278259
-0.0250362
-0.0237682
-0.0234766
-0.0259373
-0.028771
-0.0300428
-0.0274392
-0.0250159
-0.0182143
-0.0179199
-0.0130959
-0.012167
-0.00108941
-0.00439858
-0.00208699
-0.054549
-0.0486589
-0.0427151
-0.0377817
-0.0345158
-0.0326161
-0.0309799
-0.0288995
-0.0261287
-0.0246483
-0.023942
-0.0259457
-0.0282529
-0.0292327
-0.0263955
-0.0241207
-0.0176838
-0.0178139
-0.0136442
-0.0129046
-0.00203677
-0.00514583
-0.00214786
-0.0529348
-0.047359
-0.0418345
-0.0373797
-0.0346259
-0.0331654
-0.0318906
-0.0299811
-0.0272255
-0.025528
-0.0244048
-0.0259505
-0.0277309
-0.0284198
-0.0253502
-0.0232234
-0.0171534
-0.0177072
-0.0141928
-0.0136427
-0.0029898
-0.00589487
-0.00220785
-0.0513311
-0.0460611
-0.0409497
-0.0369735
-0.0347355
-0.0337197
-0.0328094
-0.0310699
-0.0283259
-0.0264072
-0.0248651
-0.0259519
-0.0272057
-0.0276044
-0.0243037
-0.0223244
-0.0166231
-0.0175996
-0.0147412
-0.0143808
-0.00394803
-0.00664554
-0.00226708
-0.0497388
-0.0447655
-0.040061
-0.0365629
-0.0348442
-0.0342786
-0.0337359
-0.0321656
-0.0294296
-0.0272857
-0.0253229
-0.0259503
-0.0266776
-0.0267872
-0.0232567
-0.021424
-0.0160929
-0.0174911
-0.0152889
-0.0151185
-0.00491101
-0.00739768
-0.0023257
-0.0481586
-0.0434725
-0.0391684
-0.0361476
-0.0349515
-0.0348414
-0.0346695
-0.0332677
-0.0305361
-0.0281634
-0.0257784
-0.0259462
-0.0261473
-0.0259687
-0.0222097
-0.0205223
-0.0155628
-0.0173812
-0.0158355
-0.0158555
-0.00587829
-0.00815113
-0.00238383
)
;

boundaryField
{
    inlet
    {
        type            zeroGradient;
    }
    outlet
    {
        type            fixedValue;
        value           uniform 0;
    }
    cylinder
    {
        type            zeroGradient;
    }
    top
    {
        type            symmetryPlane;
    }
    bottom
    {
        type            symmetryPlane;
    }
    frontAndBack
    {
        type            empty;
    }
    procBoundary7to6
    {
        type            processor;
        value           nonuniform List<scalar> 
201
(
-0.0497593
-0.0481622
-0.0465848
-0.0450281
-0.0434931
-0.041981
-0.0404926
-0.0390288
-0.0375905
-0.0361785
-0.0347935
-0.0334363
-0.0321074
-0.0308075
-0.0295371
-0.0282967
-0.0270867
-0.0259076
-0.0247597
-0.0236432
-0.0225583
-0.021505
-0.0204836
-0.0194942
-0.0185369
-0.0176115
-0.0167179
-0.015856
-0.0150256
-0.0142263
-0.0134578
-0.0127199
-0.0120123
-0.0113347
-0.0106846
-0.0100591
-0.00946803
-0.00894633
-0.00847005
-0.00772343
-0.00511633
-0.00305934
-0.00103224
0.000946664
0.00281191
0.00455523
0.00617917
0.00768156
0.00905906
0.0103082
0.0114252
0.0124066
0.0132499
0.0139557
0.0145284
0.0149779
0.0153195
0.0155741
0.0157668
0.0159245
0.0160744
0.0162426
0.0164494
0.0167065
0.0170163
0.0173741
0.017768
0.018181
0.0185955
0.0189972
0.0193745
0.0197184
0.020022
0.0202811
0.0204948
0.0207217
0.0207217
0.0208021
0.0208472
0.0208619
0.0208506
0.0208175
0.0207657
0.0206994
0.0206213
0.0205337
0.0204389
0.0203378
0.0202346
0.0201298
0.0200253
0.0199227
0.0198236
0.0197295
0.0196421
0.0195628
0.0194931
0.0194345
0.0193885
0.0193565
0.0193398
0.021119
0.0211371
0.0211721
0.021223
0.0212889
0.0213691
0.0214629
0.0215698
0.0216894
0.0218212
0.0219651
0.0221208
0.0222881
0.0224668
0.0226565
0.0228567
0.0230665
0.0232848
0.0235093
0.023737
0.0239631
0.0241807
0.02438
0.0245471
0.0246628
0.0247004
0.0246233
0.0243827
0.0239139
0.0231355
0.0219488
0.0202382
0.0178689
0.0146801
0.0104898
0.00512685
-0.00151163
-0.00940495
-0.0184099
-0.0282944
-0.0387772
-0.0495643
-0.0603715
-0.0709396
-0.0810355
-0.0904594
-0.0990468
-0.106664
-0.11321
-0.118616
-0.122836
-0.125866
-0.127736
-0.128507
-0.128266
-0.127095
-0.125073
-0.122444
-0.119712
-0.116525
-0.111588
-0.1103
-0.109342
-0.108283
-0.107132
-0.105934
-0.104694
-0.103412
-0.102088
-0.100724
-0.0993226
-0.0978855
-0.0964147
-0.0949121
-0.09338
-0.0918203
-0.0902351
-0.0886266
-0.0869969
-0.085348
-0.0836821
-0.0820012
-0.0803075
-0.0786029
-0.0768895
-0.0751693
-0.0734442
-0.0717161
-0.0699869
-0.0682584
-0.0665323
-0.0648104
-0.0630944
-0.0613858
-0.0596863
-0.0579972
-0.0563202
-0.0546566
-0.0530077
-0.0513748
)
;
    }
}


// ************************************************************************* //
