/*--------------------------------*- C++ -*----------------------------------*\
  =========                 |
  \\      /  F ield         | OpenFOAM: The Open Source CFD Toolbox
   \\    /   O peration     | Website:  https://openfoam.org
    \\  /    A nd           | Version:  7
     \\/     M anipulation  |
\*---------------------------------------------------------------------------*/
FoamFile
{
    version     2.0;
    format      ascii;
    class       volScalarField;
    location    "220";
    object      p;
}
// * * * * * * * * * * * * * * * * * * * * * * * * * * * * * * * * * * * * * //

dimensions      [0 2 -2 0 0 0 0];

internalField   nonuniform List<scalar> 
4575
(
-0.410326
-0.411136
-0.41159
-0.414258
-0.414879
-0.415246
-0.418142
-0.418571
-0.418847
-0.421962
-0.422196
-0.422379
-0.425703
-0.425739
-0.425827
-0.429349
-0.429188
-0.429179
-0.432885
-0.43253
-0.432422
-0.4363
-0.435752
-0.435545
-0.43958
-0.438846
-0.438538
-0.438367
-0.442716
-0.441801
-0.441395
-0.441144
-0.445699
-0.444612
-0.444107
-0.443775
-0.448522
-0.447272
-0.446672
-0.446257
-0.451179
-0.449777
-0.449085
-0.448587
-0.453668
-0.452126
-0.451344
-0.450763
-0.455985
-0.454318
-0.453451
-0.452788
-0.458132
-0.456354
-0.455408
-0.454662
-0.46011
-0.458237
-0.457217
-0.456391
-0.455806
-0.461923
-0.459972
-0.458884
-0.45798
-0.457306
-0.463577
-0.461565
-0.460415
-0.459436
-0.458671
-0.465078
-0.463023
-0.461819
-0.460767
-0.459911
-0.466435
-0.464355
-0.463104
-0.461984
-0.461035
-0.460363
-0.46766
-0.465572
-0.464282
-0.463097
-0.462057
-0.461266
-0.468763
-0.466685
-0.465364
-0.464118
-0.462987
-0.462076
-0.469759
-0.467708
-0.466362
-0.465059
-0.463839
-0.462806
-0.470663
-0.468654
-0.467291
-0.465934
-0.464626
-0.46347
-0.462573
-0.471489
-0.469539
-0.468164
-0.466759
-0.465364
-0.464085
-0.463031
-0.472257
-0.470377
-0.468997
-0.467546
-0.466067
-0.464666
-0.463454
-0.472985
-0.471187
-0.469806
-0.468313
-0.466751
-0.465228
-0.46386
-0.462787
-0.473692
-0.471985
-0.470608
-0.469074
-0.467432
-0.46579
-0.464267
-0.463008
-0.474399
-0.47279
-0.471419
-0.469847
-0.468126
-0.466366
-0.464691
-0.46325
-0.475128
-0.47362
-0.472256
-0.470648
-0.46885
-0.466975
-0.465152
-0.463534
-0.462284
-0.475901
-0.474495
-0.473138
-0.471493
-0.469621
-0.467634
-0.465666
-0.463877
-0.462434
-0.476741
-0.475434
-0.474083
-0.472401
-0.470454
-0.468359
-0.466253
-0.4643
-0.462671
-0.461533
-0.477669
-0.476455
-0.475107
-0.473387
-0.471367
-0.469167
-0.466928
-0.46482
-0.463016
-0.461687
-0.478708
-0.477577
-0.476227
-0.474467
-0.472375
-0.470074
-0.46771
-0.465454
-0.463486
-0.461977
-0.47988
-0.478819
-0.477462
-0.475659
-0.473494
-0.471095
-0.468612
-0.466218
-0.464096
-0.46242
-0.461342
-0.481204
-0.480198
-0.478825
-0.476975
-0.474738
-0.472245
-0.469649
-0.467127
-0.464863
-0.46303
-0.461781
-0.482701
-0.481729
-0.480333
-0.47843
-0.476121
-0.473536
-0.470835
-0.468193
-0.465796
-0.463818
-0.462407
-0.461676
-0.484386
-0.483427
-0.481997
-0.480038
-0.477653
-0.47498
-0.472178
-0.469426
-0.466906
-0.46479
-0.463225
-0.462315
-0.486276
-0.485306
-0.483831
-0.481808
-0.479346
-0.476586
-0.473689
-0.470833
-0.468198
-0.465953
-0.464237
-0.463148
-0.462723
-0.488384
-0.487376
-0.485845
-0.48375
-0.481208
-0.478362
-0.475373
-0.472419
-0.469676
-0.467306
-0.465441
-0.464169
-0.463514
-0.490719
-0.489648
-0.488047
-0.485872
-0.483246
-0.480313
-0.477236
-0.474187
-0.471339
-0.468847
-0.466832
-0.465368
-0.464466
-0.46406
-0.493291
-0.492128
-0.490445
-0.488181
-0.485465
-0.482444
-0.479279
-0.476138
-0.473187
-0.470571
-0.4684
-0.466732
-0.465562
-0.464807
-0.464298
-0.496106
-0.494823
-0.493043
-0.490681
-0.487869
-0.484757
-0.481503
-0.47827
-0.475214
-0.472471
-0.470134
-0.468246
-0.466782
-0.465641
-0.464642
-0.499166
-0.497737
-0.495846
-0.493375
-0.49046
-0.487253
-0.483907
-0.48058
-0.477416
-0.474538
-0.472023
-0.469894
-0.468104
-0.466537
-0.464999
-0.46331
-0.502475
-0.500873
-0.498857
-0.496266
-0.49324
-0.489932
-0.486491
-0.483064
-0.479786
-0.476762
-0.474052
-0.471656
-0.469507
-0.467471
-0.465342
-0.462935
-0.459859
-0.506031
-0.504231
-0.502076
-0.499355
-0.496209
-0.492794
-0.489251
-0.485718
-0.482317
-0.479133
-0.476206
-0.473515
-0.470969
-0.468418
-0.46565
-0.462474
-0.458533
-0.509835
-0.507812
-0.505505
-0.502642
-0.499368
-0.495837
-0.492185
-0.488538
-0.485001
-0.48164
-0.478472
-0.475451
-0.472469
-0.469357
-0.465903
-0.461918
-0.45708
-0.451685
-0.513883
-0.511615
-0.509143
-0.506128
-0.502715
-0.499061
-0.49529
-0.491518
-0.48783
-0.484271
-0.480833
-0.477447
-0.473984
-0.470267
-0.466084
-0.461258
-0.455508
-0.449088
-0.440617
-0.518172
-0.515639
-0.51299
-0.509811
-0.506251
-0.502463
-0.498565
-0.494654
-0.490797
-0.487016
-0.483275
-0.479484
-0.475496
-0.471129
-0.466179
-0.46049
-0.453824
-0.446416
-0.437099
-0.42928
-0.5227
-0.519883
-0.517045
-0.513692
-0.509974
-0.506044
-0.502006
-0.497941
-0.493895
-0.489862
-0.485783
-0.481544
-0.476986
-0.471926
-0.466178
-0.459611
-0.452038
-0.443687
-0.433579
-0.424693
-0.527461
-0.524344
-0.521307
-0.517771
-0.513886
-0.509803
-0.505611
-0.501375
-0.497115
-0.492799
-0.488342
-0.483609
-0.478435
-0.472644
-0.466072
-0.458621
-0.450158
-0.440912
-0.43007
-0.420264
-0.532452
-0.529019
-0.525774
-0.522045
-0.517984
-0.513737
-0.509379
-0.504951
-0.500449
-0.495814
-0.490935
-0.485663
-0.479828
-0.473269
-0.465853
-0.457521
-0.448191
-0.438103
-0.426581
-0.41598
-0.537667
-0.533905
-0.530444
-0.526515
-0.522269
-0.517847
-0.513305
-0.508663
-0.503888
-0.498894
-0.493547
-0.487687
-0.481148
-0.473789
-0.465517
-0.45631
-0.446142
-0.435263
-0.423113
-0.41182
-0.543102
-0.539
-0.535315
-0.531179
-0.526739
-0.522129
-0.517387
-0.512505
-0.507422
-0.502025
-0.496162
-0.489664
-0.48238
-0.474196
-0.465058
-0.454992
-0.444018
-0.432397
-0.419668
-0.407766
-0.548752
-0.544298
-0.540383
-0.536034
-0.531392
-0.526582
-0.521618
-0.516468
-0.511039
-0.505193
-0.498762
-0.491579
-0.48351
-0.474478
-0.464475
-0.453567
-0.441821
-0.429507
-0.416241
-0.4038
-0.554609
-0.549795
-0.545646
-0.541079
-0.536226
-0.531201
-0.525994
-0.520542
-0.514725
-0.508379
-0.501329
-0.493414
-0.484526
-0.47463
-0.463764
-0.452036
-0.439553
-0.42659
-0.412828
-0.399904
-0.560666
-0.555484
-0.551099
-0.546307
-0.541235
-0.53598
-0.530506
-0.524717
-0.518465
-0.511568
-0.503845
-0.495152
-0.485416
-0.474645
-0.462923
-0.4504
-0.437215
-0.423645
-0.409422
-0.396061
-0.566916
-0.56136
-0.556735
-0.551715
-0.546414
-0.540913
-0.535142
-0.528977
-0.522241
-0.514738
-0.506291
-0.496779
-0.486168
-0.474515
-0.46195
-0.448659
-0.434807
-0.420667
-0.406017
-0.392255
-0.573347
-0.567413
-0.562546
-0.557295
-0.551755
-0.545987
-0.53989
-0.533306
-0.526034
-0.51787
-0.508647
-0.498277
-0.486771
-0.474235
-0.460844
-0.446812
-0.432327
-0.417653
-0.402604
-0.388471
-0.579949
-0.573632
-0.568523
-0.563036
-0.557248
-0.551192
-0.544734
-0.537685
-0.529824
-0.520943
-0.510895
-0.499633
-0.487216
-0.4738
-0.459601
-0.444857
-0.429772
-0.414597
-0.399173
-0.384695
-0.586707
-0.580006
-0.574656
-0.568929
-0.562879
-0.556512
-0.549657
-0.542093
-0.533585
-0.523932
-0.513014
-0.50083
-0.487492
-0.473204
-0.458219
-0.442792
-0.427138
-0.41149
-0.395717
-0.380915
-0.593605
-0.58652
-0.580929
-0.574959
-0.568634
-0.561929
-0.554635
-0.546505
-0.537295
-0.526815
-0.514985
-0.501854
-0.487589
-0.472442
-0.456693
-0.440614
-0.424419
-0.408327
-0.392225
-0.377116
-0.600626
-0.593158
-0.587327
-0.581109
-0.574493
-0.567422
-0.559646
-0.550896
-0.540925
-0.529567
-0.516787
-0.50269
-0.4875
-0.471508
-0.455021
-0.438317
-0.421611
-0.405099
-0.388688
-0.373287
-0.607748
-0.5999
-0.593832
-0.587361
-0.580437
-0.572966
-0.564663
-0.555237
-0.544448
-0.532164
-0.518401
-0.503326
-0.487214
-0.470395
-0.453196
-0.435896
-0.418705
-0.401798
-0.385095
-0.369417
-0.614948
-0.606726
-0.600423
-0.593692
-0.586441
-0.578536
-0.569655
-0.559498
-0.547837
-0.534581
-0.519809
-0.503746
-0.486722
-0.469098
-0.451214
-0.433346
-0.415695
-0.398415
-0.381437
-0.365494
-0.622201
-0.61361
-0.607075
-0.600078
-0.592478
-0.584101
-0.574593
-0.563647
-0.55106
-0.536794
-0.52099
-0.503938
-0.486015
-0.467609
-0.449067
-0.430659
-0.412573
-0.394939
-0.377703
-0.361507
-0.629478
-0.620528
-0.613762
-0.606491
-0.598518
-0.589629
-0.579442
-0.567651
-0.554089
-0.538777
-0.521926
-0.503889
-0.485084
-0.465921
-0.446749
-0.427827
-0.409329
-0.391363
-0.373883
-0.357447
-0.6129
-0.604528
-0.595085
-0.584166
-0.571476
-0.556894
-0.540507
-0.522599
-0.503584
-0.483918
-0.464025
-0.444251
-0.424843
-0.405956
-0.387676
-0.369967
-0.353301
-0.600434
-0.588729
-0.575088
-0.559443
-0.541959
-0.522992
-0.503012
-0.482508
-0.461914
-0.441567
-0.421697
-0.402443
-0.383868
-0.365945
-0.349062
-0.561709
-0.54311
-0.523086
-0.502159
-0.480843
-0.459577
-0.438686
-0.418381
-0.398781
-0.379931
-0.361807
-0.344719
-0.478915
-0.457007
-0.4356
-0.414884
-0.394961
-0.375852
-0.357543
-0.340262
-0.411198
-0.390972
-0.371624
-0.353144
-0.335682
-0.330972
-0.224287
-0.290098
-0.273465
-0.257514
-0.242262
-0.227875
-0.362312
-0.344815
-0.327236
-0.309864
-0.292907
-0.276503
-0.260722
-0.245581
-0.231309
-0.408887
-0.39472
-0.379326
-0.363024
-0.346173
-0.329124
-0.312171
-0.295536
-0.279372
-0.263772
-0.248749
-0.234596
-0.438592
-0.429366
-0.418854
-0.406933
-0.393612
-0.379047
-0.363503
-0.347312
-0.330809
-0.314291
-0.297992
-0.282081
-0.26667
-0.25177
-0.237742
-0.449248
-0.442193
-0.43446
-0.425789
-0.415954
-0.404803
-0.392303
-0.378551
-0.363767
-0.348245
-0.332301
-0.316233
-0.300285
-0.284638
-0.269424
-0.254654
-0.240751
-0.463929
-0.456415
-0.450616
-0.44438
-0.437638
-0.430307
-0.422152
-0.412949
-0.402529
-0.390817
-0.377861
-0.363831
-0.348982
-0.333611
-0.318007
-0.302421
-0.287049
-0.27204
-0.257404
-0.24363
-0.458284
-0.451125
-0.445553
-0.439562
-0.433117
-0.426162
-0.418485
-0.409872
-0.400139
-0.38918
-0.376997
-0.363711
-0.349538
-0.334747
-0.31962
-0.30441
-0.289322
-0.274527
-0.260029
-0.246386
-0.452707
-0.445906
-0.440563
-0.434815
-0.428654
-0.42205
-0.414816
-0.40675
-0.397661
-0.387417
-0.37598
-0.363424
-0.349924
-0.335721
-0.321081
-0.306258
-0.291464
-0.27689
-0.262534
-0.249023
-0.44722
-0.440778
-0.435665
-0.430157
-0.424269
-0.417995
-0.411172
-0.403612
-0.395123
-0.385554
-0.374831
-0.362988
-0.350155
-0.336542
-0.322397
-0.307972
-0.293482
-0.279135
-0.264925
-0.251548
-0.44184
-0.435756
-0.430876
-0.425605
-0.419982
-0.414018
-0.407576
-0.400483
-0.392551
-0.383615
-0.373574
-0.362418
-0.350242
-0.337219
-0.323577
-0.309558
-0.29538
-0.28127
-0.267208
-0.253967
-0.436583
-0.430855
-0.426208
-0.421173
-0.415806
-0.410136
-0.404047
-0.397386
-0.389969
-0.381624
-0.372227
-0.361734
-0.350199
-0.337762
-0.324626
-0.311022
-0.297166
-0.283298
-0.269389
-0.256287
-0.431463
-0.426087
-0.421672
-0.416873
-0.411755
-0.406364
-0.400605
-0.394341
-0.3874
-0.379604
-0.370812
-0.360952
-0.35004
-0.338181
-0.325552
-0.31237
-0.298843
-0.285226
-0.271472
-0.258515
-0.426491
-0.42146
-0.417279
-0.412712
-0.407839
-0.402715
-0.397265
-0.391368
-0.384864
-0.377575
-0.369349
-0.360089
-0.349777
-0.338485
-0.326362
-0.313605
-0.300415
-0.287057
-0.273462
-0.260659
-0.421676
-0.416983
-0.413033
-0.408699
-0.404066
-0.399199
-0.394039
-0.388482
-0.382379
-0.375558
-0.367857
-0.359161
-0.349423
-0.338684
-0.32706
-0.314732
-0.301886
-0.288795
-0.275364
-0.262726
-0.417024
-0.412661
-0.40894
-0.404837
-0.400441
-0.395822
-0.390937
-0.385696
-0.379962
-0.373569
-0.366354
-0.358185
-0.348992
-0.338785
-0.327653
-0.315754
-0.303258
-0.290444
-0.277181
-0.264725
-0.412539
-0.408496
-0.405003
-0.40113
-0.396967
-0.392591
-0.387967
-0.38302
-0.377625
-0.371625
-0.364856
-0.357176
-0.348496
-0.338799
-0.328146
-0.316673
-0.304531
-0.292005
-0.278915
-0.266666
-0.408223
-0.404491
-0.401223
-0.397577
-0.393647
-0.389506
-0.385133
-0.380462
-0.37538
-0.369739
-0.363377
-0.356148
-0.347946
-0.338733
-0.328544
-0.317492
-0.305706
-0.293479
-0.280568
-0.26856
-0.404076
-0.400644
-0.397598
-0.394179
-0.390479
-0.38657
-0.382438
-0.378027
-0.373234
-0.36792
-0.36193
-0.355113
-0.347354
-0.338596
-0.32885
-0.318211
-0.306783
-0.294866
-0.282141
-0.270418
-0.400097
-0.396954
-0.394127
-0.390933
-0.38746
-0.38378
-0.379882
-0.375717
-0.371192
-0.366178
-0.360525
-0.354083
-0.346731
-0.338395
-0.32907
-0.31883
-0.307758
-0.296164
-0.283632
-0.272254
-0.396281
-0.393418
-0.390806
-0.387835
-0.384588
-0.381133
-0.377463
-0.373533
-0.369258
-0.364519
-0.359171
-0.353068
-0.346085
-0.338139
-0.329207
-0.31935
-0.308627
-0.297368
-0.285037
-0.274078
-0.392623
-0.39003
-0.38763
-0.38488
-0.381857
-0.378624
-0.375175
-0.371471
-0.367431
-0.362943
-0.357872
-0.352074
-0.345424
-0.337832
-0.329264
-0.319769
-0.309387
-0.298474
-0.286349
-0.275905
-0.389118
-0.386786
-0.384593
-0.382061
-0.37926
-0.376247
-0.373015
-0.369527
-0.365709
-0.361453
-0.356632
-0.351108
-0.344754
-0.33748
-0.329243
-0.320086
-0.310029
-0.299472
-0.28756
-0.277745
-0.385758
-0.383679
-0.38169
-0.379372
-0.37679
-0.373993
-0.370974
-0.367696
-0.364087
-0.360046
-0.355452
-0.350171
-0.344081
-0.337089
-0.329148
-0.320298
-0.310546
-0.30035
-0.288654
-0.279606
-0.382534
-0.380702
-0.378912
-0.376806
-0.37444
-0.371855
-0.369044
-0.365968
-0.362558
-0.358717
-0.354329
-0.349266
-0.343407
-0.336661
-0.328979
-0.320402
-0.310927
-0.301091
-0.289611
-0.281488
-0.379439
-0.377848
-0.376254
-0.374355
-0.3722
-0.369824
-0.367216
-0.364335
-0.361115
-0.357461
-0.35326
-0.34839
-0.342734
-0.3362
-0.328738
-0.320395
-0.311163
-0.301676
-0.290403
-0.376466
-0.37511
-0.373707
-0.372011
-0.370063
-0.367891
-0.365479
-0.362787
-0.359748
-0.356269
-0.35224
-0.347542
-0.342062
-0.335706
-0.328426
-0.320276
-0.311241
-0.302078
-0.373605
-0.372483
-0.371266
-0.369767
-0.36802
-0.366045
-0.363824
-0.361314
-0.358447
-0.355132
-0.351261
-0.346717
-0.341388
-0.335182
-0.328046
-0.320041
-0.311151
-0.370851
-0.369959
-0.368925
-0.367617
-0.366065
-0.36428
-0.362242
-0.359906
-0.357202
-0.354041
-0.350315
-0.34591
-0.340711
-0.334626
-0.3276
-0.319691
-0.310883
-0.368198
-0.367534
-0.366677
-0.365555
-0.36419
-0.362587
-0.360724
-0.358553
-0.356004
-0.352986
-0.349395
-0.345113
-0.340028
-0.334041
-0.32709
-0.319229
-0.365641
-0.365205
-0.364521
-0.363577
-0.36239
-0.360961
-0.359263
-0.357248
-0.354844
-0.35196
-0.348492
-0.344323
-0.339336
-0.333427
-0.326523
-0.363178
-0.362969
-0.362452
-0.361678
-0.360661
-0.359395
-0.357853
-0.355983
-0.353714
-0.350955
-0.3476
-0.343532
-0.338631
-0.332784
-0.325904
-0.360809
-0.360825
-0.36047
-0.359859
-0.359002
-0.357888
-0.35649
-0.354755
-0.35261
-0.349965
-0.346713
-0.342737
-0.337912
-0.332116
-0.358534
-0.358774
-0.358576
-0.358119
-0.357411
-0.356438
-0.355172
-0.35356
-0.351529
-0.348987
-0.345829
-0.341936
-0.337178
-0.356357
-0.356819
-0.356771
-0.356458
-0.355889
-0.355046
-0.353901
-0.352399
-0.35047
-0.348021
-0.344947
-0.341129
-0.336433
-0.354281
-0.354963
-0.355059
-0.354882
-0.354441
-0.353715
-0.352678
-0.351276
-0.349436
-0.34707
-0.344071
-0.340318
-0.352315
-0.353212
-0.353444
-0.353394
-0.35307
-0.352451
-0.351509
-0.350194
-0.348434
-0.346139
-0.343205
-0.339511
-0.350465
-0.351573
-0.351934
-0.352001
-0.351784
-0.351259
-0.350402
-0.349163
-0.34747
-0.345237
-0.342359
-0.348742
-0.350053
-0.350536
-0.350711
-0.35059
-0.350149
-0.349366
-0.348191
-0.346557
-0.344376
-0.341546
-0.347156
-0.348662
-0.349259
-0.349533
-0.349497
-0.34913
-0.348411
-0.347292
-0.345707
-0.34357
-0.345717
-0.347409
-0.348112
-0.348475
-0.348517
-0.348214
-0.34755
-0.346479
-0.344935
-0.342836
-0.344437
-0.346305
-0.347104
-0.347549
-0.347659
-0.347413
-0.346796
-0.345766
-0.344258
-0.343327
-0.345358
-0.346247
-0.346764
-0.346935
-0.346738
-0.346162
-0.345168
-0.343691
-0.342399
-0.34458
-0.345549
-0.346131
-0.346355
-0.346202
-0.345662
-0.3447
-0.343253
-0.341662
-0.343979
-0.34502
-0.34566
-0.345931
-0.345816
-0.345309
-0.344376
-0.341126
-0.343565
-0.34467
-0.345361
-0.345673
-0.345591
-0.345115
-0.344211
-0.3408
-0.343345
-0.344506
-0.345241
-0.345589
-0.345538
-0.345091
-0.344216
-0.340691
-0.343327
-0.344536
-0.345309
-0.345689
-0.345666
-0.345247
-0.340804
-0.343516
-0.344765
-0.345571
-0.345978
-0.345982
-0.34559
-0.341143
-0.343917
-0.345199
-0.346032
-0.346463
-0.346491
-0.346128
-0.341711
-0.344533
-0.345841
-0.346695
-0.347148
-0.347199
-0.342511
-0.345365
-0.346693
-0.347564
-0.348035
-0.348109
-0.34354
-0.346415
-0.347756
-0.34864
-0.349126
-0.349221
-0.344798
-0.347681
-0.349029
-0.349922
-0.350421
-0.350536
-0.346282
-0.349161
-0.35051
-0.351408
-0.351917
-0.347987
-0.350851
-0.352197
-0.353095
-0.353613
-0.349909
-0.352747
-0.354084
-0.35498
-0.355504
-0.352041
-0.354843
-0.356167
-0.357057
-0.357585
-0.354377
-0.357133
-0.358439
-0.35932
-0.356906
-0.359608
-0.360892
-0.361761
-0.359622
-0.362259
-0.363517
-0.364372
-0.362514
-0.365078
-0.366305
-0.367142
-0.365571
-0.368053
-0.369245
-0.370063
-0.368782
-0.371174
-0.372327
-0.373122
-0.372136
-0.374427
-0.375537
-0.376307
-0.375618
-0.3778
-0.378864
-0.379606
-0.379216
-0.38128
-0.382293
-0.382916
-0.384852
-0.385809
-0.386702
-0.388502
-0.389399
-0.390558
-0.392213
-0.393047
-0.39447
-0.395971
-0.396737
-0.398419
-0.399758
-0.400452
-0.40239
-0.403559
-0.404177
-0.406365
-0.407357
-0.407895
-0.308636
-0.313303
-0.317867
-0.322336
-0.326717
-0.331019
-0.33525
-0.339418
-0.343532
-0.347601
-0.351632
-0.355637
-0.359622
-0.363598
-0.367575
-0.371561
-0.375567
-0.379604
-0.383684
-0.38782
-0.392028
-0.396325
-0.400734
-0.40528
-0.284393
-0.288913
-0.293359
-0.297736
-0.302051
-0.30631
-0.31052
-0.314688
-0.31882
-0.322926
-0.327012
-0.331087
-0.33516
-0.339241
-0.343339
-0.347466
-0.351635
-0.355858
-0.360151
-0.36453
-0.369014
-0.373625
-0.378387
-0.383327
-0.262276
-0.266601
-0.270872
-0.275096
-0.279276
-0.283419
-0.28753
-0.291615
-0.295679
-0.299729
-0.303772
-0.307813
-0.311862
-0.315925
-0.320009
-0.324125
-0.328281
-0.332485
-0.336749
-0.341083
-0.345497
-0.350003
-0.354612
-0.359336
-0.242162
-0.246256
-0.250313
-0.254337
-0.258331
-0.2623
-0.266248
-0.27018
-0.274101
-0.278016
-0.281929
-0.285847
-0.289775
-0.293718
-0.297683
-0.301676
-0.305703
-0.309772
-0.31389
-0.318065
-0.322305
-0.32662
-0.331019
-0.335515
-0.223737
-0.227586
-0.231408
-0.235207
-0.238986
-0.242748
-0.246498
-0.250238
-0.253974
-0.257708
-0.261445
-0.26519
-0.268947
-0.27272
-0.276516
-0.280339
-0.284194
-0.288089
-0.292028
-0.296019
-0.300069
-0.304186
-0.308378
-0.312652
-0.206827
-0.210421
-0.213997
-0.217557
-0.221104
-0.224642
-0.228171
-0.231697
-0.235222
-0.238749
-0.242283
-0.245825
-0.249381
-0.252954
-0.256548
-0.260168
-0.263817
-0.2675
-0.271223
-0.274989
-0.278806
-0.282676
-0.286608
-0.290605
-0.19125
-0.194591
-0.19792
-0.201237
-0.204547
-0.207851
-0.211152
-0.214452
-0.217753
-0.22106
-0.224374
-0.227698
-0.231035
-0.234389
-0.237763
-0.24116
-0.244584
-0.248038
-0.251526
-0.255053
-0.258623
-0.26224
-0.265909
-0.269635
-0.176876
-0.179968
-0.183052
-0.186129
-0.189201
-0.192271
-0.19534
-0.198411
-0.201485
-0.204565
-0.207654
-0.210753
-0.213865
-0.216993
-0.22014
-0.223308
-0.2265
-0.22972
-0.23297
-0.236254
-0.239575
-0.242938
-0.246345
-0.249802
-0.163581
-0.166434
-0.169281
-0.172124
-0.174965
-0.177805
-0.180646
-0.18349
-0.186338
-0.189194
-0.192057
-0.194932
-0.197819
-0.20072
-0.203639
-0.206577
-0.209538
-0.212522
-0.215534
-0.218575
-0.221649
-0.224759
-0.227907
-0.231098
-0.151265
-0.153889
-0.156509
-0.159128
-0.161745
-0.164364
-0.166984
-0.169608
-0.172237
-0.174873
-0.177517
-0.180171
-0.182838
-0.185518
-0.188213
-0.190926
-0.193659
-0.196413
-0.199191
-0.201996
-0.204829
-0.207693
-0.210592
-0.213526
-0.13984
-0.142248
-0.144653
-0.147058
-0.149463
-0.15187
-0.154279
-0.156692
-0.159111
-0.161536
-0.163969
-0.166411
-0.168865
-0.171331
-0.173811
-0.176306
-0.178819
-0.181352
-0.183905
-0.186482
-0.189084
-0.191712
-0.194371
-0.19706
-0.129224
-0.131429
-0.133633
-0.135837
-0.138042
-0.140249
-0.142458
-0.144672
-0.146891
-0.149116
-0.151348
-0.153589
-0.15584
-0.158102
-0.160377
-0.162666
-0.16497
-0.167291
-0.16963
-0.17199
-0.174372
-0.176777
-0.179207
-0.181665
-0.119352
-0.121368
-0.123384
-0.1254
-0.127417
-0.129436
-0.131459
-0.133485
-0.135515
-0.137552
-0.139595
-0.141647
-0.143707
-0.145777
-0.147858
-0.149951
-0.152058
-0.15418
-0.156318
-0.158473
-0.160647
-0.162842
-0.165059
-0.167299
-0.110162
-0.112002
-0.113843
-0.115684
-0.117527
-0.119371
-0.121219
-0.12307
-0.124925
-0.126786
-0.128653
-0.130526
-0.132408
-0.134298
-0.136198
-0.138108
-0.140031
-0.141966
-0.143915
-0.145879
-0.14786
-0.149859
-0.151876
-0.153913
-0.101599
-0.103278
-0.104956
-0.106636
-0.108317
-0.109999
-0.111685
-0.113373
-0.115066
-0.116763
-0.118465
-0.120174
-0.121889
-0.123612
-0.125343
-0.127084
-0.128835
-0.130597
-0.132371
-0.134158
-0.135959
-0.137775
-0.139608
-0.141458
-0.0936162
-0.0951455
-0.096675
-0.0982053
-0.0997368
-0.10127
-0.102806
-0.104344
-0.105886
-0.107432
-0.108982
-0.110538
-0.1121
-0.113668
-0.115243
-0.116827
-0.118419
-0.120021
-0.121633
-0.123257
-0.124892
-0.12654
-0.128202
-0.129879
-0.0861708
-0.0875628
-0.0889551
-0.090348
-0.0917421
-0.0931376
-0.0945353
-0.0959353
-0.0973384
-0.0987449
-0.100155
-0.101571
-0.102991
-0.104416
-0.105848
-0.107287
-0.108734
-0.110188
-0.111651
-0.113124
-0.114607
-0.116101
-0.117607
-0.119125
-0.079222
-0.0804884
-0.0817549
-0.083022
-0.0842901
-0.0855594
-0.0868305
-0.0881037
-0.0893794
-0.0906581
-0.0919401
-0.093226
-0.0945162
-0.0958112
-0.0971115
-0.0984176
-0.09973
-0.101049
-0.102376
-0.103711
-0.105055
-0.106407
-0.10777
-0.109144
-0.0738873
-0.0750388
-0.0761908
-0.0773435
-0.0784973
-0.0796525
-0.0808095
-0.0819686
-0.0831302
-0.0842946
-0.0854622
-0.0866334
-0.0878087
-0.0889885
-0.0901731
-0.0913631
-0.0925589
-0.093761
-0.0949698
-0.096186
-0.0974101
-0.0986426
-0.099884
-0.0677262
-0.0687727
-0.0698195
-0.0708669
-0.0719151
-0.0729645
-0.0740154
-0.0750679
-0.0761225
-0.0771795
-0.0782391
-0.0793018
-0.0803678
-0.0814375
-0.0825113
-0.0835896
-0.0846728
-0.0857612
-0.0868553
-0.0879556
-0.0890624
-0.0901763
-0.0912978
-0.0619756
-0.0629263
-0.0638773
-0.0648286
-0.0657806
-0.0667335
-0.0676875
-0.0686429
-0.0696
-0.0705589
-0.0715201
-0.0724838
-0.0734502
-0.0744197
-0.0753926
-0.0763692
-0.0773498
-0.0783349
-0.0793246
-0.0803195
-0.0813199
-0.0823261
-0.0833387
-0.0566077
-0.0574712
-0.0583348
-0.0591987
-0.060063
-0.060928
-0.0617939
-0.0626608
-0.0635291
-0.0643989
-0.0652705
-0.0661441
-0.06702
-0.0678983
-0.0687795
-0.0696637
-0.0705512
-0.0714423
-0.0723374
-0.0732367
-0.0741406
-0.0750493
-0.0759633
-0.0768828
-0.0515973
-0.0523815
-0.0531656
-0.0539499
-0.0547345
-0.0555196
-0.0563053
-0.0570918
-0.0578794
-0.0586681
-0.0594583
-0.06025
-0.0610436
-0.0618392
-0.062637
-0.0634374
-0.0642404
-0.0650464
-0.0658556
-0.0666683
-0.0674848
-0.0683053
-0.0691301
-0.0699595
-0.0469209
-0.047633
-0.048345
-0.049057
-0.0497691
-0.0504816
-0.0511945
-0.051908
-0.0526222
-0.0533373
-0.0540536
-0.054771
-0.0554899
-0.0562104
-0.0569327
-0.057657
-0.0583835
-0.0591124
-0.0598439
-0.0605782
-0.0613155
-0.0620562
-0.0628004
-0.0635484
-0.042557
-0.0432036
-0.0438501
-0.0444964
-0.0451428
-0.0457893
-0.0464361
-0.0470833
-0.047731
-0.0483794
-0.0490285
-0.0496786
-0.0503298
-0.0509823
-0.0516361
-0.0522915
-0.0529487
-0.0536078
-0.0542689
-0.0549323
-0.0555982
-0.0562668
-0.0569382
-0.0576127
-0.0384856
-0.0390729
-0.0396598
-0.0402466
-0.0408333
-0.04142
-0.0420069
-0.0425939
-0.0431813
-0.0437691
-0.0443574
-0.0449465
-0.0455363
-0.0461271
-0.046719
-0.0473121
-0.0479065
-0.0485024
-0.0490999
-0.0496993
-0.0503006
-0.050904
-0.0515098
-0.052118
-0.0346879
-0.0352213
-0.0357544
-0.0362871
-0.0368197
-0.0373522
-0.0378847
-0.0384172
-0.0389499
-0.0394828
-0.0400162
-0.0405499
-0.0410842
-0.0416192
-0.042155
-0.0426917
-0.0432294
-0.0437682
-0.0443083
-0.0448498
-0.0453928
-0.0459375
-0.046484
-0.0470324
-0.031147
-0.0316316
-0.0321157
-0.0325995
-0.033083
-0.0335664
-0.0340495
-0.0345327
-0.0350158
-0.035499
-0.0359825
-0.0364662
-0.0369502
-0.0374347
-0.0379197
-0.0384054
-0.0388918
-0.0393791
-0.0398672
-0.0403565
-0.0408469
-0.0413385
-0.0418316
-0.0423262
-0.0278467
-0.0282869
-0.0287267
-0.0291661
-0.0296052
-0.0300439
-0.0304825
-0.0309208
-0.0313591
-0.0317973
-0.0322356
-0.032674
-0.0331125
-0.0335513
-0.0339905
-0.03443
-0.0348701
-0.0353107
-0.035752
-0.0361941
-0.036637
-0.0370809
-0.0375258
-0.0379718
-0.0247718
-0.0251719
-0.0255715
-0.0259706
-0.0263694
-0.0267678
-0.0271658
-0.0275637
-0.0279613
-0.0283588
-0.0287561
-0.0291535
-0.0295509
-0.0299484
-0.030346
-0.0307439
-0.031142
-0.0315406
-0.0319395
-0.032339
-0.0327391
-0.0331399
-0.0335414
-0.0339437
-0.0219084
-0.0222721
-0.0226353
-0.022998
-0.0233602
-0.023722
-0.0240834
-0.0244445
-0.0248053
-0.0251659
-0.0255263
-0.0258865
-0.0262466
-0.0266067
-0.0269668
-0.027327
-0.0276873
-0.0280478
-0.0284086
-0.0287696
-0.029131
-0.0294929
-0.0298553
-0.0302182
-0.0192434
-0.0195741
-0.0199042
-0.0202339
-0.020563
-0.0208916
-0.0212198
-0.0215477
-0.0218751
-0.0222023
-0.0225292
-0.0228558
-0.0231822
-0.0235085
-0.0238347
-0.0241608
-0.0244869
-0.024813
-0.0251393
-0.0254656
-0.0257921
-0.0261189
-0.026446
-0.0267734
-0.0167646
-0.0170653
-0.0173655
-0.0176651
-0.0179642
-0.0182628
-0.018561
-0.0188587
-0.0191559
-0.0194528
-0.0197494
-0.0200456
-0.0203415
-0.0206372
-0.0209327
-0.021228
-0.0215232
-0.0218183
-0.0221133
-0.0224083
-0.0227034
-0.0229985
-0.0232938
-0.0235892
-0.0144603
-0.0147339
-0.0150069
-0.0152794
-0.0155513
-0.0158226
-0.0160935
-0.0163639
-0.0166338
-0.0169033
-0.0171724
-0.0174411
-0.0177094
-0.0179774
-0.0182451
-0.0185126
-0.0187798
-0.0190468
-0.0193137
-0.0195804
-0.0198471
-0.0201137
-0.0203802
-0.0206468
-0.0123199
-0.0125689
-0.0128173
-0.0130651
-0.0133123
-0.013559
-0.0138051
-0.0140507
-0.0142959
-0.0145405
-0.0147847
-0.0150285
-0.0152718
-0.0155148
-0.0157574
-0.0159997
-0.0162416
-0.0164833
-0.0167247
-0.0169659
-0.0172069
-0.0174477
-0.0176884
-0.0179289
-0.0103333
-0.0105599
-0.010786
-0.0110114
-0.0112362
-0.0114605
-0.0116842
-0.0119074
-0.0121301
-0.0123522
-0.0125739
-0.0127951
-0.0130158
-0.0132361
-0.013456
-0.0136754
-0.0138945
-0.0141133
-0.0143317
-0.0145498
-0.0147676
-0.0149851
-0.0152025
-0.0154196
-0.008491
-0.00869735
-0.00890308
-0.00910821
-0.00931275
-0.00951671
-0.0097201
-0.00992293
-0.0101252
-0.010327
-0.0105282
-0.0107289
-0.0109291
-0.0111289
-0.0113282
-0.011527
-0.0117255
-0.0119235
-0.0121211
-0.0123183
-0.0125152
-0.0127118
-0.012908
-0.0131039
-0.00678413
-0.00697205
-0.00715936
-0.00734606
-0.00753217
-0.00771769
-0.00790263
-0.008087
-0.00827081
-0.00845406
-0.00863678
-0.00881896
-0.00900062
-0.00918178
-0.00936243
-0.00954261
-0.00972231
-0.00990156
-0.0100804
-0.0102588
-0.0104367
-0.0106143
-0.0107915
-0.0109683
-0.0052044
-0.00537558
-0.00554615
-0.00571612
-0.00588549
-0.00605427
-0.00622247
-0.00639009
-0.00655713
-0.00672361
-0.00688953
-0.0070549
-0.00721974
-0.00738404
-0.00754782
-0.00771109
-0.00787385
-0.00803613
-0.00819793
-0.00835926
-0.00852013
-0.00868057
-0.00884057
-0.00900015
-0.00374395
-0.00389991
-0.00405528
-0.00421005
-0.00436422
-0.0045178
-0.0046708
-0.00482321
-0.00497505
-0.00512631
-0.005277
-0.00542714
-0.00557672
-0.00572575
-0.00587424
-0.0060222
-0.00616963
-0.00631655
-0.00646296
-0.00660887
-0.00675429
-0.00689924
-0.00704371
-0.00718772
-0.00239544
-0.00253759
-0.00267915
-0.00282012
-0.0029605
-0.00310028
-0.00323948
-0.0033781
-0.00351613
-0.00365359
-0.00379047
-0.00392679
-0.00406254
-0.00419774
-0.00433238
-0.00446647
-0.00460002
-0.00473304
-0.00486552
-0.00499749
-0.00512893
-0.00525988
-0.00539032
-0.00552027
-0.0011521
-0.00128169
-0.0014107
-0.00153912
-0.00166695
-0.00179421
-0.00192088
-0.00204697
-0.00217247
-0.00229741
-0.00242177
-0.00254555
-0.00266877
-0.00279142
-0.00291352
-0.00303505
-0.00315603
-0.00327647
-0.00339636
-0.00351571
-0.00363452
-0.00375281
-0.00387058
-0.00398783
-7.5407e-06
-0.000125715
-0.000243314
-0.000360337
-0.000476783
-0.000592653
-0.000707946
-0.000822663
-0.000936805
-0.00105037
-0.00116337
-0.00127579
-0.00138765
-0.00149893
-0.00160966
-0.00171982
-0.00182942
-0.00193846
-0.00204695
-0.0021549
-0.0022623
-0.00236915
-0.00247547
-0.00258126
0.00104431
0.000936508
0.000829268
0.000722594
0.000616486
0.000510947
0.000405977
0.000301575
0.000197743
9.448e-05
-8.21433e-06
-0.000110341
-0.0002119
-0.000312893
-0.000413321
-0.000513186
-0.000612489
-0.000711233
-0.00080942
-0.000907052
-0.00100413
-0.00110066
-0.00119665
-0.00129209
0.00200899
0.0019106
0.00181277
0.00171549
0.00161876
0.0015226
0.00142699
0.00133194
0.00123746
0.00114354
0.00105017
0.000957377
0.000865141
0.000773468
0.000682357
0.000591807
0.000501818
0.000412387
0.000323515
0.000235199
0.000147438
6.02303e-05
-2.64262e-05
-0.000112534
0.0028917
0.00280185
0.00271255
0.00262379
0.00253557
0.0024479
0.00236077
0.0022742
0.00218818
0.00210272
0.00201781
0.00193345
0.00184965
0.00176641
0.00168372
0.00160159
0.00152001
0.001439
0.00135853
0.00127863
0.00119928
0.00112048
0.00104223
0.000964532
0.00369725
0.00361514
0.00353356
0.00345251
0.003372
0.00329202
0.00321257
0.00313367
0.00305531
0.00297749
0.00290022
0.00282349
0.00274731
0.00267168
0.0025966
0.00252207
0.00244809
0.00237466
0.00230178
0.00222946
0.00215768
0.00208645
0.00201578
0.00194565
0.00443006
0.00435496
0.00428036
0.00420629
0.00413273
0.0040597
0.00398719
0.00391521
0.00384376
0.00377285
0.00370247
0.00363262
0.00356332
0.00349455
0.00342633
0.00335864
0.0032915
0.00322491
0.00315886
0.00309335
0.00302839
0.00296397
0.0029001
0.00283677
0.00509422
0.00502542
0.00495713
0.00488934
0.00482206
0.00475529
0.00468903
0.00462329
0.00455807
0.00449337
0.00442919
0.00436554
0.00430242
0.00423982
0.00417776
0.00411623
0.00405524
0.00399478
0.00393486
0.00387547
0.00381662
0.00375831
0.00370054
0.00364331
0.00569338
0.00563027
0.00556764
0.0055055
0.00544385
0.0053827
0.00532206
0.00526192
0.00520228
0.00514316
0.00508455
0.00502645
0.00496887
0.00491181
0.00485527
0.00479926
0.00474376
0.0046888
0.00463436
0.00458045
0.00452707
0.00447422
0.00442189
0.00437011
0.0062309
0.00617286
0.0061153
0.00605821
0.00600161
0.00594549
0.00588986
0.00583472
0.00578008
0.00572594
0.0056723
0.00561916
0.00556652
0.0055144
0.00546279
0.00541168
0.0053611
0.00531102
0.00526147
0.00521243
0.00516392
0.00511592
0.00506845
0.00502149
0.00670965
0.00665613
0.00660307
0.00655048
0.00649836
0.00644671
0.00639553
0.00634484
0.00629463
0.00624491
0.00619568
0.00614694
0.00609869
0.00605094
0.0060037
0.00595695
0.0059107
0.00586497
0.00581973
0.00577501
0.0057308
0.0056871
0.00564391
0.00560123
0.00555907
0.00713221
0.00708268
0.00703359
0.00698496
0.00693679
0.00688908
0.00684183
0.00679506
0.00674875
0.00670292
0.00665757
0.0066127
0.00656831
0.00652441
0.006481
0.00643808
0.00639565
0.00635372
0.00631228
0.00627134
0.0062309
0.00619096
0.00615153
0.00611259
0.00607417
0.00750057
0.00745451
0.00740889
0.00736372
0.00731899
0.00727472
0.00723089
0.00718753
0.00714463
0.00710219
0.00706021
0.00701871
0.00697768
0.00693712
0.00689705
0.00685745
0.00681834
0.0067797
0.00674156
0.0067039
0.00666674
0.00663006
0.00659388
0.00655819
0.006523
0.00781649
0.00777343
0.00773079
0.00768858
0.00764681
0.00760548
0.00756459
0.00752415
0.00748416
0.00744462
0.00740554
0.00736692
0.00732876
0.00729106
0.00725383
0.00721708
0.00718079
0.00714498
0.00710964
0.00707479
0.00704041
0.00700651
0.0069731
0.00694017
0.00690773
0.00808087
0.00804032
0.00800019
0.00796047
0.00792119
0.00788233
0.00784391
0.00780592
0.00776837
0.00773127
0.00769461
0.00765841
0.00762265
0.00758735
0.00755251
0.00751812
0.0074842
0.00745075
0.00741776
0.00738523
0.00735318
0.0073216
0.00729049
0.00725986
0.0072297
0.00829457
0.00825606
0.00821795
0.00818025
0.00814298
0.00810612
0.00806969
0.00803368
0.00799811
0.00796297
0.00792826
0.007894
0.00786018
0.0078268
0.00779387
0.0077614
0.00772937
0.0076978
0.00766669
0.00763604
0.00760584
0.00757612
0.00754685
0.00751805
0.00748972
0.00845705
0.00842012
0.00838358
0.00834746
0.00831174
0.00827643
0.00824154
0.00820706
0.00817301
0.00813938
0.00810618
0.00807341
0.00804107
0.00800917
0.00797771
0.00794669
0.00791611
0.00788598
0.00785629
0.00782705
0.00779827
0.00776994
0.00774206
0.00771464
0.00768768
0.00856791
0.00853205
0.00849658
0.00846152
0.00842685
0.00839259
0.00835873
0.00832529
0.00829226
0.00825965
0.00822746
0.00819569
0.00816435
0.00813343
0.00810295
0.0080729
0.00804329
0.00801411
0.00798538
0.00795709
0.00792924
0.00790184
0.00787488
0.00784838
0.00782233
0.00862513
0.00858992
0.0085551
0.00852067
0.00848664
0.008453
0.00841975
0.00838691
0.00835447
0.00832244
0.00829082
0.00825961
0.00822881
0.00819843
0.00816847
0.00813894
0.00810982
0.00808114
0.00805288
0.00802505
0.00799766
0.0079707
0.00794417
0.00791809
0.00789245
0.0243394
0.0242719
0.0242047
0.0241378
0.0240711
0.0240047
0.0239386
0.0238727
0.0238072
0.0237419
0.0236769
0.0236123
0.0235479
0.0234839
0.0234201
0.0233567
0.0232936
0.0232308
0.0231684
0.0231063
0.0230445
0.022983
0.0229219
0.0228612
0.0228008
0.0243005
0.0242321
0.0241639
0.024096
0.0240285
0.0239611
0.0238941
0.0238274
0.023761
0.0236949
0.0236291
0.0235636
0.0234985
0.0234337
0.0233692
0.0233051
0.0232413
0.0231778
0.0231147
0.0230519
0.0229895
0.0229275
0.0228659
0.0228046
0.0227436
0.0242259
0.0241561
0.0240865
0.0240172
0.0239481
0.0238794
0.023811
0.0237429
0.0236751
0.0236076
0.0235405
0.0234736
0.0234071
0.023341
0.0232752
0.0232097
0.0231446
0.0230799
0.0230155
0.0229515
0.0228879
0.0228246
0.0227617
0.0226992
0.0226371
0.0241171
0.0240451
0.0239734
0.023902
0.0238309
0.02376
0.0236896
0.0236194
0.0235495
0.02348
0.0234108
0.023342
0.0232735
0.0232054
0.0231376
0.0230702
0.0230032
0.0229365
0.0228702
0.0228043
0.0227388
0.0226737
0.022609
0.0225447
0.0224808
0.0239738
0.0238992
0.0238248
0.0237507
0.0236769
0.0236034
0.0235303
0.0234575
0.023385
0.0233129
0.0232411
0.0231697
0.0230986
0.0230279
0.0229576
0.0228876
0.0228181
0.0227489
0.0226801
0.0226117
0.0225438
0.0224762
0.022409
0.0223423
0.022276
0.0237968
0.0237188
0.0236411
0.0235638
0.0234867
0.02341
0.0233336
0.0232575
0.0231818
0.0231065
0.0230315
0.0229568
0.0228826
0.0228087
0.0227352
0.0226621
0.0225894
0.0225171
0.0224452
0.0223737
0.0223027
0.022232
0.0221618
0.022092
0.0220227
0.0235851
0.0235032
0.0234216
0.0233404
0.0232594
0.0231789
0.0230986
0.0230187
0.0229392
0.02286
0.0227812
0.0227027
0.0226247
0.022547
0.0224698
0.0223929
0.0223165
0.0222404
0.0221648
0.0220896
0.0220149
0.0219406
0.0218667
0.0217933
0.0217203
0.0233383
0.0232519
0.0231658
0.02308
0.0229946
0.0229095
0.0228248
0.0227404
0.0226564
0.0225728
0.0224895
0.0224067
0.0223242
0.0222422
0.0221605
0.0220793
0.0219985
0.0219181
0.0218381
0.0217586
0.0216795
0.0216009
0.0215227
0.021445
0.0213677
0.0230551
0.0229635
0.0228722
0.0227813
0.0226908
0.0226006
0.0225107
0.0224213
0.0223322
0.0222435
0.0221552
0.0220672
0.0219797
0.0218926
0.0218059
0.0217197
0.0216339
0.0215485
0.0214635
0.021379
0.021295
0.0212114
0.0211283
0.0210456
0.0209634
0.0227341
0.0226368
0.0225397
0.022443
0.0223467
0.0222507
0.0221551
0.0220599
0.021965
0.0218706
0.0217765
0.0216829
0.0215896
0.0214968
0.0214044
0.0213125
0.021221
0.0211299
0.0210393
0.0209491
0.0208594
0.0207702
0.0206815
0.0205932
0.0205054
0.0223738
0.0222699
0.0221664
0.0220632
0.0219604
0.021858
0.0217559
0.0216543
0.021553
0.0214521
0.0213516
0.0212515
0.0211519
0.0210527
0.0209539
0.0208555
0.0207576
0.0206602
0.0205632
0.0204667
0.0203706
0.0202751
0.02018
0.0200853
0.0199912
0.0219723
0.0218612
0.0217505
0.0216402
0.0215302
0.0214205
0.0213113
0.0212024
0.021094
0.0209859
0.0208783
0.0207711
0.0206643
0.0205579
0.020452
0.0203465
0.0202415
0.0201369
0.0200328
0.0199292
0.019826
0.0197233
0.0196211
0.0195194
0.0194182
0.0215275
0.0214085
0.0212898
0.0211715
0.0210536
0.020936
0.0208188
0.020702
0.0205856
0.0204697
0.0203541
0.020239
0.0201242
0.02001
0.0198961
0.0197827
0.0196698
0.0195573
0.0194453
0.0193337
0.0192227
0.0191121
0.019002
0.0188923
0.0187832
0.0210372
0.0209094
0.020782
0.0206549
0.0205282
0.0204019
0.020276
0.0201505
0.0200253
0.0199006
0.0197763
0.0196524
0.019529
0.0194059
0.0192833
0.0191612
0.0190395
0.0189183
0.0187975
0.0186772
0.0185573
0.018438
0.0183191
0.0182007
0.0180828
0.0204989
0.0203615
0.0202245
0.0200878
0.0199515
0.0198156
0.0196801
0.019545
0.0194102
0.0192759
0.0191419
0.0190084
0.0188754
0.0187427
0.0186105
0.0184787
0.0183474
0.0182165
0.018086
0.0179561
0.0178266
0.0176975
0.017569
0.0174409
0.0173133
0.01991
0.0197621
0.0196146
0.0194674
0.0193206
0.0191741
0.0190281
0.0188824
0.0187372
0.0185923
0.0184478
0.0183037
0.0181601
0.0180169
0.0178741
0.0177317
0.0175898
0.0174483
0.0173072
0.0171666
0.0170265
0.0168868
0.0167475
0.0166088
0.0164704
0.0192676
0.0191082
0.0189492
0.0187906
0.0186323
0.0184744
0.0183168
0.0181596
0.0180028
0.0178464
0.0176904
0.0175348
0.0173796
0.0172248
0.0170704
0.0169164
0.0167629
0.0166097
0.016457
0.0163047
0.0161529
0.0160015
0.0158505
0.0157
0.0155499
0.0185686
0.0183968
0.0182253
0.0180541
0.0178833
0.0177129
0.0175428
0.017373
0.0172037
0.0170347
0.0168661
0.0166978
0.01653
0.0163625
0.0161954
0.0160287
0.0158625
0.0156966
0.0155311
0.015366
0.0152013
0.0150371
0.0148732
0.0147098
0.0145467
0.0178099
0.0176245
0.0174394
0.0172546
0.0170702
0.0168861
0.0167023
0.0165189
0.0163358
0.0161531
0.0159707
0.0157887
0.0156071
0.0154258
0.0152448
0.0150643
0.0148841
0.0147042
0.0145248
0.0143457
0.014167
0.0139886
0.0138107
0.0136331
0.0134558
0.016988
0.0167878
0.0165879
0.0163883
0.016189
0.0159901
0.0157915
0.0155931
0.0153951
0.0151975
0.0150001
0.0148031
0.0146064
0.01441
0.014214
0.0140183
0.0138229
0.0136278
0.0134331
0.0132387
0.0130446
0.0128509
0.0126575
0.0124644
0.0122716
0.0160991
0.0158829
0.0156669
0.0154513
0.0152359
0.0150208
0.014806
0.0145915
0.0143772
0.0141633
0.0139496
0.0137363
0.0135232
0.0133104
0.0130979
0.0128857
0.0126737
0.0124621
0.0122507
0.0120396
0.0118287
0.0116182
0.0114079
0.0111978
0.010988
0.0151393
0.0149057
0.0146723
0.0144392
0.0142063
0.0139737
0.0137413
0.0135092
0.0132774
0.0130457
0.0128144
0.0125832
0.0123523
0.0121217
0.0118912
0.011661
0.0114311
0.0112013
0.0109717
0.0107424
0.0105133
0.0102843
0.0100556
0.00982703
0.0141044
0.0138519
0.0135996
0.0133476
0.0130957
0.0128441
0.0125927
0.0123415
0.0120904
0.0118396
0.011589
0.0113385
0.0110883
0.0108382
0.0105883
0.0103385
0.0100889
0.00983942
0.0095901
0.0093409
0.00909182
0.00884285
0.00859399
0.00834523
0.0129899
0.0127169
0.0124442
0.0121716
0.0118992
0.0116269
0.0113548
0.0110829
0.0108111
0.0105394
0.0102679
0.00999646
0.00972515
0.00945395
0.00918284
0.00891181
0.00864085
0.00836995
0.0080991
0.00782828
0.00755749
0.00728671
0.00701592
0.00674513
0.0117908
0.0114957
0.0112007
0.0109059
0.0106112
0.0103166
0.0100221
0.00972768
0.00943335
0.00913909
0.00884488
0.00855072
0.00825658
0.00796247
0.00766835
0.00737422
0.00708007
0.00678587
0.00649162
0.00619729
0.00590287
0.00560834
0.00531369
0.00501891
0.0105021
0.010183
0.00986398
0.00954505
0.00922619
0.00890737
0.00858859
0.00826983
0.00795108
0.00763231
0.00731352
0.00699468
0.00667578
0.0063568
0.00603772
0.00571852
0.00539918
0.00507968
0.00476001
0.00444013
0.00412003
0.00379968
0.00347907
0.00315817
0.00911762
0.00877259
0.00842759
0.0080826
0.00773762
0.00739261
0.00704756
0.00670246
0.00635727
0.00601199
0.00566658
0.00532102
0.00497529
0.00462937
0.00428323
0.00393685
0.0035902
0.00324326
0.002896
0.00254838
0.0022004
0.00185201
0.00150318
0.0011539
0.00763162
0.00725858
0.00688549
0.00651234
0.0061391
0.00576577
0.0053923
0.00501868
0.00464488
0.00427088
0.00389664
0.00352215
0.00314736
0.00277225
0.00239679
0.00202095
0.0016447
0.00126799
0.00089081
0.000513111
0.000134863
-0.000243971
-0.000623425
-0.00100354
0.00603755
0.00563415
0.00523064
0.004827
0.00442321
0.00401922
0.00361501
0.00321055
0.00280581
0.00240074
0.00199533
0.00158952
0.00118329
0.000776601
0.000369409
-3.8323e-05
-0.000446634
-0.000855566
-0.00126516
-0.00167546
-0.0020865
-0.00249833
-0.002911
-0.00332455
0.00432847
0.00389223
0.00345583
0.00301921
0.00258236
0.00214522
0.00170776
0.00126995
0.00083173
0.000393074
-4.6065e-05
-0.000485732
-0.000925971
-0.00136683
-0.00180835
-0.00225059
-0.00269359
-0.00313739
-0.00358207
-0.00402765
-0.00447421
-0.00492178
-0.00537043
-0.00582021
0.00249619
0.00202449
0.00155254
0.00108031
0.000607738
0.000134792
-0.000338579
-0.000812425
-0.00128679
-0.00176173
-0.0022373
-0.00271355
-0.00319053
-0.0036683
-0.00414692
-0.00462644
-0.00510692
-0.00558842
-0.00607102
-0.00655475
-0.0070397
-0.00752593
-0.00801349
-0.00850247
0.000532158
2.21482e-05
-0.000488182
-0.000998883
-0.00151001
-0.00202162
-0.00253376
-0.0030465
-0.00355989
-0.00407399
-0.00458888
-0.00510461
-0.00562124
-0.00613885
-0.0066575
-0.00717726
-0.0076982
-0.0082204
-0.00874392
-0.00926885
-0.00979525
-0.0103232
-0.0108528
-0.0113841
-0.00157285
-0.00212424
-0.00267601
-0.00322824
-0.00378098
-0.0043343
-0.00488828
-0.00544297
-0.00599845
-0.0065548
-0.00711209
-0.00767038
-0.00822977
-0.00879033
-0.00935214
-0.00991529
-0.0104798
-0.0110459
-0.0116136
-0.0121829
-0.012754
-0.013327
-0.0139019
-0.0144788
-0.0038291
-0.00442516
-0.00502167
-0.00561872
-0.00621636
-0.00681469
-0.00741378
-0.00801371
-0.00861456
-0.00921643
-0.0098194
-0.0104236
-0.011029
-0.0116358
-0.0122441
-0.012854
-0.0134655
-0.0140787
-0.0146939
-0.015311
-0.0159302
-0.0165516
-0.0171753
-0.0178013
-0.00624853
-0.00689274
-0.00753746
-0.00818277
-0.00882877
-0.00947554
-0.0101232
-0.0107718
-0.0114215
-0.0120723
-0.0127244
-0.0133779
-0.0140328
-0.0146894
-0.0153476
-0.0160077
-0.0166696
-0.0173336
-0.0179998
-0.0186683
-0.0193391
-0.0200125
-0.0206885
-0.0213673
-0.00884243
-0.00953864
-0.0102354
-0.0109328
-0.011631
-0.01233
-0.0130299
-0.013731
-0.0144332
-0.0151367
-0.0158417
-0.0165482
-0.0172563
-0.0179663
-0.0186782
-0.0193921
-0.0201082
-0.0208267
-0.0215475
-0.022271
-0.0229972
-0.0237263
-0.0244584
-0.0251937
-0.0116258
-0.0123781
-0.0131309
-0.0138843
-0.0146386
-0.0153937
-0.0161499
-0.0169073
-0.017666
-0.018426
-0.0191877
-0.0199511
-0.0207163
-0.0214835
-0.0222528
-0.0230244
-0.0237985
-0.0245752
-0.0253546
-0.0261369
-0.0269223
-0.0277109
-0.0285029
-0.0292985
-0.014613
-0.0154257
-0.0162389
-0.0170527
-0.0178674
-0.0186829
-0.0194996
-0.0203175
-0.0211367
-0.0219575
-0.0227799
-0.0236042
-0.0244306
-0.025259
-0.0260898
-0.0269232
-0.0277591
-0.028598
-0.0294399
-0.0302849
-0.0311334
-0.0319855
-0.0328413
-0.0337011
-0.017822
-0.0186997
-0.0195779
-0.0204567
-0.0213362
-0.0222167
-0.0230982
-0.0239809
-0.0248651
-0.0257508
-0.0266383
-0.0275277
-0.0284193
-0.0293132
-0.0302096
-0.0311087
-0.0320106
-0.0329157
-0.033824
-0.0347358
-0.0356513
-0.0365707
-0.0374942
-0.0384221
-0.0212719
-0.0222195
-0.0231675
-0.024116
-0.0250651
-0.026015
-0.026966
-0.0279182
-0.0288718
-0.0298269
-0.0307839
-0.0317429
-0.032704
-0.0336676
-0.0346338
-0.0356028
-0.0365749
-0.0375502
-0.038529
-0.0395116
-0.040498
-0.0414887
-0.0424837
-0.0434834
-0.0249829
-0.0260059
-0.027029
-0.0280524
-0.0290762
-0.0301007
-0.0311261
-0.0321526
-0.0331803
-0.0342096
-0.0352407
-0.0362737
-0.0373089
-0.0383465
-0.0393868
-0.0404299
-0.0414763
-0.0425259
-0.0435792
-0.0446364
-0.0456977
-0.0467634
-0.0478336
-0.0489088
-0.0289786
-0.0300827
-0.0311866
-0.0322903
-0.0333942
-0.0344986
-0.0356035
-0.0367093
-0.0378162
-0.0389245
-0.0400343
-0.041146
-0.0422597
-0.0433758
-0.0444945
-0.045616
-0.0467407
-0.0478687
-0.0490004
-0.050136
-0.0512758
-0.0524201
-0.0535691
-0.0547231
-0.033287
-0.0344782
-0.0356685
-0.0368584
-0.038048
-0.0392375
-0.0404273
-0.0416176
-0.0428087
-0.0440008
-0.0451942
-0.0463891
-0.0475859
-0.0487848
-0.0499862
-0.0511902
-0.0523971
-0.0536074
-0.0548211
-0.0560387
-0.0572603
-0.0584864
-0.0597172
-0.060953
-0.0379369
-0.0392215
-0.0405046
-0.0417865
-0.0430676
-0.0443481
-0.0456282
-0.0469084
-0.0481888
-0.0494697
-0.0507515
-0.0520344
-0.0533187
-0.0546048
-0.0558929
-0.0571833
-0.0584763
-0.0597723
-0.0610715
-0.0623742
-0.0636807
-0.0649914
-0.0663066
-0.0676265
-0.042962
-0.0443468
-0.0457291
-0.0471095
-0.0484882
-0.0498655
-0.0512417
-0.0526171
-0.0539921
-0.0553669
-0.0567418
-0.0581172
-0.0594934
-0.0608707
-0.0622494
-0.0636298
-0.0650123
-0.0663972
-0.0677847
-0.0691752
-0.070569
-0.0719665
-0.0733678
-0.0747734
-0.0483992
-0.0498913
-0.05138
-0.0528654
-0.0543481
-0.0558283
-0.0573063
-0.0587825
-0.0602572
-0.0617308
-0.0632036
-0.0646758
-0.066148
-0.0676203
-0.0690931
-0.0705668
-0.0720416
-0.073518
-0.0749961
-0.0764764
-0.0779591
-0.0794446
-0.0809331
-0.0824249
-0.0542921
-0.055899
-0.0575009
-0.0590981
-0.0606912
-0.0622803
-0.0638658
-0.0654482
-0.0670278
-0.0686049
-0.0701798
-0.071753
-0.0733248
-0.0748954
-0.0764653
-0.0780348
-0.0796042
-0.0811738
-0.082744
-0.0843151
-0.0858873
-0.0874609
-0.0890364
-0.0906138
-0.0606879
-0.0624173
-0.0641398
-0.0658558
-0.0675657
-0.0692698
-0.0709686
-0.0726624
-0.0743516
-0.0760366
-0.0777177
-0.0793953
-0.0810698
-0.0827414
-0.0844106
-0.0860777
-0.0877429
-0.0894067
-0.0910692
-0.0927309
-0.0943919
-0.0960526
-0.0977132
-0.0993739
-0.0676395
-0.0694995
-0.0713502
-0.073192
-0.0750253
-0.0768504
-0.0786679
-0.0804781
-0.0822814
-0.0840783
-0.0858689
-0.0876539
-0.0894334
-0.0912078
-0.0929776
-0.0947429
-0.0965042
-0.0982616
-0.100016
-0.101766
-0.103514
-0.105259
-0.107001
-0.108741
-0.0752095
-0.0772082
-0.0791944
-0.0811688
-0.0831316
-0.0850833
-0.0870245
-0.0889554
-0.0908765
-0.0927882
-0.094691
-0.096585
-0.0984708
-0.100349
-0.102219
-0.104082
-0.105938
-0.107787
-0.10963
-0.111466
-0.113296
-0.11512
-0.116939
-0.118751
-0.0834653
-0.0856108
-0.0877399
-0.0898534
-0.0919515
-0.0940349
-0.096104
-0.0981592
-0.100201
-0.10223
-0.104246
-0.10625
-0.108242
-0.110222
-0.112191
-0.114149
-0.116097
-0.118034
-0.11996
-0.121877
-0.123783
-0.12568
-0.127566
-0.129443
-0.0924852
-0.0947851
-0.0970641
-0.0993225
-0.101561
-0.10378
-0.10598
-0.108162
-0.110326
-0.112472
-0.114602
-0.116714
-0.11881
-0.12089
-0.122955
-0.125004
-0.127038
-0.129056
-0.13106
-0.133049
-0.135023
-0.136983
-0.138928
-0.140857
-0.102359
-0.10482
-0.107255
-0.109663
-0.112045
-0.114403
-0.116735
-0.119044
-0.12133
-0.123592
-0.125832
-0.128049
-0.130245
-0.132419
-0.134573
-0.136705
-0.138817
-0.140909
-0.142981
-0.145032
-0.147064
-0.149075
-0.151067
-0.153038
-0.113183
-0.115812
-0.118407
-0.120968
-0.123497
-0.125993
-0.128458
-0.130892
-0.133296
-0.13567
-0.138015
-0.140331
-0.14262
-0.14488
-0.147113
-0.149319
-0.151498
-0.15365
-0.155776
-0.157876
-0.159949
-0.161996
-0.164018
-0.166013
-0.12508
-0.12788
-0.130636
-0.133351
-0.136024
-0.138656
-0.141248
-0.143802
-0.146317
-0.148795
-0.151236
-0.153641
-0.15601
-0.158345
-0.160646
-0.162912
-0.165146
-0.167347
-0.169516
-0.171652
-0.173757
-0.175829
-0.177869
-0.179877
-0.138171
-0.141144
-0.144062
-0.146927
-0.149739
-0.1525
-0.155212
-0.157874
-0.160488
-0.163055
-0.165575
-0.168051
-0.170482
-0.172869
-0.175214
-0.177518
-0.179781
-0.182004
-0.18419
-0.186339
-0.188453
-0.190534
-0.192583
-0.194602
-0.152627
-0.155768
-0.15884
-0.161846
-0.164787
-0.167664
-0.17048
-0.173234
-0.175929
-0.178566
-0.181145
-0.183669
-0.186139
-0.188554
-0.190917
-0.193228
-0.195489
-0.197699
-0.199861
-0.201975
-0.204044
-0.206071
-0.208057
-0.21001
-0.168603
-0.171903
-0.175117
-0.178249
-0.1813
-0.184271
-0.187166
-0.189986
-0.192734
-0.195411
-0.19802
-0.200564
-0.203045
-0.205465
-0.207828
-0.210136
-0.212392
-0.214599
-0.21676
-0.218879
-0.220957
-0.222998
-0.225003
-0.226976
-0.186373
-0.189807
-0.193134
-0.196356
-0.199475
-0.202494
-0.205416
-0.208242
-0.210976
-0.21362
-0.216177
-0.21865
-0.221041
-0.223356
-0.225597
-0.227771
-0.229883
-0.231942
-0.233957
-0.23594
-0.237904
-0.239866
-0.241846
-0.243866
-0.206062
-0.209606
-0.213015
-0.216294
-0.219444
-0.22247
-0.225374
-0.228158
-0.230825
-0.233377
-0.235815
-0.23814
-0.240351
-0.24245
-0.244437
-0.246311
-0.248073
-0.249723
-0.251265
-0.252704
-0.254045
-0.255301
-0.256489
-0.257631
)
;

boundaryField
{
    inlet
    {
        type            zeroGradient;
    }
    outlet
    {
        type            fixedValue;
        value           nonuniform 0();
    }
    cylinder
    {
        type            zeroGradient;
    }
    top
    {
        type            symmetryPlane;
    }
    bottom
    {
        type            symmetryPlane;
    }
    frontAndBack
    {
        type            empty;
    }
    procBoundary3to2
    {
        type            processor;
        value           nonuniform List<scalar> 
173
(
-0.636747
-0.627449
-0.620456
-0.620456
-0.619273
-0.610474
-0.610474
-0.605634
-0.593092
-0.578451
-0.578451
-0.563661
-0.543938
-0.522865
-0.501012
-0.501012
-0.476711
-0.454193
-0.432299
-0.432299
-0.407313
-0.386805
-0.367237
-0.3486
-0.3486
-0.326122
-0.220542
-0.2871
-0.27025
-0.254139
-0.238783
-0.238783
-0.361353
-0.343224
-0.325134
-0.307361
-0.307361
-0.410638
-0.3956
-0.37937
-0.37937
-0.442673
-0.43285
-0.421618
-0.421618
-0.45414
-0.446757
-0.446757
-0.469619
-0.461755
-0.455733
-0.455733
-0.303859
-0.279793
-0.257894
-0.238026
-0.219859
-0.203211
-0.187895
-0.173773
-0.160721
-0.148636
-0.137429
-0.127016
-0.117335
-0.10832
-0.09992
-0.0920865
-0.0847786
-0.0779556
-0.072736
-0.072736
-0.0666798
-0.0610249
-0.0557441
-0.0508129
-0.0462085
-0.04191
-0.037898
-0.034154
-0.030662
-0.0274059
-0.0243711
-0.0215442
-0.0189122
-0.0164632
-0.0141861
-0.0120703
-0.0101061
-0.00828405
-0.0065956
-0.00503261
-0.00358738
-0.00225269
-0.00102193
0.000111208
0.00115268
0.00210793
0.00298208
0.00377988
0.00450568
0.00516351
0.00575699
0.00628941
0.00676363
0.00718219
0.00754705
0.00785998
0.00812184
0.0083335
0.00849438
0.00860416
0.00866071
0.0244072
0.0243692
0.0242961
0.0241894
0.0240488
0.0238751
0.0236673
0.023425
0.023147
0.0228318
0.022478
0.0220837
0.0216469
0.0211654
0.0206367
0.0200582
0.0194273
0.0187408
0.0179957
0.0171885
0.0163156
0.0153732
0.0143572
0.013263
0.012086
0.0108213
0.00946272
0.00800465
0.00644087
0.00476456
0.00296768
0.0010419
-0.00102179
-0.00323341
-0.00560474
-0.00814665
-0.010874
-0.0138007
-0.0169445
-0.0203243
-0.0239597
-0.027874
-0.0320949
-0.0366507
-0.0415747
-0.0469033
-0.0526799
-0.0589513
-0.0657697
-0.073198
-0.0813032
-0.0901636
-0.0998697
-0.11052
-0.122236
-0.135144
-0.149417
-0.165216
-0.182829
-0.202381
)
;
    }
    procBoundary3to4
    {
        type            processor;
        value           nonuniform List<scalar> 
257
(
-0.41196
-0.415559
-0.419101
-0.422569
-0.425951
-0.429233
-0.432403
-0.435451
-0.435451
-0.438395
-0.441109
-0.443673
-0.446084
-0.448338
-0.450435
-0.452376
-0.454165
-0.454165
-0.455568
-0.456966
-0.458224
-0.459353
-0.459353
-0.460062
-0.460823
-0.461485
-0.462063
-0.462063
-0.462059
-0.462331
-0.462568
-0.462568
-0.462154
-0.462165
-0.462201
-0.462201
-0.461557
-0.461497
-0.461497
-0.46103
-0.460981
-0.46108
-0.46108
-0.460979
-0.461231
-0.461231
-0.46168
-0.462108
-0.462108
-0.462926
-0.463425
-0.463425
-0.463994
-0.463994
-0.463871
-0.463615
-0.463615
-0.461054
-0.461054
-0.456559
-0.454185
-0.454185
-0.44411
-0.44411
-0.434039
-0.434039
-0.409999
-0.283383
-0.258761
-0.283383
-0.290993
-0.290993
-0.302266
-0.302266
-0.302204
-0.310433
-0.310433
-0.318662
-0.318662
-0.318001
-0.325242
-0.325242
-0.331425
-0.331425
-0.330718
-0.335678
-0.335678
-0.334922
-0.338717
-0.338717
-0.337949
-0.340781
-0.340781
-0.340081
-0.342191
-0.342191
-0.341654
-0.341244
-0.342958
-0.342958
-0.342823
-0.342861
-0.344403
-0.344403
-0.34478
-0.345354
-0.346866
-0.346866
-0.347806
-0.348949
-0.350297
-0.352053
-0.352053
-0.353768
-0.355678
-0.357777
-0.35985
-0.35985
-0.362292
-0.364901
-0.36767
-0.370587
-0.373641
-0.37682
-0.380112
-0.383004
-0.383004
-0.386489
-0.390043
-0.393653
-0.397301
-0.400973
-0.404651
-0.408319
-0.409999
-0.388477
-0.364186
-0.340119
-0.317019
-0.294676
-0.273423
-0.253311
-0.234334
-0.216501
-0.199784
-0.184153
-0.169565
-0.155973
-0.143326
-0.131572
-0.120657
-0.110529
-0.101135
-0.0924273
-0.0843579
-0.0843579
-0.0778083
-0.0707938
-0.0643004
-0.0582904
-0.0527288
-0.047583
-0.0428224
-0.0384192
-0.034347
-0.0305818
-0.0271013
-0.0238849
-0.0209135
-0.0181694
-0.0156365
-0.0132996
-0.0111448
-0.00915933
-0.00733128
-0.00564973
-0.00410458
-0.00268652
-0.00138699
-0.000198095
0.000887385
0.00187607
0.00277399
0.00358662
0.00431885
0.00497507
0.00497507
0.00551742
0.00603624
0.0064883
0.00687577
0.00720003
0.00746186
0.00766118
0.00779673
0.00786724
0.0227407
0.0226831
0.0225754
0.0224173
0.0222101
0.0219538
0.0216478
0.021291
0.0208817
0.0204181
0.0198976
0.0193175
0.0186746
0.0179654
0.0171862
0.0163326
0.0154002
0.0143841
0.013279
0.0120792
0.0107785
0.00959865
0.00959865
0.00809655
0.00647431
0.00472396
0.00283696
0.000804125
-0.00138434
-0.00373903
-0.00627117
-0.00899291
-0.0119172
-0.0150579
-0.0184299
-0.0220491
-0.0259323
-0.0300979
-0.034565
-0.0393545
-0.044488
-0.0499891
-0.0558824
-0.062194
-0.0689514
-0.0761835
-0.0839204
-0.0921935
-0.101035
-0.110478
-0.120558
-0.131309
-0.142771
-0.154988
-0.167983
-0.181852
-0.196594
-0.211935
-0.228918
-0.245953
-0.258761
)
;
    }
}


// ************************************************************************* //
