/*--------------------------------*- C++ -*----------------------------------*\
  =========                 |
  \\      /  F ield         | OpenFOAM: The Open Source CFD Toolbox
   \\    /   O peration     | Website:  https://openfoam.org
    \\  /    A nd           | Version:  7
     \\/     M anipulation  |
\*---------------------------------------------------------------------------*/
FoamFile
{
    version     2.0;
    format      ascii;
    class       volScalarField;
    location    "180";
    object      p;
}
// * * * * * * * * * * * * * * * * * * * * * * * * * * * * * * * * * * * * * //

dimensions      [0 2 -2 0 0 0 0];

internalField   nonuniform List<scalar> 
7156
(
-0.137701
-0.153422
-0.16023
-0.155498
-0.14137
-0.122921
-0.104871
-0.0903046
-0.0803768
-0.074888
-0.0735189
-0.0767055
-0.0848132
-0.096517
-0.108216
-0.115316
-0.114622
-0.106214
-0.0935148
-0.0807602
-0.0706762
-0.0639851
-0.0609285
-0.0618899
-0.0665602
-0.0731095
-0.0782619
-0.0792827
-0.0752622
-0.135221
-0.150612
-0.157356
-0.152854
-0.139168
-0.121233
-0.103673
-0.0895456
-0.0800038
-0.0748605
-0.0738273
-0.0773782
-0.085893
-0.0980154
-0.110072
-0.117384
-0.116696
-0.108083
-0.0950198
-0.0818399
-0.0713374
-0.0642544
-0.0608118
-0.0613707
-0.065629
-0.0718002
-0.0766787
-0.0775929
-0.0736637
-0.132699
-0.147764
-0.154452
-0.150186
-0.136946
-0.119525
-0.102454
-0.0887624
-0.0796049
-0.0748061
-0.074108
-0.0780226
-0.0869439
-0.099486
-0.111903
-0.119434
-0.118758
-0.109944
-0.0965175
-0.0829094
-0.0719854
-0.0645091
-0.060681
-0.0608395
-0.0646894
-0.070487
-0.0750964
-0.0759074
-0.0720697
-0.13014
-0.144883
-0.151521
-0.147498
-0.134705
-0.117798
-0.101212
-0.0879549
-0.0791796
-0.0747239
-0.07436
-0.0786371
-0.0879641
-0.100927
-0.113709
-0.121464
-0.120808
-0.111796
-0.0980072
-0.0839686
-0.0726203
-0.0647495
-0.0605367
-0.0602974
-0.0637427
-0.0691714
-0.0735164
-0.0742274
-0.0704811
-0.127549
-0.141973
-0.148567
-0.144791
-0.132447
-0.116051
-0.0999483
-0.0871229
-0.0787273
-0.074613
-0.0745821
-0.07922
-0.0889514
-0.102335
-0.115485
-0.123472
-0.122842
-0.113639
-0.0994884
-0.0850174
-0.0732424
-0.0649763
-0.06038
-0.0597455
-0.0627903
-0.0678548
-0.0719402
-0.072554
-0.0688986
-0.12493
-0.139039
-0.145594
-0.142069
-0.130173
-0.114286
-0.0986632
-0.0862663
-0.0782476
-0.0744728
-0.0747731
-0.0797699
-0.0899039
-0.103709
-0.11723
-0.125455
-0.12486
-0.11547
-0.10096
-0.0860557
-0.0738519
-0.06519
-0.0602115
-0.0591849
-0.0618333
-0.0665386
-0.0703691
-0.0708884
-0.0673232
-0.122287
-0.136085
-0.142604
-0.139333
-0.127885
-0.112504
-0.0973571
-0.085385
-0.0777401
-0.0743024
-0.0749319
-0.0802851
-0.0908196
-0.105045
-0.118942
-0.127412
-0.126859
-0.11729
-0.102423
-0.0870834
-0.0744493
-0.0653912
-0.0600321
-0.0586166
-0.0608731
-0.0652243
-0.0688042
-0.0692315
-0.0657554
-0.119626
-0.133115
-0.139602
-0.136587
-0.125584
-0.110706
-0.0960304
-0.0844791
-0.0772045
-0.0741013
-0.0750575
-0.0807643
-0.0916965
-0.106343
-0.120618
-0.12934
-0.128839
-0.119097
-0.103875
-0.0881006
-0.0750347
-0.0655803
-0.0598426
-0.0580417
-0.0599109
-0.063913
-0.0672469
-0.0675845
-0.0641962
-0.11695
-0.130133
-0.136591
-0.133832
-0.123273
-0.108892
-0.0946836
-0.0835487
-0.0766405
-0.0738688
-0.0751489
-0.0812059
-0.0925329
-0.107598
-0.122256
-0.131237
-0.130796
-0.120889
-0.105316
-0.089107
-0.0756085
-0.0657581
-0.0596438
-0.0574612
-0.058948
-0.0626061
-0.0656984
-0.0659482
-0.0626461
-0.114264
-0.127143
-0.133574
-0.131071
-0.120952
-0.107065
-0.0933172
-0.082594
-0.0760478
-0.0736044
-0.0752052
-0.0816086
-0.0933267
-0.108811
-0.123853
-0.133101
-0.13273
-0.122665
-0.106746
-0.0901029
-0.076171
-0.0659251
-0.0594365
-0.056876
-0.0579854
-0.0613047
-0.0641599
-0.0643237
-0.0611059
-0.111572
-0.12415
-0.130555
-0.128307
-0.118623
-0.105223
-0.0919318
-0.081615
-0.0754264
-0.0733075
-0.0752255
-0.0819711
-0.0940764
-0.109977
-0.125407
-0.134929
-0.134638
-0.124425
-0.108164
-0.091088
-0.0767226
-0.0660817
-0.0592215
-0.0562872
-0.0570242
-0.0600101
-0.0626323
-0.0627118
-0.0595762
-0.108877
-0.121157
-0.127536
-0.125541
-0.116288
-0.10337
-0.0905281
-0.0806121
-0.0747762
-0.0729779
-0.0752091
-0.0822921
-0.0947801
-0.111096
-0.126916
-0.136721
-0.136519
-0.126166
-0.10957
-0.0920624
-0.0772635
-0.0662288
-0.0589995
-0.0556957
-0.0560657
-0.0587235
-0.0611169
-0.0611134
-0.0580578
-0.106184
-0.118167
-0.124521
-0.122776
-0.113949
-0.101506
-0.0891068
-0.0795856
-0.0740971
-0.0726151
-0.0751551
-0.0825705
-0.0954363
-0.112165
-0.128378
-0.138473
-0.138371
-0.127889
-0.110962
-0.0930261
-0.0777943
-0.0663667
-0.0587713
-0.0551025
-0.0551108
-0.0574458
-0.0596145
-0.0595295
-0.0565513
-0.103497
-0.115184
-0.121512
-0.120014
-0.111607
-0.0996311
-0.0876686
-0.0785359
-0.0733892
-0.0722188
-0.0750631
-0.0828051
-0.0960434
-0.113182
-0.129791
-0.140183
-0.140193
-0.129591
-0.112341
-0.0939791
-0.0783152
-0.0664962
-0.0585377
-0.0545083
-0.0541604
-0.0561781
-0.0581263
-0.0579608
-0.0550573
-0.100818
-0.112212
-0.118512
-0.117258
-0.109263
-0.0977478
-0.0862142
-0.0774634
-0.0726526
-0.0717889
-0.0749322
-0.0829951
-0.0965998
-0.114145
-0.131152
-0.14185
-0.141982
-0.131272
-0.113706
-0.0949215
-0.0788266
-0.0666178
-0.0582993
-0.0539142
-0.0532157
-0.0549215
-0.0566531
-0.056408
-0.0535765
-0.0981508
-0.109254
-0.115525
-0.114509
-0.10692
-0.0958567
-0.0847446
-0.0763686
-0.0718875
-0.0713253
-0.0747622
-0.0831393
-0.0971042
-0.115053
-0.13246
-0.143471
-0.143737
-0.13293
-0.115056
-0.0958531
-0.0793289
-0.066732
-0.058057
-0.0533208
-0.0522774
-0.0536768
-0.0551958
-0.054872
-0.0521093
-0.0954992
-0.106312
-0.112552
-0.111769
-0.104578
-0.0939592
-0.0832606
-0.0752521
-0.0710942
-0.0708277
-0.0745525
-0.083237
-0.0975553
-0.115904
-0.133712
-0.145045
-0.145456
-0.134565
-0.116391
-0.0967741
-0.0798225
-0.0668395
-0.0578115
-0.052729
-0.0513464
-0.0524449
-0.0537552
-0.0533535
-0.0506565
-0.092866
-0.10339
-0.109596
-0.10904
-0.10224
-0.0920563
-0.0817631
-0.0741145
-0.070273
-0.0702964
-0.0743029
-0.0832875
-0.0979519
-0.116696
-0.134907
-0.146569
-0.147138
-0.136175
-0.11771
-0.0976844
-0.0803078
-0.0669409
-0.0575633
-0.0521396
-0.0504236
-0.0512267
-0.0523321
-0.051853
-0.0492185
-0.0902541
-0.10049
-0.10666
-0.106325
-0.0999068
-0.0901493
-0.0802532
-0.0729565
-0.0694242
-0.0697313
-0.074013
-0.0832901
-0.0982929
-0.117427
-0.136042
-0.148042
-0.148781
-0.137758
-0.119013
-0.098584
-0.0807852
-0.0670367
-0.0573133
-0.0515532
-0.0495098
-0.050023
-0.0509273
-0.0503714
-0.047796
-0.0876662
-0.0976157
-0.103746
-0.103624
-0.0975798
-0.0882394
-0.0787317
-0.0717789
-0.0685484
-0.0691326
-0.0736827
-0.0832441
-0.0985772
-0.118097
-0.137117
-0.149463
-0.150383
-0.139315
-0.120299
-0.099473
-0.081255
-0.0671275
-0.0570619
-0.0509707
-0.0486056
-0.0488344
-0.0495415
-0.0489091
-0.0463894
-0.0851048
-0.0947688
-0.100855
-0.10094
-0.0952608
-0.0863278
-0.0771997
-0.0705824
-0.0676461
-0.0685006
-0.073312
-0.0831492
-0.098804
-0.118704
-0.138129
-0.150828
-0.151943
-0.140843
-0.121568
-0.100351
-0.0817176
-0.0672138
-0.05681
-0.0503926
-0.0477117
-0.0476617
-0.0481752
-0.0474667
-0.0449992
-0.0825724
-0.0919519
-0.0979913
-0.0982751
-0.092951
-0.0844158
-0.0756584
-0.0693678
-0.0667179
-0.0678356
-0.0729008
-0.0830051
-0.0989724
-0.119246
-0.139077
-0.152137
-0.15346
-0.142342
-0.122818
-0.101219
-0.0821734
-0.0672962
-0.0565581
-0.0498197
-0.0468289
-0.0465056
-0.0468291
-0.0460449
-0.0436259
-0.0800711
-0.0891671
-0.0951553
-0.0956299
-0.090652
-0.0825045
-0.0741087
-0.0681362
-0.0657644
-0.067138
-0.0724493
-0.0828114
-0.0990819
-0.119723
-0.13996
-0.153388
-0.154931
-0.14381
-0.124051
-0.102076
-0.0826228
-0.0673753
-0.0563067
-0.0492524
-0.0459576
-0.0453664
-0.0455038
-0.044644
-0.04227
-0.0776031
-0.0864166
-0.0923493
-0.0930065
-0.0883652
-0.0805953
-0.0725518
-0.0668883
-0.0647864
-0.0664082
-0.0719575
-0.0825679
-0.0991317
-0.120133
-0.140776
-0.15458
-0.156354
-0.145247
-0.125264
-0.102922
-0.083066
-0.0674515
-0.0560565
-0.0486914
-0.0450984
-0.0442449
-0.0441997
-0.0432646
-0.0409319
-0.0751703
-0.083702
-0.0895752
-0.0904016
-0.0860918
-0.0786893
-0.0709889
-0.0656253
-0.0637847
-0.0656469
-0.071426
-0.0822748
-0.0991216
-0.120477
-0.141524
-0.155711
-0.157727
-0.146651
-0.126457
-0.103758
-0.0835036
-0.0675254
-0.0558081
-0.0481373
-0.0442519
-0.0431415
-0.0429173
-0.0419071
-0.0396121
-0.0727745
-0.0810254
-0.0868346
-0.0878184
-0.0838334
-0.0767878
-0.0694211
-0.0643481
-0.0627601
-0.0648545
-0.0708548
-0.0819319
-0.0990511
-0.120752
-0.142202
-0.15678
-0.159104
-0.148022
-0.127631
-0.104582
-0.0839357
-0.0675975
-0.0555619
-0.0475904
-0.0434185
-0.0420566
-0.041657
-0.0405719
-0.038311
-0.0704172
-0.0783882
-0.0841294
-0.0853923
-0.081591
-0.0748919
-0.0678496
-0.0630578
-0.0617135
-0.0640318
-0.0702447
-0.0815396
-0.09892
-0.120958
-0.142811
-0.157784
-0.160376
-0.149357
-0.128783
-0.105396
-0.0843628
-0.0676682
-0.0553186
-0.0470514
-0.0425986
-0.0409905
-0.0404192
-0.0392594
-0.0370289
-0.0681
-0.0757919
-0.0814598
-0.0828481
-0.0793658
-0.0730029
-0.0662757
-0.0617555
-0.0606459
-0.0631796
-0.069596
-0.081098
-0.0987283
-0.121095
-0.143348
-0.158724
-0.161598
-0.150657
-0.129914
-0.106199
-0.0847851
-0.0677381
-0.0550785
-0.0465207
-0.0417925
-0.0399437
-0.0392042
-0.0379699
-0.0357662
-0.0658243
-0.0732378
-0.0788275
-0.0803337
-0.0771593
-0.0711218
-0.0647004
-0.0604424
-0.0595583
-0.0622987
-0.0689094
-0.0806076
-0.098476
-0.121162
-0.143814
-0.159599
-0.162768
-0.15192
-0.131023
-0.106991
-0.085203
-0.0678077
-0.0548421
-0.0459986
-0.0410008
-0.0389164
-0.0380123
-0.0367038
-0.0345234
-0.0635911
-0.0707272
-0.0762341
-0.0778559
-0.0749728
-0.0692498
-0.063125
-0.0591197
-0.0584517
-0.0613899
-0.0681856
-0.0800688
-0.0981632
-0.12116
-0.144207
-0.160406
-0.163883
-0.153145
-0.13211
-0.107771
-0.0856166
-0.0678773
-0.0546101
-0.0454857
-0.0402235
-0.0379089
-0.0368436
-0.0354612
-0.0333006
-0.0614015
-0.0682611
-0.073681
-0.0754157
-0.0728076
-0.0673881
-0.0615507
-0.0577884
-0.0573273
-0.0604542
-0.0674255
-0.0794823
-0.0977902
-0.121088
-0.144526
-0.161146
-0.164944
-0.15433
-0.133173
-0.108541
-0.0860264
-0.0679474
-0.0543826
-0.0449822
-0.0394611
-0.0369213
-0.0356985
-0.0342425
-0.0320984
-0.0592565
-0.0658405
-0.0711695
-0.0730137
-0.0706648
-0.0655377
-0.0599787
-0.05645
-0.0561863
-0.0594927
-0.0666298
-0.0788486
-0.0973574
-0.120945
-0.144773
-0.161817
-0.165949
-0.155476
-0.134212
-0.109298
-0.0864324
-0.0680184
-0.0541603
-0.0444885
-0.0387136
-0.0359538
-0.034577
-0.0330478
-0.0309169
-0.0634662
-0.0687005
-0.070647
-0.0685453
-0.0636999
-0.0584102
-0.0551055
-0.0550297
-0.0585064
-0.0657996
-0.0781687
-0.0968653
-0.120733
-0.144945
-0.16242
-0.166898
-0.156581
-0.135227
-0.110045
-0.0868351
-0.0680908
-0.0539434
-0.044005
-0.0379815
-0.0350066
-0.0334792
-0.0318774
-0.0297564
-0.0611391
-0.0662751
-0.0683157
-0.0664503
-0.0618757
-0.0568464
-0.0537563
-0.0538589
-0.0574964
-0.0649358
-0.0774433
-0.0963145
-0.120451
-0.145044
-0.162952
-0.167788
-0.157644
-0.136217
-0.110779
-0.0872344
-0.0681648
-0.0537325
-0.0435319
-0.0372647
-0.0340796
-0.0324053
-0.0307314
-0.0286173
-0.0588596
-0.0638938
-0.0660205
-0.0643811
-0.0600662
-0.0552885
-0.0524036
-0.0526751
-0.0564638
-0.0640395
-0.0766735
-0.0957058
-0.1201
-0.145068
-0.163415
-0.168619
-0.158665
-0.137181
-0.111502
-0.0876307
-0.068241
-0.0535277
-0.0430696
-0.0365634
-0.033173
-0.0313552
-0.0296099
-0.0274998
-0.0566283
-0.0615574
-0.0637623
-0.0623389
-0.0582726
-0.0537377
-0.0510487
-0.0514795
-0.05541
-0.0631119
-0.0758603
-0.09504
-0.11968
-0.145019
-0.163807
-0.16939
-0.159641
-0.138119
-0.112212
-0.0880241
-0.0683196
-0.0533296
-0.0426182
-0.0358778
-0.0322867
-0.0303289
-0.0285129
-0.0264041
-0.0544455
-0.0592665
-0.0615419
-0.0603248
-0.0564958
-0.052195
-0.0496929
-0.0502736
-0.0543361
-0.0621541
-0.0750048
-0.094318
-0.119191
-0.144896
-0.164129
-0.170101
-0.160573
-0.139029
-0.11291
-0.0884147
-0.0684009
-0.0531383
-0.042178
-0.0352079
-0.0314207
-0.0293264
-0.0274406
-0.0253305
-0.0523113
-0.0570216
-0.0593601
-0.05834
-0.0547371
-0.0506616
-0.0483374
-0.0490586
-0.0532435
-0.0611675
-0.0741083
-0.093541
-0.118635
-0.144699
-0.16438
-0.17075
-0.16146
-0.139912
-0.113595
-0.0888027
-0.0684853
-0.0529543
-0.0417493
-0.0345538
-0.0305748
-0.0283476
-0.026393
-0.0242792
-0.050226
-0.054823
-0.0572176
-0.0563857
-0.0529976
-0.0491387
-0.0469836
-0.047836
-0.0521335
-0.0601534
-0.0731722
-0.0927099
-0.118013
-0.14443
-0.16456
-0.171338
-0.1623
-0.140766
-0.114268
-0.0891881
-0.0685731
-0.0527778
-0.0413323
-0.0339155
-0.0297491
-0.0273924
-0.02537
-0.0232504
-0.0481894
-0.052671
-0.0551151
-0.0544631
-0.0512785
-0.0476274
-0.0456327
-0.0466069
-0.0510074
-0.0591132
-0.0721977
-0.0918262
-0.117325
-0.144088
-0.164669
-0.171865
-0.163092
-0.141592
-0.114927
-0.089571
-0.0686645
-0.0526091
-0.040927
-0.0332932
-0.0289433
-0.0264605
-0.0243716
-0.0222441
-0.0462014
-0.0505658
-0.0530533
-0.0525735
-0.0495809
-0.0461289
-0.044286
-0.0453729
-0.0498667
-0.0580482
-0.0711863
-0.0908911
-0.116572
-0.143674
-0.164707
-0.172329
-0.163837
-0.142387
-0.115572
-0.0899514
-0.0687598
-0.0524483
-0.0405337
-0.0326866
-0.0281573
-0.0255519
-0.0233977
-0.0212625
-0.0442619
-0.0485074
-0.0510327
-0.050718
-0.0479063
-0.0446443
-0.0429447
-0.0441354
-0.0487128
-0.0569599
-0.0701395
-0.0899061
-0.115755
-0.143189
-0.164675
-0.172729
-0.164533
-0.143152
-0.116203
-0.0903293
-0.0688591
-0.0522959
-0.0401526
-0.032096
-0.0273909
-0.0246662
-0.0224484
-0.0203061
-0.0423712
-0.0464964
-0.0490544
-0.0488982
-0.0462564
-0.0431749
-0.0416103
-0.0428957
-0.0475471
-0.0558499
-0.0690589
-0.0888726
-0.114877
-0.142634
-0.164572
-0.173067
-0.165178
-0.143885
-0.11682
-0.0907052
-0.0689633
-0.0521524
-0.0397841
-0.0315215
-0.0266442
-0.0238034
-0.0215235
-0.0193661
-0.0405283
-0.0445322
-0.0471193
-0.0471165
-0.0446332
-0.0417225
-0.0402843
-0.0416555
-0.0463713
-0.0547197
-0.0679462
-0.0877922
-0.113937
-0.142009
-0.164399
-0.173339
-0.165773
-0.144586
-0.117423
-0.0910795
-0.0690726
-0.0520182
-0.0394282
-0.030963
-0.0259167
-0.0229632
-0.0206229
-0.0184492
-0.0387291
-0.0426102
-0.0452232
-0.0453737
-0.0430372
-0.0402879
-0.038968
-0.0404162
-0.0451867
-0.0535709
-0.0668031
-0.0866667
-0.112937
-0.141315
-0.164156
-0.173549
-0.166319
-0.145256
-0.118011
-0.0914499
-0.0691846
-0.0518907
-0.039083
-0.0304186
-0.0252065
-0.0221434
-0.0197448
-0.0175552
-0.0369716
-0.0407249
-0.0433587
-0.0436596
-0.0414634
-0.0388686
-0.0376607
-0.039178
-0.0439942
-0.0524045
-0.065631
-0.0854983
-0.111881
-0.140558
-0.16385
-0.173704
-0.16682
-0.145894
-0.118579
-0.0918094
-0.0692932
-0.0517657
-0.0387454
-0.0298862
-0.0245116
-0.0213417
-0.0188866
-0.0166817
-0.0352801
-0.0389015
-0.0415495
-0.0419724
-0.0399204
-0.0374685
-0.0363636
-0.0379419
-0.0427949
-0.051222
-0.0644319
-0.0842892
-0.110771
-0.139737
-0.163478
-0.17379
-0.167258
-0.146484
-0.11912
-0.0921631
-0.0694088
-0.0516546
-0.0384263
-0.0293761
-0.0238425
-0.0205685
-0.0180582
-0.0158364
-0.033696
-0.0372072
-0.0398884
-0.0404149
-0.0384852
-0.0361377
-0.0351057
-0.0367247
-0.041602
-0.0500348
-0.0632106
-0.083032
-0.109582
-0.138804
-0.16296
-0.173712
-0.167558
-0.147007
-0.119667
-0.092566
-0.0695884
-0.0516061
-0.0381639
-0.028919
-0.0232278
-0.0198552
-0.0172943
-0.0150558
-0.0321025
-0.0355384
-0.0383092
-0.0390187
-0.0371883
-0.0349207
-0.0339284
-0.0355578
-0.0404386
-0.0488601
-0.0619741
-0.0817128
-0.108271
-0.137692
-0.162237
-0.173458
-0.167773
-0.147554
-0.120298
-0.0930653
-0.0698495
-0.0516172
-0.0379414
-0.028488
-0.0226338
-0.0191674
-0.0165662
-0.014324
-0.0300656
-0.0332719
-0.0360028
-0.0368918
-0.0353637
-0.0333833
-0.0325891
-0.0343072
-0.0391944
-0.0475929
-0.0606864
-0.0804486
-0.107166
-0.136978
-0.162114
-0.173923
-0.168579
-0.148374
-0.120903
-0.0933499
-0.0698245
-0.0513439
-0.0374639
-0.0278201
-0.0217926
-0.0182036
-0.0155388
-0.0132865
-0.0251302
-0.0269229
-0.0284538
-0.0285748
-0.0281791
-0.0274159
-0.0277703
-0.030192
-0.0352219
-0.0435782
-0.057057
-0.0780313
-0.106756
-0.138959
-0.166131
-0.178938
-0.173027
-0.151158
-0.122069
-0.0932434
-0.0688913
-0.049951
-0.0357806
-0.0258083
-0.0193429
-0.0152942
-0.0122492
-0.00972633
-0.00830907
-0.0202877
-0.0217554
-0.0233336
-0.0239305
-0.023441
-0.0228509
-0.0235278
-0.0262752
-0.0316124
-0.0402911
-0.0541408
-0.0755172
-0.104666
-0.137289
-0.164797
-0.177839
-0.17185
-0.150193
-0.120792
-0.0916533
-0.0670729
-0.0479703
-0.0336502
-0.023505
-0.016858
-0.0126935
-0.00963817
-0.00719424
-0.00579536
-0.0157515
-0.0168285
-0.0182912
-0.0188893
-0.0188057
-0.0186603
-0.0196562
-0.0227264
-0.0284236
-0.0374602
-0.051562
-0.0729478
-0.101881
-0.134334
-0.16208
-0.175832
-0.170357
-0.148723
-0.119162
-0.0898243
-0.0650885
-0.0458839
-0.03148
-0.0212287
-0.0144537
-0.0102106
-0.00716091
-0.00475362
-0.00346304
-0.0114189
-0.0120302
-0.0132043
-0.0138204
-0.0140324
-0.0142535
-0.015612
-0.0190155
-0.0249948
-0.0342566
-0.0484956
-0.0698615
-0.0986818
-0.131219
-0.159467
-0.173794
-0.168493
-0.146753
-0.117059
-0.0876398
-0.0628747
-0.0436677
-0.0292543
-0.0189501
-0.0120768
-0.00775413
-0.00467188
-0.00228604
-0.00106721
-0.00735049
-0.00751661
-0.00842165
-0.00909496
-0.00944271
-0.00993898
-0.0116045
-0.0152595
-0.0214011
-0.0307565
-0.0450369
-0.0663822
-0.0951872
-0.127889
-0.156464
-0.170981
-0.165797
-0.144069
-0.114417
-0.0850916
-0.0604371
-0.0413311
-0.0269849
-0.0166864
-0.00975871
-0.00538521
-0.00229021
4.19467e-05
0.00125118
-0.00356552
-0.00332562
-0.00398384
-0.00466684
-0.00514151
-0.00587599
-0.0077792
-0.0115998
-0.0178156
-0.0271768
-0.0414103
-0.0626472
-0.0913196
-0.123964
-0.152571
-0.167189
-0.162205
-0.140654
-0.111236
-0.0821825
-0.0577812
-0.0388821
-0.0246804
-0.0144462
-0.00750855
-0.00311837
-4.08826e-05
0.00222816
0.00343228
-6.763e-05
0.000541687
0.000126299
-0.000533511
-0.00113621
-0.00207638
-0.00416171
-0.00808398
-0.0143102
-0.0236057
-0.0376921
-0.0586645
-0.0869707
-0.119279
-0.147742
-0.162456
-0.157722
-0.136505
-0.107517
-0.078918
-0.0549154
-0.0363297
-0.0223494
-0.0122362
-0.00533047
-0.000953789
0.0020835
0.00428245
0.00547191
0.00314397
0.00408498
0.00390726
0.00328952
0.00257699
0.00146679
-0.000752605
-0.00472066
-0.0108959
-0.0200493
-0.0338765
-0.0544117
-0.0821234
-0.113878
-0.142053
-0.15679
-0.152344
-0.131622
-0.103269
-0.0753101
-0.0518516
-0.0336848
-0.0200008
-0.0100632
-0.00322831
0.00110845
0.00408634
0.00620519
0.00737443
0.00607258
0.00730432
0.007356
0.00679632
0.00599708
0.00475061
0.00244225
-0.00151668
-0.00757696
-0.0165081
-0.0299647
-0.0499056
-0.0768318
-0.107832
-0.135529
-0.150186
-0.14608
-0.126025
-0.0985107
-0.0713772
-0.048605
-0.0309595
-0.0176441
-0.0079338
-0.00120598
0.0030674
0.00596882
0.00799716
0.00914117
0.00872457
0.0102037
0.0104744
0.00998759
0.0091243
0.00777224
0.00541632
0.0015183
-0.00436557
-0.0129991
-0.0259842
-0.0451929
-0.0711535
-0.101177
-0.128183
-0.142667
-0.13896
-0.119745
-0.093274
-0.0671447
-0.0451949
-0.0281678
-0.0152892
-0.00585469
0.000732682
0.00492221
0.00773269
0.00966042
0.0107724
0.0111095
0.0127912
0.0132681
0.0128684
0.0119642
0.0105348
0.00816738
0.00437577
-0.00127731
-0.00954749
-0.0219727
-0.0403213
-0.06513
-0.0939429
-0.120057
-0.134286
-0.131042
-0.112833
-0.0876004
-0.0626445
-0.0416439
-0.0253246
-0.0129461
-0.00383226
0.00258406
0.0066722
0.00938018
0.0111979
0.0122693
0.0132397
0.0150788
0.015746
0.0154474
0.0145273
0.0130472
0.0106987
0.0070515
0.00167491
-0.00617686
-0.0179651
-0.0353317
-0.0588051
-0.0861879
-0.111226
-0.125124
-0.122402
-0.105356
-0.0815426
-0.0579151
-0.0379781
-0.0224468
-0.0106249
-0.0018726
0.00434484
0.00831683
0.0109137
0.0126135
0.0136346
0.0151296
0.0170822
0.0179199
0.017736
0.0168273
0.0153228
0.0130189
0.00954651
0.00448286
-0.00290642
-0.0139922
-0.0302665
-0.0522377
-0.0779913
-0.101784
-0.115284
-0.113141
-0.0973988
-0.0751641
-0.0530008
-0.0342266
-0.0195518
-0.00833581
1.86957e-05
0.0060121
0.00985565
0.0123358
0.0139117
0.0148723
0.0167948
0.0188195
0.0198051
0.019747
0.0188792
0.0173781
0.0151411
0.0118667
0.0071425
0.000247803
-0.0100842
-0.0251737
-0.0454983
-0.0694479
-0.0918519
-0.104899
-0.103383
-0.0890606
-0.0685374
-0.047951
-0.0304209
-0.0166582
-0.00608888
0.0018366
0.00758344
0.0112883
0.0136487
0.0150973
0.0159871
0.0182519
0.0203117
0.0214191
0.0214943
0.020698
0.0192305
0.0170811
0.0140211
0.00965275
0.00327177
-0.00627114
-0.0201035
-0.0386625
-0.0606652
-0.0815677
-0.0941195
-0.0932673
-0.0804536
-0.0617423
-0.0428184
-0.0265942
-0.0137853
-0.00389384
0.00357677
0.00905704
0.0126144
0.0148546
0.0161752
0.0169845
0.0195173
0.0215806
0.0227825
0.0229925
0.0222971
0.0208957
0.0188547
0.0160202
0.0120143
0.00615369
-0.00258038
-0.0151037
-0.0318083
-0.0517636
-0.0710887
-0.083117
-0.0829502
-0.0716996
-0.0548639
-0.0376583
-0.0227808
-0.0109525
-0.00176012
0.00523562
0.0104318
0.0138341
0.0159553
0.0171499
0.0178703
0.0206064
0.0226486
0.0239176
0.0242573
0.0236876
0.022386
0.020475
0.0178732
0.0142285
0.00888489
0.000966094
-0.0102181
-0.0250164
-0.0428725
-0.0605858
-0.0720764
-0.0725969
-0.0629254
-0.0479894
-0.0325265
-0.0190145
-0.00817895
0.000303337
0.00681032
0.0117075
0.0149474
0.0169521
0.0180254
0.0186497
0.0215339
0.0235369
0.0248479
0.0253058
0.0248791
0.0237086
0.02195
0.019586
0.0162964
0.0114604
0.00435296
-0.00548484
-0.0183673
-0.0341274
-0.0502401
-0.0611894
-0.0623745
-0.0542578
-0.0412052
-0.0274773
-0.0153284
-0.0054833
0.0022881
0.00829884
0.0128846
0.0159553
0.017846
0.0188048
0.0193282
0.0223128
0.0242653
0.025597
0.0261572
0.0258805
0.0248666
0.0232817
0.0211602
0.0182185
0.0138793
0.00757274
-0.000934701
-0.0119391
-0.0256674
-0.0402354
-0.0506445
-0.052444
-0.0458179
-0.0345937
-0.0225625
-0.0117532
-0.00288294
0.00418639
0.00969987
0.0139649
0.0168592
0.018638
0.0194902
0.0199106
0.0229549
0.0248512
0.0261872
0.0268317
0.0267026
0.0258616
0.0244682
0.022594
0.0199948
0.0161451
0.0106268
0.00341054
-0.00580603
-0.0176306
-0.030749
-0.0406167
-0.0429516
-0.0377155
-0.0282302
-0.0178291
-0.00831684
-0.000393634
0.00599117
0.0110128
0.0149507
0.0176615
0.0193292
0.0200831
0.0204007
0.0234711
0.0253096
0.0266387
0.0273501
0.0273585
0.0266962
0.0255061
0.0238837
0.0216256
0.0182659
0.0135252
0.00753741
-3.76298e-05
-0.0101478
-0.0219402
-0.0312555
-0.0340203
-0.0300445
-0.02218
-0.0133183
-0.0050434
0.00197096
0.0076963
0.0122375
0.0158453
0.0183657
0.0199212
0.0205848
0.0208017
0.0238716
0.0256534
0.0269693
0.0277325
0.0278641
0.0273768
0.0263946
0.0250264
0.0231122
0.0202517
0.0162809
0.0114349
0.00530036
-0.0033349
-0.0139359
-0.0226716
-0.0257428
-0.0228792
-0.0164968
-0.00906435
-0.00195279
0.00419968
0.00929665
0.0133743
0.0166529
0.0189763
0.020417
0.0209968
0.0211171
0.0241666
0.0258936
0.0271935
0.0279969
0.0282363
0.0279143
0.0271372
0.0260222
0.024455
0.0221074
0.0188976
0.0150813
0.0101433
0.00271913
-0.00681497
-0.0149286
-0.0181781
-0.0162727
-0.0112217
-0.00509411
0.000939626
0.0062841
0.0107883
0.0144241
0.017378
0.0194994
0.020821
0.0213215
0.0213505
0.0243664
0.0260402
0.0273231
0.0281588
0.028492
0.0283223
0.0277422
0.026874
0.025652
0.023824
0.0213517
0.0184282
0.014427
0.00796502
-0.000597933
-0.00804204
-0.0113542
-0.0102582
-0.00638251
-0.00142656
0.00362313
0.00821863
0.0121687
0.0153877
0.0180257
0.0199415
0.0211393
0.0215632
0.0215071
0.0244807
0.0261024
0.0273685
0.0282311
0.0286463
0.0286151
0.0282202
0.0275868
0.026697
0.0253737
0.023585
0.0213989
0.0180966
0.0124029
0.00475094
-0.00198915
-0.00527445
-0.00485102
-0.00199487
0.00192699
0.0060915
0.0100005
0.0134368
0.0162666
0.0186009
0.0203104
0.0213798
0.0217284
0.0215939
0.0245191
0.0260894
0.0273383
0.0282239
0.0287117
0.0288058
0.0285823
0.0281661
0.0275814
0.0267168
0.0255197
0.0239113
0.0211246
0.0160799
0.00930259
0.00327336
7.43805e-05
-5.11798e-05
0.00193745
0.00496267
0.00834274
0.0116295
0.0145929
0.0170623
0.0191086
0.0206142
0.0215517
0.0218254
0.0216201
0.0244906
0.0260098
0.0272406
0.0281459
0.0286981
0.0289052
0.0288377
0.0286172
0.0282981
0.0278184
0.0270927
0.0259158
0.0235273
0.0190738
0.0131375
0.00779376
0.00471646
0.00415451
0.00542147
0.00768347
0.0103787
0.0131077
0.015639
0.0177769
0.0195536
0.0208607
0.0216653
0.0218646
0.0215968
0.0244034
0.0258723
0.0270834
0.0280044
0.0286136
0.0289218
0.0289943
0.0289453
0.0288457
0.0286634
0.0282829
0.0274181
0.0253614
0.0214706
0.016328
0.0116198
0.00868507
0.00779114
0.00847379
0.0100985
0.0122045
0.014439
0.0165783
0.0184131
0.0199403
0.0210576
0.0217309
0.0218577
0.0215361
0.0242649
0.0256844
0.0268742
0.0278068
0.0284655
0.0288629
0.0290585
0.0291557
0.0292291
0.02926
0.0291136
0.0284711
0.0267058
0.0233484
0.0189322
0.0148
0.012026
0.0108955
0.0111191
0.012222
0.0138282
0.0156291
0.0174151
0.0189739
0.0202727
0.0212119
0.0217584
0.021816
0.0214499
0.0240817
0.0254529
0.0266202
0.0275603
0.0282606
0.0287349
0.0290362
0.0292547
0.0294587
0.0296323
0.0296342
0.0291486
0.0276421
0.0247757
0.0210048
0.0173894
0.0147948
0.013513
0.0133881
0.0140718
0.0152597
0.0166845
0.0181546
0.0194633
0.0205545
0.0213293
0.0217567
0.0217501
0.0213509
0.02386
0.0251841
0.0263276
0.0272712
0.0280054
0.028544
0.0289335
0.0292491
0.0295476
0.0298106
0.0299001
0.0295249
0.0282448
0.0258155
0.0226087
0.0194539
0.0170524
0.0156931
0.0153147
0.0156684
0.0165106
0.0176126
0.0188026
0.0198855
0.0207894
0.021415
0.0217333
0.0216687
0.0212473
0.0236054
0.0248837
0.0260025
0.0269454
0.0277057
0.0282964
0.0287567
0.0291473
0.0295111
0.0298256
0.0299624
0.0296657
0.0285802
0.0265301
0.02381
0.0210646
0.0188655
0.017488
0.0169344
0.0170334
0.0175936
0.0184213
0.0193651
0.0202454
0.0209813
0.0214732
0.021694
0.0215787
0.0211451
0.023323
0.0245571
0.0256501
0.0265883
0.0273671
0.0279982
0.0285132
0.0289589
0.0293653
0.029706
0.0298653
0.0296258
0.028706
0.026979
0.0246749
0.022294
0.0203018
0.0189489
0.0182819
0.0181888
0.0185218
0.0191187
0.0198483
0.0205478
0.0211338
0.0215074
0.0216431
0.021485
0.021048
0.0230172
0.0242085
0.0252749
0.0262049
0.0269954
0.0276558
0.028211
0.0286952
0.029127
0.0294779
0.0296457
0.0294501
0.0286708
0.0272172
0.0252673
0.0232098
0.0214221
0.0201227
0.01939
0.0191559
0.0193084
0.0197134
0.0202581
0.0207979
0.0212509
0.0215207
0.0215836
0.0213908
0.0209577
0.0226924
0.0238422
0.0248814
0.0258
0.0265957
0.0272756
0.0278584
0.0283675
0.0288126
0.0291641
0.0293335
0.0291737
0.0285145
0.0272915
0.0256421
0.0238695
0.0222802
0.0210515
0.0202891
0.0199552
0.0199666
0.0202136
0.0206006
0.0210005
0.0213362
0.0215159
0.0215177
0.0212977
0.020874
0.0223522
0.0234619
0.0244734
0.0253778
0.0261731
0.0268642
0.0274639
0.0279876
0.0284374
0.0287843
0.0289527
0.0288241
0.0282683
0.0272399
0.0258451
0.0243219
0.0229228
0.0217717
0.0210064
0.0206059
0.0205091
0.0206275
0.0208815
0.0211601
0.0213935
0.0214955
0.0214467
0.0212063
0.020796
0.0220001
0.023071
0.0240545
0.0249424
0.0257325
0.0264276
0.0270359
0.027566
0.0280151
0.0283551
0.0285223
0.0284223
0.027956
0.0270923
0.0259131
0.0246061
0.023391
0.0223143
0.0215666
0.0211256
0.0209479
0.0209634
0.0211063
0.0212811
0.0214259
0.0214615
0.0213713
0.0211166
0.0207225
0.021639
0.0226725
0.0236276
0.0244973
0.0252784
0.0259717
0.026582
0.0271127
0.0275574
0.0278901
0.0280572
0.0279843
0.0275963
0.026872
0.0258745
0.0247513
0.0237202
0.0227045
0.0219915
0.0215308
0.0212945
0.0212288
0.0212803
0.0213673
0.0214365
0.0214159
0.0212921
0.0210281
0.0206515
0.0212717
0.0222691
0.023196
0.0240458
0.0248147
0.0255019
0.0261092
0.0266363
0.0270747
0.0274005
0.0275691
0.0275222
0.0272029
0.0265974
0.0257533
0.0247765
0.0237255
0.0229597
0.0223009
0.0218362
0.0215597
0.0214312
0.0214085
0.0214223
0.0214276
0.0213599
0.0212091
0.0209397
0.0205809
0.0209008
0.0218635
0.0227623
0.0235909
0.0243451
0.0250228
0.0256236
0.0261444
0.0265754
0.0268953
0.027067
0.0270451
0.0267866
0.026283
0.0255708
0.0247322
0.0238488
0.0231273
0.0225143
0.0220558
0.0217533
0.0215776
0.0214957
0.0214493
0.0214014
0.0212948
0.0211225
0.0208506
0.020509
0.0205284
0.0214577
0.0223288
0.0231354
0.0238732
0.0245391
0.0251307
0.0256433
0.0260667
0.0263817
0.0265579
0.0265601
0.0263558
0.0259404
0.0253421
0.0246275
0.0238763
0.0232151
0.0226466
0.0222014
0.0218844
0.0216744
0.0215462
0.0214513
0.0213599
0.0212215
0.0210322
0.0207598
0.0204347
0.0201565
0.0210538
0.0218976
0.0226818
0.023402
0.0240543
0.0246351
0.0251385
0.0255543
0.0258657
0.0260476
0.0260727
0.0259168
0.0255778
0.0250784
0.0244728
0.0238289
0.0232335
0.0227102
0.0222837
0.0219612
0.0217275
0.0215642
0.021431
0.0213045
0.0211407
0.0209381
0.0206668
0.0203572
0.0197868
0.0206534
0.0214705
0.0222324
0.0229343
0.0235719
0.0241407
0.0246343
0.0250429
0.0253516
0.0255401
0.0255871
0.0254745
0.0252021
0.0247885
0.0242779
0.0237243
0.0231941
0.0227161
0.0223121
0.021991
0.0217425
0.0215535
0.0213909
0.0212367
0.0210529
0.0208401
0.0205706
0.0202767
0.019421
0.0202582
0.0210493
0.0217889
0.0224723
0.0230946
0.0236509
0.0241346
0.0245363
0.0248433
0.0250389
0.0251065
0.0250327
0.0248185
0.0244792
0.0240508
0.0235765
0.0231077
0.0226738
0.0222948
0.0219805
0.0217243
0.0215175
0.0213331
0.0211577
0.0209587
0.0207383
0.0204705
0.0201944
0.0190603
0.0198694
0.0206355
0.0213532
0.0220179
0.0226246
0.0231682
0.0236421
0.0240375
0.0243435
0.0245463
0.0246333
0.0245943
0.0244311
0.0241564
0.0237992
0.0233948
0.0229832
0.0225916
0.022239
0.0219356
0.0216775
0.0214595
0.0212597
0.0210688
0.0208587
0.0206327
0.0203651
0.0200691
0.0187062
0.0194884
0.0202302
0.0209265
0.0215728
0.022164
0.0226949
0.0231592
0.0235488
0.0238543
0.0240645
0.0241694
0.0241615
0.0240432
0.0238248
0.0235298
0.0231867
0.0228275
0.0224764
0.0221509
0.0218614
0.021606
0.0213823
0.0211726
0.0209709
0.0207533
0.0205239
0.0202592
0.0199781
0.0183596
0.0191161
0.0198345
0.0205101
0.0211382
0.0217142
0.0222327
0.0226877
0.0230721
0.0233775
0.0235948
0.0237162
0.0237363
0.0236573
0.023488
0.0232474
0.0229586
0.0226472
0.0223344
0.0220362
0.0217627
0.0215136
0.0212885
0.0210736
0.0208652
0.0206432
0.0204122
0.0201516
0.0198809
0.0180214
0.0187534
0.0194494
0.0201049
0.0207154
0.0212765
0.021783
0.0222291
0.0226085
0.0229141
0.0231382
0.0232748
0.0233199
0.0232756
0.0231492
0.0229563
0.0227156
0.0224476
0.0221708
0.0218995
0.0216435
0.0214035
0.0211807
0.0209642
0.0207526
0.0205287
0.0202979
0.0200419
0.0197792
0.0176926
0.0184011
0.0190756
0.0197118
0.0203057
0.020852
0.0213468
0.0217845
0.0221593
0.0224652
0.0226957
0.0228461
0.0229135
0.0228997
0.0228109
0.02266
0.0224619
0.0222332
0.0219901
0.0217452
0.0215075
0.0212786
0.021061
0.020846
0.020634
0.0204104
0.0201811
0.0199301
0.0196739
0.0173738
0.0180599
0.0187137
0.0193313
0.0199087
0.0204413
0.0209248
0.0213545
0.0217251
0.0220312
0.0222676
0.0224306
0.0225178
0.022531
0.0224754
0.0223614
0.0222011
0.022008
0.0217964
0.0215768
0.0213578
0.0211416
0.0209313
0.0207204
0.0205102
0.0202888
0.0200622
0.0198164
0.0195659
0.0170656
0.0177302
0.0183643
0.018964
0.0195256
0.0200449
0.0205178
0.0209398
0.0213063
0.0216127
0.0218545
0.0220288
0.0221336
0.0221707
0.0221442
0.0220627
0.0219363
0.0217754
0.0215928
0.0213975
0.0211974
0.0209948
0.0207935
0.0205885
0.0203821
0.0201644
0.0199414
0.019701
0.0194558
0.0167685
0.0174127
0.0180278
0.0186103
0.0191568
0.0196633
0.020126
0.0205407
0.0209034
0.0212099
0.0214566
0.0216409
0.0217614
0.0218196
0.0218188
0.0217659
0.0216692
0.0215381
0.0213824
0.0212102
0.0210287
0.0208404
0.0206492
0.0204517
0.0202506
0.0200378
0.0198192
0.0195842
0.0193441
0.016483
0.0171075
0.0177045
0.0182706
0.0188025
0.0192968
0.0197498
0.0201575
0.0205164
0.020823
0.021074
0.0212672
0.0214016
0.0214784
0.0215003
0.0214728
0.0214021
0.0212984
0.0211676
0.0210172
0.0208539
0.0206801
0.0205
0.020311
0.0201163
0.0199094
0.0196957
0.0194665
0.0192312
0.0162093
0.016815
0.0173947
0.017945
0.0184631
0.0189458
0.0193893
0.0197904
0.0201457
0.020452
0.0207067
0.0209079
0.0210546
0.0211479
0.0211898
0.0211849
0.0211386
0.0210586
0.0209506
0.0208207
0.0206749
0.0205157
0.0203471
0.0201674
0.0199801
0.0197797
0.0195716
0.0193482
0.0191177
0.0159478
0.0165355
0.0170985
0.0176339
0.0181387
0.01861
0.0190446
0.0194393
0.019791
0.020097
0.0203549
0.0205631
0.0207207
0.0208284
0.0208881
0.0209034
0.0208788
0.0208203
0.0207332
0.0206225
0.0204935
0.0203487
0.0201919
0.0200221
0.0198426
0.0196494
0.0194471
0.0192296
0.019004
0.0156985
0.016269
0.0168161
0.0173371
0.0178292
0.0182897
0.0187156
0.0191043
0.0194525
0.019758
0.0200186
0.0202328
0.0203999
0.0205205
0.020596
0.0206292
0.020624
0.020585
0.020517
0.0204242
0.0203113
0.0201805
0.0200355
0.0198758
0.0197047
0.0195189
0.0193228
0.0191112
0.0188903
0.0154618
0.0160157
0.0165476
0.0170548
0.0175349
0.017985
0.0184027
0.0187852
0.0191301
0.0194349
0.0196976
0.0199171
0.0200927
0.0202245
0.0203139
0.0203631
0.0203752
0.020354
0.0203035
0.0202273
0.0201296
0.0200123
0.019879
0.0197295
0.0195669
0.0193888
0.0191991
0.0189935
0.0187773
0.0152376
0.0157756
0.0162929
0.016787
0.0172555
0.0176958
0.0181055
0.0184822
0.0188236
0.0191275
0.0193921
0.0196161
0.019799
0.0199408
0.0200425
0.0201059
0.0201335
0.0201283
0.0200938
0.020033
0.0199496
0.0198453
0.0197234
0.019584
0.0194301
0.0192597
0.0190764
0.0188768
0.0186653
0.015026
0.0155488
0.0160522
0.0165337
0.0169912
0.0174221
0.0178242
0.0181952
0.0185331
0.0188359
0.0191019
0.0193298
0.019519
0.0196696
0.0197822
0.0198582
0.0198996
0.019909
0.0198891
0.0198425
0.0197724
0.0196805
0.0195697
0.0194402
0.0192948
0.0191321
0.0189554
0.0187616
0.0185548
0.014827
0.0153353
0.0158254
0.0162949
0.0167418
0.0171637
0.0175586
0.0179241
0.0182585
0.01856
0.018827
0.0190582
0.019253
0.0194112
0.0195334
0.0196206
0.0196744
0.0196968
0.0196903
0.0196568
0.0195992
0.0195189
0.0194187
0.0192988
0.0191618
0.0190067
0.0188364
0.0186484
0.0184461
0.0146405
0.015135
0.0156124
0.0160705
0.0165073
0.0169207
0.0173086
0.0176689
0.0179999
0.0182998
0.0185674
0.0188014
0.0190009
0.0191659
0.0192966
0.0193937
0.0194586
0.0194928
0.0194983
0.0194768
0.0194308
0.0193615
0.0192713
0.0191606
0.0190318
0.018884
0.01872
0.0185377
0.0183399
0.0144666
0.0149479
0.0154132
0.0158605
0.0162877
0.016693
0.0170742
0.0174295
0.0177572
0.0180555
0.0183233
0.0185594
0.0187631
0.0189339
0.019072
0.019178
0.0192527
0.0192975
0.0193139
0.0193034
0.0192681
0.019209
0.0191284
0.0190264
0.0189055
0.0187648
0.0186068
0.0184299
0.0182365
0.0143051
0.0147739
0.0152278
0.0156648
0.016083
0.0164804
0.0168553
0.0172058
0.0175302
0.017827
0.0180947
0.0183326
0.0185397
0.0187155
0.0188602
0.0189739
0.0190574
0.0191117
0.019138
0.0191375
0.019112
0.0190624
0.0189906
0.0188969
0.0187834
0.0186496
0.0184975
0.0183257
0.0181366
0.0141559
0.0146129
0.015056
0.0154833
0.015893
0.0162831
0.016652
0.0169978
0.017319
0.0176141
0.0178818
0.018121
0.0183309
0.0185112
0.0186615
0.018782
0.0188733
0.018936
0.0189712
0.0189798
0.0189633
0.0189224
0.0188588
0.0187729
0.0186664
0.0185389
0.0183924
0.0182257
0.0180405
0.0140189
0.0144649
0.0148979
0.0153161
0.0157178
0.016101
0.0164642
0.0168056
0.0171237
0.0174171
0.0176844
0.0179247
0.018137
0.018321
0.0184763
0.0186028
0.018701
0.0187711
0.0188143
0.018831
0.0188226
0.0187897
0.0187338
0.018655
0.0185551
0.0184336
0.0182924
0.0181303
0.017949
0.0138941
0.0143298
0.0147534
0.0151632
0.0155573
0.0159341
0.016292
0.0166292
0.0169443
0.017236
0.0175028
0.0177439
0.0179583
0.0181454
0.018305
0.0184367
0.0185409
0.0186177
0.0186679
0.018692
0.0186909
0.0186653
0.0186163
0.0185441
0.0184502
0.0183344
0.018198
0.0180403
0.0178626
0.0137813
0.0142076
0.0146225
0.0150245
0.0154117
0.0157826
0.0161354
0.0164688
0.0167811
0.017071
0.0173373
0.0175789
0.017795
0.0179848
0.018148
0.0182842
0.0183937
0.0184763
0.0185328
0.0185633
0.0185689
0.0185497
0.018507
0.0184408
0.0183525
0.0182417
0.0181099
0.0179562
0.0177819
0.0136806
0.0140982
0.0145053
0.0149001
0.015281
0.0156464
0.0159947
0.0163244
0.0166341
0.0169224
0.017188
0.01743
0.0176474
0.0178395
0.0180058
0.0181459
0.0182599
0.0183477
0.0184096
0.0184458
0.0184572
0.0184438
0.0184067
0.0183459
0.0182626
0.0181564
0.0180287
0.0178787
0.0177076
0.0135918
0.0140017
0.0144016
0.01479
0.0151653
0.0155258
0.01587
0.0161965
0.0165037
0.0167904
0.0170554
0.0172976
0.017516
0.01771
0.0178789
0.0180224
0.0181403
0.0182324
0.018299
0.0183402
0.0183566
0.0183483
0.0183161
0.0182601
0.0181812
0.0180792
0.0179552
0.0178085
0.0176401
0.0135151
0.0139181
0.0143118
0.0146946
0.0150648
0.015421
0.0157616
0.0160851
0.0163902
0.0166755
0.0169398
0.017182
0.0174013
0.0175968
0.0177679
0.0179142
0.0180353
0.0181311
0.0182018
0.0182472
0.018268
0.018264
0.0182361
0.0181842
0.0181092
0.0180108
0.01789
0.0177462
0.0175803
0.0134504
0.0138476
0.0142359
0.0146139
0.0149798
0.0153323
0.0156698
0.0159908
0.0162939
0.016578
0.0168417
0.0170839
0.0173038
0.0175006
0.0176734
0.0178219
0.0179458
0.0180446
0.0181186
0.0181676
0.018192
0.0181917
0.0181674
0.018119
0.0180472
0.0179519
0.0178339
0.0176925
0.0175287
0.0133979
0.0137903
0.0141743
0.0145483
0.0149107
0.0152601
0.015595
0.0159139
0.0162155
0.0164984
0.0167616
0.0170038
0.0172242
0.0174219
0.0175961
0.0177464
0.0178724
0.0179737
0.0180504
0.0181022
0.0181295
0.0181321
0.0181107
0.0180652
0.0179961
0.0179033
0.0177875
0.0176481
0.0174861
0.0133579
0.0137466
0.0141272
0.0144981
0.0148578
0.0152049
0.0155377
0.015855
0.0161554
0.0164375
0.0167002
0.0169424
0.0171631
0.0173615
0.0175368
0.0176884
0.017816
0.0179191
0.0179978
0.0180517
0.0180813
0.0180862
0.018067
0.0180236
0.0179566
0.0178656
0.0177516
0.0176138
0.0174531
0.0133308
0.0137169
0.0140952
0.014464
0.0148218
0.0151672
0.0154988
0.0158149
0.0161144
0.016396
0.0166584
0.0169005
0.0171214
0.0173202
0.0174962
0.0176487
0.0177774
0.0178818
0.0179618
0.0180172
0.0180482
0.0180546
0.018037
0.017995
0.0179294
0.0178398
0.0177269
0.0175902
0.0174304
0.0133169
0.0137017
0.0140788
0.0144465
0.0148034
0.015148
0.0154788
0.0157944
0.0160934
0.0163747
0.0166369
0.016879
0.0171
0.017299
0.0174754
0.0176283
0.0177576
0.0178626
0.0179433
0.0179994
0.0180312
0.0180384
0.0180215
0.0179803
0.0179154
0.0178265
0.0177142
0.0175781
0.0174187
0.0203495
0.0205061
0.0206567
0.0208003
0.0209359
0.0210626
0.0211795
0.021286
0.0213813
0.0214647
0.0215358
0.0215939
0.0216386
0.0216693
0.0216856
0.021687
0.0216731
0.0216432
0.0215971
0.0215339
0.0214534
0.0213548
0.0212377
0.0211014
0.0209455
0.0207692
0.0205726
0.0203546
0.0203578
0.0205154
0.0206668
0.0208111
0.0209472
0.0210744
0.0211916
0.0212983
0.0213937
0.0214772
0.0215483
0.0216064
0.021651
0.0216816
0.0216978
0.0216991
0.021685
0.0216551
0.0216088
0.0215456
0.021465
0.0213662
0.021249
0.0211125
0.0209564
0.02078
0.0205831
0.0203648
0.0203741
0.0205336
0.0206866
0.0208322
0.0209694
0.0210974
0.0212152
0.0213223
0.021418
0.0215016
0.0215727
0.0216306
0.0216751
0.0217055
0.0217215
0.0217226
0.0217083
0.0216781
0.0216317
0.0215682
0.0214874
0.0213884
0.0212709
0.0211341
0.0209777
0.0208008
0.0206035
0.0203848
0.0203984
0.0205606
0.020716
0.0208634
0.0210021
0.0211312
0.0212499
0.0213575
0.0214535
0.0215372
0.0216083
0.0216661
0.0217103
0.0217405
0.0217562
0.0217569
0.0217423
0.0217118
0.021665
0.0216012
0.0215201
0.0214207
0.0213028
0.0211656
0.0210087
0.0208313
0.0206334
0.0204139
0.0204307
0.0205964
0.0207547
0.0209045
0.0210451
0.0211756
0.0212952
0.0214035
0.0214998
0.0215837
0.0216546
0.0217122
0.0217561
0.0217858
0.0218011
0.0218014
0.0217864
0.0217554
0.0217082
0.021644
0.0215625
0.0214627
0.0213443
0.0212065
0.021049
0.0208708
0.0206721
0.0204518
0.0204713
0.0206411
0.0208028
0.0209555
0.0210982
0.0212302
0.021351
0.0214599
0.0215566
0.0216404
0.0217112
0.0217684
0.0218119
0.0218411
0.0218558
0.0218555
0.0218399
0.0218085
0.0217608
0.0216961
0.021614
0.0215137
0.0213948
0.0212563
0.021098
0.020919
0.0207192
0.0204977
0.0205204
0.020695
0.0208606
0.0210162
0.0211613
0.021295
0.0214169
0.0215265
0.0216233
0.0217071
0.0217775
0.0218342
0.021877
0.0219056
0.0219196
0.0219186
0.0219024
0.0218704
0.0218221
0.0217569
0.0216743
0.0215734
0.0214538
0.0213145
0.0211553
0.0209752
0.0207742
0.0205514
0.0205786
0.0207583
0.020928
0.0210869
0.0212344
0.0213698
0.0214927
0.0216028
0.0216997
0.0217832
0.0218531
0.0219091
0.0219512
0.0219788
0.021992
0.0219903
0.0219733
0.0219406
0.0218917
0.0218259
0.0217427
0.0216412
0.0215208
0.0213807
0.0212204
0.0210391
0.0208367
0.0206123
0.0206462
0.0208314
0.0210054
0.0211677
0.0213175
0.0214545
0.0215784
0.0216887
0.0217855
0.0218685
0.0219376
0.0219927
0.0220337
0.0220603
0.0220725
0.0220699
0.0220521
0.0220186
0.0219691
0.0219027
0.0218189
0.0217166
0.0215955
0.0214544
0.021293
0.0211103
0.0209062
0.02068
0.0207239
0.0209147
0.0210932
0.0212587
0.0214108
0.0215491
0.0216736
0.021784
0.0218803
0.0219624
0.0220305
0.0220844
0.0221241
0.0221496
0.0221606
0.0221569
0.0221382
0.022104
0.0220538
0.0219867
0.0219022
0.0217994
0.0216774
0.0215353
0.0213726
0.0211883
0.0209824
0.0207541
0.0208121
0.0210087
0.0211915
0.0213601
0.0215142
0.0216536
0.0217783
0.0218883
0.0219837
0.0220647
0.0221313
0.0221837
0.022222
0.022246
0.0222557
0.0222509
0.0222312
0.0221961
0.0221452
0.0220775
0.0219925
0.0218889
0.0217662
0.021623
0.0214589
0.0212728
0.0210648
0.0208342
0.0209117
0.0211138
0.0213007
0.0214721
0.0216278
0.0217678
0.0218922
0.0220014
0.0220955
0.0221748
0.0222397
0.0222903
0.0223267
0.0223491
0.0223574
0.0223512
0.0223305
0.0222946
0.022243
0.0221747
0.0220892
0.021985
0.0218614
0.0217171
0.0215515
0.0213635
0.0211532
0.0209199
0.0210231
0.0212307
0.0214213
0.0215949
0.0217516
0.0218916
0.0220152
0.0221229
0.0222152
0.0222924
0.0223551
0.0224034
0.0224379
0.0224583
0.022465
0.0224575
0.0224357
0.0223989
0.0223467
0.0222779
0.0221919
0.0220871
0.0219627
0.0218173
0.0216501
0.02146
0.021247
0.0210107
0.0211472
0.0213597
0.0215535
0.0217287
0.0218857
0.0220249
0.022147
0.0222526
0.0223424
0.022417
0.022477
0.0225227
0.0225548
0.0225732
0.022578
0.0225691
0.0225462
0.0225086
0.0224558
0.0223866
0.0223002
0.0221951
0.0220699
0.0219234
0.0217543
0.0215619
0.0213459
0.0211063
0.0212845
0.0215013
0.0216975
0.0218736
0.02203
0.0221676
0.0222874
0.02239
0.0224766
0.022548
0.0226048
0.0226476
0.022677
0.022693
0.022696
0.0226856
0.0226616
0.0226232
0.02257
0.0225005
0.0224139
0.0223084
0.0221826
0.0220349
0.021864
0.021669
0.0214497
0.0212061
0.0214358
0.0216561
0.0218538
0.0220296
0.0221844
0.0223194
0.0224358
0.0225347
0.0226174
0.0226848
0.022738
0.0227774
0.0228039
0.0228174
0.0228184
0.0228064
0.0227813
0.0227423
0.0226887
0.0226192
0.0225326
0.0224269
0.0223006
0.0221518
0.0219788
0.021781
0.0215578
0.0213099
0.0216018
0.0218244
0.0220224
0.0221968
0.0223488
0.02248
0.022592
0.0226862
0.0227641
0.0228269
0.0228759
0.0229115
0.0229348
0.0229457
0.0229446
0.022931
0.0229049
0.0228653
0.0228117
0.0227423
0.0226558
0.0225503
0.0224235
0.0222736
0.0220985
0.0218975
0.0216699
0.021417
0.0217829
0.0220067
0.0222036
0.022375
0.0225228
0.0226489
0.0227553
0.0228437
0.022916
0.0229736
0.0230178
0.0230493
0.0230691
0.0230772
0.023074
0.0230589
0.023032
0.0229919
0.0229384
0.0228693
0.0227834
0.0226781
0.0225511
0.0224002
0.0222227
0.0220181
0.0217855
0.0215269
0.0219799
0.0222032
0.0223973
0.0225642
0.0227062
0.0228256
0.022925
0.0230066
0.0230723
0.0231239
0.0231629
0.02319
0.0232061
0.0232113
0.023206
0.0231895
0.0231619
0.0231216
0.0230684
0.0229999
0.0229148
0.0228102
0.0226832
0.0225313
0.0223512
0.0221426
0.0219043
0.0216391
0.0221932
0.0224142
0.0226035
0.0227639
0.0228983
0.0230095
0.0231005
0.0231739
0.0232322
0.0232771
0.0233104
0.0233328
0.0233452
0.0233475
0.0233402
0.0233224
0.0232941
0.0232539
0.0232012
0.0231337
0.0230498
0.0229461
0.0228194
0.0226666
0.0224838
0.0222706
0.0220256
0.0217527
0.0224232
0.0226397
0.0228221
0.0229738
0.0230985
0.0231996
0.0232806
0.0233447
0.0233946
0.0234322
0.0234594
0.0234768
0.0234855
0.023485
0.0234758
0.0234569
0.0234282
0.0233882
0.0233365
0.0232703
0.0231879
0.0230856
0.0229594
0.0228059
0.02262
0.0224016
0.0221489
0.0218671
0.0226704
0.0228797
0.0230527
0.0231933
0.0233059
0.0233949
0.0234644
0.0235179
0.0235584
0.0235881
0.0236089
0.0236213
0.0236262
0.0236231
0.0236123
0.0235924
0.0235637
0.0235242
0.0234736
0.023409
0.0233286
0.0232282
0.023103
0.0229488
0.0227596
0.0225351
0.0222734
0.0219812
0.0229348
0.0231342
0.0232947
0.0234214
0.0235196
0.0235943
0.0236505
0.023692
0.0237223
0.0237436
0.0237577
0.0237652
0.0237666
0.0237611
0.023749
0.0237285
0.0236999
0.0236611
0.023612
0.0235495
0.0234716
0.0233735
0.0232498
0.0230951
0.0229022
0.0226707
0.0223982
0.0220939
0.0232166
0.0234026
0.0235474
0.0236571
0.0237381
0.0237963
0.0238373
0.0238655
0.0238847
0.0238972
0.0239047
0.0239074
0.0239057
0.0238983
0.0238852
0.0238645
0.0238364
0.0237985
0.0237512
0.023691
0.0236161
0.023521
0.0233992
0.0232443
0.0230472
0.0228075
0.0225225
0.0222037
0.0235157
0.0236846
0.0238099
0.0238992
0.0239599
0.0239991
0.024023
0.0240367
0.0240442
0.0240476
0.0240487
0.024047
0.0240427
0.0240339
0.0240204
0.0239998
0.0239724
0.0239357
0.0238903
0.0238329
0.0237614
0.02367
0.0235507
0.0233959
0.0231942
0.0229448
0.0226449
0.022309
0.0238318
0.0239792
0.0240809
0.0241459
0.0241831
0.0242006
0.0242056
0.0242036
0.0241987
0.0241931
0.024188
0.0241827
0.0241766
0.0241672
0.0241539
0.0241338
0.0241074
0.024072
0.0240287
0.0239743
0.0239067
0.0238196
0.0237036
0.0235493
0.0233423
0.0230816
0.0227639
0.0224077
0.0241643
0.0242854
0.0243588
0.0243954
0.0244055
0.0243986
0.0243827
0.0243638
0.0243462
0.0243318
0.0243213
0.0243132
0.0243063
0.0242972
0.0242848
0.0242658
0.0242406
0.0242066
0.0241655
0.0241141
0.024051
0.023969
0.023857
0.0237036
0.0234907
0.0232166
0.0228775
0.0224973
0.0245125
0.0246016
0.0246416
0.0246451
0.0246243
0.0245901
0.0245515
0.0245148
0.0244844
0.0244617
0.0244468
0.0244372
0.0244307
0.0244231
0.0244127
0.0243951
0.0243714
0.0243386
0.0242995
0.0242512
0.0241929
0.0241167
0.0240099
0.0238578
0.0236382
0.023348
0.0229834
0.0225745
0.0248752
0.0249262
0.0249269
0.0248922
0.0248365
0.024772
0.0247088
0.0246537
0.0246107
0.0245806
0.0245627
0.0245532
0.0245489
0.0245442
0.0245366
0.0245212
0.0244989
0.0244671
0.0244296
0.0243842
0.0243309
0.0242613
0.0241606
0.0240107
0.0237833
0.0234739
0.0230786
0.0226356
0.0252509
0.0252568
0.0252117
0.0251334
0.0250383
0.0249406
0.0248511
0.024777
0.0247221
0.0246861
0.024667
0.0246597
0.0246595
0.0246594
0.0246559
0.0246433
0.0246224
0.0245909
0.0245543
0.0245113
0.024463
0.0244008
0.0243073
0.0241604
0.0239243
0.0235917
0.0231595
0.0226756
0.0256375
0.0255905
0.0254926
0.0253645
0.0252255
0.0250915
0.0249743
0.0248812
0.0248154
0.0247753
0.0247575
0.0247549
0.0247613
0.0247678
0.0247698
0.0247605
0.0247408
0.024709
0.0246721
0.0246305
0.024587
0.0245326
0.0244477
0.0243045
0.0240584
0.023698
0.0232212
0.0226888
0.0260326
0.0259239
0.0257651
0.0255808
0.0253931
0.0252198
0.0250738
0.0249621
0.024887
0.0248454
0.0248318
0.0248371
0.024853
0.0248685
0.0248775
0.0248721
0.0248533
0.0248199
0.0247812
0.0247395
0.0246999
0.0246536
0.0245786
0.0244403
0.0241825
0.0237884
0.023258
0.0226675
0.026433
0.0262528
0.0260244
0.0257768
0.0255352
0.0253198
0.0251442
0.0250149
0.0249329
0.024893
0.0248875
0.0249044
0.0249331
0.0249603
0.0249782
0.0249773
0.0249589
0.0249223
0.0248795
0.0248355
0.0247984
0.02476
0.0246958
0.0245636
0.0242922
0.0238574
0.023262
0.0226026
0.0268346
0.026572
0.0262644
0.0259458
0.0256453
0.0253852
0.0251797
0.0250345
0.0249488
0.0249148
0.0249216
0.0249546
0.0250002
0.0250423
0.025071
0.0250755
0.0250565
0.0250146
0.0249646
0.0249154
0.0248784
0.0248469
0.0247943
0.0246691
0.0243819
0.0238977
0.0232238
0.0224828
0.0272329
0.0268756
0.0264779
0.0260802
0.0257156
0.0254086
0.0251736
0.0250152
0.0249298
0.0249066
0.0249313
0.0249855
0.0250525
0.0251132
0.0251552
0.0251657
0.0251451
0.0250952
0.0250342
0.0249757
0.0249352
0.0249083
0.0248671
0.0247497
0.0244439
0.0238998
0.0231314
0.0222938
0.0276223
0.0271561
0.0266566
0.026171
0.0257372
0.0253816
0.0251185
0.0249504
0.0248707
0.0248644
0.0249132
0.0249947
0.0250884
0.0251719
0.0252297
0.0252471
0.0252236
0.0251625
0.0250858
0.0250127
0.0249634
0.024937
0.0249054
0.0247962
0.0244681
0.0238514
0.0229693
0.0220185
0.0279968
0.0274045
0.0267904
0.026208
0.0257001
0.0252949
0.025006
0.0248333
0.0247657
0.0247836
0.0248639
0.0249794
0.0251059
0.0252169
0.0252936
0.0253189
0.025291
0.025215
0.0251168
0.0250223
0.0249567
0.0249239
0.0248977
0.0247959
0.0244412
0.0237363
0.0227181
0.0216361
0.0283443
0.0276102
0.0268676
0.026179
0.0255924
0.0251378
0.024827
0.0246559
0.0246086
0.0246593
0.0247795
0.024937
0.025103
0.0252468
0.0253459
0.0253802
0.0253464
0.0252513
0.0251248
0.0250005
0.0249084
0.0248581
0.0248292
0.0247318
0.0243452
0.0235343
0.0223535
0.0211204
0.0286564
0.0277606
0.0268744
0.02607
0.0254011
0.0248984
0.0245711
0.02441
0.0243925
0.0244862
0.0246561
0.0248644
0.0250774
0.02526
0.0253854
0.02543
0.025389
0.0252704
0.0251082
0.0249439
0.0248112
0.0247268
0.0246809
0.0245816
0.0241566
0.0232195
0.0218458
0.0204396
0.0289204
0.0278406
0.0267944
0.0258648
0.0251109
0.0245632
0.024227
0.0240862
0.0241103
0.0242586
0.0244892
0.0247582
0.0250266
0.0252545
0.0254105
0.0254675
0.0254181
0.0252716
0.0250657
0.0248497
0.0246583
0.024515
0.0244289
0.0243164
0.0238451
0.0227602
0.0211597
0.0195567
0.0291212
0.0278318
0.0266084
0.0255447
0.0247046
0.0241174
0.0237824
0.0236747
0.0237541
0.0239707
0.0242744
0.0246149
0.024948
0.0252282
0.0254196
0.0254914
0.025433
0.0252545
0.0249969
0.0247165
0.0244435
0.0242066
0.0240449
0.0238997
0.0233728
0.0221184
0.0202547
0.0184299
0.0292403
0.0277125
0.026294
0.025088
0.0241627
0.0235443
0.0232237
0.0231647
0.0233157
0.0236159
0.0240068
0.0244309
0.0248384
0.0251786
0.0254107
0.0255001
0.0254326
0.0252189
0.0249025
0.0245445
0.0241628
0.0237863
0.023498
0.023289
0.0226938
0.0212491
0.0190849
0.017014
0.0292549
0.0274567
0.0258248
0.0244699
0.0234632
0.0228255
0.022536
0.0225448
0.0227864
0.0231877
0.0236812
0.0242021
0.0246947
0.025103
0.0253814
0.0254918
0.0254161
0.0251648
0.0247839
0.0243358
0.0238153
0.0232432
0.0227606
0.0224399
0.0217553
0.0200988
0.0175978
0.0152598
0.0291377
0.0270322
0.0251697
0.0236615
0.0225812
0.0219406
0.0217036
0.021803
0.0221571
0.0226793
0.0232924
0.0239242
0.0245134
0.024998
0.0253287
0.0254641
0.025382
0.0250922
0.0246426
0.0240942
0.0234052
0.0225763
0.0218175
0.0213157
0.0205013
0.0186043
0.0157329
0.0131138
0.0288558
0.0264003
0.0242924
0.0226302
0.021489
0.0208674
0.0207094
0.0209265
0.0214183
0.0220834
0.0228349
0.023593
0.0242904
0.02486
0.0252493
0.0254141
0.0253284
0.0250003
0.0244802
0.0238247
0.0229426
0.0217999
0.0206767
0.0198993
0.01888
0.0166919
0.0134173
0.0105156
0.02837
0.0255152
0.023151
0.0213382
0.0201551
0.0195816
0.0195353
0.0199022
0.0205604
0.0213929
0.0223031
0.0232037
0.0240215
0.0246848
0.0251392
0.0253389
0.0252525
0.024887
0.0242971
0.0235323
0.022442
0.0209431
0.0193716
0.0181993
0.0168508
0.0142816
0.0105654
0.00739726
0.027632
0.0243256
0.0216975
0.0197425
0.018545
0.018057
0.0181624
0.0187165
0.0195736
0.0206005
0.0216913
0.0227515
0.0237022
0.024468
0.0249947
0.0252346
0.0251505
0.024749
0.0240921
0.0232213
0.0219199
0.0200424
0.0179511
0.0162433
0.0143866
0.0112935
0.0070843
0.00368574
0.026585
0.0227782
0.0198758
0.0177936
0.0166199
0.0162654
0.016571
0.0173559
0.0184483
0.0196991
0.0209941
0.0222315
0.0233274
0.0242048
0.0248114
0.0250967
0.025017
0.024581
0.0238619
0.0228935
0.0213895
0.0191291
0.0164589
0.0140609
0.0114698
0.00765877
0.00288631
-0.000689798
0.0251599
0.0208535
0.0176201
0.0154347
0.0143375
0.014177
0.0147408
0.0158066
0.0171749
0.0186818
0.0202057
0.0216382
0.0228918
0.0238904
0.0245849
0.0249198
0.0248449
0.0243755
0.0236007
0.0225465
0.0208561
0.0182184
0.0149168
0.0116666
0.00808744
0.00332936
-0.00209501
-0.00578585
0.023261
0.0185004
0.0148477
0.0126008
0.0116513
0.0117607
0.0126516
0.0140553
0.0157444
0.0175419
0.0193207
0.0209663
0.0223901
0.0235201
0.0243103
0.0246972
0.0246253
0.0241231
0.0233
0.0221736
0.0203141
0.0173052
0.0133198
0.0090558
0.00423151
-0.00171435
-0.00789111
-0.0116322
0.0207601
0.0154361
0.0114492
0.00921871
0.00851163
0.00898446
0.0102835
0.0120895
0.0141484
0.0162736
0.0183337
0.0202101
0.021817
0.0230892
0.0239819
0.0244204
0.0243478
0.0238146
0.0229492
0.0217628
0.0197481
0.0163682
0.0116439
0.00621269
-9.65999e-05
-0.00745935
-0.0144911
-0.018223
0.0175292
0.0115367
0.00731553
0.00521023
0.00486676
0.00581629
0.00761738
0.00989766
0.0123798
0.0148715
0.0172395
0.0193641
0.0211674
0.0225929
0.0235932
0.0240797
0.0240008
0.0234363
0.0225369
0.0212991
0.0191356
0.0153768
0.00985787
0.0031216
-0.00488069
-0.0138605
-0.0218419
-0.0255139
0.0134531
0.00672127
0.00234022
0.000495373
0.00066465
0.00222533
0.00463568
0.00746976
0.0104325
0.0133309
0.0160331
0.0184232
0.0204365
0.0220259
0.0231361
0.0236644
0.0235728
0.0229779
0.0220523
0.0207663
0.0184516
0.0142984
0.00793168
-0.000225116
-0.0100873
-0.0208442
-0.0298535
-0.0334251
0.00844547
0.000896855
-0.00357658
-0.00500312
-0.0041443
-0.00181668
0.00132339
0.00479796
0.00830202
0.0116481
0.0147101
0.0173824
0.0196198
0.0213823
0.0226018
0.0231632
0.0230536
0.022432
0.0214867
0.0201501
0.0176732
0.0131034
0.00584178
-0.00382385
-0.0156663
-0.0283135
-0.0384063
-0.0418466
0.0024719
-0.00600057
-0.0105139
-0.0113517
-0.00960319
-0.0063333
-0.00233103
0.00187704
0.00598578
0.00982035
0.0132666
0.0162378
0.0187129
0.0206556
0.02198
0.0225652
0.0224349
0.0217931
0.0208333
0.0194387
0.0167813
0.0117683
0.00357325
-0.00765944
-0.0215534
-0.0361544
-0.0473596
-0.0506462
-0.00442984
-0.013958
-0.0185152
-0.0185961
-0.0157433
-0.0113409
-0.00633436
-0.0012949
0.00348326
0.00784613
0.0116996
0.0149858
0.0177114
0.0198382
0.0212603
0.0218602
0.0217099
0.0210573
0.0200873
0.0186229
0.0157618
0.0102772
0.00112072
-0.0117061
-0.0276733
-0.0442416
-0.0565606
-0.0596777
-0.0121673
-0.0229821
-0.0275773
-0.0267515
-0.0225785
-0.0168459
-0.0106872
-0.00471587
0.000796271
0.00572521
0.0100073
0.0136239
0.0166105
0.0189216
0.020432
0.0210391
0.0208739
0.020222
0.0192441
0.0176958
0.0146054
0.0086217
-0.00151163
-0.0159289
-0.033944
-0.0524442
-0.0658523
-0.0687895
-0.0206324
-0.0329218
-0.0376372
-0.0357947
-0.0301
-0.0228418
-0.0153829
-0.00837942
-0.00207082
0.00345901
0.00818907
0.01215
0.0154055
0.0178973
0.0194846
0.0200939
0.0199227
0.0192842
0.0182991
0.0166516
0.0133067
0.00680097
-0.00431087
-0.0202859
-0.0402801
-0.0606324
-0.0750784
-0.0778315
-0.0297511
-0.0436515
-0.0485893
-0.0456639
-0.0382739
-0.0293075
-0.020406
-0.0122742
-0.00511093
0.00105073
0.00624582
0.0105629
0.014091
0.016756
0.0184082
0.0190177
0.0188521
0.0182389
0.017246
0.0154847
0.0118635
0.00482006
-0.0072568
-0.0247298
-0.0465964
-0.068683
-0.0840917
-0.0866605
-0.0762199
-0.039491
-0.0550505
-0.0603014
-0.0562634
-0.0470405
-0.0362057
-0.025732
-0.0163837
-0.00831404
-0.00149444
0.00417979
0.00886173
0.012662
0.0154888
0.0171934
0.0178041
0.0176571
0.0170792
0.0160775
0.0141898
0.0102761
0.00268893
-0.0103237
-0.0292107
-0.0528106
-0.0764815
-0.0927598
-0.0951458
-0.0836109
-0.0498287
-0.0670087
-0.0726245
-0.0674697
-0.0563168
-0.0434839
-0.0313271
-0.0206863
-0.0116672
-0.00416919
0.00199466
0.00704612
0.0111133
0.0140872
0.0158321
0.0164469
0.0163318
0.0157976
0.0147852
0.0127621
0.00854665
0.000421171
-0.0134823
-0.033678
-0.0588467
-0.0839259
-0.100966
-0.103174
-0.0906365
-0.0607015
-0.0794082
-0.0854003
-0.0791387
-0.065999
-0.0510748
-0.0371486
-0.0251553
-0.0151543
-0.00696412
-0.000304561
0.0051163
0.00944003
0.0125435
0.0143166
0.0149399
0.0148692
0.0143851
0.0133603
0.0111971
0.00667939
-0.0019669
-0.0167012
-0.0380824
-0.0646357
-0.0909288
-0.108613
-0.110665
-0.0972112
-0.0719872
-0.092109
-0.0984577
-0.0911098
-0.0759674
-0.0588989
-0.0431463
-0.0297596
-0.0187567
-0.00986772
-0.00271164
0.00307308
0.00763816
0.0108506
0.0126404
0.013277
0.0132619
0.0128321
0.0117944
0.00949155
0.00467992
-0.00445727
-0.0199482
-0.0423775
-0.070118
-0.0974193
-0.115621
-0.117522
-0.103263
-0.0835108
-0.104939
-0.111614
-0.103212
-0.0860899
-0.0668672
-0.0492634
-0.0344643
-0.0224529
-0.0128666
-0.00521924
0.000917965
0.00570435
0.00900302
0.0107975
0.0114519
0.0115024
0.0111297
0.01008
0.00764344
0.00255509
-0.00703128
-0.0231917
-0.0465204
-0.0752432
-0.103343
-0.121929
-0.123656
-0.108733
-0.0950668
-0.117702
-0.124679
-0.115267
-0.0962272
-0.0748839
-0.0554387
-0.0392314
-0.0262191
-0.0159457
-0.00781902
-0.00134669
0.00363631
0.00699609
0.0087829
0.00945828
0.00958372
0.00926961
0.00821119
0.00565237
0.000312889
-0.00967051
-0.0264026
-0.0504737
-0.0799704
-0.108659
-0.127498
-0.129046
-0.113583
-0.10644
-0.130194
-0.137461
-0.127096
-0.106238
-0.0828502
-0.0616084
-0.0440208
-0.0300299
-0.0190887
-0.0105017
-0.00371762
0.00143299
0.00482663
0.00659206
0.00729022
0.00749988
0.00724507
0.00618404
0.00351996
-0.00203728
-0.0123565
-0.0295549
-0.0542073
-0.0842695
-0.113343
-0.132303
-0.133671
-0.117784
-0.117429
-0.142212
-0.149778
-0.138525
-0.115982
-0.0906679
-0.0677082
-0.0487915
-0.0338585
-0.022278
-0.0132572
-0.00619053
-0.000905403
0.00249272
0.00422128
0.00494211
0.00524659
0.00505064
0.00399665
0.00125015
-0.00448399
-0.01507
-0.0326241
-0.0576982
-0.0881235
-0.117381
-0.136339
-0.137521
-0.121324
-0.127875
-0.153571
-0.16147
-0.149393
-0.125327
-0.0982423
-0.0736751
-0.0535024
-0.0376775
-0.0254956
-0.0160746
-0.00876011
-0.00337726
-6.25105e-06
0.00166757
0.00240866
0.0028216
0.00268265
0.00164949
-0.00115087
-0.00701434
-0.0177907
-0.035585
-0.060925
-0.0915255
-0.12078
-0.139611
-0.140601
-0.124203
-0.137658
-0.164126
-0.172409
-0.15955
-0.134152
-0.105485
-0.0794496
-0.0581135
-0.0414596
-0.028723
-0.0189426
-0.01142
-0.00597966
-0.00266953
-0.00107094
-0.000314913
0.000225105
0.000138556
-0.00085577
-0.00367715
-0.00961819
-0.0205036
-0.0384163
-0.0638635
-0.0944647
-0.123553
-0.142143
-0.142925
-0.126431
-0.146607
-0.173759
-0.182519
-0.168864
-0.14235
-0.112319
-0.0849768
-0.0625868
-0.0451779
-0.0319416
-0.021849
-0.0141629
-0.00870842
-0.00549533
-0.00399521
-0.00323231
-0.00253937
-0.00258627
-0.00352066
-0.00632855
-0.0122951
-0.0232071
-0.0411119
-0.0664979
-0.0969189
-0.1257
-0.143963
-0.144524
-0.128027
-0.154477
-0.182272
-0.191764
-0.177224
-0.149833
-0.118675
-0.0902079
-0.066887
-0.0488066
-0.0351332
-0.0247814
-0.0169804
-0.0115582
-0.00848123
-0.00710762
-0.00635107
-0.00546272
-0.00550233
-0.00635245
-0.00910897
-0.0150477
-0.0259049
-0.0436806
-0.0688411
-0.0988905
-0.127204
-0.145079
-0.145425
-0.129019
-0.161361
-0.189442
-0.200147
-0.184505
-0.15653
-0.124502
-0.0951016
-0.0709822
-0.0523217
-0.03828
-0.027727
-0.0198634
-0.0145218
-0.0116231
-0.0104115
-0.00969343
-0.00854373
-0.00861073
-0.00933706
-0.0119868
-0.0178298
-0.0285503
-0.0461031
-0.0709306
-0.10047
-0.128143
-0.14551
-0.145645
-0.129433
-0.168096
-0.19566
-0.207543
-0.190617
-0.162367
-0.129751
-0.0996256
-0.0748466
-0.0557015
-0.041365
-0.030673
-0.0228006
-0.0175874
-0.0149054
-0.013881
-0.0132394
-0.0118225
-0.0118418
-0.0123588
-0.0148207
-0.0204807
-0.0309876
-0.0482768
-0.072776
-0.101821
-0.128801
-0.145475
-0.145259
-0.129318
-0.175153
-0.202204
-0.205536
-0.195704
-0.167452
-0.134394
-0.10373
-0.0784448
-0.0589214
-0.0443681
-0.033603
-0.0257773
-0.0207311
-0.0182745
-0.0173929
-0.0167557
-0.0151865
-0.0150428
-0.0152429
-0.0174668
-0.022884
-0.0331246
-0.0501289
-0.0743262
-0.102965
-0.129373
-0.145365
-0.144625
-0.128865
-0.180042
-0.207607
-0.214205
-0.200425
-0.172092
-0.138756
-0.107626
-0.0818738
-0.0619983
-0.0472665
-0.0364964
-0.0288095
-0.024011
-0.0218163
-0.0210721
-0.0204119
-0.017723
-0.0185027
-0.0184642
-0.0204869
-0.025667
-0.0355592
-0.0520532
-0.0755795
-0.103427
-0.129057
-0.144495
-0.14432
-0.127978
-0.176306
-0.201469
-0.206588
-0.19637
-0.170704
-0.13924
-0.109203
-0.083967
-0.0643068
-0.0496253
-0.0388299
-0.0312617
-0.02696
-0.0255912
-0.0256761
-0.0256149
-0.0263612
-0.0231415
-0.0225517
-0.0242786
-0.0292006
-0.0385869
-0.0541064
-0.0761859
-0.102308
-0.126322
-0.140746
-0.140269
-0.177804
-0.202194
-0.207014
-0.196091
-0.170387
-0.139063
-0.109254
-0.0842368
-0.0647573
-0.0502193
-0.0395584
-0.0321671
-0.028103
-0.0269686
-0.0272033
-0.0271972
-0.0275639
-0.0244539
-0.023716
-0.0253788
-0.0302639
-0.0395998
-0.0550095
-0.076872
-0.102628
-0.126146
-0.14008
-0.139282
-0.180121
-0.204098
-0.208727
-0.196572
-0.170195
-0.138555
-0.108761
-0.0839294
-0.0646798
-0.0503642
-0.0399222
-0.0327705
-0.0289447
-0.0279774
-0.0282838
-0.0282956
-0.0283389
-0.0254485
-0.0246556
-0.0263021
-0.0311849
-0.0405235
-0.0559057
-0.0776556
-0.103165
-0.12631
-0.139832
-0.138704
-0.182125
-0.205655
-0.209932
-0.196954
-0.170081
-0.138208
-0.108434
-0.0837564
-0.0647016
-0.0505794
-0.0403317
-0.0333987
-0.0297975
-0.029
-0.0293982
-0.0294476
-0.0293022
-0.0265128
-0.0256565
-0.0272713
-0.0321326
-0.0414475
-0.0567674
-0.0783656
-0.103594
-0.12635
-0.139477
-0.138062
-0.183952
-0.206971
-0.210832
-0.197143
-0.169915
-0.137925
-0.108223
-0.0837081
-0.0648373
-0.0508929
-0.0408248
-0.0340998
-0.0307216
-0.0301039
-0.0306074
-0.030694
-0.0303759
-0.0276413
-0.0267047
-0.0282717
-0.0330951
-0.0423667
-0.0576013
-0.0790234
-0.103948
-0.126295
-0.139018
-0.137327
-0.185702
-0.208203
-0.211633
-0.197243
-0.169683
-0.137611
-0.10801
-0.0836723
-0.0649936
-0.0512322
-0.041348
-0.0348355
-0.0316842
-0.0312497
-0.0318601
-0.0319768
-0.0314923
-0.0287928
-0.0277698
-0.0292802
-0.034056
-0.0432725
-0.058409
-0.0796425
-0.104253
-0.126188
-0.138507
-0.136545
-0.187373
-0.209359
-0.212341
-0.197283
-0.169403
-0.137265
-0.107776
-0.0836267
-0.0651485
-0.0515776
-0.0418844
-0.035591
-0.0326702
-0.0324208
-0.0331391
-0.0332821
-0.0326407
-0.0299611
-0.0288479
-0.0302941
-0.035013
-0.0441633
-0.0591893
-0.0802223
-0.104512
-0.126033
-0.137953
-0.135731
-0.188953
-0.210423
-0.21294
-0.197257
-0.169081
-0.1369
-0.107538
-0.0835837
-0.0653114
-0.0519357
-0.0424383
-0.0363686
-0.0336812
-0.0336197
-0.0344483
-0.0346146
-0.0338251
-0.0311488
-0.0299405
-0.031314
-0.0359661
-0.0450386
-0.0599409
-0.0807611
-0.104721
-0.125826
-0.137351
-0.13488
-0.19044
-0.211391
-0.213426
-0.19716
-0.168718
-0.136521
-0.107301
-0.0835491
-0.0654874
-0.0523105
-0.0430129
-0.0371708
-0.0347199
-0.0348495
-0.0357909
-0.0359775
-0.035046
-0.0323561
-0.0310471
-0.0323392
-0.0369146
-0.0458974
-0.060663
-0.081258
-0.10488
-0.125566
-0.136702
-0.133992
-0.191831
-0.212261
-0.213804
-0.196992
-0.168312
-0.136126
-0.107063
-0.0835221
-0.0656758
-0.0527017
-0.0436079
-0.0379976
-0.0357866
-0.0361108
-0.0371671
-0.0373707
-0.0363021
-0.0335825
-0.0321668
-0.0333687
-0.0378574
-0.0467387
-0.0613548
-0.0817126
-0.104988
-0.125255
-0.136006
-0.133068
-0.193124
-0.213031
-0.214078
-0.196756
-0.167865
-0.135715
-0.106823
-0.0835011
-0.0658755
-0.0531082
-0.0442226
-0.0388485
-0.036881
-0.0374035
-0.0385768
-0.0387941
-0.0375919
-0.0348273
-0.0332988
-0.0344015
-0.0387935
-0.0475616
-0.0620155
-0.0821244
-0.105046
-0.124893
-0.135264
-0.132108
-0.194315
-0.213699
-0.214247
-0.196452
-0.167379
-0.135287
-0.106581
-0.0834857
-0.0660858
-0.0535295
-0.0448565
-0.0397232
-0.038003
-0.0387277
-0.0400197
-0.0402478
-0.0389143
-0.03609
-0.0344423
-0.0354369
-0.039722
-0.0483653
-0.0626445
-0.0824931
-0.105054
-0.124479
-0.134476
-0.131114
-0.195402
-0.214263
-0.214314
-0.19608
-0.166853
-0.134844
-0.106337
-0.0834756
-0.0663066
-0.0539653
-0.0455094
-0.0406215
-0.0391527
-0.0400835
-0.041496
-0.0417317
-0.0402682
-0.0373702
-0.0355965
-0.0364741
-0.0406421
-0.049149
-0.0632411
-0.0828181
-0.105011
-0.124014
-0.133643
-0.130086
-0.196381
-0.214721
-0.21428
-0.195642
-0.166289
-0.134385
-0.10609
-0.0834705
-0.0665373
-0.0544151
-0.0461809
-0.0415431
-0.04033
-0.041471
-0.0430055
-0.0432458
-0.0416528
-0.0386675
-0.0367608
-0.0375121
-0.0415529
-0.0499118
-0.0638046
-0.0830993
-0.104918
-0.123499
-0.132765
-0.129024
-0.197251
-0.215071
-0.214146
-0.195138
-0.165688
-0.133911
-0.105841
-0.0834699
-0.0667775
-0.0548785
-0.0468705
-0.0424876
-0.0415347
-0.0428902
-0.044548
-0.0447899
-0.0430669
-0.0399814
-0.0379345
-0.0385502
-0.0424536
-0.0506531
-0.0643347
-0.0833365
-0.104774
-0.122934
-0.131845
-0.127931
-0.198009
-0.215313
-0.213914
-0.194569
-0.16505
-0.133421
-0.105588
-0.0834733
-0.0670267
-0.0553548
-0.0475778
-0.0434548
-0.0427667
-0.0443409
-0.0461233
-0.0463637
-0.0445098
-0.0413115
-0.0391168
-0.0395876
-0.0433433
-0.0513721
-0.0648307
-0.0835294
-0.104581
-0.12232
-0.130882
-0.126807
-0.198652
-0.215445
-0.213583
-0.193936
-0.164376
-0.132916
-0.105332
-0.0834802
-0.0672842
-0.0558436
-0.0483024
-0.0444442
-0.0440258
-0.0458229
-0.047731
-0.047967
-0.0459803
-0.0426574
-0.040307
-0.0406235
-0.0442214
-0.0520682
-0.0652924
-0.0836781
-0.104338
-0.121656
-0.129877
-0.125651
-0.199179
-0.215466
-0.213157
-0.193239
-0.163666
-0.132395
-0.105071
-0.08349
-0.0675495
-0.0563443
-0.0490436
-0.0454554
-0.0453118
-0.047336
-0.0493708
-0.0495994
-0.0474778
-0.0440185
-0.0415044
-0.0416572
-0.045087
-0.0527408
-0.0657193
-0.0837826
-0.104046
-0.120945
-0.128831
-0.124467
-0.171199
-0.199588
-0.215375
-0.212635
-0.19248
-0.162922
-0.131859
-0.104806
-0.0835021
-0.0678218
-0.0568562
-0.0498009
-0.0464879
-0.0466242
-0.0488797
-0.0510423
-0.0512605
-0.0490013
-0.0453945
-0.0427083
-0.0426878
-0.0459394
-0.0533894
-0.0661113
-0.0838429
-0.103704
-0.120187
-0.127745
-0.123253
-0.171902
-0.199877
-0.215172
-0.212018
-0.191658
-0.162143
-0.131307
-0.104536
-0.0835159
-0.0681007
-0.0573785
-0.0505737
-0.0475411
-0.0479627
-0.0504536
-0.0527449
-0.0529498
-0.05055
-0.0467847
-0.0439179
-0.0437146
-0.046778
-0.0540134
-0.0664681
-0.0838592
-0.103315
-0.119382
-0.126621
-0.122012
-0.172488
-0.200045
-0.214857
-0.211309
-0.190776
-0.16133
-0.130739
-0.104261
-0.0835309
-0.0683852
-0.0579108
-0.0513613
-0.0486145
-0.0493267
-0.0520573
-0.0544781
-0.0546667
-0.052123
-0.0481888
-0.0451326
-0.044737
-0.0476022
-0.0546125
-0.0667896
-0.0838318
-0.102878
-0.118532
-0.125458
-0.120744
-0.172954
-0.200091
-0.214429
-0.210508
-0.189834
-0.160484
-0.130154
-0.103979
-0.0835462
-0.0686747
-0.0584521
-0.052163
-0.0497075
-0.0507158
-0.05369
-0.0562411
-0.0564108
-0.0537195
-0.049606
-0.0463516
-0.0457541
-0.0484112
-0.0551863
-0.0670757
-0.083761
-0.102393
-0.117637
-0.124259
-0.119451
-0.1733
-0.200014
-0.213888
-0.209617
-0.188832
-0.159605
-0.129554
-0.103691
-0.0835613
-0.0689683
-0.0590016
-0.0529781
-0.0508193
-0.0521292
-0.0553511
-0.0580334
-0.0581814
-0.0553387
-0.0510359
-0.0475743
-0.0467653
-0.0492045
-0.0557343
-0.0673264
-0.0836473
-0.101863
-0.116698
-0.123024
-0.118132
-0.173524
-0.199814
-0.213236
-0.208637
-0.187773
-0.158694
-0.128937
-0.103396
-0.0835753
-0.0692653
-0.0595587
-0.0538058
-0.0519493
-0.0535663
-0.0570399
-0.0598542
-0.0599778
-0.0569798
-0.0524779
-0.0487998
-0.0477698
-0.0499816
-0.0562564
-0.0675418
-0.0834909
-0.101287
-0.115717
-0.121754
-0.11679
-0.173626
-0.199491
-0.212473
-0.20757
-0.186656
-0.15775
-0.128302
-0.103092
-0.0835875
-0.0695648
-0.0601224
-0.0546452
-0.0530966
-0.0550262
-0.0587554
-0.0617026
-0.0617995
-0.0586419
-0.0539313
-0.0500275
-0.0487671
-0.050742
-0.0567522
-0.0677221
-0.0832926
-0.100666
-0.114695
-0.120451
-0.115424
-0.173606
-0.199044
-0.2116
-0.206417
-0.185483
-0.156774
-0.127651
-0.102781
-0.0835971
-0.069866
-0.0606918
-0.0554954
-0.0542602
-0.0565081
-0.0604968
-0.0635777
-0.0636456
-0.0603242
-0.0553956
-0.0512568
-0.0497565
-0.0514852
-0.0572217
-0.0678674
-0.0830529
-0.100002
-0.113632
-0.119116
-0.114037
-0.173463
-0.198474
-0.210617
-0.205179
-0.184255
-0.155767
-0.126982
-0.10246
-0.0836034
-0.0701678
-0.061266
-0.0563555
-0.0554394
-0.058011
-0.0622631
-0.0654786
-0.0655153
-0.0620258
-0.05687
-0.0524868
-0.0507374
-0.0522107
-0.0576647
-0.067978
-0.0827725
-0.0992959
-0.112531
-0.117751
-0.112629
-0.173197
-0.197782
-0.209526
-0.203859
-0.182973
-0.154728
-0.126296
-0.10213
-0.0836054
-0.0704694
-0.061844
-0.0572245
-0.0566331
-0.0595339
-0.0640532
-0.0674043
-0.0674078
-0.063746
-0.058354
-0.053717
-0.0517092
-0.0529183
-0.0580811
-0.0680543
-0.0824521
-0.0985479
-0.111392
-0.116355
-0.111201
-0.172809
-0.196968
-0.208329
-0.202458
-0.181638
-0.153659
-0.125591
-0.101789
-0.0836023
-0.0707697
-0.0624248
-0.0581013
-0.0578401
-0.0610755
-0.0658658
-0.0693537
-0.0693216
-0.0654838
-0.0598468
-0.0549467
-0.0526713
-0.0536076
-0.058471
-0.0680966
-0.0820926
-0.0977597
-0.110216
-0.114932
-0.109754
-0.1723
-0.196035
-0.207028
-0.200977
-0.180252
-0.152559
-0.124868
-0.101437
-0.0835933
-0.0710678
-0.0630074
-0.058985
-0.0590595
-0.0626348
-0.0676998
-0.0713258
-0.0712568
-0.0672383
-0.0613478
-0.0561752
-0.0536232
-0.0542783
-0.0588344
-0.0681054
-0.0816949
-0.0969325
-0.109006
-0.113481
-0.10829
-0.17167
-0.194983
-0.205623
-0.19942
-0.178814
-0.151428
-0.124126
-0.101074
-0.0835774
-0.0713627
-0.0635907
-0.0598743
-0.0602899
-0.0642103
-0.0695539
-0.0733192
-0.0732157
-0.0690087
-0.0628562
-0.0574019
-0.0545645
-0.05493
-0.0591713
-0.0680812
-0.0812598
-0.0960675
-0.107762
-0.112005
-0.106809
-0.170921
-0.193814
-0.204118
-0.197787
-0.177328
-0.150268
-0.123365
-0.100698
-0.0835537
-0.0716534
-0.0641736
-0.060768
-0.0615301
-0.0658008
-0.0714266
-0.0753325
-0.0751976
-0.0707944
-0.0643715
-0.0586262
-0.0554946
-0.0555627
-0.0594821
-0.0680246
-0.0807885
-0.095166
-0.106486
-0.110505
-0.105312
-0.170054
-0.192531
-0.202514
-0.196081
-0.175793
-0.149077
-0.122584
-0.100309
-0.0835213
-0.0719386
-0.064755
-0.0616649
-0.0627788
-0.0674048
-0.0733165
-0.0773644
-0.0771981
-0.0725941
-0.0658928
-0.0598474
-0.0564132
-0.0561762
-0.0597667
-0.0679362
-0.0802818
-0.0942295
-0.10518
-0.108982
-0.103801
-0.169072
-0.191135
-0.200815
-0.194304
-0.17421
-0.147857
-0.121783
-0.0999064
-0.0834792
-0.0722175
-0.0653337
-0.0625638
-0.0640345
-0.0690207
-0.075222
-0.0794137
-0.0792092
-0.0744067
-0.0674194
-0.0610651
-0.0573197
-0.0567703
-0.0600255
-0.0678168
-0.079741
-0.0932592
-0.103845
-0.107437
-0.102276
-0.167977
-0.189629
-0.199022
-0.192458
-0.172582
-0.146607
-0.120963
-0.0994891
-0.0834266
-0.0724888
-0.0659085
-0.0634632
-0.0652958
-0.0706469
-0.0771417
-0.0814791
-0.0812331
-0.076231
-0.0689507
-0.0622786
-0.0582139
-0.057345
-0.0602589
-0.0676669
-0.0791672
-0.0922568
-0.102482
-0.105873
-0.100739
-0.16677
-0.188016
-0.197138
-0.190545
-0.17091
-0.145329
-0.120121
-0.0990566
-0.0833624
-0.0727515
-0.0664782
-0.0643619
-0.0665611
-0.0722818
-0.0790736
-0.0835588
-0.0832698
-0.0780663
-0.070486
-0.0634874
-0.0590955
-0.0579002
-0.0604671
-0.0674875
-0.0785615
-0.0912235
-0.101093
-0.10429
-0.0991901
-0.165456
-0.186299
-0.195167
-0.188568
-0.169194
-0.144022
-0.119259
-0.0986081
-0.0832857
-0.0730044
-0.0670415
-0.0652584
-0.0678288
-0.0739236
-0.0810163
-0.0856514
-0.0853194
-0.0799116
-0.0720245
-0.0646909
-0.059964
-0.0584359
-0.0606505
-0.0672794
-0.0779252
-0.0901611
-0.0996805
-0.10269
-0.0976308
-0.164036
-0.184481
-0.19311
-0.186529
-0.167435
-0.142686
-0.118376
-0.0981431
-0.0831955
-0.0732464
-0.0675972
-0.0661512
-0.0690973
-0.0755706
-0.0829677
-0.0877553
-0.0873815
-0.0817659
-0.0735655
-0.0658887
-0.0608194
-0.0589522
-0.0608096
-0.0670434
-0.0772596
-0.089071
-0.0982451
-0.101074
-0.0960622
-0.162513
-0.182566
-0.190973
-0.18443
-0.165636
-0.141323
-0.117471
-0.0976608
-0.0830909
-0.0734765
-0.0681439
-0.067039
-0.0703648
-0.0772207
-0.0849261
-0.0898687
-0.0894543
-0.0836283
-0.0751083
-0.0670804
-0.0616612
-0.0594492
-0.0609449
-0.0667804
-0.076566
-0.0879548
-0.0967886
-0.0994445
-0.0944851
-0.160893
-0.180557
-0.188757
-0.182273
-0.163798
-0.139931
-0.116545
-0.0971606
-0.0829709
-0.0736933
-0.0686803
-0.06792
-0.0716296
-0.0788721
-0.0868895
-0.0919901
-0.0915363
-0.0854976
-0.0766522
-0.0682654
-0.0624894
-0.0599269
-0.0610569
-0.0664913
-0.0758457
-0.086814
-0.0953127
-0.0978017
-0.0929007
-0.159177
-0.178457
-0.186466
-0.180062
-0.161921
-0.138512
-0.115596
-0.0966417
-0.0828346
-0.0738958
-0.0692052
-0.0687928
-0.0728898
-0.0805228
-0.088856
-0.0941176
-0.0936261
-0.0873729
-0.0781966
-0.0694434
-0.0633038
-0.0603856
-0.061146
-0.0661772
-0.0751001
-0.0856503
-0.093819
-0.0961476
-0.0913099
-0.157369
-0.176272
-0.184103
-0.177798
-0.160008
-0.137067
-0.114626
-0.0961037
-0.082681
-0.0740829
-0.0697171
-0.0696557
-0.0741437
-0.0821708
-0.0908234
-0.0962495
-0.0957224
-0.0892531
-0.0797407
-0.0706139
-0.0641043
-0.0608255
-0.061213
-0.0658391
-0.0743306
-0.0844654
-0.0923093
-0.0944835
-0.0897137
-0.155475
-0.174004
-0.181673
-0.175485
-0.15806
-0.135594
-0.113633
-0.0955458
-0.0825092
-0.0742534
-0.0702148
-0.0705072
-0.0753892
-0.0838138
-0.0927897
-0.098384
-0.0978236
-0.091137
-0.0812838
-0.0717766
-0.0648907
-0.0612468
-0.0612585
-0.0654779
-0.0735384
-0.0832607
-0.090785
-0.0928108
-0.088113
-0.153497
-0.171658
-0.179179
-0.173124
-0.156077
-0.134096
-0.112617
-0.0949675
-0.0823183
-0.0744061
-0.0706968
-0.0713456
-0.0766244
-0.0854498
-0.0947528
-0.100519
-0.0999281
-0.0930238
-0.0828253
-0.0729311
-0.065663
-0.0616497
-0.061283
-0.0650948
-0.0727252
-0.082038
-0.0892479
-0.0911309
-0.086509
-0.151441
-0.169239
-0.176623
-0.170719
-0.154062
-0.132572
-0.111579
-0.0943682
-0.0821074
-0.0745401
-0.0711618
-0.0721692
-0.0778473
-0.0870767
-0.0967105
-0.102653
-0.102035
-0.0949121
-0.0843645
-0.0740771
-0.0664212
-0.0620345
-0.0612872
-0.0646908
-0.0718922
-0.0807989
-0.0876996
-0.0894452
-0.0849024
-0.14931
-0.16675
-0.174011
-0.168272
-0.152016
-0.131023
-0.110518
-0.0937474
-0.0818757
-0.0746541
-0.0716084
-0.0729763
-0.079056
-0.088692
-0.0986605
-0.104783
-0.104141
-0.096801
-0.0859007
-0.0752144
-0.0671653
-0.0624016
-0.061272
-0.064267
-0.071041
-0.079545
-0.0861416
-0.087755
-0.0832943
-0.14711
-0.164196
-0.171346
-0.165785
-0.14994
-0.129449
-0.109434
-0.0931046
-0.0816224
-0.0747471
-0.0720353
-0.0737653
-0.0802483
-0.0902937
-0.100601
-0.106909
-0.106247
-0.0986893
-0.0874333
-0.0763425
-0.0678952
-0.0627514
-0.0612379
-0.0638245
-0.0701728
-0.0782779
-0.0845756
-0.0860616
-0.0816856
-0.144844
-0.161582
-0.168632
-0.163262
-0.147836
-0.127851
-0.108327
-0.0924393
-0.0813466
-0.074818
-0.0724412
-0.0745344
-0.0814223
-0.0918793
-0.102529
-0.109027
-0.108349
-0.100576
-0.0889616
-0.0774614
-0.0686112
-0.0630843
-0.0611857
-0.0633645
-0.0692893
-0.0769992
-0.0830031
-0.0843664
-0.0800771
-0.142517
-0.158912
-0.165872
-0.160704
-0.145705
-0.12623
-0.107198
-0.0917511
-0.0810475
-0.0748658
-0.0728246
-0.0752819
-0.0825758
-0.0934466
-0.104442
-0.111135
-0.110447
-0.10246
-0.0904851
-0.0785708
-0.0693133
-0.0634005
-0.0611163
-0.0628879
-0.0683917
-0.0757106
-0.0814256
-0.0826707
-0.0784698
-0.140135
-0.156191
-0.16307
-0.158115
-0.143549
-0.124587
-0.106046
-0.0910397
-0.0807245
-0.0748894
-0.0731843
-0.0760062
-0.0837068
-0.0949933
-0.106338
-0.113232
-0.112538
-0.104339
-0.092003
-0.0796705
-0.0700016
-0.0637007
-0.0610303
-0.062396
-0.0674815
-0.0744135
-0.0798447
-0.0809757
-0.0768646
)
;

boundaryField
{
    inlet
    {
        type            zeroGradient;
    }
    outlet
    {
        type            fixedValue;
        value           nonuniform 0();
    }
    cylinder
    {
        type            zeroGradient;
    }
    top
    {
        type            symmetryPlane;
    }
    bottom
    {
        type            symmetryPlane;
    }
    frontAndBack
    {
        type            empty;
    }
    procBoundary6to5
    {
        type            processor;
        value           nonuniform List<scalar> 
252
(
-0.11893
-0.116933
-0.114894
-0.112818
-0.110708
-0.108569
-0.106404
-0.104219
-0.102018
-0.0998028
-0.097579
-0.09535
-0.0931193
-0.0908904
-0.0886666
-0.0864512
-0.0842472
-0.0820575
-0.0798849
-0.077732
-0.0756012
-0.0734949
-0.0714152
-0.0693643
-0.0673438
-0.0653557
-0.0634015
-0.0614827
-0.0596007
-0.0577568
-0.0559522
-0.0541879
-0.057157
-0.057157
-0.0551037
-0.0530971
-0.0511379
-0.0492263
-0.0473628
-0.0455477
-0.0437813
-0.0420638
-0.0403956
-0.0387772
-0.0372085
-0.035686
-0.0342092
-0.0328011
-0.0314958
-0.0301843
-0.0285082
-0.0247103
-0.0203979
-0.0163459
-0.0124853
-0.00884015
-0.00542071
-0.00222995
0.000732207
0.00346791
0.00598122
0.00827796
0.0103654
0.0122517
0.013946
0.0154573
0.0167949
0.0179678
0.0189849
0.0198553
0.0205885
0.0211944
0.0216833
0.0220655
0.0223511
0.0225499
0.0226709
0.0227224
0.0227121
0.0226473
0.0225344
0.0223796
0.0221884
0.021966
0.0217172
0.0214461
0.0211568
0.0208526
0.020537
0.0202126
0.0198822
0.0195481
0.0192124
0.0188769
0.0185435
0.0182136
0.0178886
0.0175697
0.0172578
0.0169541
0.0166592
0.0163738
0.0160986
0.015834
0.0155804
0.0153381
0.0151073
0.0148883
0.0146811
0.0144859
0.0143025
0.0141309
0.0139712
0.0138232
0.0136867
0.0135617
0.013448
0.0133455
0.0132541
0.0131737
0.0131043
0.0130459
0.0129987
0.0129627
0.0129382
0.0129257
0.020188
0.0201951
0.0202093
0.0202304
0.0202586
0.0202943
0.0203379
0.0203898
0.0204508
0.0205214
0.0206025
0.0206948
0.0207991
0.0209162
0.0210471
0.0211927
0.0213537
0.0215311
0.0217258
0.0219385
0.0221699
0.0224209
0.022692
0.0229837
0.0232964
0.0236303
0.0239856
0.024362
0.0247592
0.0251764
0.0256126
0.0260662
0.026536
0.027018
0.0275097
0.028007
0.028505
0.0289967
0.0294745
0.029929
0.0303491
0.0307198
0.0310234
0.0312385
0.0313386
0.0312907
0.0310534
0.0305762
0.0297947
0.0286254
0.0269709
0.0247283
0.0218043
0.0181374
0.0137196
0.00859835
0.00283659
-0.00354263
-0.0105742
-0.0183104
-0.0267566
-0.0358375
-0.0454053
-0.05527
-0.0652274
-0.0750842
-0.0846837
-0.0939072
-0.102616
-0.110614
-0.117816
-0.124478
-0.130983
-0.137117
-0.141625
-0.141395
-0.14341
-0.145898
-0.148172
-0.150326
-0.152409
-0.154416
-0.156342
-0.158181
-0.159933
-0.161592
-0.163156
-0.164622
-0.165987
-0.167248
-0.168402
-0.169447
-0.17038
-0.17038
-0.1395
-0.140455
-0.141306
-0.142051
-0.14269
-0.143219
-0.143639
-0.143949
-0.144147
-0.144235
-0.144211
-0.144077
-0.143832
-0.143478
-0.143016
-0.142446
-0.141772
-0.140994
-0.140115
-0.139138
-0.138064
-0.136897
-0.135641
-0.134297
-0.132871
-0.131365
-0.129783
-0.12813
-0.126408
-0.124623
-0.122779
-0.12088
)
;
    }
    procBoundary6to7
    {
        type            processor;
        value           nonuniform List<scalar> 
253
(
-0.0680131
-0.066671
-0.06533
-0.0639907
-0.0626534
-0.0613186
-0.0599869
-0.0586587
-0.0573344
-0.0560145
-0.0546995
-0.0533898
-0.0520859
-0.0507883
-0.0494974
-0.0482136
-0.0469375
-0.0456695
-0.0444101
-0.0431596
-0.0419185
-0.0406873
-0.0394665
-0.0382563
-0.0370574
-0.03587
-0.0346947
-0.0335318
-0.0323817
-0.0312448
-0.0301216
-0.0290124
-0.0279175
-0.0268375
-0.0257726
-0.0247232
-0.0236896
-0.0226723
-0.0216717
-0.0206879
-0.0197215
-0.0187729
-0.0178424
-0.0169307
-0.0160373
-0.0151606
-0.0143063
-0.0135044
-0.0127488
-0.0117432
-0.0117432
-0.00911309
-0.00663146
-0.00443664
-0.00211471
0.000196737
0.002397
0.0044711
0.00642429
0.00825668
0.00996474
0.0115454
0.0129973
0.0143202
0.0155153
0.0165843
0.0175298
0.0183548
0.0190628
0.0196574
0.0201422
0.0205213
0.0207995
0.0209828
0.0210795
0.021101
0.0210614
0.0209776
0.0208668
0.0207232
0.0206059
0.0205001
0.0204104
0.0203383
0.0202846
0.0202416
0.020207
0.0201768
0.020147
0.0201143
0.0200762
0.0200308
0.0199772
0.0199153
0.0198445
0.0197641
0.0196794
0.0195899
0.019496
0.0193983
0.0192972
0.0191934
0.0190876
0.0189801
0.0188717
0.0187627
0.0186537
0.0185451
0.0184373
0.0183309
0.0182262
0.0181238
0.0180242
0.0179278
0.0178352
0.017747
0.0176636
0.0175858
0.017514
0.0174489
0.0173912
0.0173414
0.0173003
0.0172684
0.0172466
0.0172353
0.0201154
0.0201254
0.0201449
0.0201734
0.0202102
0.020255
0.0203073
0.0203665
0.0204323
0.0205042
0.0205818
0.0206645
0.0207521
0.020844
0.0209397
0.0210387
0.0211404
0.0212441
0.0213492
0.0214547
0.0215597
0.021663
0.0217631
0.0218583
0.0219465
0.0220254
0.022092
0.0221427
0.0221727
0.0221767
0.0221481
0.0220789
0.0219596
0.0217785
0.021521
0.0211696
0.0207033
0.0200976
0.0193348
0.0183738
0.0171709
0.0156907
0.0138923
0.0117326
0.00916691
0.00614907
0.00263287
-0.00142412
-0.00605478
-0.0112754
-0.0170798
-0.0234357
-0.030285
-0.0375464
-0.0451202
-0.0528941
-0.0607484
-0.0685626
-0.0685626
-0.0579625
-0.0638018
-0.069398
-0.0746855
-0.0796082
-0.0841206
-0.0881874
-0.0917844
-0.0948972
-0.0975206
-0.0996578
-0.101319
-0.102522
-0.103286
-0.103633
-0.103652
-0.103358
-0.125113
-0.125113
-0.12416
-0.123435
-0.122713
-0.121938
-0.121128
-0.120294
-0.119437
-0.118556
-0.11765
-0.116722
-0.115772
-0.1148
-0.113807
-0.112793
-0.11176
-0.110708
-0.109638
-0.10855
-0.107444
-0.106323
-0.105185
-0.104033
-0.102866
-0.101685
-0.100491
-0.0992843
-0.0980656
-0.0968354
-0.0955943
-0.0943431
-0.0930822
-0.0918121
-0.0905336
-0.0892472
-0.0879533
-0.0866525
-0.0853455
-0.0840326
-0.0827145
-0.0813917
-0.0800646
-0.0787338
-0.0773998
-0.0760631
-0.0747242
-0.0733835
-0.0720416
-0.0706989
-0.0693559
)
;
    }
}


// ************************************************************************* //
