/*--------------------------------*- C++ -*----------------------------------*\
  =========                 |
  \\      /  F ield         | OpenFOAM: The Open Source CFD Toolbox
   \\    /   O peration     | Website:  https://openfoam.org
    \\  /    A nd           | Version:  7
     \\/     M anipulation  |
\*---------------------------------------------------------------------------*/
FoamFile
{
    version     2.0;
    format      ascii;
    class       volScalarField;
    location    "240";
    object      p;
}
// * * * * * * * * * * * * * * * * * * * * * * * * * * * * * * * * * * * * * //

dimensions      [0 2 -2 0 0 0 0];

internalField   nonuniform List<scalar> 
4575
(
-0.0688332
-0.0726337
-0.0601299
-0.0900645
-0.0762154
-0.0634104
-0.0512422
-0.0949302
-0.0798914
-0.0664431
-0.0539931
-0.0421777
-0.100363
-0.0840986
-0.0694909
-0.0564662
-0.0443899
-0.0329443
-0.106433
-0.0888206
-0.0730243
-0.058873
-0.046294
-0.0346099
-0.0235511
-0.113234
-0.0941207
-0.0770197
-0.0617185
-0.0480487
-0.035937
-0.0246634
-0.0140078
-0.120853
-0.100087
-0.0815322
-0.0649724
-0.0501935
-0.0370296
-0.0254067
-0.0145617
-0.00432568
-0.129367
-0.106804
-0.0866464
-0.0686815
-0.0526922
-0.0384621
-0.0258284
-0.0147156
-0.00431743
0.00548211
-0.138825
-0.114348
-0.0924427
-0.0729269
-0.0555836
-0.0401932
-0.0265379
-0.0144587
-0.00387677
0.00605559
0.0154003
-0.14919
-0.12277
-0.0989978
-0.0777863
-0.0589455
-0.0422538
-0.0274898
-0.0144352
-0.00293445
0.00709545
0.0165421
0.0254111
-0.160248
-0.13204
-0.106364
-0.0833358
-0.0628537
-0.0447194
-0.0287082
-0.0145973
-0.00216844
0.00872961
0.0181863
0.0271257
0.0354938
-0.171473
-0.141962
-0.114519
-0.0896295
-0.0673836
-0.0476644
-0.0302667
-0.0149634
-0.00153116
0.0102474
0.0205186
0.0293807
0.0377883
0.0456228
-0.181859
-0.152037
-0.123284
-0.0966537
-0.0725916
-0.0511636
-0.0322386
-0.0156057
-0.00103634
0.0116931
0.0227976
0.0324179
0.0406636
0.0485103
0.0557636
-0.161294
-0.132186
-0.104244
-0.0784711
-0.0552755
-0.0346987
-0.0165974
-0.000755724
0.0130558
0.02506
0.0354678
0.0444135
0.052021
0.0592707
0.0658755
-0.168145
-0.140291
-0.111954
-0.0848728
-0.0600003
-0.0377072
-0.0180128
-0.000762428
0.0142638
0.0272954
0.0385538
0.048244
0.0564923
0.0634411
0.0700538
0.0759258
-0.170377
-0.146055
-0.11889
-0.0913776
-0.0652036
-0.0412709
-0.0199139
-0.00113051
0.015244
0.0294327
0.0416646
0.0521592
0.0611125
0.068642
0.0749165
0.0808559
0.0858871
-0.147297
-0.123549
-0.0971287
-0.0704926
-0.0452698
-0.0223134
-0.00192319
0.0159229
0.0313989
0.0447301
0.0561454
0.0658607
0.07406
0.0808528
0.0864493
0.0916741
0.0956607
-0.141535
-0.123794
-0.100672
-0.0750495
-0.0493367
-0.0251054
-0.00315901
0.0162363
0.0331213
0.0476784
0.0601349
0.070719
0.0796428
0.087075
0.093125
0.0980595
0.102474
0.104983
-0.126789
-0.11717
-0.0999148
-0.0774699
-0.0526937
-0.0279483
-0.00474548
0.0161603
0.0345353
0.050438
0.0640581
0.0756248
0.0853659
0.0934888
0.100148
0.105473
0.109787
0.113214
0.113613
-0.101664
-0.0924361
-0.0757085
-0.0539871
-0.0301038
-0.00636622
0.0157744
0.035612
0.0529441
0.0678454
0.0805126
0.0911767
0.100065
0.10738
0.113269
0.117907
0.121642
0.123916
0.122178
-0.0763654
-0.0762027
-0.0673865
-0.0512245
-0.0302708
-0.00732287
0.01537
0.036418
0.055163
0.0714321
0.0853156
0.0970162
0.106766
0.114793
0.121294
0.126421
0.130399
0.133516
0.134514
0.133316
-0.05011
-0.0504567
-0.0420722
-0.0265125
-0.0063679
0.0156056
0.0372203
0.0571488
0.0747796
0.0899684
0.10282
0.113542
0.122369
0.129526
0.13521
0.139577
0.142881
0.145326
0.145589
0.145097
-0.0236189
-0.0244802
-0.0165471
-0.00162373
0.0176738
0.0386374
0.0591443
0.0779297
0.0944278
0.108522
0.120329
0.130063
0.137958
0.14424
0.149102
0.152708
0.15532
0.157073
0.156748
0.156335
0.00305101
0.00167196
0.00913485
0.0233905
0.0418064
0.0617283
0.0811014
0.0987235
0.114073
0.12706
0.137814
0.146552
0.15351
0.15891
0.162947
0.165789
0.167694
0.168762
0.167898
0.167272
0.029843
0.0279444
0.0349195
0.0484786
0.0659814
0.0848337
0.103051
0.119493
0.133682
0.145552
0.155245
0.162981
0.168997
0.173512
0.176721
0.178794
0.179984
0.18037
0.178963
0.177985
0.0567
0.0542812
0.0607524
0.0735885
0.0901505
0.107909
0.124951
0.1402
0.153219
0.163966
0.172593
0.179324
0.184393
0.188022
0.1904
0.1917
0.192169
0.191872
0.189904
0.188494
0.0835646
0.0806262
0.0865787
0.0986685
0.114265
0.13091
0.146762
0.160807
0.17265
0.18227
0.189828
0.195552
0.199675
0.202415
0.203961
0.204486
0.20423
0.203248
0.200703
0.198812
0.110379
0.106923
0.112344
0.123667
0.138278
0.153791
0.168442
0.181277
0.19194
0.200431
0.206921
0.211638
0.214814
0.216667
0.217383
0.217132
0.216149
0.214478
0.211345
0.208941
0.137087
0.133116
0.137993
0.148531
0.16214
0.176509
0.189952
0.201572
0.211055
0.218419
0.223842
0.227554
0.229788
0.230756
0.230642
0.229617
0.227906
0.225546
0.221819
0.218882
0.163631
0.159148
0.163472
0.173211
0.185803
0.19902
0.211249
0.221656
0.229961
0.236201
0.240562
0.243275
0.24457
0.244657
0.243718
0.241921
0.239484
0.236437
0.232114
0.22863
0.189954
0.184963
0.188728
0.197655
0.209221
0.22128
0.232296
0.241492
0.248624
0.253747
0.257053
0.258774
0.259136
0.258349
0.25659
0.254026
0.250867
0.247136
0.242217
0.216
0.210507
0.213705
0.221813
0.232347
0.243246
0.253051
0.261043
0.267011
0.271026
0.273287
0.274023
0.273462
0.271809
0.269238
0.265913
0.262038
0.257629
0.252118
0.241713
0.235725
0.238353
0.245636
0.255134
0.264875
0.273477
0.280274
0.285089
0.288008
0.289234
0.288998
0.287524
0.285014
0.281641
0.277564
0.27298
0.2679
0.261805
0.267038
0.260562
0.262619
0.269073
0.277537
0.286127
0.293534
0.299149
0.302825
0.304662
0.304867
0.303673
0.301299
0.297945
0.29378
0.288961
0.283677
0.277937
0.291921
0.284966
0.28645
0.292077
0.299511
0.306958
0.313185
0.317634
0.320187
0.320959
0.320161
0.318023
0.314763
0.310579
0.305635
0.300086
0.294115
0.287725
0.316309
0.308884
0.309799
0.314601
0.321013
0.327331
0.332394
0.335695
0.337144
0.33687
0.335086
0.332023
0.327895
0.322895
0.317188
0.310923
0.304276
0.297251
0.34015
0.332265
0.332614
0.336598
0.342
0.347204
0.351123
0.353298
0.353666
0.352367
0.349619
0.345649
0.340671
0.334874
0.32842
0.321455
0.314147
0.3065
0.363394
0.355059
0.354849
0.358024
0.36243
0.366541
0.369337
0.37041
0.369722
0.367423
0.363733
0.358878
0.353071
0.346496
0.339312
0.331664
0.323711
0.385989
0.377218
0.376456
0.378835
0.382263
0.385302
0.387003
0.387002
0.385284
0.38201
0.377403
0.371688
0.365073
0.357741
0.349848
0.341534
0.332955
0.407889
0.398693
0.39739
0.398987
0.401458
0.403453
0.404087
0.40304
0.400323
0.396103
0.390606
0.384055
0.376657
0.368591
0.36001
0.351051
0.341863
0.429046
0.41944
0.417607
0.41844
0.419979
0.420957
0.420556
0.418497
0.414811
0.409676
0.403317
0.395959
0.387803
0.379027
0.369781
0.360198
0.350422
0.449415
0.439413
0.437065
0.437154
0.437788
0.437781
0.43638
0.433343
0.428722
0.422704
0.415516
0.407378
0.398493
0.389032
0.379144
0.368961
0.468954
0.45857
0.455722
0.455091
0.454849
0.453893
0.451528
0.44755
0.442032
0.435165
0.427179
0.418293
0.408706
0.398589
0.388085
0.377325
0.487618
0.476871
0.473539
0.472213
0.471129
0.469261
0.465971
0.461092
0.454714
0.447035
0.438286
0.428685
0.418427
0.40768
0.396588
0.385277
0.50537
0.494275
0.490479
0.488486
0.486595
0.483855
0.479683
0.473944
0.466746
0.458294
0.448817
0.438534
0.427637
0.416292
0.404639
0.392802
0.522171
0.510746
0.506507
0.503877
0.501217
0.497647
0.492636
0.486081
0.478105
0.468919
0.458753
0.447823
0.43632
0.424408
0.412224
0.399889
0.537985
0.526247
0.521588
0.518353
0.514964
0.51061
0.504806
0.497481
0.488771
0.478892
0.468076
0.456536
0.444462
0.432014
0.419329
0.552777
0.540747
0.53569
0.531885
0.52781
0.522718
0.516169
0.508121
0.498723
0.488195
0.476768
0.464657
0.452047
0.439098
0.425943
0.566516
0.554212
0.548783
0.544445
0.539728
0.533947
0.526704
0.517982
0.507942
0.496809
0.484814
0.47217
0.459062
0.445645
0.432054
0.579172
0.566615
0.56084
0.556006
0.550695
0.544275
0.53639
0.527045
0.516411
0.504719
0.492199
0.479063
0.465493
0.451646
0.43765
0.590716
0.577928
0.571834
0.566545
0.560688
0.553682
0.545208
0.535291
0.524114
0.51191
0.498909
0.485322
0.47133
0.457087
0.442722
0.601125
0.588125
0.581742
0.576039
0.569685
0.562149
0.553141
0.542706
0.531036
0.518367
0.504931
0.490936
0.476562
0.461961
0.447261
0.610375
0.597186
0.590543
0.584468
0.57767
0.569658
0.560171
0.549274
0.537163
0.524079
0.510253
0.495893
0.481177
0.466256
0.451257
0.618444
0.605088
0.598216
0.591814
0.584625
0.576194
0.566287
0.554981
0.542484
0.529034
0.514866
0.500185
0.485168
0.469966
0.454704
0.625315
0.611814
0.604745
0.598061
0.590534
0.581743
0.571474
0.559818
0.546986
0.533223
0.518759
0.503802
0.488527
0.473083
0.457595
0.630972
0.617349
0.610114
0.603194
0.595386
0.586293
0.575721
0.563772
0.550662
0.536636
0.521925
0.506737
0.491246
0.4756
0.459923
0.635401
0.621679
0.614312
0.607203
0.599169
0.589835
0.579021
0.566836
0.553502
0.539265
0.524358
0.508984
0.49332
0.477512
0.461684
0.638591
0.624794
0.617327
0.610077
0.601875
0.59236
0.581364
0.569003
0.555501
0.541106
0.52605
0.510538
0.494744
0.478815
0.640534
0.626684
0.619152
0.611809
0.603495
0.593861
0.582744
0.570266
0.556654
0.542154
0.526999
0.511394
0.495514
0.479505
0.641222
0.627345
0.619781
0.612394
0.604027
0.594334
0.583159
0.570623
0.556956
0.542404
0.527201
0.511551
0.495628
0.47958
0.640654
0.626772
0.61921
0.611828
0.603465
0.593777
0.582604
0.570071
0.556405
0.541855
0.526654
0.511005
0.495085
0.479038
0.638827
0.624964
0.617439
0.61011
0.60181
0.592187
0.58108
0.568609
0.555002
0.540507
0.525357
0.509758
0.493883
0.477879
0.635744
0.621923
0.614469
0.607242
0.599063
0.589568
0.578587
0.566238
0.552747
0.53836
0.523312
0.507808
0.492023
0.476104
0.631407
0.617653
0.610303
0.603227
0.595226
0.585921
0.575128
0.562961
0.549641
0.535417
0.520521
0.505159
0.489508
0.473714
0.457903
0.625824
0.612159
0.604947
0.59807
0.590306
0.58125
0.570708
0.558781
0.54569
0.53168
0.516985
0.501813
0.486339
0.470712
0.455057
0.619004
0.605451
0.59841
0.59178
0.584308
0.575564
0.565332
0.553705
0.540898
0.527155
0.512711
0.497774
0.482521
0.467101
0.45164
0.610957
0.59754
0.590703
0.584366
0.577243
0.56887
0.559008
0.547739
0.535271
0.521848
0.507704
0.493048
0.478058
0.462886
0.447657
0.601697
0.588438
0.581838
0.57584
0.569121
0.561178
0.551746
0.540892
0.528818
0.515766
0.50197
0.487641
0.472958
0.458073
0.443113
0.591241
0.578163
0.57183
0.566216
0.559956
0.5525
0.543557
0.533174
0.521548
0.508918
0.495519
0.481561
0.467225
0.452667
0.438014
0.579608
0.566733
0.560697
0.555511
0.549761
0.542851
0.534453
0.524598
0.513473
0.501315
0.488358
0.474815
0.46087
0.446676
0.432365
0.566818
0.554167
0.548458
0.543743
0.538556
0.532245
0.524449
0.515176
0.504604
0.492967
0.480499
0.467415
0.4539
0.44011
0.426177
0.552895
0.540489
0.535135
0.530932
0.526357
0.520701
0.513561
0.504924
0.494956
0.483887
0.471954
0.459371
0.446325
0.432976
0.419456
0.537865
0.525724
0.520753
0.517101
0.513186
0.508236
0.501807
0.493857
0.484543
0.47409
0.462735
0.450695
0.438157
0.425285
0.412213
0.521754
0.509899
0.505336
0.502273
0.499065
0.494873
0.489205
0.481993
0.473381
0.46359
0.452857
0.441399
0.429408
0.417048
0.404457
0.504594
0.493043
0.488914
0.486476
0.484019
0.480633
0.475776
0.469352
0.461488
0.452403
0.442333
0.431498
0.420091
0.408278
0.396199
0.383977
0.486416
0.475189
0.471516
0.469736
0.468073
0.46554
0.461542
0.455952
0.448883
0.440548
0.431181
0.421006
0.410218
0.398986
0.387452
0.375741
0.467255
0.456368
0.453174
0.452085
0.451255
0.449619
0.446528
0.441817
0.435586
0.428041
0.419418
0.40994
0.399805
0.389187
0.378227
0.367056
0.447146
0.436618
0.433922
0.433554
0.433595
0.432898
0.430756
0.426969
0.421618
0.414904
0.407061
0.398315
0.388868
0.378894
0.368538
0.357935
0.426129
0.415976
0.413796
0.414176
0.415123
0.415406
0.414254
0.411433
0.407002
0.401156
0.39413
0.386151
0.377422
0.368122
0.358399
0.348389
0.404242
0.39448
0.392834
0.393987
0.395871
0.397171
0.39705
0.395233
0.39176
0.38682
0.380645
0.373464
0.365485
0.356888
0.347825
0.338433
0.328863
0.381529
0.372172
0.371075
0.373022
0.375875
0.378225
0.379172
0.378396
0.375918
0.371917
0.366626
0.360275
0.353074
0.345207
0.336829
0.32808
0.319117
0.358031
0.349094
0.348558
0.351321
0.355168
0.358601
0.360649
0.36095
0.3595
0.356472
0.352095
0.346603
0.340208
0.333097
0.325428
0.317345
0.309011
0.333795
0.325291
0.325328
0.328923
0.333789
0.338333
0.341514
0.342923
0.342534
0.340509
0.337075
0.332469
0.326906
0.320575
0.313638
0.306243
0.298558
0.308868
0.300809
0.301428
0.305869
0.311774
0.317455
0.321798
0.324345
0.325046
0.324052
0.32159
0.317895
0.313187
0.30766
0.301476
0.294788
0.287772
0.280421
0.283297
0.275694
0.276903
0.282202
0.289164
0.296005
0.301534
0.305247
0.307065
0.307129
0.305662
0.302903
0.299073
0.29437
0.288959
0.282997
0.276666
0.269962
0.257132
0.249996
0.2518
0.257966
0.265998
0.274018
0.280758
0.28566
0.28862
0.289766
0.289318
0.287516
0.284584
0.280724
0.276105
0.270885
0.265256
0.259214
0.230423
0.223765
0.226167
0.233205
0.242318
0.251533
0.259503
0.265617
0.269741
0.271989
0.272581
0.271756
0.269742
0.266742
0.262931
0.258469
0.253557
0.248192
0.241819
0.203223
0.19705
0.200053
0.207965
0.218168
0.22859
0.237806
0.245151
0.250458
0.253829
0.255479
0.255649
0.254568
0.252445
0.249457
0.245767
0.241583
0.236907
0.231136
0.175585
0.169906
0.173507
0.182294
0.193589
0.205228
0.215704
0.224295
0.230802
0.235313
0.238038
0.239217
0.239086
0.237854
0.235701
0.232794
0.22935
0.225375
0.220214
0.147563
0.142383
0.146581
0.156239
0.168628
0.181489
0.193234
0.203084
0.210805
0.21647
0.220284
0.222488
0.223318
0.222988
0.221682
0.219569
0.216874
0.213609
0.209065
0.205523
0.119211
0.114537
0.119327
0.12985
0.143329
0.157413
0.170435
0.181553
0.1905
0.197331
0.202246
0.205485
0.207287
0.207871
0.207421
0.20611
0.20417
0.201622
0.197702
0.194741
0.090585
0.0864222
0.0917975
0.103175
0.117738
0.133044
0.147345
0.159738
0.16992
0.177926
0.183951
0.188235
0.191019
0.192523
0.192936
0.192434
0.191256
0.18943
0.186134
0.183745
0.061741
0.058093
0.0640451
0.0762649
0.0919009
0.108424
0.124004
0.137676
0.149097
0.158286
0.165428
0.170764
0.174536
0.176968
0.17825
0.178561
0.178147
0.177045
0.174373
0.172542
0.0327355
0.0296053
0.0361238
0.0491706
0.0658657
0.0835964
0.100451
0.115401
0.128065
0.138441
0.146705
0.153099
0.157864
0.161228
0.163384
0.164509
0.164861
0.164485
0.16243
0.161136
0.00362531
0.00101494
0.00808764
0.0219429
0.0396794
0.0586047
0.0767267
0.0929526
0.106859
0.118423
0.127812
0.135266
0.141028
0.145326
0.148358
0.1503
0.151417
0.151765
0.150316
0.149527
-0.0255324
-0.0276219
-0.020009
-0.00536688
0.0133899
0.0334929
0.0528711
0.0703662
0.0855125
0.0982634
0.108779
0.117293
0.124053
0.129287
0.133195
0.135954
0.137832
0.138904
0.138047
0.13771
-0.0546804
-0.0562493
-0.0481118
-0.0327071
-0.0129548
0.00830528
0.0289248
0.0476796
0.0640597
0.0779944
0.0896329
0.0992074
0.106964
0.113135
0.11792
0.121491
0.124128
0.125925
0.125642
0.125672
-0.0837618
-0.0848111
-0.0761662
-0.060026
-0.0393067
-0.0169138
0.00492864
0.02493
0.042535
0.0576475
0.0704052
0.0810367
0.0897883
0.096894
0.102554
0.106937
0.110323
0.11285
0.113142
0.113391
-0.112719
-0.113252
-0.104118
-0.0872722
-0.0656177
-0.0421201
-0.0190768
0.00215488
0.020973
0.0372545
0.0511249
0.0628084
0.0725512
0.0805886
0.087123
0.0923153
0.0964376
0.0997052
0.10063
0.100783
-0.141497
-0.141516
-0.131913
-0.114394
-0.0918398
-0.0672694
-0.043051
-0.0206087
-0.000592279
0.0168471
0.0318212
0.0445499
0.0552786
0.0642439
0.0716512
0.0776537
0.0824927
0.0864809
0.0882131
0.0875706
-0.169548
-0.159497
-0.14134
-0.117925
-0.0923174
-0.0669535
-0.0433236
-0.0221267
-0.00354343
0.0125235
0.0262886
0.0379963
0.0478843
0.0561627
0.0629813
0.0685221
0.0731693
0.0763019
0.0749533
-0.197297
-0.186818
-0.168061
-0.143826
-0.117221
-0.0907442
-0.065953
-0.0435965
-0.0238858
-0.00673948
0.00805119
0.0207296
0.0315343
0.040681
0.0483267
0.0546015
0.0598621
0.0642538
0.0652568
-0.213824
-0.194506
-0.169497
-0.141936
-0.114383
-0.0884608
-0.0649683
-0.0441495
-0.0259394
-0.010136
0.00350321
0.0152175
0.0252283
0.0337081
0.0407638
0.0466874
0.0521547
0.055494
-0.220625
-0.19489
-0.16642
-0.137832
-0.110811
-0.0862093
-0.0643042
-0.0450485
-0.0282473
-0.0136595
-0.00104455
0.00982379
0.0191352
0.0269958
0.0336355
0.0399858
0.0449473
-0.24637
-0.21996
-0.190631
-0.161051
-0.132968
-0.107287
-0.0843205
-0.0640396
-0.046258
-0.0307361
-0.017232
-0.00551565
0.00461676
0.0132797
0.0206584
0.0277921
0.0338965
-0.244662
-0.214527
-0.184003
-0.154898
-0.128171
-0.104169
-0.0828863
-0.064144
-0.0477049
-0.033326
-0.0207744
-0.00983599
-0.000386479
0.00773078
0.0156063
0.0226364
-0.238068
-0.20665
-0.176566
-0.148828
-0.123822
-0.101563
-0.0818818
-0.0645449
-0.0493084
-0.0359371
-0.0242099
-0.0139936
-0.00515159
0.00342806
0.011269
-0.228956
-0.197939
-0.16923
-0.143252
-0.120044
-0.0994486
-0.0812355
-0.0651609
-0.0509882
-0.0384912
-0.0275296
-0.0179822
-0.00874043
-0.000179536
-0.250885
-0.218986
-0.189346
-0.162432
-0.138306
-0.116822
-0.0977569
-0.0808659
-0.0659121
-0.0526662
-0.0409814
-0.0307494
-0.0208829
-0.0116741
-0.239673
-0.209149
-0.181336
-0.156324
-0.133982
-0.114089
-0.0964056
-0.0806929
-0.0667202
-0.054335
-0.043439
-0.0329773
-0.02317
-0.22861
-0.199939
-0.174076
-0.150905
-0.130214
-0.111763
-0.0953147
-0.0806381
-0.0675754
-0.0560357
-0.0450028
-0.0346303
-0.218217
-0.19154
-0.167573
-0.146112
-0.12692
-0.109762
-0.0944047
-0.0806873
-0.0685237
-0.0569408
-0.0460275
-0.208694
-0.183966
-0.161766
-0.141861
-0.124018
-0.108005
-0.0936554
-0.0808877
-0.0687736
-0.0573396
-0.200066
-0.177159
-0.15657
-0.138069
-0.121424
-0.106465
-0.0931129
-0.0804853
-0.0685474
-0.192273
-0.171031
-0.151899
-0.134647
-0.119102
-0.105185
-0.0920611
-0.0796347
-0.18523
-0.165495
-0.147662
-0.131554
-0.117092
-0.103488
-0.0905877
-0.178843
-0.160455
-0.143806
-0.12882
-0.114753
-0.101395
-0.173014
-0.155849
-0.140359
-0.125847
-0.112045
-0.167672
-0.151699
-0.136758
-0.122529
-0.14748
-0.13284
-0.142968
0.115235
0.106589
0.0974568
0.0886459
0.0795715
0.0702292
0.0608428
0.0514802
0.0421397
0.0328432
0.023622
0.0144967
0.0054794
-0.00341955
-0.0121908
-0.0208264
-0.0293199
-0.0376659
-0.0458594
-0.0538961
-0.0617722
0.104672
0.0957595
0.0857097
0.0769558
0.0685597
0.0599516
0.0513179
0.0428254
0.0344642
0.0262057
0.0180561
0.0100267
0.00212064
-0.00566247
-0.0133217
-0.0208553
-0.0282619
-0.0355402
-0.0426891
-0.0497073
-0.056594
0.0927717
0.0841661
0.0745672
0.0665338
0.0591416
0.0515998
0.0439863
0.0365043
0.0291702
0.0219374
0.0147932
0.00774631
0.00080158
-0.00604123
-0.0127821
-0.0194196
-0.0259518
-0.0323773
-0.0386947
-0.0449027
-0.0510002
0.0812099
0.0732846
0.0646777
0.0575608
0.0510755
0.0444578
0.0377389
0.0311169
0.02463
0.0182379
0.0119223
0.00568963
-0.000452931
-0.00650423
-0.0124647
-0.0183337
-0.0241104
-0.029794
-0.0353843
-0.040881
-0.0462841
0.0711786
0.0640882
0.0565246
0.0502512
0.0445215
0.0386765
0.0327334
0.0268667
0.0211201
0.0154617
0.00987227
0.00435504
-0.00108375
-0.00644289
-0.0117234
-0.0169258
-0.02205
-0.027096
-0.0320641
-0.0369545
-0.0417678
0.0626983
0.0563722
0.0497255
0.0441672
0.0390621
0.0338643
0.0285863
0.0233742
0.0182678
0.0132414
0.00827716
0.0033762
-0.00145685
-0.00622107
-0.0109176
-0.0155476
-0.0201114
-0.0246093
-0.0290421
-0.0334102
-0.0377145
0.0554833
0.0498188
0.043974
0.0390482
0.0344928
0.0298631
0.0251728
0.0205412
0.0160006
0.0115303
0.00711467
0.00275368
-0.0015494
-0.00579403
-0.00998144
-0.0141128
-0.0181889
-0.0222102
-0.0261776
-0.0300917
-0.0339535
0.0493227
0.0442433
0.0391062
0.0347454
0.0306797
0.0265512
0.0223774
0.0182556
0.0142108
0.0102258
0.00628779
0.00239625
-0.00144647
-0.00524008
-0.00898574
-0.0126846
-0.0163375
-0.0199451
-0.0235082
-0.0270276
-0.0305042
0.0440806
0.0395265
0.0350109
0.0311488
0.0275165
0.0238286
0.0201072
0.0164317
0.0128209
0.00926027
0.00573941
0.0022578
-0.00118283
-0.00458244
-0.00794211
-0.0112629
-0.0145457
-0.0177911
-0.0209999
-0.0241729
-0.027311
0.0396388
0.035555
0.0315808
0.0281547
0.0249037
0.0216026
0.0182772
0.0149922
0.0117613
0.0085721
0.00541622
0.00229327
-0.000795484
-0.00385016
-0.00687175
-0.00986122
-0.0128193
-0.0157468
-0.0186443
-0.0215126
-0.0243524
0.0358859
0.0322209
0.0287167
0.0256709
0.0227556
0.0197947
0.0168165
0.0138739
0.0109764
0.00811317
0.0052777
0.0024697
-0.000309915
-0.00306135
-0.00578549
-0.00848321
-0.0111552
-0.0138021
-0.0164245
-0.0190232
-0.0215988
0.0327228
0.0294298
0.0263334
0.02362
0.0210006
0.0183395
0.0156666
0.013025
0.0104206
0.00784439
0.00529103
0.00276046
0.000253347
-0.00223057
-0.00469208
-0.00713192
-0.00955073
-0.0119491
-0.0143275
-0.0166866
-0.019027
0.0300646
0.0271021
0.0243602
0.0219375
0.0195796
0.0171834
0.0147795
0.0124029
0.0100571
0.00773415
0.00542994
0.00314453
0.000878424
-0.00136867
-0.00359745
-0.00580855
-0.00800251
-0.0101798
-0.012341
-0.0144866
-0.0166171
0.0278397
0.025171
0.0227373
0.0205695
0.0184432
0.0162814
0.014115
0.0119726
0.00985538
0.0077566
0.00567311
0.00360505
0.00155281
-0.000483913
-0.00250572
-0.00451314
-0.00650664
-0.00848664
-0.0104536
-0.012408
-0.0143502
0.0259871
0.0235797
0.0214146
0.0194706
0.0175497
0.0155958
0.0136398
0.0117046
0.00979018
0.00789046
0.0060031
0.00412834
0.0022665
0.00041727
-0.00141985
-0.00324532
-0.00505952
-0.00686281
-0.00865558
-0.0104382
-0.0122111
0.0244545
0.0222799
0.0203494
0.0186023
0.016864
0.0150951
0.0133258
0.0115747
0.00984049
0.00811798
0.0064054
0.00470307
0.00301123
0.00132961
-0.000342244
-0.00200469
-0.00365806
-0.00530266
-0.00693881
-0.00856683
-0.0101871
0.0231975
0.0212305
0.0195052
0.017932
0.0163564
0.0147525
0.0131493
0.0115621
0.00998858
0.0084243
0.00686792
0.00531983
0.00378022
0.00224885
0.000725336
-0.000790626
-0.0022993
-0.00380094
-0.00529582
-0.00678421
-0.00826639
0.0221781
0.0203966
0.0188514
0.0174319
0.0160016
0.0145451
0.0130902
0.0116492
0.0102194
0.00879675
0.00738034
0.00597058
0.00456766
0.00317133
0.00178129
0.000397285
-0.000980897
-0.00235347
-0.00372066
-0.00508269
-0.00643979
0.0213638
0.0197482
0.0183612
0.0170781
0.015778
0.0144535
0.0131313
0.0118211
0.0105201
0.00922447
0.00793376
0.00664837
0.00536845
0.00409379
0.00282413
0.00155927
0.000299026
-0.000956763
-0.00220829
-0.00345573
-0.00469928
0.0207263
0.0192595
0.0180121
0.0168502
0.0156667
0.0144609
0.0132575
0.0120647
0.0108793
0.00969796
0.00852041
0.00734709
0.0061781
0.00501329
0.00385242
0.00269533
0.00154189
0.000391959
-0.000754615
-0.00189799
-0.00303831
0.0202415
0.0189082
0.0177841
0.0167302
0.0156517
0.0145524
0.0134559
0.0123686
0.0112872
0.0102089
0.00913345
0.00806129
0.00699257
0.00592712
0.00486476
0.00380536
0.00274883
0.00169504
0.000643875
-0.000404786
-0.00145107
0.0198881
0.0186751
0.0176601
0.0167026
0.0157187
0.0147155
0.0137151
0.0127229
0.0117353
0.01075
0.00976673
0.00878608
0.00780813
0.00683272
0.00585971
0.00488901
0.00392053
0.00295418
0.00198987
0.00102751
6.69836e-05
0.0196479
0.0185432
0.017625
0.0167538
0.0158551
0.0149386
0.014025
0.0131185
0.0122157
0.0113144
0.0104147
0.00951699
0.00862134
0.00772766
0.00683582
0.00594575
0.00505739
0.00417068
0.00328554
0.0024019
0.00151967
0.0195046
0.0184975
0.0176654
0.0168716
0.0160499
0.0152119
0.0143766
0.0135476
0.0127215
0.0118964
0.0110724
0.0102499
0.00942898
0.00860956
0.00779154
0.00697487
0.00615949
0.00534538
0.00453246
0.00372068
0.00290999
0.0194438
0.0185252
0.0177697
0.0170453
0.0162934
0.0155264
0.014762
0.0140031
0.0132465
0.0124905
0.0117352
0.010981
0.0102281
0.00947621
0.00872541
0.00797562
0.0072268
0.00647894
0.00573198
0.00498587
0.00424059
0.0194531
0.0186144
0.0179273
0.0172653
0.0165766
0.015874
0.0151739
0.0144785
0.013785
0.0130917
0.0123989
0.0117069
0.0110158
0.0103255
0.00963594
0.00894715
0.00825908
0.00757172
0.00688503
0.00619899
0.00551355
0.0195212
0.0187549
0.018129
0.0175233
0.0168919
0.0162477
0.0156059
0.0149682
0.0143319
0.0136958
0.0130598
0.0124243
0.0117896
0.0111554
0.0105217
0.00988864
0.00925606
0.008624
0.00799244
0.00736135
0.00673072
0.0196381
0.0189376
0.0183664
0.0178115
0.0172321
0.0166411
0.0160522
0.0154669
0.0148828
0.0142985
0.0137143
0.0131304
0.012547
0.011964
0.0113815
0.0107992
0.0102174
0.0096359
0.00905478
0.00847401
0.00789357
0.019795
0.0191543
0.0186321
0.0181231
0.0175911
0.0170484
0.0165076
0.01597
0.0154333
0.0148964
0.0143593
0.0138225
0.013286
0.0127498
0.0122139
0.0116782
0.0111427
0.0106075
0.0100726
0.00953791
0.00900348
0.0199841
0.0193977
0.0189197
0.0184521
0.0179632
0.0174645
0.0169676
0.0164734
0.0159799
0.0154861
0.0149921
0.0144983
0.0140046
0.0135111
0.0130178
0.0125247
0.0120317
0.0115389
0.0110463
0.0105538
0.0100616
0.0201984
0.0196614
0.0192231
0.0187932
0.0183434
0.0178849
0.0174279
0.0169733
0.0165192
0.0160648
0.0156101
0.0151555
0.014701
0.0142466
0.0137923
0.0133381
0.012884
0.0124301
0.0119762
0.0115225
0.011069
0.0204316
0.0199396
0.0195371
0.0191414
0.0187274
0.0183055
0.0178849
0.0174664
0.0170483
0.0166298
0.0162111
0.0157924
0.0153737
0.0149551
0.0145366
0.014118
0.0136996
0.0132812
0.0128629
0.0124447
0.0120267
0.0206783
0.0202274
0.0198573
0.0194925
0.0191112
0.0187227
0.0183354
0.0179498
0.0175647
0.0171791
0.0167932
0.0164074
0.0160215
0.0156356
0.0152498
0.0148639
0.0144781
0.0140924
0.0137067
0.0133212
0.0129357
0.0209338
0.0205203
0.0201795
0.019843
0.0194914
0.0191335
0.0187765
0.0184211
0.018066
0.0177105
0.0173548
0.016999
0.0166431
0.0162873
0.0159314
0.0155755
0.0152197
0.0148639
0.0145082
0.0141525
0.0137969
0.0211937
0.0208144
0.0205002
0.0201894
0.0198651
0.0195351
0.0192059
0.0188781
0.0185505
0.0182226
0.0178944
0.0175661
0.0172378
0.0169094
0.0165811
0.0162527
0.0159244
0.0155961
0.0152678
0.0149396
0.0146115
0.0214545
0.0211064
0.0208163
0.020529
0.0202296
0.0199252
0.0196215
0.0193189
0.0190165
0.0187138
0.0184109
0.0181078
0.0178047
0.0175016
0.0171985
0.0168954
0.0165923
0.0162892
0.0159862
0.0156832
0.0153803
0.0217129
0.0213934
0.0211253
0.0208594
0.0205829
0.0203019
0.0200214
0.019742
0.0194627
0.0191831
0.0189034
0.0186235
0.0183436
0.0180636
0.0177836
0.0175037
0.0172237
0.0169438
0.0166639
0.0163841
0.0161044
0.0219664
0.021673
0.0214249
0.0211787
0.0209231
0.0206635
0.0204044
0.0201462
0.0198881
0.0196297
0.0193712
0.0191126
0.0188539
0.0185952
0.0183365
0.0180778
0.0178191
0.0175605
0.0173019
0.0170434
0.016785
0.0222126
0.021943
0.0217132
0.0214851
0.0212487
0.0210088
0.0207692
0.0205305
0.0202918
0.0200529
0.0198139
0.0195748
0.0193356
0.0190964
0.0188573
0.0186181
0.018379
0.0181399
0.0179009
0.0176619
0.0174231
0.0224497
0.022202
0.0219889
0.0217773
0.0215585
0.0213366
0.0211151
0.0208942
0.0206734
0.0204524
0.0202312
0.02001
0.0197888
0.0195675
0.0193463
0.0191251
0.0189039
0.0186828
0.0184618
0.0182408
0.0180199
0.0226762
0.0224484
0.0222508
0.0220543
0.0218516
0.0216463
0.0214413
0.0212368
0.0210324
0.0208278
0.0206231
0.0204183
0.0202135
0.0200088
0.019804
0.0195993
0.0193946
0.01919
0.0189855
0.018781
0.0185767
0.022891
0.0226814
0.0224978
0.0223153
0.0221275
0.0219374
0.0217475
0.021558
0.0213687
0.0211791
0.0209895
0.0207999
0.0206103
0.0204206
0.020231
0.0200414
0.0198519
0.0196625
0.0194731
0.0192838
0.0190947
0.023093
0.0229001
0.0227295
0.0225598
0.0223856
0.0222095
0.0220335
0.0218579
0.0216823
0.0215066
0.0213309
0.0211551
0.0209794
0.0208036
0.0206279
0.0204523
0.0202767
0.0201011
0.0199257
0.0197504
0.0195751
0.0232818
0.0231041
0.0229455
0.0227876
0.0226259
0.0224625
0.0222993
0.0221363
0.0219735
0.0218105
0.0216475
0.0214845
0.0213215
0.0211585
0.0209956
0.0208327
0.0206698
0.0205071
0.0203444
0.0201819
0.0200194
0.023457
0.0232932
0.0231454
0.0229984
0.0228482
0.0226966
0.022545
0.0223937
0.0222425
0.0220912
0.0219399
0.0217886
0.0216372
0.021486
0.0213347
0.0211835
0.0210324
0.0208814
0.0207304
0.0205796
0.0204289
0.0236183
0.0234672
0.0233295
0.0231924
0.0230528
0.0229119
0.022771
0.0226304
0.0224899
0.0223493
0.0222087
0.022068
0.0219274
0.0217868
0.0216463
0.0215059
0.0213655
0.0212252
0.021085
0.0209449
0.0208049
0.0237658
0.0236263
0.0234978
0.0233699
0.0232399
0.0231088
0.0229778
0.0228469
0.0227162
0.0225853
0.0224545
0.0223237
0.0221928
0.0220621
0.0219314
0.0218007
0.0216701
0.0215396
0.0214092
0.021279
0.0211488
0.0238998
0.0237707
0.0236507
0.0235312
0.0234099
0.0232878
0.0231658
0.0230439
0.022922
0.0228001
0.0226782
0.0225563
0.0224344
0.0223126
0.0221908
0.0220691
0.0219475
0.0218259
0.0217045
0.0215832
0.021462
0.0240205
0.0239008
0.0237886
0.0236767
0.0235635
0.0234496
0.0233356
0.0232218
0.0231081
0.0229943
0.0228805
0.0227668
0.022653
0.0225393
0.0224257
0.0223121
0.0221987
0.0220853
0.021972
0.0218588
0.0241283
0.0240172
0.023912
0.0238071
0.0237011
0.0235946
0.0234881
0.0233816
0.0232752
0.0231688
0.0230624
0.022956
0.0228496
0.0227433
0.0226371
0.0225309
0.0224248
0.0223187
0.0222128
0.022107
0.0242239
0.0241203
0.0240215
0.0239229
0.0238235
0.0237236
0.0236238
0.023524
0.0234242
0.0233244
0.0232246
0.0231249
0.0230252
0.0229255
0.0228259
0.0227264
0.0226269
0.0225275
0.0224282
0.0223291
0.0243076
0.0242108
0.0241177
0.0240248
0.0239313
0.0238374
0.0237435
0.0236496
0.0235558
0.0234619
0.0233681
0.0232743
0.0231806
0.0230869
0.0229932
0.0228996
0.0228061
0.0227127
0.0226193
0.0225261
0.0243802
0.0242894
0.0242014
0.0241135
0.0240252
0.0239366
0.023848
0.0237594
0.0236708
0.0235822
0.0234937
0.0234052
0.0233167
0.0232283
0.0231399
0.0230516
0.0229633
0.0228752
0.0227871
0.0226992
0.0244423
0.0243567
0.0242731
0.0241897
0.0241059
0.0240219
0.0239379
0.0238539
0.0237699
0.023686
0.023602
0.0235181
0.0234343
0.0233505
0.0232667
0.023183
0.0230994
0.0230159
0.0229325
0.0228491
0.0244945
0.0244133
0.0243335
0.0242539
0.024174
0.024094
0.0240139
0.0239339
0.0238539
0.0237739
0.023694
0.023614
0.0235342
0.0234543
0.0233746
0.0232949
0.0232152
0.0231357
0.0230562
0.0229769
0.0245372
0.0244597
0.0243831
0.0243066
0.02423
0.0241532
0.0240765
0.0239998
0.0239231
0.0238464
0.0237698
0.0236932
0.0236166
0.0235401
0.0234637
0.0233873
0.0233111
0.0232349
0.0231588
0.0230828
0.0245712
0.0244965
0.0244225
0.0243486
0.0242745
0.0242004
0.0241263
0.0240523
0.0239783
0.0239043
0.0238303
0.0237564
0.0236825
0.0236087
0.023535
0.0234614
0.0233878
0.0233143
0.023241
0.0231677
0.0245962
0.0245237
0.0244515
0.0243794
0.0243073
0.0242351
0.024163
0.0240909
0.0240188
0.0239468
0.0238749
0.023803
0.0237311
0.0236594
0.0235877
0.0235161
0.0234446
0.0233732
0.0233019
0.0232308
0.0246136
0.0245424
0.0244714
0.0244005
0.0243296
0.0242587
0.0241879
0.0241171
0.0240463
0.0239756
0.023905
0.0238345
0.023764
0.0236937
0.0236234
0.0235532
0.0234831
0.0234131
0.0233433
0.0232735
0.0246215
0.0245507
0.0244801
0.0244095
0.024339
0.0242686
0.0241982
0.0241279
0.0240576
0.0239875
0.0239174
0.0238474
0.0237776
0.0237078
0.0236382
0.0235687
0.0234993
0.02343
0.0233609
0.0232919
0.154367
0.130772
0.136709
0.116804
0.122891
0.104777
0.110058
0.0928383
0.0983532
0.0820133
0.0880628
0.0727225
0.0791116
0.0647938
0.0713075
0.0579768
0.0644923
0.0521061
0.0585483
0.0470638
0.0533752
0.0427454
0.0488812
0.0390547
0.0449832
0.0359067
0.0416075
0.0332283
0.0386897
0.0309568
0.0361732
0.0290381
0.0340086
0.0274254
0.0321527
0.0260786
0.0305676
0.0249627
0.0292199
0.0240476
0.0280804
0.023307
0.0271235
0.0227177
0.0263265
0.0222598
0.0256691
0.0219155
0.0251337
0.0216691
0.0247044
0.0215066
0.0243669
0.0214159
0.0241089
0.0213858
0.0239189
0.0214067
0.0237871
0.0214699
0.0237044
0.0215675
0.0236628
0.0216928
0.0236553
0.0218396
0.0236756
0.0220026
0.023718
0.0221769
0.0237777
0.0223586
0.0238504
0.022544
0.0239324
0.0227301
0.0240204
0.0229141
0.0241116
0.0230938
0.0242037
0.0232676
0.0242948
0.0234337
0.0243833
0.0235913
0.0244679
0.0237392
0.0245476
0.023877
0.0246217
0.0240042
0.0246898
0.0241207
0.0247515
0.0242265
0.0248067
0.0243217
0.0248555
0.0244065
0.0248981
0.0244815
0.0249348
0.024547
0.0249658
0.0246035
0.0249917
0.0246516
0.0250129
0.0246918
0.0250297
0.0247245
0.0250426
0.0247504
0.0250521
0.0247696
0.0250583
0.0247826
0.0250613
0.0247889
0.199946
0.190842
0.181562
0.1721
0.162211
0.173838
0.151759
0.135091
0.108918
0.120679
0.131877
0.142571
0.153067
0.163376
0.173485
0.00967048
0.00947075
0.00965026
0.0094475
0.00961073
0.00940162
0.0095523
0.00933414
0.00947523
0.009245
0.00937929
0.00913416
0.00926409
0.00900109
0.00912902
0.00884513
0.00897328
0.00866535
0.00879595
0.00846069
0.00859602
0.00822994
0.00837237
0.00797177
0.00812387
0.00768479
0.00784933
0.00736753
0.00754761
0.00701851
0.00721759
0.00663624
0.00685824
0.00621927
0.00646865
0.00576624
0.00604807
0.00527587
0.00559594
0.00474705
0.005112
0.00417887
0.00459627
0.00357065
0.00404918
0.00292205
0.0034716
0.00223308
0.00286493
0.00150423
0.0022312
0.000736497
0.00157315
-6.84996e-05
0.000894343
-0.000908412
0.000199285
-0.00178007
-0.000506455
-0.00267933
-0.00121609
-0.00360098
-0.00192149
-0.00453855
-0.00261295
-0.00548418
-0.00327908
-0.00642839
-0.00390653
-0.00735995
-0.00447981
-0.00826555
-0.00498101
-0.00912965
-0.00538954
-0.00993415
-0.0056818
-0.0106581
-0.00583088
-0.0112772
-0.0058061
-0.0117637
-0.00557268
-0.0120856
-0.00509117
-0.0122064
-0.00431697
-0.0120844
-0.00319971
-0.0116718
-0.00168263
-0.0109144
0.000298153
-0.00975008
0.00281438
-0.00810845
0.00594651
-0.00590936
0.00978469
-0.00306159
0.0144291
0.000538582
0.0199887
0.00500696
0.0265807
0.010468
0.0343381
0.0170575
0.043434
0.0249564
0.0540792
0.0344352
0.0663659
0.0456943
0.0800046
0.0583138
0.094841
0.0711847
0.113952
0.0861897
0.00934896
0.00929758
0.00924648
0.00919557
0.00914482
0.00909421
0.00904378
0.00899352
0.00894345
0.00889356
0.00884386
0.00879436
0.00874507
0.00869598
0.0086471
0.00859844
0.00855001
0.0085018
0.00845383
0.00932406
0.00927231
0.00922092
0.00916968
0.00911856
0.00906756
0.00901671
0.00896603
0.00891551
0.00886516
0.00881498
0.00876498
0.00871517
0.00866556
0.00861613
0.00856691
0.0085179
0.00846911
0.00842053
0.00927414
0.00922114
0.00916878
0.00911657
0.00906439
0.0090123
0.00896036
0.00890857
0.00885694
0.00880547
0.00875417
0.00870303
0.00865208
0.00860131
0.00855074
0.00850036
0.00845018
0.00840022
0.00835047
0.00920114
0.00914631
0.00909247
0.00903873
0.00898493
0.00893119
0.00887759
0.00882415
0.00877087
0.00871774
0.00866477
0.00861196
0.00855933
0.00850688
0.00845462
0.00840254
0.00835067
0.00829901
0.00824756
0.00910441
0.00904703
0.00899116
0.00893536
0.00887937
0.0088234
0.00876758
0.00871192
0.00865642
0.00860107
0.00854587
0.00849084
0.00843598
0.0083813
0.00832681
0.00827251
0.00821841
0.00816452
0.00811084
0.00898425
0.0089237
0.00886532
0.00880695
0.00874824
0.00868949
0.00863091
0.0085725
0.00851426
0.00845616
0.00839821
0.00834043
0.00828283
0.00822541
0.00816817
0.00811113
0.00805429
0.00799766
0.00794124
0.00788505
0.00883991
0.00877551
0.00871414
0.0086527
0.00859072
0.00852866
0.00846677
0.00840508
0.00834355
0.00828217
0.00822095
0.0081599
0.00809902
0.00803833
0.00797782
0.00791752
0.00785742
0.00779754
0.00773787
0.00767843
0.00867078
0.0086019
0.00853706
0.00847206
0.0084063
0.00834037
0.00827465
0.00820914
0.00814381
0.00807863
0.0080136
0.00794875
0.00788408
0.00781959
0.00775531
0.00769122
0.00762735
0.0075637
0.00750027
0.00743708
0.0084758
0.00840174
0.00833297
0.00826394
0.00819386
0.00812352
0.00805341
0.00798356
0.00791388
0.00784436
0.007775
0.00770581
0.00763681
0.00756801
0.00749941
0.00743102
0.00736284
0.00729489
0.00722718
0.00715971
0.00825384
0.00817392
0.00810076
0.00802721
0.00795226
0.00787695
0.00780191
0.00772716
0.0076526
0.00757819
0.00750394
0.00742988
0.00735601
0.00728235
0.00720889
0.00713565
0.00706264
0.00698986
0.00691732
0.00684503
0.00800353
0.00791702
0.00783901
0.00776045
0.00768007
0.00759921
0.00751866
0.00743845
0.00735844
0.00727859
0.0071989
0.0071194
0.0070401
0.00696101
0.00688214
0.00680349
0.00672508
0.00664691
0.00656899
0.00649133
0.00772344
0.00762957
0.00754624
0.00746216
0.00737576
0.00728876
0.00720211
0.00711585
0.00702981
0.00694392
0.0068582
0.00677268
0.00668736
0.00660227
0.00651739
0.00643276
0.00634836
0.00626422
0.00618033
0.00609672
0.00741197
0.00730992
0.00722079
0.00713067
0.00703765
0.00694386
0.00685049
0.00675757
0.00666488
0.00657234
0.00647997
0.00638781
0.00629586
0.00620414
0.00611265
0.00602141
0.00593042
0.00583969
0.00574923
0.00565905
0.00706749
0.00695639
0.00686095
0.00676424
0.00666395
0.0065627
0.00646194
0.00636171
0.00626173
0.00616189
0.00606222
0.00596276
0.00586352
0.00576453
0.00566577
0.00556727
0.00546904
0.00537107
0.00527339
0.00517599
0.00668828
0.00656718
0.00646492
0.00636103
0.00625278
0.00614335
0.0060345
0.00592627
0.00581829
0.00571045
0.00560278
0.00549533
0.00538811
0.00528114
0.00517443
0.00506797
0.00496179
0.0048559
0.00475029
0.004645
0.00627261
0.00614051
0.00603086
0.00591918
0.00580222
0.00568383
0.00556614
0.00544914
0.00533243
0.00521584
0.00509942
0.00498323
0.00486729
0.0047516
0.00463617
0.00452102
0.00440615
0.00429158
0.00417731
0.00406336
0.00581878
0.00567455
0.00555692
0.00543678
0.00531029
0.0051821
0.00505473
0.00492818
0.00480192
0.00467577
0.00454979
0.00442405
0.00429856
0.00417334
0.0040484
0.00392374
0.00379937
0.00367532
0.00355159
0.00342819
0.0053251
0.00516754
0.00504127
0.00491193
0.00477503
0.00463612
0.00449818
0.00436118
0.00422449
0.0040879
0.00395148
0.0038153
0.00367939
0.00354377
0.00340842
0.00327338
0.00313865
0.00300424
0.00287017
0.00273645
0.00478997
0.00461773
0.0044821
0.00434276
0.00419448
0.00404383
0.00389434
0.00374592
0.00359784
0.00344985
0.00330201
0.00315443
0.00300714
0.00286014
0.00271344
0.00256705
0.00242099
0.00227527
0.00212991
0.00198491
0.00421189
0.00402351
0.00387772
0.00372749
0.00356674
0.00340324
0.0032411
0.00308021
0.00291967
0.0027592
0.00259889
0.00243884
0.0022791
0.00211967
0.00196056
0.00180177
0.00164333
0.00148526
0.00132755
0.00117024
0.00358954
0.00338339
0.00322653
0.00306441
0.00289
0.0027124
0.00253642
0.00236187
0.0021877
0.00201357
0.0018396
0.00166592
0.00149256
0.00131953
0.00114684
0.000974493
0.000802517
0.000630926
0.000459733
0.000288953
0.0029218
0.00269607
0.00252712
0.00235198
0.00216257
0.0019695
0.00177833
0.00158881
0.0013997
0.0012106
0.00102167
0.00083304
0.000644765
0.000456842
0.000269278
8.20895e-05
-0.000104704
-0.000291086
-0.000477041
-0.000662554
0.00220781
0.00196048
0.00177827
0.00158886
0.00138294
0.00117285
0.000964998
0.000759047
0.000553532
0.000348009
0.000142647
-6.23769e-05
-0.000267016
-0.000471272
-0.00067514
-0.000878602
-0.00108164
-0.00128423
-0.00148635
-0.001688
0.00144704
0.00117585
0.000979054
0.000773924
0.000549823
0.000320987
9.47705e-05
-0.000129257
-0.000352812
-0.0005764
-0.000799817
-0.00102286
-0.00124548
-0.00146767
-0.00168944
-0.00191077
-0.00213163
-0.002352
-0.00257187
-0.00279122
0.000639365
0.000341793
0.000128847
-9.36325e-05
-0.000337812
-0.000587337
-0.000833798
-0.00107775
-0.00132118
-0.00156467
-0.00180796
-0.00205084
-0.00229324
-0.00253517
-0.00277663
-0.0030176
-0.00325805
-0.00349797
-0.00373733
-0.00397612
-0.000214886
-0.000541677
-0.000772563
-0.00101426
-0.00128065
-0.00155305
-0.00182188
-0.00208782
-0.0023532
-0.00261864
-0.00288388
-0.00314863
-0.00341284
-0.00367652
-0.00393967
-0.00420227
-0.00446429
-0.00472571
-0.00498652
-0.00524669
-0.00111481
-0.00147401
-0.00172492
-0.00198797
-0.00227899
-0.00257672
-0.0028703
-0.00316059
-0.00345023
-0.00373996
-0.00402944
-0.00431836
-0.00460665
-0.00489434
-0.00518142
-0.00546789
-0.00575369
-0.00603882
-0.00632326
-0.00660698
-0.00205887
-0.00245405
-0.00272742
-0.00301427
-0.00333264
-0.00365848
-0.00397952
-0.00429678
-0.00461333
-0.00492996
-0.00524628
-0.00556194
-0.00587687
-0.00619111
-0.00650466
-0.00681748
-0.00712956
-0.00744086
-0.00775138
-0.00806108
-0.00304474
-0.00347994
-0.00377859
-0.00409206
-0.00444086
-0.00479794
-0.00514948
-0.00549673
-0.00584314
-0.00618963
-0.00653572
-0.00688103
-0.00722549
-0.00756914
-0.00791198
-0.00825398
-0.00859512
-0.00893537
-0.00927472
-0.00961314
-0.00995062
-0.00406924
-0.004549
-0.00487624
-0.00521954
-0.00560227
-0.00599412
-0.00637962
-0.00676023
-0.00713986
-0.00751954
-0.00789872
-0.00827696
-0.00865419
-0.00903046
-0.00940578
-0.00978013
-0.0101535
-0.0105258
-0.010897
-0.0112672
-0.0116363
-0.00512815
-0.00565761
-0.00601729
-0.00639413
-0.00681472
-0.00724535
-0.00766871
-0.00808651
-0.00850316
-0.0089198
-0.0093358
-0.00975067
-0.0101643
-0.0105769
-0.0109883
-0.0113985
-0.0118076
-0.0122154
-0.0126221
-0.0130275
-0.0134316
-0.00621612
-0.00680106
-0.00719767
-0.00761231
-0.00807522
-0.00854913
-0.00901479
-0.00947412
-0.00993208
-0.0103899
-0.010847
-0.0113026
-0.0117569
-0.0122098
-0.0126613
-0.0131115
-0.0135602
-0.0140076
-0.0144535
-0.014898
-0.015341
-0.00732646
-0.00797341
-0.00841219
-0.0088695
-0.00937979
-0.00990208
-0.010415
-0.0109208
-0.011425
-0.0119289
-0.0124317
-0.0129329
-0.0134323
-0.0139302
-0.0144264
-0.014921
-0.0154139
-0.0159052
-0.0163948
-0.0168826
-0.0173688
-0.00845098
-0.0091673
-0.00965436
-0.01016
-0.0107233
-0.0112997
-0.0118657
-0.0124235
-0.0129793
-0.0135347
-0.0140887
-0.0146407
-0.0151907
-0.0157386
-0.0162847
-0.0168288
-0.017371
-0.0179111
-0.0184493
-0.0189854
-0.0195196
-0.0095798
-0.0103738
-0.0109162
-0.0114766
-0.0120994
-0.0127365
-0.0133618
-0.0139779
-0.0145917
-0.0152047
-0.015816
-0.0164248
-0.0170312
-0.0176352
-0.0182369
-0.0188363
-0.0194333
-0.0200279
-0.0206202
-0.0212101
-0.0217976
-0.0107011
-0.0115821
-0.0121882
-0.0128106
-0.0135003
-0.0142054
-0.0148973
-0.0155789
-0.0162576
-0.0169352
-0.0176107
-0.0182831
-0.0189526
-0.0196192
-0.0202831
-0.0209441
-0.0216024
-0.0222578
-0.0229104
-0.0235602
-0.0242073
-0.0118009
-0.0127795
-0.0134589
-0.0141518
-0.0149165
-0.0156978
-0.0164647
-0.0172199
-0.0179715
-0.0187215
-0.0194689
-0.0202126
-0.0209528
-0.0216895
-0.0224228
-0.0231528
-0.0238795
-0.0246028
-0.0253227
-0.0260394
-0.0267527
-0.0128627
-0.0139508
-0.0147147
-0.0154878
-0.0163368
-0.0172037
-0.0180548
-0.0188927
-0.0197263
-0.0205577
-0.0213856
-0.0222093
-0.0230286
-0.0238438
-0.024655
-0.0254621
-0.0262652
-0.0270644
-0.0278595
-0.0286507
-0.0294381
-0.0138673
-0.0150783
-0.0159396
-0.016804
-0.0177478
-0.0187109
-0.0196567
-0.0205878
-0.0215135
-0.0224362
-0.0233547
-0.0242681
-0.0251762
-0.0260793
-0.0269776
-0.0278711
-0.0287598
-0.0296437
-0.0305228
-0.0313974
-0.0322673
-0.0147923
-0.0161414
-0.0171151
-0.0180835
-0.0191339
-0.020205
-0.0212575
-0.0222936
-0.023323
-0.0243484
-0.0253686
-0.0263826
-0.0273903
-0.0283921
-0.0293881
-0.0303782
-0.0313627
-0.0323415
-0.0333146
-0.0342822
-0.0352444
-0.0156118
-0.017116
-0.0182195
-0.0193065
-0.0204769
-0.0216694
-0.0228422
-0.0239965
-0.0251426
-0.0262836
-0.0274181
-0.0285452
-0.0296648
-0.0307772
-0.0318827
-0.0329813
-0.034073
-0.0351579
-0.0362362
-0.0373079
-0.0383731
-0.016296
-0.0179744
-0.0192279
-0.0204501
-0.0217554
-0.0230846
-0.024393
-0.0256807
-0.0269584
-0.0282293
-0.0294925
-0.0307466
-0.0319919
-0.0332286
-0.0344569
-0.035677
-0.036889
-0.0380929
-0.0392888
-0.040477
-0.0416574
-0.0168101
-0.0186845
-0.0201112
-0.0214877
-0.0229451
-0.024428
-0.0258893
-0.0273276
-0.0287536
-0.030171
-0.0315788
-0.032976
-0.0343625
-0.0357388
-0.0371051
-0.0384616
-0.0398083
-0.0411455
-0.0424733
-0.0437918
-0.0451012
-0.0171146
-0.0192091
-0.0208362
-0.0223887
-0.0240174
-0.0256734
-0.0273075
-0.0289158
-0.0305091
-0.0320915
-0.0336623
-0.0352204
-0.0367659
-0.0382991
-0.0398204
-0.04133
-0.042828
-0.0443146
-0.0457901
-0.0472546
-0.0487083
-0.0171637
-0.0195058
-0.0213644
-0.023118
-0.0249396
-0.0267907
-0.0286199
-0.0304205
-0.0322026
-0.0339711
-0.0357256
-0.037465
-0.0391894
-0.0408992
-0.0425947
-0.0442763
-0.0459441
-0.0475985
-0.0492395
-0.0508676
-0.0524829
-0.0169049
-0.0195252
-0.0216515
-0.0236348
-0.025674
-0.027745
-0.0297948
-0.0318128
-0.0338083
-0.0357868
-0.0377484
-0.0396923
-0.0416182
-0.0435268
-0.0454185
-0.0472935
-0.0491522
-0.0509949
-0.0528218
-0.0546333
-0.0564298
-0.0162778
-0.0192108
-0.0216465
-0.0238925
-0.026177
-0.028496
-0.0307954
-0.0330596
-0.0352964
-0.0375121
-0.0397076
-0.0418821
-0.0440354
-0.046168
-0.0482805
-0.0503733
-0.0524467
-0.054501
-0.0565367
-0.0585541
-0.0605536
-0.0152132
-0.0184975
-0.0212906
-0.0238368
-0.0263983
-0.0289972
-0.0315793
-0.0341225
-0.0366322
-0.0391162
-0.041576
-0.044011
-0.046421
-0.0488064
-0.051168
-0.0535061
-0.0558212
-0.0581137
-0.0603842
-0.0626329
-0.0648605
-0.0136315
-0.0173102
-0.0205162
-0.0234057
-0.0262798
-0.0291948
-0.0320973
-0.0349567
-0.0377758
-0.0405633
-0.0433221
-0.0460518
-0.048752
-0.0514231
-0.0540658
-0.0566807
-0.0592684
-0.0618293
-0.064364
-0.066873
-0.0693568
-0.0114417
-0.0155628
-0.0192452
-0.0225272
-0.0257542
-0.0290265
-0.0322924
-0.0355107
-0.0386804
-0.0418118
-0.0449094
-0.0479729
-0.0510015
-0.0539958
-0.0569564
-0.0598842
-0.0627797
-0.0656435
-0.0684763
-0.0712785
-0.0740508
-0.00853908
-0.0131559
-0.0173876
-0.0211179
-0.0247436
-0.0284198
-0.0320982
-0.0357241
-0.0392917
-0.0428133
-0.046295
-0.049737
-0.0531381
-0.0564986
-0.0598194
-0.0631014
-0.0663452
-0.0695515
-0.072721
-0.0758542
-0.078952
-0.00480359
-0.00997432
-0.0148381
-0.0190807
-0.0231569
-0.0272903
-0.031437
-0.0355262
-0.0395457
-0.0435102
-0.0474283
-0.0513001
-0.0551241
-0.0589004
-0.0626299
-0.0663136
-0.0699522
-0.0735465
-0.0770971
-0.0806047
-0.0840701
-0.000102076
-0.00588822
-0.0114763
-0.0163025
-0.0208876
-0.0255388
-0.0302179
-0.034834
-0.0393673
-0.0438354
-0.0482499
-0.0526109
-0.0569163
-0.0611656
-0.0653601
-0.0695008
-0.0735885
-0.0776237
-0.0816072
-0.0855398
-0.0894222
0.00570469
-0.000762305
-0.0071725
-0.0126571
-0.0178141
-0.0230508
-0.0283345
-0.0335489
-0.0386658
-0.0437066
-0.0486862
-0.0536044
-0.0584578
-0.0632459
-0.0679699
-0.0726308
-0.0772295
-0.0817664
-0.0862421
-0.0906576
-0.0950134
0.0127693
0.00554053
-0.00179589
-0.00801343
-0.013808
-0.0197044
-0.0256719
-0.0315635
-0.0373424
-0.0430353
-0.0486599
-0.0542148
-0.0596952
-0.0651001
-0.0704307
-0.0756879
-0.0808721
-0.0859837
-0.091023
-0.0959908
-0.100888
0.0213151
0.0132157
0.0048309
-0.00220603
-0.00871731
-0.0153583
-0.022094
-0.0287439
-0.0352661
-0.0416946
-0.048049
-0.0543253
-0.0605169
-0.0666226
-0.0726435
-0.07858
-0.084432
-0.0901995
-0.0958826
-0.101482
-0.106997
0.0316487
0.0225987
0.0130318
0.0050432
-0.00232168
-0.00984042
-0.0174616
-0.0249771
-0.0323505
-0.0396257
-0.046821
-0.0539287
-0.0609412
-0.067857
-0.0746766
-0.0813991
-0.0880234
-0.0945488
-0.100975
-0.107301
-0.113528
0.0437733
0.0339293
0.0232336
0.0142139
0.00582956
-0.00273004
-0.0113606
-0.0198484
-0.0281824
-0.0364134
-0.044554
-0.0525944
-0.0605294
-0.0683595
-0.0760846
-0.0837027
-0.0912117
-0.0986099
-0.105895
-0.113067
-0.120123
0.0564158
0.0462068
0.0349908
0.0251452
0.0156183
0.00584931
-0.00393992
-0.0135774
-0.0230805
-0.0324793
-0.0417662
-0.0509288
-0.0599648
-0.0688747
-0.0776577
-0.086312
-0.0948362
-0.103229
-0.111489
-0.119614
-0.127604
0.0675412
0.0576608
0.0474786
0.0375674
0.0272968
0.0167249
0.00610216
-0.00450784
-0.0151086
-0.0256741
-0.0361689
-0.0465713
-0.0568682
-0.0670485
-0.0771021
-0.0870206
-0.0967973
-0.106426
-0.115903
-0.125221
-0.134378
)
;

boundaryField
{
    inlet
    {
        type            zeroGradient;
    }
    outlet
    {
        type            fixedValue;
        value           nonuniform 0();
    }
    cylinder
    {
        type            zeroGradient;
    }
    top
    {
        type            symmetryPlane;
    }
    bottom
    {
        type            symmetryPlane;
    }
    frontAndBack
    {
        type            empty;
    }
    procBoundary1to0
    {
        type            processor;
        value           nonuniform List<scalar> 
216
(
0.208864
0.2176
0.226155
0.238177
0.234525
0.238177
0.247517
0.256641
0.271265
0.271265
0.280487
0.289457
0.298164
0.315458
0.315458
0.324114
0.332453
0.340462
0.358618
0.358618
0.366439
0.37387
0.380901
0.387519
0.406525
0.406525
0.412699
0.418401
0.423619
0.428345
0.43257
0.436287
0.439488
0.442167
0.444318
0.445938
0.462874
0.462874
0.463489
0.463528
0.462988
0.46187
0.460175
0.460175
0.442176
0.439477
0.436243
0.432478
0.428187
0.423375
0.418048
0.412215
0.405882
0.399058
0.391753
0.391753
0.371732
0.363979
0.355804
0.347218
0.338234
0.338234
0.319113
0.309937
0.300422
0.290579
0.290579
0.27232
0.262423
0.252253
0.252253
0.236515
0.226419
0.216086
0.216086
0.211964
0.202641
0.193118
0.183399
0.169279
0.152153
0.137833
0.124666
0.112604
0.101785
0.0921818
0.0836764
0.0761466
0.0694889
0.0636136
0.0584382
0.0538865
0.0498892
0.0463841
0.0433154
0.0406337
0.0382948
0.0362594
0.0344927
0.0329638
0.0316451
0.030512
0.0295428
0.0287179
0.0280198
0.027433
0.0269436
0.0265389
0.0262078
0.0259402
0.0257272
0.0255607
0.0254335
0.0253394
0.0252726
0.0252282
0.0252017
0.0251895
0.0251882
0.0251949
0.0252072
0.0252232
0.0252412
0.0252597
0.0252779
0.0252948
0.0253099
0.0253229
0.0253335
0.0253418
0.0253479
0.0253519
0.0253542
0.025355
0.0253549
0.0253541
0.0253531
0.0253522
0.0253516
0.208864
0.212635
0.205298
0.197836
0.190269
0.182415
0.182415
0.185163
0.149666
0.144825
0.144825
0.153844
0.162501
0.171036
0.179438
0.187685
0.183399
0.00988507
0.00986821
0.00983532
0.00978666
0.00972245
0.00964246
0.00954635
0.00943357
0.00930349
0.00915531
0.00898822
0.00880134
0.00859378
0.00836466
0.00811318
0.00783859
0.00754029
0.00721784
0.006871
0.00649982
0.00610465
0.00568622
0.00524572
0.00478488
0.00430601
0.00381214
0.00330711
0.00279566
0.00228356
0.00177776
0.00128651
0.000819517
0.000388138
5.5393e-06
-0.00031309
-0.000550322
-0.00068625
-0.000698233
-0.000560607
-0.000244386
0.000283081
0.00105847
0.00212285
0.00352217
0.0053076
0.00753605
0.0102706
0.0135809
0.0175437
0.0222431
0.0277702
0.0342222
0.0417032
0.0503294
0.0602365
0.0715568
0.0843265
0.0984032
0.113838
0.132424
)
;
    }
    procBoundary1to2
    {
        type            processor;
        value           nonuniform List<scalar> 
205
(
-0.0773451
-0.0816557
-0.0816557
-0.100001
-0.0857745
-0.0857745
-0.105509
-0.105509
-0.111634
-0.111634
-0.118456
-0.118456
-0.126072
-0.126072
-0.134571
-0.134571
-0.144034
-0.144034
-0.154507
-0.154507
-0.165942
-0.165942
-0.17811
-0.17811
-0.19046
-0.19046
-0.201948
-0.201948
-0.210912
-0.189778
-0.189778
-0.192986
-0.192986
-0.188963
-0.165483
-0.165483
-0.151528
-0.151528
-0.127945
-0.102328
-0.102328
-0.170036
-0.170036
-0.198284
-0.22471
-0.22471
-0.240462
-0.240462
-0.266684
-0.271695
-0.271695
-0.268952
-0.268952
-0.261214
-0.261214
-0.283927
-0.272404
-0.272404
-0.259972
-0.259972
-0.247703
-0.247703
-0.236146
-0.236146
-0.225519
-0.225519
-0.215853
-0.215853
-0.207094
-0.207094
-0.199152
-0.199152
-0.191931
-0.191931
-0.185328
-0.185328
-0.179264
-0.16283
-0.16283
-0.158002
-0.158002
-0.152909
-0.0694845
-0.0633484
-0.0569863
-0.0515936
-0.0465043
-0.0419557
-0.0377636
-0.0339387
-0.0304149
-0.0271646
-0.0241521
-0.0213493
-0.018733
-0.0162807
-0.0139746
-0.0117998
-0.00974262
-0.00779219
-0.00593912
-0.00417575
-0.0024951
-0.0008918
0.000638783
0.00210031
0.00349607
0.00482869
0.00610051
0.00731345
0.00846928
0.0095695
0.0106155
0.0116087
0.0125503
0.0134414
0.0142834
0.0150775
0.0158248
0.0165267
0.0171843
0.0177992
0.0183725
0.0189056
0.0194001
0.0198571
0.0202783
0.0206651
0.0210188
0.0213409
0.0217457
0.0217457
0.0220013
0.02223
0.022433
0.0226113
0.0227659
0.0228977
0.0230069
0.0230946
0.0231597
0.0232039
0.0232231
0.00840609
0.00837217
0.00830094
0.00819632
0.00805738
0.00805738
0.00782909
0.00761923
0.00737412
0.00709248
0.006773
0.00641393
0.00601338
0.00556916
0.0050789
0.00454001
0.00394974
0.00330513
0.00260308
0.00184029
0.00101332
0.000118598
-0.000847612
-0.00188916
-0.00301004
-0.00421432
-0.00550621
-0.00688997
-0.00836997
-0.00836997
-0.0102872
-0.0120044
-0.0138345
-0.0157825
-0.0178533
-0.0200517
-0.0223828
-0.0248515
-0.0274628
-0.0302215
-0.0331326
-0.0362011
-0.039432
-0.0428304
-0.0464017
-0.0501515
-0.0540857
-0.0582114
-0.0625356
-0.0670672
-0.0718159
-0.0767938
-0.0820149
-0.0874941
-0.0932553
-0.0993105
-0.105714
-0.11243
-0.119655
-0.127063
-0.135456
-0.143371
)
;
    }
}


// ************************************************************************* //
