/*--------------------------------*- C++ -*----------------------------------*\
  =========                 |
  \\      /  F ield         | OpenFOAM: The Open Source CFD Toolbox
   \\    /   O peration     | Website:  https://openfoam.org
    \\  /    A nd           | Version:  7
     \\/     M anipulation  |
\*---------------------------------------------------------------------------*/
FoamFile
{
    version     2.0;
    format      ascii;
    class       labelList;
    note        "nPoints: 14880 nCells: 7156 nFaces: 28907 nInternalFaces: 14029";
    location    "constant/polyMesh";
    object      neighbour;
}
// * * * * * * * * * * * * * * * * * * * * * * * * * * * * * * * * * * * * * //


14029
(
1
30
7126
2
31
7127
3
32
7128
4
33
7129
5
34
7130
6
35
7131
7
36
7132
8
37
7133
9
38
7134
10
39
7135
11
40
7136
12
41
7137
13
42
7138
14
43
7139
15
44
7140
16
45
7141
17
46
7142
18
47
7143
19
48
7144
20
49
7145
21
50
7146
22
51
7147
23
52
7148
24
53
7149
25
54
7150
26
55
7151
27
56
7152
28
57
7153
29
58
7154
59
7155
31
60
32
61
33
62
34
63
35
64
36
65
37
66
38
67
39
68
40
69
41
70
42
71
43
72
44
73
45
74
46
75
47
76
48
77
49
78
50
79
51
80
52
81
53
82
54
83
55
84
56
85
57
86
58
87
59
88
89
61
90
62
91
63
92
64
93
65
94
66
95
67
96
68
97
69
98
70
99
71
100
72
101
73
102
74
103
75
104
76
105
77
106
78
107
79
108
80
109
81
110
82
111
83
112
84
113
85
114
86
115
87
116
88
117
89
118
119
91
120
92
121
93
122
94
123
95
124
96
125
97
126
98
127
99
128
100
129
101
130
102
131
103
132
104
133
105
134
106
135
107
136
108
137
109
138
110
139
111
140
112
141
113
142
114
143
115
144
116
145
117
146
118
147
119
148
149
121
150
122
151
123
152
124
153
125
154
126
155
127
156
128
157
129
158
130
159
131
160
132
161
133
162
134
163
135
164
136
165
137
166
138
167
139
168
140
169
141
170
142
171
143
172
144
173
145
174
146
175
147
176
148
177
149
178
179
151
180
152
181
153
182
154
183
155
184
156
185
157
186
158
187
159
188
160
189
161
190
162
191
163
192
164
193
165
194
166
195
167
196
168
197
169
198
170
199
171
200
172
201
173
202
174
203
175
204
176
205
177
206
178
207
179
208
209
181
210
182
211
183
212
184
213
185
214
186
215
187
216
188
217
189
218
190
219
191
220
192
221
193
222
194
223
195
224
196
225
197
226
198
227
199
228
200
229
201
230
202
231
203
232
204
233
205
234
206
235
207
236
208
237
209
238
239
211
240
212
241
213
242
214
243
215
244
216
245
217
246
218
247
219
248
220
249
221
250
222
251
223
252
224
253
225
254
226
255
227
256
228
257
229
258
230
259
231
260
232
261
233
262
234
263
235
264
236
265
237
266
238
267
239
268
269
241
270
242
271
243
272
244
273
245
274
246
275
247
276
248
277
249
278
250
279
251
280
252
281
253
282
254
283
255
284
256
285
257
286
258
287
259
288
260
289
261
290
262
291
263
292
264
293
265
294
266
295
267
296
268
297
269
298
299
271
300
272
301
273
302
274
303
275
304
276
305
277
306
278
307
279
308
280
309
281
310
282
311
283
312
284
313
285
314
286
315
287
316
288
317
289
318
290
319
291
320
292
321
293
322
294
323
295
324
296
325
297
326
298
327
299
328
329
301
330
302
331
303
332
304
333
305
334
306
335
307
336
308
337
309
338
310
339
311
340
312
341
313
342
314
343
315
344
316
345
317
346
318
347
319
348
320
349
321
350
322
351
323
352
324
353
325
354
326
355
327
356
328
357
329
358
359
331
360
332
361
333
362
334
363
335
364
336
365
337
366
338
367
339
368
340
369
341
370
342
371
343
372
344
373
345
374
346
375
347
376
348
377
349
378
350
379
351
380
352
381
353
382
354
383
355
384
356
385
357
386
358
387
359
388
389
361
390
362
391
363
392
364
393
365
394
366
395
367
396
368
397
369
398
370
399
371
400
372
401
373
402
374
403
375
404
376
405
377
406
378
407
379
408
380
409
381
410
382
411
383
412
384
413
385
414
386
415
387
416
388
417
389
418
419
391
420
392
421
393
422
394
423
395
424
396
425
397
426
398
427
399
428
400
429
401
430
402
431
403
432
404
433
405
434
406
435
407
436
408
437
409
438
410
439
411
440
412
441
413
442
414
443
415
444
416
445
417
446
418
447
419
448
449
421
450
422
451
423
452
424
453
425
454
426
455
427
456
428
457
429
458
430
459
431
460
432
461
433
462
434
463
435
464
436
465
437
466
438
467
439
468
440
469
441
470
442
471
443
472
444
473
445
474
446
475
447
476
448
477
449
478
479
451
480
452
481
453
482
454
483
455
484
456
485
457
486
458
487
459
488
460
489
461
490
462
491
463
492
464
493
465
494
466
495
467
496
468
497
469
498
470
499
471
500
472
501
473
502
474
503
475
504
476
505
477
506
478
507
479
508
509
481
510
482
511
483
512
484
513
485
514
486
515
487
516
488
517
489
518
490
519
491
520
492
521
493
522
494
523
495
524
496
525
497
526
498
527
499
528
500
529
501
530
502
531
503
532
504
533
505
534
506
535
507
536
508
537
509
538
539
511
540
512
541
513
542
514
543
515
544
516
545
517
546
518
547
519
548
520
549
521
550
522
551
523
552
524
553
525
554
526
555
527
556
528
557
529
558
530
559
531
560
532
561
533
562
534
563
535
564
536
565
537
566
538
567
539
568
569
541
570
542
571
543
572
544
573
545
574
546
575
547
576
548
577
549
578
550
579
551
580
552
581
553
582
554
583
555
584
556
585
557
586
558
587
559
588
560
589
561
590
562
591
563
592
564
593
565
594
566
595
567
596
568
597
569
598
599
571
600
572
601
573
602
574
603
575
604
576
605
577
606
578
607
579
608
580
609
581
610
582
611
583
612
584
613
585
614
586
615
587
616
588
617
589
618
590
619
591
620
592
621
593
622
594
623
595
624
596
625
597
626
598
627
599
628
629
601
630
602
631
603
632
604
633
605
634
606
635
607
636
608
637
609
638
610
639
611
640
612
641
613
642
614
643
615
644
616
645
617
646
618
647
619
648
620
649
621
650
622
651
623
652
624
653
625
654
626
655
627
656
628
657
629
658
659
631
632
660
633
661
634
662
635
663
636
664
637
665
638
666
639
667
640
668
641
669
642
670
643
671
644
672
645
673
646
674
647
675
648
676
649
677
650
678
651
679
652
680
653
681
654
682
655
683
656
684
657
685
658
686
659
687
688
661
689
662
690
663
691
664
692
665
693
666
694
667
695
668
696
669
697
670
698
671
699
672
700
673
701
674
702
675
703
676
704
677
705
678
706
679
707
680
708
681
709
682
710
683
711
684
712
685
713
686
714
687
715
688
716
717
690
718
691
719
692
720
693
721
694
722
695
723
696
724
697
725
698
726
699
727
700
728
701
729
702
730
703
731
704
732
705
733
706
734
707
735
708
736
709
737
710
738
711
739
712
740
713
741
714
742
715
743
716
744
717
745
746
719
747
720
748
721
749
722
750
723
751
724
752
725
753
726
754
727
755
728
756
729
757
730
758
731
759
732
760
733
761
734
762
735
763
736
764
737
765
738
766
739
767
740
768
741
769
742
770
743
771
744
772
745
773
746
774
775
748
776
749
777
750
778
751
779
752
780
753
781
754
782
755
783
756
784
757
785
758
786
759
787
760
788
761
789
762
790
763
791
764
792
765
793
766
794
767
795
768
796
769
797
770
798
771
799
772
800
773
801
774
802
775
803
804
777
805
778
806
779
807
780
808
781
809
782
810
783
811
784
812
785
813
786
814
787
815
788
816
789
817
790
818
791
819
792
820
793
821
794
822
795
823
796
824
797
825
798
826
799
827
800
828
801
829
802
830
803
831
804
832
833
806
834
807
835
808
836
809
837
810
838
811
839
812
840
813
841
814
842
815
843
816
844
817
845
818
846
819
847
820
848
821
849
822
850
823
851
824
852
825
853
826
854
827
855
828
856
829
857
830
858
831
859
832
860
833
861
862
835
863
836
864
837
865
838
866
839
867
840
868
841
869
842
870
843
871
844
872
845
873
846
874
847
875
848
876
849
877
850
878
851
879
852
880
853
881
854
882
855
883
856
884
857
885
858
886
859
887
860
888
861
889
862
890
891
864
892
865
893
866
894
867
895
868
896
869
897
870
898
871
899
872
900
873
901
874
902
875
903
876
904
877
905
878
906
879
907
880
908
881
909
882
910
883
911
884
912
885
913
886
914
887
915
888
916
889
917
890
918
891
919
920
893
921
894
922
895
923
896
924
897
925
898
926
899
927
900
928
901
929
902
930
903
931
904
932
905
933
906
934
907
935
908
936
909
937
910
938
911
939
912
940
913
941
914
942
915
943
916
944
917
945
918
946
919
947
920
948
949
922
950
923
951
924
952
925
953
926
954
927
955
928
956
929
957
930
958
931
959
932
960
933
961
934
962
935
963
936
964
937
965
938
966
939
967
940
968
941
969
942
970
943
971
944
972
945
973
946
974
947
975
948
976
949
977
978
951
980
952
981
953
982
954
983
955
984
956
985
957
986
958
987
959
988
960
989
961
990
962
991
963
992
964
993
965
994
966
995
967
996
968
997
969
998
970
999
971
1000
972
1001
973
1002
974
1003
975
1004
976
1005
977
1006
978
1007
979
1008
1009
981
1010
982
1011
983
1012
984
1013
985
1014
986
1015
987
1016
988
1017
989
1018
990
1019
991
1020
992
1021
993
1022
994
1023
995
1024
996
1025
997
1026
998
1027
999
1028
1000
1029
1001
1030
1002
1031
1003
1032
1004
1033
1005
1034
1006
1035
1007
1036
1008
1037
1009
1038
1039
1011
1040
1012
1041
1013
1042
1014
1043
1015
1044
1016
1045
1017
1046
1018
1047
1019
1048
1020
1049
1021
1050
1022
1051
1023
1052
1024
1053
1025
1054
1026
1055
1027
1056
1028
1057
1029
1058
1030
1059
1031
1060
1032
1061
1033
1062
1034
1063
1035
1064
1036
1065
1037
1066
1038
1067
1039
1068
1069
1041
1070
1042
1071
1043
1072
1044
1073
1045
1074
1046
1075
1047
1076
1048
1077
1049
1078
1050
1079
1051
1080
1052
1081
1053
1082
1054
1083
1055
1084
1056
1085
1057
1086
1058
1087
1059
1088
1060
1089
1061
1090
1062
1091
1063
1092
1064
1093
1065
1094
1066
1095
1067
1096
1068
1097
1069
1098
1099
1071
1100
1072
1101
1073
1102
1074
1103
1075
1104
1076
1105
1077
1106
1078
1107
1079
1108
1080
1109
1081
1110
1082
1111
1083
1112
1084
1113
1085
1114
1086
1115
1087
1116
1088
1117
1089
1118
1090
1119
1091
1120
1092
1121
1093
1122
1094
1123
1095
1124
1096
1125
1097
1126
1098
1127
1099
1128
1129
1101
1102
1130
1103
1131
1104
1132
1105
1133
1106
1134
1107
1135
1108
1136
1109
1137
1110
1138
1111
1139
1112
1140
1113
1141
1114
1142
1115
1143
1116
1144
1117
1145
1118
1146
1119
1147
1120
1148
1121
1149
1122
1150
1123
1151
1124
1152
1125
1153
1126
1154
1127
1155
1128
1156
1129
1157
1158
1131
1159
1132
1160
1133
1161
1134
1162
1135
1163
1136
1164
1137
1165
1138
1166
1139
1167
1140
1168
1141
1169
1142
1170
1143
1171
1144
1172
1145
1173
1146
1174
1147
1175
1148
1176
1149
1177
1150
1178
1151
1179
1152
1180
1153
1181
1154
1182
1155
1183
1156
1184
1157
1185
1158
1186
1187
1160
1188
1161
1189
1162
1190
1163
1191
1164
1192
1165
1193
1166
1194
1167
1195
1168
1196
1169
1197
1170
1198
1171
1199
1172
1200
1173
1201
1174
1202
1175
1203
1176
1204
1177
1205
1178
1206
1179
1207
1180
1208
1181
1209
1182
1210
1183
1211
1184
1212
1185
1213
1186
1214
1187
1215
1216
1189
1217
1190
1218
1191
1219
1192
1220
1193
1221
1194
1222
1195
1223
1196
1224
1197
1225
1198
1226
1199
1227
1200
1228
1201
1229
1202
1230
1203
1231
1204
1232
1205
1233
1206
1234
1207
1235
1208
1236
1209
1237
1210
1238
1211
1239
1212
1240
1213
1241
1214
1242
1215
1243
1216
1244
1245
1218
1246
1219
1247
1220
1248
1221
1249
1222
1250
1223
1251
1224
1252
1225
1253
1226
1254
1227
1255
1228
1256
1229
1257
1230
1258
1231
1259
1232
1260
1233
1261
1234
1262
1235
1263
1236
1264
1237
1265
1238
1266
1239
1267
1240
1268
1241
1269
1242
1270
1243
1271
1244
1272
1245
1273
1274
1247
1275
1248
1276
1249
1277
1250
1278
1251
1279
1252
1280
1253
1281
1254
1282
1255
1283
1256
1284
1257
1285
1258
1286
1259
1287
1260
1288
1261
1289
1262
1290
1263
1291
1264
1292
1265
1293
1266
1294
1267
1295
1268
1296
1269
1297
1270
1298
1271
1299
1272
1300
1273
1301
1274
1302
1303
1276
1304
1277
1305
1278
1306
1279
1307
1280
1308
1281
1309
1282
1310
1283
1311
1284
1312
1285
1313
1286
1314
1287
1315
1288
1316
1289
1317
1290
1318
1291
1319
1292
1320
1293
1321
1294
1322
1295
1323
1296
1324
1297
1325
1298
1326
1299
1327
1300
1328
1301
1329
1302
1330
1303
1331
1332
1305
1333
1306
1334
1307
1335
1308
1336
1309
1337
1310
1338
1311
1339
1312
1340
1313
1341
1314
1342
1315
1343
1316
1344
1317
1345
1318
1346
1319
1347
1320
1348
1321
1349
1322
1350
1323
1351
1324
1352
1325
1353
1326
1354
1327
1355
1328
1356
1329
1357
1330
1358
1331
1359
1332
1360
1361
1334
1362
1335
1363
1336
1364
1337
1365
1338
1366
1339
1367
1340
1368
1341
1369
1342
1370
1343
1371
1344
1372
1345
1373
1346
1374
1347
1375
1348
1376
1349
1377
1350
1378
1351
1379
1352
1380
1353
1381
1354
1382
1355
1383
1356
1384
1357
1385
1358
1386
1359
1387
1360
1388
1361
1389
1390
1363
1391
1364
1392
1365
1393
1366
1394
1367
1395
1368
1396
1369
1397
1370
1398
1371
1399
1372
1400
1373
1401
1374
1402
1375
1403
1376
1404
1377
1405
1378
1406
1379
1407
1380
1408
1381
1409
1382
1410
1383
1411
1384
1412
1385
1413
1386
1414
1387
1415
1388
1416
1389
1417
1390
1418
1419
1392
1420
1393
1421
1394
1422
1395
1423
1396
1424
1397
1425
1398
1426
1399
1427
1400
1428
1401
1429
1402
1430
1403
1431
1404
1432
1405
1433
1406
1434
1407
1435
1408
1436
1409
1437
1410
1438
1411
1439
1412
1440
1413
1441
1414
1442
1415
1443
1416
1444
1417
1445
1418
1446
1419
1447
1448
1421
1422
1449
1423
1450
1424
1451
1425
1452
1426
1453
1427
1454
1428
1455
1429
1456
1430
1457
1431
1458
1432
1459
1433
1460
1434
1461
1435
1462
1436
1463
1437
1464
1438
1465
1439
1466
1440
1467
1441
1468
1442
1469
1443
1470
1444
1471
1445
1472
1446
1473
1447
1474
1448
1475
1476
1450
1477
1451
1478
1452
1479
1453
1480
1454
1481
1455
1482
1456
1483
1457
1484
1458
1485
1459
1486
1460
1487
1461
1488
1462
1489
1463
1490
1464
1491
1465
1492
1466
1493
1467
1494
1468
1495
1469
1496
1470
1497
1471
1498
1472
1499
1473
1500
1474
1501
1475
1502
1476
1503
1504
1478
1505
1479
1506
1480
1507
1481
1508
1482
1509
1483
1510
1484
1511
1485
1512
1486
1513
1487
1514
1488
1515
1489
1516
1490
1517
1491
1518
1492
1519
1493
1520
1494
1521
1495
1522
1496
1523
1497
1524
1498
1525
1499
1526
1500
1527
1501
1528
1502
1529
1503
1530
1504
1531
1532
1506
1533
1507
1534
1508
1535
1509
1536
1510
1537
1511
1538
1512
1539
1513
1540
1514
1541
1515
1542
1516
1543
1517
1544
1518
1545
1519
1546
1520
1547
1521
1548
1522
1549
1523
1550
1524
1551
1525
1552
1526
1553
1527
1554
1528
1555
1529
1556
1530
1557
1531
1558
1532
1559
1560
1534
1561
1535
1562
1536
1563
1537
1564
1538
1565
1539
1566
1540
1567
1541
1568
1542
1569
1543
1570
1544
1571
1545
1572
1546
1573
1547
1574
1548
1575
1549
1576
1550
1577
1551
1578
1552
1579
1553
1580
1554
1581
1555
1582
1556
1583
1557
1584
1558
1585
1559
1586
1560
1587
1588
1562
1589
1563
1590
1564
1591
1565
1592
1566
1593
1567
1594
1568
1595
1569
1596
1570
1597
1571
1598
1572
1599
1573
1600
1574
1601
1575
1602
1576
1603
1577
1604
1578
1605
1579
1606
1580
1607
1581
1608
1582
1609
1583
1610
1584
1611
1585
1612
1586
1613
1587
1614
1588
1615
1616
1590
1617
1591
1618
1592
1619
1593
1620
1594
1621
1595
1622
1596
1623
1597
1624
1598
1625
1599
1626
1600
1627
1601
1628
1602
1629
1603
1630
1604
1631
1605
1632
1606
1633
1607
1634
1608
1635
1609
1636
1610
1637
1611
1638
1612
1639
1613
1640
1614
1641
1615
1642
1616
1643
1644
1618
1645
1619
1646
1620
1647
1621
1648
1622
1649
1623
1650
1624
1651
1625
1652
1626
1653
1627
1654
1628
1655
1629
1656
1630
1657
1631
1658
1632
1659
1633
1660
1634
1661
1635
1662
1636
1663
1637
1664
1638
1665
1639
1666
1640
1667
1641
1668
1642
1669
1643
1670
1644
1671
1672
1646
1673
1647
1674
1648
1675
1649
1676
1650
1677
1651
1678
1652
1679
1653
1680
1654
1681
1655
1682
1656
1683
1657
1684
1658
1685
1659
1686
1660
1687
1661
1688
1662
1689
1663
1690
1664
1691
1665
1692
1666
1693
1667
1694
1668
1695
1669
1696
1670
1697
1671
1698
1672
1699
1700
1674
1701
1675
1702
1676
1703
1677
1704
1678
1705
1679
1706
1680
1707
1681
1708
1682
1709
1683
1710
1684
1711
1685
1712
1686
1713
1687
1714
1688
1715
1689
1716
1690
1717
1691
1718
1692
1719
1693
1720
1694
1721
1695
1722
1696
1723
1697
1724
1698
1725
1699
1726
1700
1727
1728
1702
1729
1703
1730
1704
1731
1705
1732
1706
1733
1707
1734
1708
1735
1709
1736
1710
1737
1711
1738
1712
1739
1713
1740
1714
1741
1715
1742
1716
1743
1717
1744
1718
1745
1719
1746
1720
1747
1721
1748
1722
1749
1723
1750
1724
1751
1725
1752
1726
1753
1727
1754
1728
1755
1756
1730
1757
1731
1758
1732
1759
1733
1760
1734
1761
1735
1762
1736
1763
1737
1764
1738
1765
1739
1766
1740
1767
1741
1768
1742
1769
1743
1770
1744
1771
1745
1772
1746
1773
1747
1774
1748
1775
1749
1776
1750
1777
1751
1778
1752
1779
1753
1780
1754
1781
1755
1782
1756
1783
1784
1758
1785
1759
1786
1760
1787
1761
1788
1762
1789
1763
1790
1764
1791
1765
1792
1766
1793
1767
1794
1768
1795
1769
1796
1770
1797
1771
1798
1772
1799
1773
1800
1774
1801
1775
1802
1776
1803
1777
1804
1778
1805
1779
1806
1780
1807
1781
1808
1782
1809
1783
1810
1784
1811
1812
1786
1813
1787
1814
1788
1815
1789
1816
1790
1817
1791
1818
1792
1819
1793
1820
1794
1821
1795
1822
1796
1823
1797
1824
1798
1825
1799
1826
1800
1827
1801
1828
1802
1829
1803
1830
1804
1831
1805
1832
1806
1833
1807
1834
1808
1835
1809
1836
1810
1837
1811
1838
1812
1839
1840
1814
1841
1815
1842
1816
1843
1817
1844
1818
1845
1819
1846
1820
1847
1821
1848
1822
1849
1823
1850
1824
1851
1825
1852
1826
1853
1827
1854
1828
1855
1829
1856
1830
1857
1831
1858
1832
1859
1833
1860
1834
1861
1835
1862
1836
1863
1837
1864
1838
1865
1839
1866
1840
1867
1868
1842
1869
1843
1870
1844
1871
1845
1872
1846
1873
1847
1874
1848
1875
1849
1876
1850
1877
1851
1878
1852
1879
1853
1880
1854
1881
1855
1882
1856
1883
1857
1884
1858
1885
1859
1886
1860
1887
1861
1888
1862
1889
1863
1890
1864
1891
1865
1892
1866
1893
1867
1894
1868
1895
1896
1870
1897
1871
1898
1872
1899
1873
1900
1874
1901
1875
1902
1876
1903
1877
1904
1878
1905
1879
1906
1880
1907
1881
1908
1882
1909
1883
1910
1884
1911
1885
1912
1886
1913
1887
1914
1888
1915
1889
1916
1890
1917
1891
1918
1892
1919
1893
1920
1894
1921
1895
1922
1896
1923
1924
1898
1925
1899
1926
1900
1927
1901
1928
1902
1929
1903
1930
1904
1931
1905
1932
1906
1933
1907
1934
1908
1935
1909
1936
1910
1937
1911
1938
1912
1939
1913
1940
1914
1941
1915
1942
1916
1943
1917
1944
1918
1945
1919
1946
1920
1947
1921
1948
1922
1949
1923
1950
1924
1951
1952
1926
1953
1927
1954
1928
1955
1929
1956
1930
1957
1931
1958
1932
1959
1933
1960
1934
1961
1935
1962
1936
1963
1937
1964
1938
1965
1939
1966
1940
1967
1941
1968
1942
1969
1943
1970
1944
1971
1945
1972
1946
1973
1947
1974
1948
1975
1949
1976
1950
1977
1951
1978
1952
1979
1980
1954
1981
1955
1982
1956
1983
1957
1984
1958
1985
1959
1986
1960
1987
1961
1988
1962
1989
1963
1990
1964
1991
1965
1992
1966
1993
1967
1994
1968
1995
1969
1996
1970
1997
1971
1998
1972
1999
1973
2000
1974
2001
1975
2002
1976
2003
1977
2004
1978
2005
1979
2006
1980
2007
2008
1982
2009
1983
2010
1984
2011
1985
2012
1986
2013
1987
2014
1988
2015
1989
2016
1990
2017
1991
2018
1992
2019
1993
2020
1994
2021
1995
2022
1996
2023
1997
2024
1998
2025
1999
2026
2000
2027
2001
2028
2002
2029
2003
2030
2004
2031
2005
2032
2006
2033
2007
2034
2008
2035
2036
2010
2037
2011
2038
2012
2039
2013
2040
2014
2041
2015
2042
2016
2043
2017
2044
2018
2045
2019
2046
2020
2047
2021
2048
2022
2049
2023
2050
2024
2051
2025
2052
2026
2053
2027
2054
2028
2055
2029
2056
2030
2057
2031
2058
2032
2059
2033
2060
2034
2061
2035
2062
2036
2063
2064
2038
2065
2039
2066
2040
2067
2041
2068
2042
2069
2043
2070
2044
2071
2045
2072
2046
2073
2047
2074
2048
2075
2049
2076
2050
2077
2051
2078
2052
2079
2053
2080
2054
2081
2055
2082
2056
2083
2057
2084
2058
2085
2059
2086
2060
2087
2061
2088
2062
2089
2063
2090
2064
2091
2092
2066
2093
2067
2094
2068
2095
2069
2096
2070
2097
2071
2098
2072
2099
2073
2100
2074
2101
2075
2102
2076
2103
2077
2104
2078
2105
2079
2106
2080
2107
2081
2108
2082
2109
2083
2110
2084
2111
2085
2112
2086
2113
2087
2114
2088
2115
2089
2116
2090
2117
2091
2118
2092
2119
2120
2094
2121
2095
2122
2096
2123
2097
2124
2098
2125
2099
2126
2100
2127
2101
2128
2102
2129
2103
2130
2104
2131
2105
2132
2106
2133
2107
2134
2108
2135
2109
2136
2110
2137
2111
2138
2112
2139
2113
2140
2114
2141
2115
2142
2116
2143
2117
2144
2118
2145
2119
2146
2120
2147
2148
2122
2149
2123
2150
2124
2151
2125
2152
2126
2153
2127
2154
2128
2155
2129
2156
2130
2157
2131
2158
2132
2159
2133
2160
2134
2161
2135
2162
2136
2163
2137
2164
2138
2165
2139
2166
2140
2167
2141
2168
2142
2169
2143
2170
2144
2171
2145
2172
2146
2173
2147
2174
2148
2175
2176
2150
2177
2151
2178
2152
2179
2153
2180
2154
2181
2155
2182
2156
2183
2157
2184
2158
2185
2159
2186
2160
2187
2161
2188
2162
2189
2163
2190
2164
2191
2165
2192
2166
2193
2167
2194
2168
2195
2169
2196
2170
2197
2171
2198
2172
2199
2173
2200
2174
2201
2175
2202
2176
2203
2204
2178
2205
2179
2206
2180
2207
2181
2208
2182
2209
2183
2210
2184
2211
2185
2212
2186
2213
2187
2214
2188
2215
2189
2216
2190
2217
2191
2218
2192
2219
2193
2220
2194
2221
2195
2222
2196
2223
2197
2224
2198
2225
2199
2226
2200
2227
2201
2228
2202
2229
2203
2230
2204
2231
2232
2206
2233
2207
2234
2208
2235
2209
2236
2210
2237
2211
2238
2212
2239
2213
2240
2214
2241
2215
2242
2216
2243
2217
2244
2218
2245
2219
2246
2220
2247
2221
2248
2222
2249
2223
2250
2224
2251
2225
2252
2226
2253
2227
2254
2228
2255
2229
2256
2230
2257
2231
2258
2232
2259
2260
2234
2261
2235
2262
2236
2263
2237
2264
2238
2265
2239
2266
2240
2267
2241
2268
2242
2269
2243
2270
2244
2271
2245
2272
2246
2273
2247
2274
2248
2275
2249
2276
2250
2277
2251
2278
2252
2279
2253
2280
2254
2281
2255
2282
2256
2283
2257
2284
2258
2285
2259
2286
2260
2287
2288
2262
2289
2263
2290
2264
2291
2265
2292
2266
2293
2267
2294
2268
2295
2269
2296
2270
2297
2271
2298
2272
2299
2273
2300
2274
2301
2275
2302
2276
2303
2277
2304
2278
2305
2279
2306
2280
2307
2281
2308
2282
2309
2283
2310
2284
2311
2285
2312
2286
2313
2287
2314
2288
2315
2316
2290
2317
2291
2318
2292
2319
2293
2320
2294
2321
2295
2322
2296
2323
2297
2324
2298
2325
2299
2326
2300
2327
2301
2328
2302
2329
2303
2330
2304
2331
2305
2332
2306
2333
2307
2334
2308
2335
2309
2336
2310
2337
2311
2338
2312
2339
2313
2340
2314
2341
2315
2342
2316
2343
2344
2318
2345
2319
2346
2320
2347
2321
2348
2322
2349
2323
2350
2324
2351
2325
2352
2326
2353
2327
2354
2328
2355
2329
2356
2330
2357
2331
2358
2332
2359
2333
2360
2334
2361
2335
2362
2336
2363
2337
2364
2338
2365
2339
2366
2340
2367
2341
2368
2342
2369
2343
2370
2344
2371
2372
2346
2373
2347
2374
2348
2375
2349
2376
2350
2377
2351
2378
2352
2379
2353
2380
2354
2381
2355
2382
2356
2383
2357
2384
2358
2385
2359
2386
2360
2387
2361
2388
2362
2389
2363
2390
2364
2391
2365
2392
2366
2393
2367
2394
2368
2395
2369
2396
2370
2397
2371
2398
2372
2399
2400
2374
2401
2375
2402
2376
2403
2377
2404
2378
2405
2379
2406
2380
2407
2381
2408
2382
2409
2383
2410
2384
2411
2385
2412
2386
2413
2387
2414
2388
2415
2389
2416
2390
2417
2391
2418
2392
2419
2393
2420
2394
2421
2395
2422
2396
2423
2397
2424
2398
2425
2399
2426
2400
2427
2428
2402
2429
2403
2430
2404
2431
2405
2432
2406
2433
2407
2434
2408
2435
2409
2436
2410
2437
2411
2438
2412
2439
2413
2440
2414
2441
2415
2442
2416
2443
2417
2444
2418
2445
2419
2446
2420
2447
2421
2448
2422
2449
2423
2450
2424
2451
2425
2452
2426
2453
2427
2454
2428
2455
2456
2430
2457
2431
2458
2432
2459
2433
2460
2434
2461
2435
2462
2436
2463
2437
2464
2438
2465
2439
2466
2440
2467
2441
2468
2442
2469
2443
2470
2444
2471
2445
2472
2446
2473
2447
2474
2448
2475
2449
2476
2450
2477
2451
2478
2452
2479
2453
2480
2454
2481
2455
2482
2456
2483
2484
2458
2485
2459
2486
2460
2487
2461
2488
2462
2489
2463
2490
2464
2491
2465
2492
2466
2493
2467
2494
2468
2495
2469
2496
2470
2497
2471
2498
2472
2499
2473
2500
2474
2501
2475
2502
2476
2503
2477
2504
2478
2505
2479
2506
2480
2507
2481
2508
2482
2509
2483
2510
2484
2511
2512
2486
2513
2487
2514
2488
2515
2489
2516
2490
2517
2491
2518
2492
2519
2493
2520
2494
2521
2495
2522
2496
2523
2497
2524
2498
2525
2499
2526
2500
2527
2501
2528
2502
2529
2503
2530
2504
2531
2505
2532
2506
2533
2507
2534
2508
2535
2509
2536
2510
2537
2511
2538
2512
2539
2540
2514
2541
2515
2542
2516
2543
2517
2544
2518
2545
2519
2546
2520
2547
2521
2548
2522
2549
2523
2550
2524
2551
2525
2552
2526
2553
2527
2554
2528
2555
2529
2556
2530
2557
2531
2558
2532
2559
2533
2560
2534
2561
2535
2562
2536
2563
2537
2564
2538
2565
2539
2566
2540
2567
2568
2542
2569
2543
2570
2544
2571
2545
2572
2546
2573
2547
2574
2548
2575
2549
2576
2550
2577
2551
2578
2552
2579
2553
2580
2554
2581
2555
2582
2556
2583
2557
2584
2558
2585
2559
2586
2560
2587
2561
2588
2562
2589
2563
2590
2564
2591
2565
2592
2566
2593
2567
2594
2568
2595
2596
2570
2597
2571
2598
2572
2599
2573
2600
2574
2601
2575
2602
2576
2603
2577
2604
2578
2605
2579
2606
2580
2607
2581
2608
2582
2609
2583
2610
2584
2611
2585
2612
2586
2613
2587
2614
2588
2615
2589
2616
2590
2617
2591
2618
2592
2619
2593
2620
2594
2621
2595
2622
2596
2623
2624
2598
2625
2599
2626
2600
2627
2601
2628
2602
2629
2603
2630
2604
2631
2605
2632
2606
2633
2607
2634
2608
2635
2609
2636
2610
2637
2611
2638
2612
2639
2613
2640
2614
2641
2615
2642
2616
2643
2617
2644
2618
2645
2619
2646
2620
2647
2621
2648
2622
2649
2623
2650
2624
2651
2652
2626
2653
2627
2654
2628
2655
2629
2656
2630
2657
2631
2658
2632
2659
2633
2660
2634
2661
2635
2662
2636
2663
2637
2664
2638
2665
2639
2666
2640
2667
2641
2668
2642
2669
2643
2670
2644
2671
2645
2672
2646
2673
2647
2674
2648
2675
2649
2676
2650
2677
2651
2678
2652
2679
2680
2654
2681
2655
2682
2656
2683
2657
2684
2658
2685
2659
2686
2660
2687
2661
2688
2662
2689
2663
2690
2664
2691
2665
2692
2666
2693
2667
2694
2668
2695
2669
2696
2670
2697
2671
2698
2672
2699
2673
2700
2674
2701
2675
2702
2676
2703
2677
2704
2678
2705
2679
2706
2680
2707
2708
2682
2709
2683
2710
2684
2711
2685
2712
2686
2713
2687
2714
2688
2715
2689
2716
2690
2717
2691
2718
2692
2719
2693
2720
2694
2721
2695
2722
2696
2723
2697
2724
2698
2725
2699
2726
2700
2727
2701
2728
2702
2729
2703
2730
2704
2731
2705
2732
2706
2733
2707
2734
2708
2735
2736
2710
2737
2711
2738
2712
2739
2713
2740
2714
2741
2715
2742
2716
2743
2717
2744
2718
2745
2719
2746
2720
2747
2721
2748
2722
2749
2723
2750
2724
2751
2725
2752
2726
2753
2727
2754
2728
2755
2729
2756
2730
2757
2731
2758
2732
2759
2733
2760
2734
2761
2735
2762
2736
2763
2764
2738
2765
2739
2766
2740
2767
2741
2768
2742
2769
2743
2770
2744
2771
2745
2772
2746
2773
2747
2774
2748
2775
2749
2776
2750
2777
2751
2778
2752
2779
2753
2780
2754
2781
2755
2782
2756
2783
2757
2784
2758
2785
2759
2786
2760
2787
2761
2788
2762
2789
2763
2790
2764
2791
2792
2766
2793
2767
2794
2768
2795
2769
2796
2770
2797
2771
2798
2772
2799
2773
2800
2774
2801
2775
2802
2776
2803
2777
2804
2778
2805
2779
2806
2780
2807
2781
2808
2782
2809
2783
2810
2784
2811
2785
2812
2786
2813
2787
2814
2788
2815
2789
2816
2790
2817
2791
2818
2792
2819
2820
2794
2821
2795
2822
2796
2823
2797
2824
2798
2825
2799
2826
2800
2827
2801
2828
2802
2829
2803
2830
2804
2831
2805
2832
2806
2833
2807
2834
2808
2835
2809
2836
2810
2837
2811
2838
2812
2839
2813
2840
2814
2841
2815
2842
2816
2843
2817
2844
2818
2845
2819
2846
2820
2847
2848
2822
2849
2823
2850
2824
2851
2825
2852
2826
2853
2827
2854
2828
2855
2829
2856
2830
2857
2831
2858
2832
2859
2833
2860
2834
2861
2835
2862
2836
2863
2837
2864
2838
2865
2839
2866
2840
2867
2841
2868
2842
2869
2843
2870
2844
2871
2845
2872
2846
2873
2847
2874
2848
2875
2876
2850
2877
2851
2878
2852
2879
2853
2880
2854
2881
2855
2882
2856
2883
2857
2884
2858
2885
2859
2886
2860
2887
2861
2888
2862
2889
2863
2890
2864
2891
2865
2892
2866
2893
2867
2894
2868
2895
2869
2896
2870
2897
2871
2898
2872
2899
2873
2900
2874
2901
2875
2902
2876
2903
2904
2878
2905
2879
2906
2880
2907
2881
2908
2882
2909
2883
2910
2884
2911
2885
2912
2886
2913
2887
2914
2888
2915
2889
2916
2890
2917
2891
2918
2892
2919
2893
2920
2894
2921
2895
2922
2896
2923
2897
2924
2898
2925
2899
2926
2900
2927
2901
2928
2902
2929
2903
2930
2904
2931
2932
2906
2933
2907
2934
2908
2935
2909
2936
2910
2937
2911
2938
2912
2939
2913
2940
2914
2941
2915
2942
2916
2943
2917
2944
2918
2945
2919
2946
2920
2947
2921
2948
2922
2949
2923
2950
2924
2951
2925
2952
2926
2953
2927
2954
2928
2955
2929
2956
2930
2957
2931
2958
2932
2959
2960
2934
2961
2935
2962
2936
2963
2937
2964
2938
2965
2939
2966
2940
2967
2941
2968
2942
2969
2943
2970
2944
2971
2945
2972
2946
2973
2947
2974
2948
2975
2949
2976
2950
2977
2951
2978
2952
2979
2953
2980
2954
2981
2955
2982
2956
2983
2957
2984
2958
2985
2959
2986
2960
2987
2988
2962
2989
2963
2990
2964
2991
2965
2992
2966
2993
2967
2994
2968
2995
2969
2996
2970
2997
2971
2998
2972
2999
2973
3000
2974
3001
2975
3002
2976
3003
2977
3004
2978
3005
2979
3006
2980
3007
2981
3008
2982
3009
2983
3010
2984
3011
2985
3012
2986
3013
2987
3014
2988
3015
3016
2990
3017
2991
3018
2992
3019
2993
3020
2994
3021
2995
3022
2996
3023
2997
3024
2998
3025
2999
3026
3000
3027
3001
3028
3002
3029
3003
3030
3004
3031
3005
3032
3006
3033
3007
3034
3008
3035
3009
3036
3010
3037
3011
3038
3012
3039
3013
3040
3014
3041
3015
3042
3016
3043
3044
3018
3045
3019
3046
3020
3047
3021
3048
3022
3049
3023
3050
3024
3051
3025
3052
3026
3053
3027
3054
3028
3055
3029
3056
3030
3057
3031
3058
3032
3059
3033
3060
3034
3061
3035
3062
3036
3063
3037
3064
3038
3065
3039
3066
3040
3067
3041
3068
3042
3069
3043
3070
3044
3071
3072
3046
3073
3047
3074
3048
3075
3049
3076
3050
3077
3051
3078
3052
3079
3053
3080
3054
3081
3055
3082
3056
3083
3057
3084
3058
3085
3059
3086
3060
3087
3061
3088
3062
3089
3063
3090
3064
3091
3065
3092
3066
3093
3067
3094
3068
3095
3069
3096
3070
3097
3071
3098
3072
3099
3100
3074
3101
3075
3102
3076
3103
3077
3104
3078
3105
3079
3106
3080
3107
3081
3108
3082
3109
3083
3110
3084
3111
3085
3112
3086
3113
3087
3114
3088
3115
3089
3116
3090
3117
3091
3118
3092
3119
3093
3120
3094
3121
3095
3122
3096
3123
3097
3124
3098
3125
3099
3126
3100
3127
3128
3102
3129
3103
3130
3104
3131
3105
3132
3106
3133
3107
3134
3108
3135
3109
3136
3110
3137
3111
3138
3112
3139
3113
3140
3114
3141
3115
3142
3116
3143
3117
3144
3118
3145
3119
3146
3120
3147
3121
3148
3122
3149
3123
3150
3124
3151
3125
3152
3126
3153
3127
3154
3128
3155
3156
3130
3157
3131
3158
3132
3159
3133
3160
3134
3161
3135
3162
3136
3163
3137
3164
3138
3165
3139
3166
3140
3167
3141
3168
3142
3169
3143
3170
3144
3171
3145
3172
3146
3173
3147
3174
3148
3175
3149
3176
3150
3177
3151
3178
3152
3179
3153
3180
3154
3181
3155
3182
3156
3183
3184
3158
3185
3159
3186
3160
3187
3161
3188
3162
3189
3163
3190
3164
3191
3165
3192
3166
3193
3167
3194
3168
3195
3169
3196
3170
3197
3171
3198
3172
3199
3173
3200
3174
3201
3175
3202
3176
3203
3177
3204
3178
3205
3179
3206
3180
3207
3181
3208
3182
3209
3183
3210
3184
3211
3212
3186
3213
3187
3214
3188
3215
3189
3216
3190
3217
3191
3218
3192
3219
3193
3220
3194
3221
3195
3222
3196
3223
3197
3224
3198
3225
3199
3226
3200
3227
3201
3228
3202
3229
3203
3230
3204
3231
3205
3232
3206
3233
3207
3234
3208
3235
3209
3236
3210
3237
3211
3238
3212
3239
3240
3214
3241
3215
3242
3216
3243
3217
3244
3218
3245
3219
3246
3220
3247
3221
3248
3222
3249
3223
3250
3224
3251
3225
3252
3226
3253
3227
3254
3228
3255
3229
3256
3230
3257
3231
3258
3232
3259
3233
3260
3234
3261
3235
3262
3236
3263
3237
3264
3238
3265
3239
3266
3240
3267
3268
3242
3269
3243
3270
3244
3271
3245
3272
3246
3273
3247
3274
3248
3275
3249
3276
3250
3277
3251
3278
3252
3279
3253
3280
3254
3281
3255
3282
3256
3283
3257
3284
3258
3285
3259
3286
3260
3287
3261
3288
3262
3289
3263
3290
3264
3291
3265
3292
3266
3293
3267
3294
3268
3295
3296
3270
3297
3271
3298
3272
3299
3273
3300
3274
3301
3275
3302
3276
3303
3277
3304
3278
3305
3279
3306
3280
3307
3281
3308
3282
3309
3283
3310
3284
3311
3285
3312
3286
3313
3287
3314
3288
3315
3289
3316
3290
3317
3291
3318
3292
3319
3293
3320
3294
3321
3295
3322
3296
3323
3324
3298
3325
3299
3326
3300
3327
3301
3328
3302
3329
3303
3330
3304
3331
3305
3332
3306
3333
3307
3334
3308
3335
3309
3336
3310
3337
3311
3338
3312
3339
3313
3340
3314
3341
3315
3342
3316
3343
3317
3344
3318
3345
3319
3346
3320
3347
3321
3348
3322
3349
3323
3350
3324
3351
3352
3326
3353
3327
3354
3328
3355
3329
3356
3330
3357
3331
3358
3332
3359
3333
3360
3334
3361
3335
3362
3336
3363
3337
3364
3338
3365
3339
3366
3340
3367
3341
3368
3342
3369
3343
3370
3344
3371
3345
3372
3346
3373
3347
3374
3348
3375
3349
3376
3350
3377
3351
3378
3352
3379
3380
3354
3381
3355
3382
3356
3383
3357
3384
3358
3385
3359
3386
3360
3387
3361
3388
3362
3389
3363
3390
3364
3391
3365
3392
3366
3393
3367
3394
3368
3395
3369
3396
3370
3397
3371
3398
3372
3399
3373
3400
3374
3401
3375
3402
3376
3403
3377
3404
3378
3405
3379
3406
3380
3407
3408
3382
3409
3383
3410
3384
3411
3385
3412
3386
3413
3387
3414
3388
3415
3389
3416
3390
3417
3391
3418
3392
3419
3393
3420
3394
3421
3395
3422
3396
3423
3397
3424
3398
3425
3399
3426
3400
3427
3401
3428
3402
3429
3403
3430
3404
3431
3405
3432
3406
3433
3407
3434
3408
3435
3436
3410
3437
3411
3438
3412
3439
3413
3440
3414
3441
3415
3442
3416
3443
3417
3444
3418
3445
3419
3446
3420
3447
3421
3448
3422
3449
3423
3450
3424
3451
3425
3452
3426
3453
3427
3454
3428
3455
3429
3456
3430
3457
3431
3458
3432
3459
3433
3460
3434
3461
3435
3462
3436
3463
3464
3438
3465
3439
3466
3440
3467
3441
3468
3442
3469
3443
3470
3444
3471
3445
3472
3446
3473
3447
3474
3448
3475
3449
3476
3450
3477
3451
3478
3452
3479
3453
3480
3454
3481
3455
3482
3456
3483
3457
3484
3458
3485
3459
3486
3460
3487
3461
3488
3462
3489
3463
3490
3464
3491
3492
3466
3493
3467
3494
3468
3495
3469
3496
3470
3497
3471
3498
3472
3499
3473
3500
3474
3501
3475
3502
3476
3503
3477
3504
3478
3505
3479
3506
3480
3507
3481
3508
3482
3509
3483
3510
3484
3511
3485
3512
3486
3513
3487
3514
3488
3515
3489
3516
3490
3517
3491
3518
3492
3519
3520
3494
3521
3495
3522
3496
3523
3497
3524
3498
3525
3499
3526
3500
3527
3501
3528
3502
3529
3503
3530
3504
3531
3505
3532
3506
3533
3507
3534
3508
3535
3509
3536
3510
3537
3511
3538
3512
3539
3513
3540
3514
3541
3515
3542
3516
3543
3517
3544
3518
3545
3519
3546
3520
3547
3548
3522
3549
3523
3550
3524
3551
3525
3552
3526
3553
3527
3554
3528
3555
3529
3556
3530
3557
3531
3558
3532
3559
3533
3560
3534
3561
3535
3562
3536
3563
3537
3564
3538
3565
3539
3566
3540
3567
3541
3568
3542
3569
3543
3570
3544
3571
3545
3572
3546
3573
3547
3574
3548
3575
3576
3550
3551
3552
3553
3554
3555
3556
3557
3558
3559
3560
3561
3562
3563
3564
3565
3566
3567
3568
3569
3570
3571
3572
3573
3574
3575
3576
3578
3606
3579
3607
3580
3608
3581
3609
3582
3610
3583
3611
3584
3612
3585
3613
3586
3614
3587
3615
3588
3616
3589
3617
3590
3618
3591
3619
3592
3620
3593
3621
3594
3622
3595
3623
3596
3624
3597
3625
3598
3626
3599
3627
3600
3628
3601
3629
3602
3630
3603
3631
3604
3632
3605
3633
3634
3607
3608
3635
3609
3636
3610
3637
3611
3638
3612
3639
3613
3640
3614
3641
3615
3642
3616
3643
3617
3644
3618
3645
3619
3646
3620
3647
3621
3648
3622
3649
3623
3650
3624
3651
3625
3652
3626
3653
3627
3654
3628
3655
3629
3656
3630
3657
3631
3658
3632
3659
3633
3660
3634
3661
3662
3636
3663
3637
3664
3638
3665
3639
3666
3640
3667
3641
3668
3642
3669
3643
3670
3644
3671
3645
3672
3646
3673
3647
3674
3648
3675
3649
3676
3650
3677
3651
3678
3652
3679
3653
3680
3654
3681
3655
3682
3656
3683
3657
3684
3658
3685
3659
3686
3660
3687
3661
3688
3662
3689
3690
3664
3691
3665
3692
3666
3693
3667
3694
3668
3695
3669
3696
3670
3697
3671
3698
3672
3699
3673
3700
3674
3701
3675
3702
3676
3703
3677
3704
3678
3705
3679
3706
3680
3707
3681
3708
3682
3709
3683
3710
3684
3711
3685
3712
3686
3713
3687
3714
3688
3715
3689
3716
3690
3717
3718
3692
3719
3693
3720
3694
3721
3695
3722
3696
3723
3697
3724
3698
3725
3699
3726
3700
3727
3701
3728
3702
3729
3703
3730
3704
3731
3705
3732
3706
3733
3707
3734
3708
3735
3709
3736
3710
3737
3711
3738
3712
3739
3713
3740
3714
3741
3715
3742
3716
3743
3717
3744
3718
3745
3746
3720
3747
3721
3748
3722
3749
3723
3750
3724
3751
3725
3752
3726
3753
3727
3754
3728
3755
3729
3756
3730
3757
3731
3758
3732
3759
3733
3760
3734
3761
3735
3762
3736
3763
3737
3764
3738
3765
3739
3766
3740
3767
3741
3768
3742
3769
3743
3770
3744
3771
3745
3772
3746
3773
3774
3748
3775
3749
3776
3750
3777
3751
3778
3752
3779
3753
3780
3754
3781
3755
3782
3756
3783
3757
3784
3758
3785
3759
3786
3760
3787
3761
3788
3762
3789
3763
3790
3764
3791
3765
3792
3766
3793
3767
3794
3768
3795
3769
3796
3770
3797
3771
3798
3772
3799
3773
3800
3774
3801
3802
3776
3803
3777
3804
3778
3805
3779
3806
3780
3807
3781
3808
3782
3809
3783
3810
3784
3811
3785
3812
3786
3813
3787
3814
3788
3815
3789
3816
3790
3817
3791
3818
3792
3819
3793
3820
3794
3821
3795
3822
3796
3823
3797
3824
3798
3825
3799
3826
3800
3827
3801
3828
3802
3829
3830
3804
3831
3805
3832
3806
3833
3807
3834
3808
3835
3809
3836
3810
3837
3811
3838
3812
3839
3813
3840
3814
3841
3815
3842
3816
3843
3817
3844
3818
3845
3819
3846
3820
3847
3821
3848
3822
3849
3823
3850
3824
3851
3825
3852
3826
3853
3827
3854
3828
3855
3829
3856
3830
3857
3858
3832
3859
3833
3860
3834
3861
3835
3862
3836
3863
3837
3864
3838
3865
3839
3866
3840
3867
3841
3868
3842
3869
3843
3870
3844
3871
3845
3872
3846
3873
3847
3874
3848
3875
3849
3876
3850
3877
3851
3878
3852
3879
3853
3880
3854
3881
3855
3882
3856
3883
3857
3884
3858
3885
3886
3860
3887
3861
3888
3862
3889
3863
3890
3864
3891
3865
3892
3866
3893
3867
3894
3868
3895
3869
3896
3870
3897
3871
3898
3872
3899
3873
3900
3874
3901
3875
3902
3876
3903
3877
3904
3878
3905
3879
3906
3880
3907
3881
3908
3882
3909
3883
3910
3884
3911
3885
3912
3886
3913
3914
3888
3915
3889
3916
3890
3917
3891
3918
3892
3919
3893
3920
3894
3921
3895
3922
3896
3923
3897
3924
3898
3925
3899
3926
3900
3927
3901
3928
3902
3929
3903
3930
3904
3931
3905
3932
3906
3933
3907
3934
3908
3935
3909
3936
3910
3937
3911
3938
3912
3939
3913
3940
3914
3941
3942
3916
3943
3917
3944
3918
3945
3919
3946
3920
3947
3921
3948
3922
3949
3923
3950
3924
3951
3925
3952
3926
3953
3927
3954
3928
3955
3929
3956
3930
3957
3931
3958
3932
3959
3933
3960
3934
3961
3935
3962
3936
3963
3937
3964
3938
3965
3939
3966
3940
3967
3941
3968
3942
3969
3970
3944
3971
3945
3972
3946
3973
3947
3974
3948
3975
3949
3976
3950
3977
3951
3978
3952
3979
3953
3980
3954
3981
3955
3982
3956
3983
3957
3984
3958
3985
3959
3986
3960
3987
3961
3988
3962
3989
3963
3990
3964
3991
3965
3992
3966
3993
3967
3994
3968
3995
3969
3996
3970
3997
3998
3972
3999
3973
4000
3974
4001
3975
4002
3976
4003
3977
4004
3978
4005
3979
4006
3980
4007
3981
4008
3982
4009
3983
4010
3984
4011
3985
4012
3986
4013
3987
4014
3988
4015
3989
4016
3990
4017
3991
4018
3992
4019
3993
4020
3994
4021
3995
4022
3996
4023
3997
4024
3998
4025
4026
4000
4027
4001
4028
4002
4029
4003
4030
4004
4031
4005
4032
4006
4033
4007
4034
4008
4035
4009
4036
4010
4037
4011
4038
4012
4039
4013
4040
4014
4041
4015
4042
4016
4043
4017
4044
4018
4045
4019
4046
4020
4047
4021
4048
4022
4049
4023
4050
4024
4051
4025
4052
4026
4053
4054
4028
4055
4029
4056
4030
4057
4031
4058
4032
4059
4033
4060
4034
4061
4035
4062
4036
4063
4037
4064
4038
4065
4039
4066
4040
4067
4041
4068
4042
4069
4043
4070
4044
4071
4045
4072
4046
4073
4047
4074
4048
4075
4049
4076
4050
4077
4051
4078
4052
4079
4053
4080
4054
4081
4082
4056
4083
4057
4084
4058
4085
4059
4086
4060
4087
4061
4088
4062
4089
4063
4090
4064
4091
4065
4092
4066
4093
4067
4094
4068
4095
4069
4096
4070
4097
4071
4098
4072
4099
4073
4100
4074
4101
4075
4102
4076
4103
4077
4104
4078
4105
4079
4106
4080
4107
4081
4108
4082
4109
4110
4084
4111
4085
4112
4086
4113
4087
4114
4088
4115
4089
4116
4090
4117
4091
4118
4092
4119
4093
4120
4094
4121
4095
4122
4096
4123
4097
4124
4098
4125
4099
4126
4100
4127
4101
4128
4102
4129
4103
4130
4104
4131
4105
4132
4106
4133
4107
4134
4108
4135
4109
4136
4110
4137
4138
4112
4139
4113
4140
4114
4141
4115
4142
4116
4143
4117
4144
4118
4145
4119
4146
4120
4147
4121
4148
4122
4149
4123
4150
4124
4151
4125
4152
4126
4153
4127
4154
4128
4155
4129
4156
4130
4157
4131
4158
4132
4159
4133
4160
4134
4161
4135
4162
4136
4163
4137
4164
4138
4165
4166
4140
4167
4141
4168
4142
4169
4143
4170
4144
4171
4145
4172
4146
4173
4147
4174
4148
4175
4149
4176
4150
4177
4151
4178
4152
4179
4153
4180
4154
4181
4155
4182
4156
4183
4157
4184
4158
4185
4159
4186
4160
4187
4161
4188
4162
4189
4163
4190
4164
4191
4165
4192
4166
4193
4194
4168
4195
4169
4196
4170
4197
4171
4198
4172
4199
4173
4200
4174
4201
4175
4202
4176
4203
4177
4204
4178
4205
4179
4206
4180
4207
4181
4208
4182
4209
4183
4210
4184
4211
4185
4212
4186
4213
4187
4214
4188
4215
4189
4216
4190
4217
4191
4218
4192
4219
4193
4220
4194
4221
4222
4196
4223
4197
4224
4198
4225
4199
4226
4200
4227
4201
4228
4202
4229
4203
4230
4204
4231
4205
4232
4206
4233
4207
4234
4208
4235
4209
4236
4210
4237
4211
4238
4212
4239
4213
4240
4214
4241
4215
4242
4216
4243
4217
4244
4218
4245
4219
4246
4220
4247
4221
4248
4222
4249
4250
4224
4251
4225
4252
4226
4253
4227
4254
4228
4255
4229
4256
4230
4257
4231
4258
4232
4259
4233
4260
4234
4261
4235
4262
4236
4263
4237
4264
4238
4265
4239
4266
4240
4267
4241
4268
4242
4269
4243
4270
4244
4271
4245
4272
4246
4273
4247
4274
4248
4275
4249
4276
4250
4277
4278
4252
4279
4253
4280
4254
4281
4255
4282
4256
4283
4257
4284
4258
4285
4259
4286
4260
4287
4261
4288
4262
4289
4263
4290
4264
4291
4265
4292
4266
4293
4267
4294
4268
4295
4269
4296
4270
4297
4271
4298
4272
4299
4273
4300
4274
4301
4275
4302
4276
4303
4277
4304
4278
4305
4306
4280
4307
4281
4308
4282
4309
4283
4310
4284
4311
4285
4312
4286
4313
4287
4314
4288
4315
4289
4316
4290
4317
4291
4318
4292
4319
4293
4320
4294
4321
4295
4322
4296
4323
4297
4324
4298
4325
4299
4326
4300
4327
4301
4328
4302
4329
4303
4330
4304
4331
4305
4332
4306
4333
4334
4308
4335
4309
4336
4310
4337
4311
4338
4312
4339
4313
4340
4314
4341
4315
4342
4316
4343
4317
4344
4318
4345
4319
4346
4320
4347
4321
4348
4322
4349
4323
4350
4324
4351
4325
4352
4326
4353
4327
4354
4328
4355
4329
4356
4330
4357
4331
4358
4332
4359
4333
4360
4334
4361
4362
4336
4363
4337
4364
4338
4365
4339
4366
4340
4367
4341
4368
4342
4369
4343
4370
4344
4371
4345
4372
4346
4373
4347
4374
4348
4375
4349
4376
4350
4377
4351
4378
4352
4379
4353
4380
4354
4381
4355
4382
4356
4383
4357
4384
4358
4385
4359
4386
4360
4387
4361
4388
4362
4389
4390
4364
4391
4365
4392
4366
4393
4367
4394
4368
4395
4369
4396
4370
4397
4371
4398
4372
4399
4373
4400
4374
4401
4375
4402
4376
4403
4377
4404
4378
4405
4379
4406
4380
4407
4381
4408
4382
4409
4383
4410
4384
4411
4385
4412
4386
4413
4387
4414
4388
4415
4389
4416
4390
4417
4418
4392
4419
4393
4420
4394
4421
4395
4422
4396
4423
4397
4424
4398
4425
4399
4426
4400
4427
4401
4428
4402
4429
4403
4430
4404
4431
4405
4432
4406
4433
4407
4434
4408
4435
4409
4436
4410
4437
4411
4438
4412
4439
4413
4440
4414
4441
4415
4442
4416
4443
4417
4444
4418
4445
4446
4420
4447
4421
4448
4422
4449
4423
4450
4424
4451
4425
4452
4426
4453
4427
4454
4428
4455
4429
4456
4430
4457
4431
4458
4432
4459
4433
4460
4434
4461
4435
4462
4436
4463
4437
4464
4438
4465
4439
4466
4440
4467
4441
4468
4442
4469
4443
4470
4444
4471
4445
4472
4446
4473
4474
4448
4475
4449
4476
4450
4477
4451
4478
4452
4479
4453
4480
4454
4481
4455
4482
4456
4483
4457
4484
4458
4485
4459
4486
4460
4487
4461
4488
4462
4489
4463
4490
4464
4491
4465
4492
4466
4493
4467
4494
4468
4495
4469
4496
4470
4497
4471
4498
4472
4499
4473
4500
4474
4501
4502
4476
4503
4477
4504
4478
4505
4479
4506
4480
4507
4481
4508
4482
4509
4483
4510
4484
4511
4485
4512
4486
4513
4487
4514
4488
4515
4489
4516
4490
4517
4491
4518
4492
4519
4493
4520
4494
4521
4495
4522
4496
4523
4497
4524
4498
4525
4499
4526
4500
4527
4501
4528
4502
4529
4530
4504
4531
4505
4532
4506
4533
4507
4534
4508
4535
4509
4536
4510
4537
4511
4538
4512
4539
4513
4540
4514
4541
4515
4542
4516
4543
4517
4544
4518
4545
4519
4546
4520
4547
4521
4548
4522
4549
4523
4550
4524
4551
4525
4552
4526
4553
4527
4554
4528
4555
4529
4556
4530
4557
4558
4532
4559
4533
4560
4534
4561
4535
4562
4536
4563
4537
4564
4538
4565
4539
4566
4540
4567
4541
4568
4542
4569
4543
4570
4544
4571
4545
4572
4546
4573
4547
4574
4548
4575
4549
4576
4550
4577
4551
4578
4552
4579
4553
4580
4554
4581
4555
4582
4556
4583
4557
4584
4558
4585
4586
4560
4587
4561
4588
4562
4589
4563
4590
4564
4591
4565
4592
4566
4593
4567
4594
4568
4595
4569
4596
4570
4597
4571
4598
4572
4599
4573
4600
4574
4601
4575
4602
4576
4603
4577
4604
4578
4605
4579
4606
4580
4607
4581
4608
4582
4609
4583
4610
4584
4611
4585
4612
4586
4613
4614
4588
4615
4589
4616
4590
4617
4591
4618
4592
4619
4593
4620
4594
4621
4595
4622
4596
4623
4597
4624
4598
4625
4599
4626
4600
4627
4601
4628
4602
4629
4603
4630
4604
4631
4605
4632
4606
4633
4607
4634
4608
4635
4609
4636
4610
4637
4611
4638
4612
4639
4613
4640
4614
4641
4642
4616
4643
4617
4644
4618
4645
4619
4646
4620
4647
4621
4648
4622
4649
4623
4650
4624
4651
4625
4652
4626
4653
4627
4654
4628
4655
4629
4656
4630
4657
4631
4658
4632
4659
4633
4660
4634
4661
4635
4662
4636
4663
4637
4664
4638
4665
4639
4666
4640
4667
4641
4668
4642
4669
4670
4644
4671
4645
4672
4646
4673
4647
4674
4648
4675
4649
4676
4650
4677
4651
4678
4652
4679
4653
4680
4654
4681
4655
4682
4656
4683
4657
4684
4658
4685
4659
4686
4660
4687
4661
4688
4662
4689
4663
4690
4664
4691
4665
4692
4666
4693
4667
4694
4668
4695
4669
4696
4670
4697
4698
4672
4699
4673
4700
4674
4701
4675
4702
4676
4703
4677
4704
4678
4705
4679
4706
4680
4707
4681
4708
4682
4709
4683
4710
4684
4711
4685
4712
4686
4713
4687
4714
4688
4715
4689
4716
4690
4717
4691
4718
4692
4719
4693
4720
4694
4721
4695
4722
4696
4723
4697
4724
4698
4725
4726
4700
4727
4701
4728
4702
4729
4703
4730
4704
4731
4705
4732
4706
4733
4707
4734
4708
4735
4709
4736
4710
4737
4711
4738
4712
4739
4713
4740
4714
4741
4715
4742
4716
4743
4717
4744
4718
4745
4719
4746
4720
4747
4721
4748
4722
4749
4723
4750
4724
4751
4725
4752
4726
4753
4754
4728
4755
4729
4756
4730
4757
4731
4758
4732
4759
4733
4760
4734
4761
4735
4762
4736
4763
4737
4764
4738
4765
4739
4766
4740
4767
4741
4768
4742
4769
4743
4770
4744
4771
4745
4772
4746
4773
4747
4774
4748
4775
4749
4776
4750
4777
4751
4778
4752
4779
4753
4780
4754
4781
4782
4756
4783
4757
4784
4758
4785
4759
4786
4760
4787
4761
4788
4762
4789
4763
4790
4764
4791
4765
4792
4766
4793
4767
4794
4768
4795
4769
4796
4770
4797
4771
4798
4772
4799
4773
4800
4774
4801
4775
4802
4776
4803
4777
4804
4778
4805
4779
4806
4780
4807
4781
4808
4782
4809
4810
4784
4811
4785
4812
4786
4813
4787
4814
4788
4815
4789
4816
4790
4817
4791
4818
4792
4819
4793
4820
4794
4821
4795
4822
4796
4823
4797
4824
4798
4825
4799
4826
4800
4827
4801
4828
4802
4829
4803
4830
4804
4831
4805
4832
4806
4833
4807
4834
4808
4835
4809
4836
4810
4837
4838
4812
4839
4813
4840
4814
4841
4815
4842
4816
4843
4817
4844
4818
4845
4819
4846
4820
4847
4821
4848
4822
4849
4823
4850
4824
4851
4825
4852
4826
4853
4827
4854
4828
4855
4829
4856
4830
4857
4831
4858
4832
4859
4833
4860
4834
4861
4835
4862
4836
4863
4837
4864
4838
4865
4866
4840
4867
4841
4868
4842
4869
4843
4870
4844
4871
4845
4872
4846
4873
4847
4874
4848
4875
4849
4876
4850
4877
4851
4878
4852
4879
4853
4880
4854
4881
4855
4882
4856
4883
4857
4884
4858
4885
4859
4886
4860
4887
4861
4888
4862
4889
4863
4890
4864
4891
4865
4892
4866
4893
4894
4868
4895
4869
4896
4870
4897
4871
4898
4872
4899
4873
4900
4874
4901
4875
4902
4876
4903
4877
4904
4878
4905
4879
4906
4880
4907
4881
4908
4882
4909
4883
4910
4884
4911
4885
4912
4886
4913
4887
4914
4888
4915
4889
4916
4890
4917
4891
4918
4892
4919
4893
4920
4894
4921
4922
4896
4923
4897
4924
4898
4925
4899
4926
4900
4927
4901
4928
4902
4929
4903
4930
4904
4931
4905
4932
4906
4933
4907
4934
4908
4935
4909
4936
4910
4937
4911
4938
4912
4939
4913
4940
4914
4941
4915
4942
4916
4943
4917
4944
4918
4945
4919
4946
4920
4947
4921
4948
4922
4949
4950
4924
4951
4925
4952
4926
4953
4927
4954
4928
4955
4929
4956
4930
4957
4931
4958
4932
4959
4933
4960
4934
4961
4935
4962
4936
4963
4937
4964
4938
4965
4939
4966
4940
4967
4941
4968
4942
4969
4943
4970
4944
4971
4945
4972
4946
4973
4947
4974
4948
4975
4949
4976
4950
4977
4978
4952
4979
4953
4980
4954
4981
4955
4982
4956
4983
4957
4984
4958
4985
4959
4986
4960
4987
4961
4988
4962
4989
4963
4990
4964
4991
4965
4992
4966
4993
4967
4994
4968
4995
4969
4996
4970
4997
4971
4998
4972
4999
4973
5000
4974
5001
4975
5002
4976
5003
4977
5004
4978
5005
5006
4980
5007
4981
5008
4982
5009
4983
5010
4984
5011
4985
5012
4986
5013
4987
5014
4988
5015
4989
5016
4990
5017
4991
5018
4992
5019
4993
5020
4994
5021
4995
5022
4996
5023
4997
5024
4998
5025
4999
5026
5000
5027
5001
5028
5002
5029
5003
5030
5004
5031
5005
5032
5006
5033
5034
5008
5035
5009
5036
5010
5037
5011
5038
5012
5039
5013
5040
5014
5041
5015
5042
5016
5043
5017
5044
5018
5045
5019
5046
5020
5047
5021
5048
5022
5049
5023
5050
5024
5051
5025
5052
5026
5053
5027
5054
5028
5055
5029
5056
5030
5057
5031
5058
5032
5059
5033
5060
5034
5061
5062
5036
5063
5037
5064
5038
5065
5039
5066
5040
5067
5041
5068
5042
5069
5043
5070
5044
5071
5045
5072
5046
5073
5047
5074
5048
5075
5049
5076
5050
5077
5051
5078
5052
5079
5053
5080
5054
5081
5055
5082
5056
5083
5057
5084
5058
5085
5059
5086
5060
5087
5061
5088
5062
5089
5090
5064
5091
5065
5092
5066
5093
5067
5094
5068
5095
5069
5096
5070
5097
5071
5098
5072
5099
5073
5100
5074
5101
5075
5102
5076
5103
5077
5104
5078
5105
5079
5106
5080
5107
5081
5108
5082
5109
5083
5110
5084
5111
5085
5112
5086
5113
5087
5114
5088
5115
5089
5116
5090
5117
5118
5092
5119
5093
5120
5094
5121
5095
5122
5096
5123
5097
5124
5098
5125
5099
5126
5100
5127
5101
5128
5102
5129
5103
5130
5104
5131
5105
5132
5106
5133
5107
5134
5108
5135
5109
5136
5110
5137
5111
5138
5112
5139
5113
5140
5114
5141
5115
5142
5116
5143
5117
5144
5118
5145
5146
5120
5147
5121
5148
5122
5149
5123
5150
5124
5151
5125
5152
5126
5153
5127
5154
5128
5155
5129
5156
5130
5157
5131
5158
5132
5159
5133
5160
5134
5161
5135
5162
5136
5163
5137
5164
5138
5165
5139
5166
5140
5167
5141
5168
5142
5169
5143
5170
5144
5171
5145
5172
5146
5173
5174
5148
5175
5149
5176
5150
5177
5151
5178
5152
5179
5153
5180
5154
5181
5155
5182
5156
5183
5157
5184
5158
5185
5159
5186
5160
5187
5161
5188
5162
5189
5163
5190
5164
5191
5165
5192
5166
5193
5167
5194
5168
5195
5169
5196
5170
5197
5171
5198
5172
5199
5173
5200
5174
5201
5202
5176
5203
5177
5204
5178
5205
5179
5206
5180
5207
5181
5208
5182
5209
5183
5210
5184
5211
5185
5212
5186
5213
5187
5214
5188
5215
5189
5216
5190
5217
5191
5218
5192
5219
5193
5220
5194
5221
5195
5222
5196
5223
5197
5224
5198
5225
5199
5226
5200
5227
5201
5228
5202
5229
5230
5204
5231
5205
5232
5206
5233
5207
5234
5208
5235
5209
5236
5210
5237
5211
5238
5212
5239
5213
5240
5214
5241
5215
5242
5216
5243
5217
5244
5218
5245
5219
5246
5220
5247
5221
5248
5222
5249
5223
5250
5224
5251
5225
5252
5226
5253
5227
5254
5228
5255
5229
5256
5230
5257
5258
5232
5259
5233
5260
5234
5261
5235
5262
5236
5263
5237
5264
5238
5265
5239
5266
5240
5267
5241
5268
5242
5269
5243
5270
5244
5271
5245
5272
5246
5273
5247
5274
5248
5275
5249
5276
5250
5277
5251
5278
5252
5279
5253
5280
5254
5281
5255
5282
5256
5283
5257
5284
5258
5285
5286
5260
5287
5261
5288
5262
5289
5263
5290
5264
5291
5265
5292
5266
5293
5267
5294
5268
5295
5269
5296
5270
5297
5271
5298
5272
5299
5273
5300
5274
5301
5275
5302
5276
5303
5277
5304
5278
5305
5279
5306
5280
5307
5281
5308
5282
5309
5283
5310
5284
5311
5285
5312
5286
5313
5314
5288
5315
5289
5316
5290
5317
5291
5318
5292
5319
5293
5320
5294
5321
5295
5322
5296
5323
5297
5324
5298
5325
5299
5326
5300
5327
5301
5328
5302
5329
5303
5330
5304
5331
5305
5332
5306
5333
5307
5334
5308
5335
5309
5336
5310
5337
5311
5338
5312
5339
5313
5340
5314
5341
5342
5316
5343
5317
5344
5318
5345
5319
5346
5320
5347
5321
5348
5322
5349
5323
5350
5324
5351
5325
5352
5326
5353
5327
5354
5328
5355
5329
5356
5330
5357
5331
5358
5332
5359
5333
5360
5334
5361
5335
5362
5336
5363
5337
5364
5338
5365
5339
5366
5340
5367
5341
5368
5342
5369
5370
5344
5371
5345
5372
5346
5373
5347
5374
5348
5375
5349
5376
5350
5377
5351
5378
5352
5379
5353
5380
5354
5381
5355
5382
5356
5383
5357
5384
5358
5385
5359
5386
5360
5387
5361
5388
5362
5389
5363
5390
5364
5391
5365
5392
5366
5393
5367
5394
5368
5395
5369
5396
5370
5397
5398
5372
5399
5373
5400
5374
5401
5375
5402
5376
5403
5377
5404
5378
5405
5379
5406
5380
5407
5381
5408
5382
5409
5383
5410
5384
5411
5385
5412
5386
5413
5387
5414
5388
5415
5389
5416
5390
5417
5391
5418
5392
5419
5393
5420
5394
5421
5395
5422
5396
5423
5397
5424
5398
5425
5426
5400
5427
5401
5428
5402
5429
5403
5430
5404
5431
5405
5432
5406
5433
5407
5434
5408
5435
5409
5436
5410
5437
5411
5438
5412
5439
5413
5440
5414
5441
5415
5442
5416
5443
5417
5444
5418
5445
5419
5446
5420
5447
5421
5448
5422
5449
5423
5450
5424
5451
5425
5452
5426
5453
5454
5428
5455
5429
5456
5430
5457
5431
5458
5432
5459
5433
5460
5434
5461
5435
5462
5436
5463
5437
5464
5438
5465
5439
5466
5440
5467
5441
5468
5442
5469
5443
5470
5444
5471
5445
5472
5446
5473
5447
5474
5448
5475
5449
5476
5450
5477
5451
5478
5452
5479
5453
5480
5454
5481
5482
5456
5483
5457
5484
5458
5485
5459
5486
5460
5487
5461
5488
5462
5489
5463
5490
5464
5491
5465
5492
5466
5493
5467
5494
5468
5495
5469
5496
5470
5497
5471
5498
5472
5499
5473
5500
5474
5501
5475
5502
5476
5503
5477
5504
5478
5505
5479
5506
5480
5507
5481
5508
5482
5509
5510
5484
5511
5485
5512
5486
5513
5487
5514
5488
5515
5489
5516
5490
5517
5491
5518
5492
5519
5493
5520
5494
5521
5495
5522
5496
5523
5497
5524
5498
5525
5499
5526
5500
5527
5501
5528
5502
5529
5503
5530
5504
5531
5505
5532
5506
5533
5507
5534
5508
5535
5509
5536
5510
5537
5538
5512
5539
5513
5540
5514
5541
5515
5542
5516
5543
5517
5544
5518
5545
5519
5546
5520
5547
5521
5548
5522
5549
5523
5550
5524
5551
5525
5552
5526
5553
5527
5554
5528
5555
5529
5556
5530
5557
5531
5558
5532
5559
5533
5560
5534
5561
5535
5562
5536
5563
5537
5564
5538
5565
5566
5540
5567
5541
5568
5542
5569
5543
5570
5544
5571
5545
5572
5546
5573
5547
5574
5548
5575
5549
5576
5550
5577
5551
5578
5552
5579
5553
5580
5554
5581
5555
5582
5556
5583
5557
5584
5558
5585
5559
5586
5560
5587
5561
5588
5562
5589
5563
5590
5564
5591
5565
5592
5566
5593
5594
5568
5595
5569
5596
5570
5597
5571
5598
5572
5599
5573
5600
5574
5601
5575
5602
5576
5603
5577
5604
5578
5605
5579
5606
5580
5607
5581
5608
5582
5609
5583
5610
5584
5611
5585
5612
5586
5613
5587
5614
5588
5615
5589
5616
5590
5617
5591
5618
5592
5619
5593
5620
5594
5621
5622
5596
5623
5597
5624
5598
5625
5599
5626
5600
5627
5601
5628
5602
5629
5603
5630
5604
5631
5605
5632
5606
5633
5607
5634
5608
5635
5609
5636
5610
5637
5611
5638
5612
5639
5613
5640
5614
5641
5615
5642
5616
5643
5617
5644
5618
5645
5619
5646
5620
5647
5621
5648
5622
5649
5650
5624
5651
5625
5652
5626
5653
5627
5654
5628
5655
5629
5656
5630
5657
5631
5658
5632
5659
5633
5660
5634
5661
5635
5662
5636
5663
5637
5664
5638
5665
5639
5666
5640
5667
5641
5668
5642
5669
5643
5670
5644
5671
5645
5672
5646
5673
5647
5674
5648
5675
5649
5676
5650
5677
5678
5652
5679
5653
5680
5654
5681
5655
5682
5656
5683
5657
5684
5658
5685
5659
5686
5660
5687
5661
5688
5662
5689
5663
5690
5664
5691
5665
5692
5666
5693
5667
5694
5668
5695
5669
5696
5670
5697
5671
5698
5672
5699
5673
5700
5674
5701
5675
5702
5676
5703
5677
5704
5678
5705
5706
5680
5708
5681
5709
5682
5710
5683
5711
5684
5712
5685
5713
5686
5714
5687
5715
5688
5716
5689
5717
5690
5718
5691
5719
5692
5720
5693
5721
5694
5722
5695
5723
5696
5724
5697
5725
5698
5726
5699
5727
5700
5728
5701
5729
5702
5730
5703
5731
5704
5732
5705
5733
5706
5734
5735
5708
5736
5709
5737
5710
5738
5711
5739
5712
5740
5713
5741
5714
5742
5715
5743
5716
5744
5717
5745
5718
5746
5719
5747
5720
5748
5721
5749
5722
5750
5723
5751
5724
5752
5725
5753
5726
5754
5727
5755
5728
5756
5729
5757
5730
5758
5731
5759
5732
5760
5733
5761
5734
5762
5735
5763
5764
5737
5765
5738
5766
5739
5767
5740
5768
5741
5769
5742
5770
5743
5771
5744
5772
5745
5773
5746
5774
5747
5775
5748
5776
5749
5777
5750
5778
5751
5779
5752
5780
5753
5781
5754
5782
5755
5783
5756
5784
5757
5785
5758
5786
5759
5787
5760
5788
5761
5789
5762
5790
5763
5791
5764
5792
5793
5766
5794
5767
5795
5768
5796
5769
5797
5770
5798
5771
5799
5772
5800
5773
5801
5774
5802
5775
5803
5776
5804
5777
5805
5778
5806
5779
5807
5780
5808
5781
5809
5782
5810
5783
5811
5784
5812
5785
5813
5786
5814
5787
5815
5788
5816
5789
5817
5790
5818
5791
5819
5792
5820
5793
5821
5822
5795
5823
5796
5824
5797
5825
5798
5826
5799
5827
5800
5828
5801
5829
5802
5830
5803
5831
5804
5832
5805
5833
5806
5834
5807
5835
5808
5836
5809
5837
5810
5838
5811
5839
5812
5840
5813
5841
5814
5842
5815
5843
5816
5844
5817
5845
5818
5846
5819
5847
5820
5848
5821
5849
5822
5850
5851
5824
5852
5825
5853
5826
5854
5827
5855
5828
5856
5829
5857
5830
5858
5831
5859
5832
5860
5833
5861
5834
5862
5835
5863
5836
5864
5837
5865
5838
5866
5839
5867
5840
5868
5841
5869
5842
5870
5843
5871
5844
5872
5845
5873
5846
5874
5847
5875
5848
5876
5849
5877
5850
5878
5851
5879
5880
5853
5881
5854
5882
5855
5883
5856
5884
5857
5885
5858
5886
5859
5887
5860
5888
5861
5889
5862
5890
5863
5891
5864
5892
5865
5893
5866
5894
5867
5895
5868
5896
5869
5897
5870
5898
5871
5899
5872
5900
5873
5901
5874
5902
5875
5903
5876
5904
5877
5905
5878
5906
5879
5907
5880
5908
5909
5882
5910
5883
5911
5884
5912
5885
5913
5886
5914
5887
5915
5888
5916
5889
5917
5890
5918
5891
5919
5892
5920
5893
5921
5894
5922
5895
5923
5896
5924
5897
5925
5898
5926
5899
5927
5900
5928
5901
5929
5902
5930
5903
5931
5904
5932
5905
5933
5906
5934
5907
5935
5908
5936
5909
5937
5938
5911
5939
5912
5940
5913
5941
5914
5942
5915
5943
5916
5944
5917
5945
5918
5946
5919
5947
5920
5948
5921
5949
5922
5950
5923
5951
5924
5952
5925
5953
5926
5954
5927
5955
5928
5956
5929
5957
5930
5958
5931
5959
5932
5960
5933
5961
5934
5962
5935
5963
5936
5964
5937
5965
5938
5966
5967
5940
5968
5941
5969
5942
5970
5943
5971
5944
5972
5945
5973
5946
5974
5947
5975
5948
5976
5949
5977
5950
5978
5951
5979
5952
5980
5953
5981
5954
5982
5955
5983
5956
5984
5957
5985
5958
5986
5959
5987
5960
5988
5961
5989
5962
5990
5963
5991
5964
5992
5965
5993
5966
5994
5967
5995
5996
5969
5997
5970
5998
5971
5999
5972
6000
5973
6001
5974
6002
5975
6003
5976
6004
5977
6005
5978
6006
5979
6007
5980
6008
5981
6009
5982
6010
5983
6011
5984
6012
5985
6013
5986
6014
5987
6015
5988
6016
5989
6017
5990
6018
5991
6019
5992
6020
5993
6021
5994
6022
5995
6023
5996
6024
6025
5998
6027
5999
6028
6000
6029
6001
6030
6002
6031
6003
6032
6004
6033
6005
6034
6006
6035
6007
6036
6008
6037
6009
6038
6010
6039
6011
6040
6012
6041
6013
6042
6014
6043
6015
6044
6016
6045
6017
6046
6018
6047
6019
6048
6020
6049
6021
6050
6022
6051
6023
6052
6024
6053
6025
6054
6055
6027
6056
6028
6057
6029
6058
6030
6059
6031
6060
6032
6061
6033
6062
6034
6063
6035
6064
6036
6065
6037
6066
6038
6067
6039
6068
6040
6069
6041
6070
6042
6071
6043
6072
6044
6073
6045
6074
6046
6075
6047
6076
6048
6077
6049
6078
6050
6079
6051
6080
6052
6081
6053
6082
6054
6083
6055
6084
6085
6057
6086
6058
6087
6059
6088
6060
6089
6061
6090
6062
6091
6063
6092
6064
6093
6065
6094
6066
6095
6067
6096
6068
6097
6069
6098
6070
6099
6071
6100
6072
6101
6073
6102
6074
6103
6075
6104
6076
6105
6077
6106
6078
6107
6079
6108
6080
6109
6081
6110
6082
6111
6083
6112
6084
6113
6085
6114
6115
6087
6116
6088
6117
6089
6118
6090
6119
6091
6120
6092
6121
6093
6122
6094
6123
6095
6124
6096
6125
6097
6126
6098
6127
6099
6128
6100
6129
6101
6130
6102
6131
6103
6132
6104
6133
6105
6134
6106
6135
6107
6136
6108
6137
6109
6138
6110
6139
6111
6140
6112
6141
6113
6142
6114
6143
6115
6144
6145
6117
6146
6118
6147
6119
6148
6120
6149
6121
6150
6122
6151
6123
6152
6124
6153
6125
6154
6126
6155
6127
6156
6128
6157
6129
6158
6130
6159
6131
6160
6132
6161
6133
6162
6134
6163
6135
6164
6136
6165
6137
6166
6138
6167
6139
6168
6140
6169
6141
6170
6142
6171
6143
6172
6144
6173
6145
6174
6175
6147
6176
6148
6177
6149
6178
6150
6179
6151
6180
6152
6181
6153
6182
6154
6183
6155
6184
6156
6185
6157
6186
6158
6187
6159
6188
6160
6189
6161
6190
6162
6191
6163
6192
6164
6193
6165
6194
6166
6195
6167
6196
6168
6197
6169
6198
6170
6199
6171
6200
6172
6201
6173
6202
6174
6203
6175
6204
6205
6177
6206
6178
6207
6179
6208
6180
6209
6181
6210
6182
6211
6183
6212
6184
6213
6185
6214
6186
6215
6187
6216
6188
6217
6189
6218
6190
6219
6191
6220
6192
6221
6193
6222
6194
6223
6195
6224
6196
6225
6197
6226
6198
6227
6199
6228
6200
6229
6201
6230
6202
6231
6203
6232
6204
6233
6205
6234
6207
6235
6208
6236
6209
6237
6210
6238
6211
6239
6212
6240
6213
6241
6214
6242
6215
6243
6216
6244
6217
6245
6218
6246
6219
6247
6220
6248
6221
6249
6222
6250
6223
6251
6224
6252
6225
6253
6226
6254
6227
6255
6228
6256
6229
6257
6230
6258
6231
6259
6232
6260
6233
6261
6234
6262
6263
6236
6264
6237
6265
6238
6266
6239
6267
6240
6268
6241
6269
6242
6270
6243
6271
6244
6272
6245
6273
6246
6274
6247
6275
6248
6276
6249
6277
6250
6278
6251
6279
6252
6280
6253
6281
6254
6282
6255
6283
6256
6284
6257
6285
6258
6286
6259
6287
6260
6288
6261
6289
6262
6290
6263
6291
6292
6265
6293
6266
6294
6267
6295
6268
6296
6269
6297
6270
6298
6271
6299
6272
6300
6273
6301
6274
6302
6275
6303
6276
6304
6277
6305
6278
6306
6279
6307
6280
6308
6281
6309
6282
6310
6283
6311
6284
6312
6285
6313
6286
6314
6287
6315
6288
6316
6289
6317
6290
6318
6291
6319
6292
6320
6321
6294
6322
6295
6323
6296
6324
6297
6325
6298
6326
6299
6327
6300
6328
6301
6329
6302
6330
6303
6331
6304
6332
6305
6333
6306
6334
6307
6335
6308
6336
6309
6337
6310
6338
6311
6339
6312
6340
6313
6341
6314
6342
6315
6343
6316
6344
6317
6345
6318
6346
6319
6347
6320
6348
6321
6349
6350
6323
6351
6324
6352
6325
6353
6326
6354
6327
6355
6328
6356
6329
6357
6330
6358
6331
6359
6332
6360
6333
6361
6334
6362
6335
6363
6336
6364
6337
6365
6338
6366
6339
6367
6340
6368
6341
6369
6342
6370
6343
6371
6344
6372
6345
6373
6346
6374
6347
6375
6348
6376
6349
6377
6350
6378
6379
6352
6380
6353
6381
6354
6382
6355
6383
6356
6384
6357
6385
6358
6386
6359
6387
6360
6388
6361
6389
6362
6390
6363
6391
6364
6392
6365
6393
6366
6394
6367
6395
6368
6396
6369
6397
6370
6398
6371
6399
6372
6400
6373
6401
6374
6402
6375
6403
6376
6404
6377
6405
6378
6406
6379
6407
6408
6381
6409
6382
6410
6383
6411
6384
6412
6385
6413
6386
6414
6387
6415
6388
6416
6389
6417
6390
6418
6391
6419
6392
6420
6393
6421
6394
6422
6395
6423
6396
6424
6397
6425
6398
6426
6399
6427
6400
6428
6401
6429
6402
6430
6403
6431
6404
6432
6405
6433
6406
6434
6407
6435
6408
6436
6437
6410
6438
6411
6439
6412
6440
6413
6441
6414
6442
6415
6443
6416
6444
6417
6445
6418
6446
6419
6447
6420
6448
6421
6449
6422
6450
6423
6451
6424
6452
6425
6453
6426
6454
6427
6455
6428
6456
6429
6457
6430
6458
6431
6459
6432
6460
6433
6461
6434
6462
6435
6463
6436
6464
6437
6465
6466
6439
6467
6440
6468
6441
6469
6442
6470
6443
6471
6444
6472
6445
6473
6446
6474
6447
6475
6448
6476
6449
6477
6450
6478
6451
6479
6452
6480
6453
6481
6454
6482
6455
6483
6456
6484
6457
6485
6458
6486
6459
6487
6460
6488
6461
6489
6462
6490
6463
6491
6464
6492
6465
6493
6466
6494
6495
6468
6497
6469
6498
6470
6499
6471
6500
6472
6501
6473
6502
6474
6503
6475
6504
6476
6505
6477
6506
6478
6507
6479
6508
6480
6509
6481
6510
6482
6511
6483
6512
6484
6513
6485
6514
6486
6515
6487
6516
6488
6517
6489
6518
6490
6519
6491
6520
6492
6521
6493
6522
6494
6523
6495
6524
6525
6497
6526
6498
6527
6499
6528
6500
6529
6501
6530
6502
6531
6503
6532
6504
6533
6505
6534
6506
6535
6507
6536
6508
6537
6509
6538
6510
6539
6511
6540
6512
6541
6513
6542
6514
6543
6515
6544
6516
6545
6517
6546
6518
6547
6519
6548
6520
6549
6521
6550
6522
6551
6523
6552
6524
6553
6525
6554
6555
6527
6556
6528
6557
6529
6558
6530
6559
6531
6560
6532
6561
6533
6562
6534
6563
6535
6564
6536
6565
6537
6566
6538
6567
6539
6568
6540
6569
6541
6570
6542
6571
6543
6572
6544
6573
6545
6574
6546
6575
6547
6576
6548
6577
6549
6578
6550
6579
6551
6580
6552
6581
6553
6582
6554
6583
6555
6584
6585
6557
6586
6558
6587
6559
6588
6560
6589
6561
6590
6562
6591
6563
6592
6564
6593
6565
6594
6566
6595
6567
6596
6568
6597
6569
6598
6570
6599
6571
6600
6572
6601
6573
6602
6574
6603
6575
6604
6576
6605
6577
6606
6578
6607
6579
6608
6580
6609
6581
6610
6582
6611
6583
6612
6584
6613
6585
6614
6615
6587
6616
6588
6617
6589
6618
6590
6619
6591
6620
6592
6621
6593
6622
6594
6623
6595
6624
6596
6625
6597
6626
6598
6627
6599
6628
6600
6629
6601
6630
6602
6631
6603
6632
6604
6633
6605
6634
6606
6635
6607
6636
6608
6637
6609
6638
6610
6639
6611
6640
6612
6641
6613
6642
6614
6643
6615
6644
6645
6617
6646
6618
6647
6619
6648
6620
6649
6621
6650
6622
6651
6623
6652
6624
6653
6625
6654
6626
6655
6627
6656
6628
6657
6629
6658
6630
6659
6631
6660
6632
6661
6633
6662
6634
6663
6635
6664
6636
6665
6637
6666
6638
6667
6639
6668
6640
6669
6641
6670
6642
6671
6643
6672
6644
6673
6645
6674
6675
6647
6676
6648
6677
6649
6678
6650
6679
6651
6680
6652
6681
6653
6682
6654
6683
6655
6684
6656
6685
6657
6686
6658
6687
6659
6688
6660
6689
6661
6690
6662
6691
6663
6692
6664
6693
6665
6694
6666
6695
6667
6696
6668
6697
6669
6698
6670
6699
6671
6700
6672
6701
6673
6702
6674
6703
6675
6704
6705
6677
6706
6678
6707
6679
6708
6680
6709
6681
6710
6682
6711
6683
6712
6684
6713
6685
6714
6686
6715
6687
6716
6688
6717
6689
6718
6690
6719
6691
6720
6692
6721
6693
6722
6694
6723
6695
6724
6696
6725
6697
6726
6698
6727
6699
6728
6700
6729
6701
6730
6702
6731
6703
6732
6704
6733
6705
6734
6735
6707
6736
6708
6737
6709
6738
6710
6739
6711
6740
6712
6741
6713
6742
6714
6743
6715
6744
6716
6745
6717
6746
6718
6747
6719
6748
6720
6749
6721
6750
6722
6751
6723
6752
6724
6753
6725
6754
6726
6755
6727
6756
6728
6757
6729
6758
6730
6759
6731
6760
6732
6761
6733
6762
6734
6763
6735
6764
6765
6737
6766
6738
6767
6739
6768
6740
6769
6741
6770
6742
6771
6743
6772
6744
6773
6745
6774
6746
6775
6747
6776
6748
6777
6749
6778
6750
6779
6751
6780
6752
6781
6753
6782
6754
6783
6755
6784
6756
6785
6757
6786
6758
6787
6759
6788
6760
6789
6761
6790
6762
6791
6763
6792
6764
6793
6765
6794
6795
6767
6796
6768
6797
6769
6798
6770
6799
6771
6800
6772
6801
6773
6802
6774
6803
6775
6804
6776
6805
6777
6806
6778
6807
6779
6808
6780
6809
6781
6810
6782
6811
6783
6812
6784
6813
6785
6814
6786
6815
6787
6816
6788
6817
6789
6818
6790
6819
6791
6820
6792
6821
6793
6822
6794
6823
6795
6824
6825
6797
6826
6798
6827
6799
6828
6800
6829
6801
6830
6802
6831
6803
6832
6804
6833
6805
6834
6806
6835
6807
6836
6808
6837
6809
6838
6810
6839
6811
6840
6812
6841
6813
6842
6814
6843
6815
6844
6816
6845
6817
6846
6818
6847
6819
6848
6820
6849
6821
6850
6822
6851
6823
6852
6824
6853
6825
6854
6855
6827
6856
6828
6857
6829
6858
6830
6859
6831
6860
6832
6861
6833
6862
6834
6863
6835
6864
6836
6865
6837
6866
6838
6867
6839
6868
6840
6869
6841
6870
6842
6871
6843
6872
6844
6873
6845
6874
6846
6875
6847
6876
6848
6877
6849
6878
6850
6879
6851
6880
6852
6881
6853
6882
6854
6883
6855
6884
6885
6857
6886
6858
6887
6859
6888
6860
6889
6861
6890
6862
6891
6863
6892
6864
6893
6865
6894
6866
6895
6867
6896
6868
6897
6869
6898
6870
6899
6871
6900
6872
6901
6873
6902
6874
6903
6875
6904
6876
6905
6877
6906
6878
6907
6879
6908
6880
6909
6881
6910
6882
6911
6883
6912
6884
6913
6885
6914
6915
6887
6916
6888
6917
6889
6918
6890
6919
6891
6920
6892
6921
6893
6922
6894
6923
6895
6924
6896
6925
6897
6926
6898
6927
6899
6928
6900
6929
6901
6930
6902
6931
6903
6932
6904
6933
6905
6934
6906
6935
6907
6936
6908
6937
6909
6938
6910
6939
6911
6940
6912
6941
6913
6942
6914
6943
6915
6944
6945
6917
6946
6918
6947
6919
6948
6920
6949
6921
6950
6922
6951
6923
6952
6924
6953
6925
6954
6926
6955
6927
6956
6928
6957
6929
6958
6930
6959
6931
6960
6932
6961
6933
6962
6934
6963
6935
6964
6936
6965
6937
6966
6938
6967
6939
6968
6940
6969
6941
6970
6942
6971
6943
6972
6944
6973
6945
6974
6975
6947
6976
6948
6977
6949
6978
6950
6979
6951
6980
6952
6981
6953
6982
6954
6983
6955
6984
6956
6985
6957
6986
6958
6987
6959
6988
6960
6989
6961
6990
6962
6991
6963
6992
6964
6993
6965
6994
6966
6995
6967
6996
6968
6997
6969
6998
6970
6999
6971
7000
6972
7001
6973
7002
6974
7003
6975
7004
7005
6977
7006
6978
7007
6979
7008
6980
7009
6981
7010
6982
7011
6983
7012
6984
7013
6985
7014
6986
7015
6987
7016
6988
7017
6989
7018
6990
7019
6991
7020
6992
7021
6993
7022
6994
7023
6995
7024
6996
7025
6997
7026
6998
7027
6999
7028
7000
7029
7001
7030
7002
7031
7003
7032
7004
7033
7005
7034
7035
7007
7036
7008
7037
7009
7038
7010
7039
7011
7040
7012
7041
7013
7042
7014
7043
7015
7044
7016
7045
7017
7046
7018
7047
7019
7048
7020
7049
7021
7050
7022
7051
7023
7052
7024
7053
7025
7054
7026
7055
7027
7056
7028
7057
7029
7058
7030
7059
7031
7060
7032
7061
7033
7062
7034
7063
7035
7064
7065
7037
7066
7038
7067
7039
7068
7040
7069
7041
7070
7042
7071
7043
7072
7044
7073
7045
7074
7046
7075
7047
7076
7048
7077
7049
7078
7050
7079
7051
7080
7052
7081
7053
7082
7054
7083
7055
7084
7056
7085
7057
7086
7058
7087
7059
7088
7060
7089
7061
7090
7062
7091
7063
7092
7064
7093
7065
7094
7095
7067
7096
7068
7097
7069
7098
7070
7099
7071
7100
7072
7101
7073
7102
7074
7103
7075
7104
7076
7105
7077
7106
7078
7107
7079
7108
7080
7109
7081
7110
7082
7111
7083
7112
7084
7113
7085
7114
7086
7115
7087
7116
7088
7117
7089
7118
7090
7119
7091
7120
7092
7121
7093
7122
7094
7123
7095
7124
7125
7097
7126
7098
7127
7099
7128
7100
7129
7101
7130
7102
7131
7103
7132
7104
7133
7105
7134
7106
7135
7107
7136
7108
7137
7109
7138
7110
7139
7111
7140
7112
7141
7113
7142
7114
7143
7115
7144
7116
7145
7117
7146
7118
7147
7119
7148
7120
7149
7121
7150
7122
7151
7123
7152
7124
7153
7125
7154
7155
7127
7128
7129
7130
7131
7132
7133
7134
7135
7136
7137
7138
7139
7140
7141
7142
7143
7144
7145
7146
7147
7148
7149
7150
7151
7152
7153
7154
7155
)


// ************************************************************************* //
