/*--------------------------------*- C++ -*----------------------------------*\
  =========                 |
  \\      /  F ield         | OpenFOAM: The Open Source CFD Toolbox
   \\    /   O peration     | Website:  https://openfoam.org
    \\  /    A nd           | Version:  7
     \\/     M anipulation  |
\*---------------------------------------------------------------------------*/
FoamFile
{
    version     2.0;
    format      ascii;
    class       volScalarField;
    location    "180";
    object      p;
}
// * * * * * * * * * * * * * * * * * * * * * * * * * * * * * * * * * * * * * //

dimensions      [0 2 -2 0 0 0 0];

internalField   nonuniform List<scalar> 
4575
(
0.246198
0.255361
0.264305
0.27908
0.273022
0.288107
0.2815
0.29688
0.289729
0.305387
0.297699
0.322724
0.313616
0.305398
0.331165
0.321555
0.312817
0.339287
0.329191
0.319945
0.347077
0.336512
0.326772
0.365251
0.354523
0.343508
0.333287
0.372834
0.361612
0.350166
0.339481
0.380026
0.368333
0.356475
0.345345
0.386815
0.374674
0.362427
0.350869
0.39319
0.380626
0.36801
0.356045
0.41214
0.399138
0.386177
0.373214
0.360865
0.418052
0.40465
0.391318
0.378032
0.365321
0.423488
0.409716
0.39604
0.382454
0.369406
0.42844
0.414327
0.400335
0.386473
0.373112
0.432898
0.418474
0.404194
0.39008
0.376435
0.436854
0.422149
0.407611
0.393271
0.379367
0.4403
0.425347
0.410579
0.396038
0.381904
0.443228
0.428059
0.413091
0.398376
0.384041
0.445634
0.430281
0.415144
0.40028
0.385774
0.447512
0.432008
0.416732
0.401745
0.3871
0.448856
0.433235
0.417851
0.40277
0.388014
0.465544
0.449665
0.43396
0.418499
0.403349
0.388516
0.465867
0.449935
0.43418
0.418673
0.403483
0.388607
0.465613
0.449664
0.433893
0.418371
0.40317
0.388277
0.464781
0.44885
0.433098
0.417593
0.402406
0.387533
0.463371
0.447495
0.431795
0.416339
0.401193
0.38637
0.461383
0.445598
0.429985
0.414609
0.399531
0.384789
0.443162
0.427668
0.412404
0.397423
0.382795
0.440187
0.424848
0.409727
0.39487
0.380387
0.436679
0.421528
0.40658
0.391874
0.377568
0.43264
0.41771
0.402967
0.388439
0.37434
0.428076
0.4134
0.398893
0.384569
0.370706
0.422992
0.408603
0.394361
0.380268
0.366672
0.417396
0.403324
0.389378
0.375542
0.36224
0.411293
0.397572
0.383951
0.370396
0.357417
0.404693
0.391352
0.378085
0.364838
0.352207
0.397603
0.384674
0.371788
0.358873
0.346617
0.390035
0.377546
0.36507
0.352511
0.340653
0.369978
0.357938
0.345759
0.334323
0.361979
0.350403
0.338625
0.327634
0.353561
0.342473
0.331121
0.320593
0.344734
0.33416
0.323254
0.31321
0.335511
0.325474
0.315035
0.305493
0.316428
0.306476
0.297452
0.307032
0.297586
0.289095
0.297299
0.288378
0.280433
0.287242
0.278863
0.271475
0.269052
0.262232
0.258959
0.252715
0.248595
0.242932
0.232896
0.222615
0.2121
0.117467
0.118621
0.120817
0.123935
0.127843
0.132499
0.13778
0.143655
0.149974
0.156682
0.163564
0.170517
0.177219
0.183502
0.188882
0.193143
0.195556
0.195956
0.193205
0.187485
0.176752
0.116881
0.117992
0.120098
0.123083
0.126808
0.131222
0.136196
0.141682
0.147522
0.15364
0.159811
0.165912
0.171612
0.176735
0.180795
0.183592
0.184427
0.183179
0.178831
0.171611
0.15999
0.116223
0.117287
0.119295
0.122135
0.125662
0.129817
0.134463
0.13954
0.144879
0.150391
0.155839
0.161092
0.165812
0.169825
0.172659
0.174138
0.173618
0.171036
0.165539
0.157409
0.145629
0.11549
0.116503
0.118408
0.121092
0.124409
0.128291
0.132594
0.137248
0.142072
0.146967
0.151689
0.1561
0.159863
0.16281
0.164495
0.164763
0.163056
0.15933
0.152946
0.144141
0.132317
0.114683
0.115641
0.117435
0.119957
0.123055
0.126654
0.130604
0.134823
0.139127
0.143405
0.147412
0.151002
0.153854
0.155799
0.15644
0.155628
0.152913
0.148251
0.141206
0.131948
0.120159
0.113798
0.114699
0.116379
0.118731
0.121602
0.124908
0.128497
0.132277
0.136061
0.139727
0.143038
0.14584
0.147836
0.14886
0.148568
0.146821
0.143275
0.137887
0.130385
0.120893
0.109286
0.112836
0.113676
0.115238
0.117413
0.120051
0.123058
0.126282
0.12962
0.132888
0.135955
0.138593
0.140648
0.14185
0.142037
0.140925
0.138385
0.134171
0.128244
0.120458
0.110922
0.099635
0.111796
0.112573
0.114013
0.116007
0.118405
0.121109
0.123966
0.126864
0.129623
0.132108
0.134106
0.135459
0.135932
0.13537
0.133548
0.13035
0.125613
0.119309
0.111387
0.101949
0.0910759
0.110678
0.11139
0.112704
0.114513
0.116669
0.119067
0.121557
0.124021
0.126285
0.128211
0.129602
0.130304
0.130117
0.128895
0.126468
0.122737
0.117606
0.111064
0.103126
0.0938904
0.0834891
0.109481
0.110127
0.111313
0.112934
0.114847
0.116939
0.119066
0.121104
0.122891
0.124284
0.125108
0.125214
0.124435
0.122641
0.119708
0.115558
0.110148
0.103483
0.0956246
0.0866692
0.0767754
0.108208
0.108786
0.109843
0.111275
0.112943
0.114732
0.116503
0.118128
0.119457
0.120348
0.120646
0.120213
0.118912
0.116631
0.113285
0.108818
0.103229
0.096536
0.0888326
0.0802114
0.0708455
0.106858
0.107368
0.108295
0.109538
0.110963
0.112454
0.113878
0.115106
0.116
0.116422
0.11624
0.115325
0.113569
0.110881
0.107208
0.102515
0.096831
0.0901876
0.082697
0.0744471
0.0656159
0.105434
0.105875
0.106673
0.107728
0.108914
0.110114
0.111202
0.112051
0.112536
0.112527
0.111909
0.110568
0.108424
0.105403
0.101481
0.0966405
0.0909331
0.0844007
0.0771657
0.0693099
0.0610098
0.103937
0.104309
0.10498
0.105849
0.106802
0.10772
0.108486
0.108977
0.109081
0.108678
0.10767
0.10596
0.10349
0.100204
0.0961018
0.0911819
0.0855107
0.079137
0.0721879
0.0647378
0.0569572
0.102371
0.102675
0.103219
0.103908
0.104634
0.10528
0.10574
0.105897
0.10565
0.10489
0.103538
0.101513
0.0987749
0.0952869
0.0910659
0.0861237
0.0805369
0.0743583
0.067715
0.0606734
0.0533952
0.100738
0.100976
0.101396
0.10191
0.102417
0.102805
0.102977
0.102823
0.102256
0.101178
0.0995266
0.0972362
0.0942852
0.0906509
0.0863644
0.0814478
0.0759841
0.0700272
0.0637012
0.0570642
0.0502676
0.0990412
0.0992149
0.0995158
0.0998606
0.100158
0.100303
0.100206
0.099767
0.0989103
0.0975528
0.0956455
0.093138
0.0900232
0.0862922
0.081986
0.0771347
0.0718239
0.0661073
0.0601035
0.0538624
0.0475243
0.0972854
0.0973969
0.0975827
0.0977665
0.0978655
0.0977823
0.0974367
0.0967393
0.0956252
0.0940249
0.0919029
0.0892226
0.085989
0.0822045
0.0779175
0.0731636
0.0680284
0.062564
0.0568821
0.0510246
0.0451207
0.0954747
0.0955269
0.0956028
0.0956341
0.0955471
0.0952525
0.0946797
0.09375
0.0924099
0.0906027
0.0883047
0.0854922
0.08218
0.0783797
0.0741445
0.0695135
0.0645704
0.0593647
0.0540003
0.0485118
0.0430171
0.093614
0.09361
0.0935819
0.0934703
0.0932102
0.0927218
0.0919437
0.0908082
0.0892727
0.0872927
0.0848552
0.0819474
0.078592
0.0748081
0.0706514
0.0661631
0.0614235
0.0564787
0.0514245
0.0462888
0.0411785
0.0917084
0.0916517
0.0915263
0.0912819
0.0908626
0.0901984
0.089237
0.087922
0.0862207
0.0841001
0.0815564
0.0785865
0.0752192
0.0714788
0.0674225
0.0630916
0.0585625
0.0538774
0.0491239
0.0443237
0.0395738
0.0897636
0.089658
0.0894422
0.0890758
0.0885117
0.08769
0.0865675
0.0850985
0.0832597
0.0810286
0.0784093
0.0754068
0.0720543
0.0683802
0.0644414
0.0602787
0.0559637
0.0515345
0.0470705
0.0425885
0.0381755
0.0877853
0.0876347
0.0873362
0.086859
0.0861649
0.0852039
0.0839421
0.0823437
0.0803942
0.0780803
0.0754131
0.072404
0.0690894
0.0655003
0.0616923
0.057705
0.0536046
0.0494254
0.0452391
0.0410575
0.0369591
0.0857796
0.0855881
0.0852148
0.0846382
0.0838289
0.0827471
0.081367
0.0796628
0.0776277
0.0752566
0.0725661
0.0695731
0.0663157
0.0628267
0.0591595
0.0553517
0.0514644
0.0475278
0.0436064
0.039708
0.0359031
0.0837527
0.0835247
0.0830845
0.0824201
0.0815106
0.0803257
0.0788479
0.0770601
0.0749625
0.0725574
0.0698656
0.0669081
0.0637242
0.060347
0.0568275
0.0532011
0.0495234
0.0458211
0.0421517
0.0385198
0.0349882
0.081711
0.0814508
0.080952
0.0802113
0.0792163
0.0779457
0.0763895
0.074539
0.0724003
0.0699818
0.0673079
0.0644026
0.0613053
0.058049
0.0546818
0.0512365
0.0477638
0.0442865
0.0408562
0.0374745
0.0341975
0.079661
0.079373
0.0788237
0.0780181
0.0769518
0.0756121
0.0739961
0.072102
0.0699417
0.0675283
0.0648889
0.0620496
0.0590495
0.0559208
0.0527084
0.0494424
0.0461687
0.0429069
0.0397029
0.0365558
0.0335157
0.0776092
0.0772975
0.0767057
0.0758465
0.0747227
0.0733297
0.071671
0.0697512
0.0675866
0.0651944
0.0626038
0.0598421
0.0569474
0.0539507
0.0508938
0.0478041
0.0447227
0.0416667
0.0386763
0.0357491
0.0329294
0.0755619
0.0752308
0.0746044
0.0737022
0.0725341
0.0711026
0.0694171
0.0674876
0.0653342
0.0629775
0.0604477
0.0577728
0.0549895
0.0521277
0.0492255
0.046308
0.0434119
0.0405516
0.0377627
0.0350413
0.0324267
0.0735256
0.073179
0.0725255
0.0715907
0.0703907
0.0689345
0.0672366
0.0653119
0.0631834
0.0608742
0.0584151
0.0558343
0.0531669
0.050441
0.0476917
0.0449416
0.0422232
0.0395488
0.0369496
0.0344206
0.0319968
0.0715063
0.0711481
0.0704748
0.0695171
0.0682966
0.0668285
0.0651314
0.0632242
0.0611325
0.0588809
0.0565006
0.0540195
0.0514707
0.0488807
0.0462814
0.0436931
0.0411447
0.0386465
0.0362257
0.0338767
0.0316302
0.06951
0.069144
0.0684575
0.0674859
0.0662558
0.0647871
0.0631025
0.0612242
0.0591793
0.056994
0.0546988
0.0523213
0.0498925
0.0474373
0.0449844
0.042552
0.0401658
0.0378342
0.035581
0.0334001
0.0313185
0.0675426
0.067172
0.0664786
0.0655015
0.0642714
0.0628126
0.061151
0.0593112
0.0573217
0.0552093
0.0530042
0.0507328
0.0484243
0.0461017
0.043791
0.0415085
0.0392765
0.0371022
0.0350063
0.0329823
0.031054
0.0656094
0.0652375
0.064543
0.0635679
0.0623466
0.0609068
0.0592771
0.0574841
0.055557
0.053523
0.0514113
0.0492474
0.0470585
0.0448657
0.0426925
0.0405534
0.0384679
0.036442
0.0344936
0.032616
0.0308302
0.0637157
0.0633452
0.0626548
0.0616886
0.0604838
0.0590711
0.0574809
0.0557416
0.0538826
0.051931
0.049915
0.0478589
0.045788
0.0437216
0.0416809
0.0396786
0.037732
0.0358458
0.0340354
0.0322945
0.0306411
0.0618662
0.0614998
0.060818
0.0598668
0.0586852
0.0573064
0.0557623
0.0540822
0.0522956
0.0504293
0.0485101
0.0465613
0.044606
0.0426622
0.0407486
0.0388767
0.0370614
0.0353065
0.0336254
0.0320118
0.0304813
0.0600654
0.0597053
0.0590362
0.0581051
0.0569526
0.0556135
0.0541208
0.0525044
0.0507933
0.0490139
0.0471918
0.0453488
0.0435064
0.0416808
0.039889
0.0381408
0.0364494
0.0348179
0.0332576
0.0317626
0.0303464
0.0583174
0.0579655
0.0573126
0.0564061
0.0552875
0.0539929
0.0525558
0.0510062
0.0493729
0.0476812
0.0459555
0.0442163
0.0424834
0.0407715
0.0390957
0.0374648
0.0358902
0.0343744
0.032927
0.0315424
0.0302322
0.0566259
0.0562839
0.0556501
0.0547718
0.0536911
0.0524447
0.0510663
0.0495859
0.0480314
0.0464273
0.0447968
0.0431588
0.0415316
0.0399286
0.0383632
0.0368432
0.0353785
0.033971
0.032629
0.031347
0.0301351
0.0549943
0.0546634
0.054051
0.053204
0.0521643
0.050969
0.0496515
0.0482415
0.0467662
0.045249
0.0437115
0.0421717
0.0406462
0.0391471
0.0376864
0.0362711
0.0349095
0.0336033
0.0323595
0.0311729
0.0300522
0.0534253
0.0531067
0.0525176
0.0517041
0.0507078
0.0495654
0.0483102
0.0469712
0.0455746
0.0441427
0.0426959
0.0412508
0.0398226
0.0384224
0.0370608
0.0357439
0.034479
0.0332674
0.0321149
0.031017
0.0299807
0.0519217
0.051616
0.0510516
0.0502732
0.0493218
0.0482337
0.0470414
0.0457731
0.044454
0.0431054
0.0417464
0.0403922
0.0390568
0.0377503
0.0364822
0.0352578
0.0340834
0.0329599
0.0318924
0.0308765
0.0299183
0.0504855
0.0501934
0.0496545
0.0489124
0.0480068
0.0469733
0.0458437
0.0446453
0.0434021
0.0421343
0.0408596
0.0395923
0.0383452
0.0371273
0.035947
0.0348092
0.0337192
0.0326778
0.0316891
0.0307492
0.0298633
0.0491186
0.0488404
0.0483276
0.0476222
0.0467626
0.0457837
0.044716
0.043586
0.0424165
0.0412265
0.0400326
0.038848
0.0376843
0.0365498
0.035452
0.034395
0.0333837
0.0324185
0.0315028
0.0306332
0.0298139
0.0478226
0.0475585
0.0470719
0.0464031
0.0455894
0.0446642
0.0436571
0.0425935
0.041495
0.0403796
0.0392626
0.0381563
0.0370713
0.036015
0.0349943
0.0340127
0.0330744
0.0321798
0.0313316
0.0305269
0.029769
0.0465988
0.0463486
0.045888
0.0452554
0.0444867
0.0436141
0.0426658
0.0416662
0.0406357
0.0395913
0.0385471
0.0375147
0.0365034
0.0355204
0.0345714
0.0336598
0.0327892
0.0319598
0.031174
0.0304289
0.0297274
0.0454482
0.0452117
0.0447766
0.0441794
0.0434545
0.0426327
0.041741
0.0408026
0.0398368
0.0388595
0.037884
0.0369208
0.0359785
0.0350635
0.0341812
0.0333345
0.0325263
0.031757
0.0310285
0.0303382
0.0296884
0.0443717
0.0441485
0.0437381
0.0431752
0.0424925
0.0417193
0.0408817
0.0400014
0.0390967
0.0381826
0.0372713
0.0363726
0.0354945
0.0346427
0.0338219
0.0330349
0.0322842
0.0315701
0.0308941
0.030254
0.0296516
0.04337
0.0431596
0.0427728
0.0422427
0.0416003
0.0408734
0.0400868
0.0392612
0.0384139
0.0375588
0.0367073
0.0358685
0.0350496
0.0342561
0.033492
0.0327598
0.0320618
0.0313982
0.0307701
0.0301758
0.0296164
0.0424438
0.0422455
0.0418812
0.0413821
0.0407777
0.0400944
0.0393557
0.0385812
0.0377872
0.0369868
0.0361906
0.035407
0.0346426
0.0339024
0.0331902
0.0325081
0.0318581
0.0312403
0.0306559
0.030103
0.0295827
0.0415937
0.0414068
0.0410636
0.0405935
0.0400245
0.0393818
0.0386876
0.0379605
0.0372157
0.0364655
0.03572
0.0349869
0.0342723
0.0335807
0.0329155
0.0322788
0.0316723
0.0310961
0.030551
0.0300356
0.0295505
0.0408203
0.040644
0.0403203
0.0398771
0.0393409
0.0387356
0.0380822
0.0373984
0.0366985
0.0359942
0.0352948
0.0346074
0.0339378
0.03329
0.0326673
0.0320715
0.031504
0.0309651
0.0304553
0.0299734
0.0295198
0.0401245
0.0399578
0.0396519
0.0392333
0.0387269
0.0381556
0.0375393
0.0368946
0.0362353
0.0355723
0.0349142
0.0342679
0.0336385
0.0330299
0.0324451
0.0318857
0.031353
0.0308472
0.0303687
0.0299166
0.0294909
0.0395072
0.0393492
0.0390593
0.0386627
0.0381831
0.0376422
0.0370589
0.0364492
0.035826
0.0351995
0.0345781
0.033968
0.0333742
0.0328002
0.0322487
0.0317212
0.0312191
0.0307423
0.0302913
0.0298653
0.0294641
0.0389697
0.0388194
0.0385436
0.0381663
0.0377102
0.0371959
0.0366416
0.0360624
0.0354706
0.0348761
0.0342865
0.0337078
0.0331448
0.0326007
0.032078
0.0315783
0.0311024
0.0306508
0.0302235
0.0298198
0.0294397
0.0385137
0.0383699
0.0381062
0.0377455
0.0373094
0.0368179
0.0362883
0.035735
0.0351699
0.0346024
0.0340397
0.0334877
0.0329507
0.0324319
0.0319335
0.031457
0.0310034
0.0305728
0.0301654
0.0297806
0.0294181
0.0381414
0.038003
0.0377492
0.0374021
0.0369825
0.0365096
0.0360002
0.0354681
0.0349248
0.0343793
0.0338387
0.0333084
0.0327925
0.0322942
0.0318156
0.031358
0.0309223
0.0305089
0.0301176
0.0297481
0.0293999
0.0378556
0.0377214
0.0374752
0.0371386
0.0367317
0.0362732
0.0357793
0.0352635
0.034737
0.0342084
0.0336846
0.0331709
0.0326713
0.0321886
0.0317251
0.031282
0.0308601
0.0304596
0.0300807
0.0297228
0.0293856
0.03766
0.0375286
0.0372877
0.0369584
0.0365603
0.0361116
0.0356283
0.0351237
0.0346086
0.0340916
0.0335793
0.0330769
0.0325883
0.0321164
0.0316632
0.0312299
0.0308174
0.0304258
0.0300553
0.0297053
0.0293755
0.0375592
0.0374293
0.0371911
0.0368655
0.036472
0.0360285
0.0355506
0.0350518
0.0345425
0.0340314
0.0335251
0.0330285
0.0325457
0.0320793
0.0316313
0.0312031
0.0307953
0.0304084
0.0300421
0.0296962
0.0293703
0.119107
0.120271
0.122546
0.125789
0.129914
0.13494
0.140771
0.14751
0.155046
0.163546
0.172868
0.183232
0.194476
0.206895
0.220203
0.234788
0.250337
0.267266
0.285152
0.304513
0.324677
0.346464
0.368584
0.119205
0.120372
0.122652
0.125901
0.130034
0.135069
0.140911
0.147662
0.155212
0.163728
0.173067
0.183447
0.194705
0.20714
0.220466
0.23506
0.250627
0.267583
0.285491
0.304869
0.325052
0.346855
0.369011
0.119296
0.120466
0.12275
0.126004
0.130144
0.135188
0.14104
0.147802
0.155364
0.163892
0.173245
0.183633
0.194897
0.207326
0.220685
0.235313
0.250903
0.267831
0.285714
0.305061
0.325192
0.346927
0.368984
0.11938
0.120552
0.12284
0.1261
0.130247
0.135298
0.141159
0.14793
0.155502
0.164039
0.173403
0.183788
0.195057
0.207523
0.220871
0.235467
0.251037
0.267945
0.285784
0.30507
0.325112
0.346733
0.368628
0.119457
0.120631
0.122922
0.126187
0.13034
0.135398
0.141266
0.148045
0.155625
0.164168
0.173534
0.183916
0.195243
0.207631
0.220983
0.235561
0.251093
0.267953
0.285719
0.304909
0.324816
0.346275
0.367937
0.119526
0.120703
0.122997
0.126266
0.130425
0.135488
0.141364
0.148148
0.155734
0.164282
0.17363
0.184085
0.195338
0.20772
0.221048
0.235596
0.251071
0.267858
0.285519
0.304578
0.324304
0.345545
0.366903
0.119589
0.120767
0.123065
0.126338
0.130501
0.135569
0.14145
0.148239
0.155828
0.164375
0.173748
0.184158
0.195406
0.207778
0.221064
0.235564
0.250964
0.267658
0.285185
0.304078
0.323576
0.344544
0.365527
0.119644
0.120824
0.123124
0.126401
0.130568
0.135641
0.141526
0.148318
0.15591
0.164436
0.173813
0.184213
0.195447
0.207793
0.221029
0.235467
0.250775
0.267352
0.284716
0.303407
0.322632
0.343275
0.363814
0.119693
0.120874
0.123176
0.126456
0.130627
0.135703
0.141591
0.148384
0.155978
0.164514
0.173863
0.184248
0.195456
0.207767
0.220944
0.235305
0.250503
0.266941
0.284113
0.302569
0.321474
0.34174
0.361764
0.119734
0.120917
0.123221
0.126503
0.130677
0.135755
0.141646
0.148439
0.156028
0.164566
0.173895
0.184258
0.195434
0.2077
0.220807
0.235078
0.250148
0.266426
0.283377
0.301563
0.320105
0.339941
0.359383
0.119768
0.120952
0.123258
0.126542
0.130718
0.135798
0.141691
0.148482
0.156047
0.164591
0.173908
0.184242
0.19538
0.207593
0.220619
0.234787
0.249711
0.265807
0.282509
0.300391
0.318524
0.33788
0.356672
0.119795
0.12098
0.123287
0.126573
0.130751
0.135832
0.141725
0.148514
0.156086
0.164601
0.173899
0.184201
0.195294
0.207446
0.220381
0.234432
0.249192
0.265085
0.281508
0.299054
0.316734
0.335561
0.353636
0.119815
0.121001
0.123309
0.126596
0.130776
0.135856
0.141748
0.148534
0.156106
0.164593
0.17387
0.184136
0.195177
0.207258
0.220093
0.234013
0.248592
0.26426
0.280377
0.297553
0.314738
0.332986
0.35028
0.119828
0.121014
0.123324
0.126612
0.130792
0.135871
0.141762
0.148537
0.156102
0.16457
0.173821
0.184045
0.195029
0.207031
0.219754
0.233531
0.247911
0.263333
0.279116
0.29589
0.312537
0.330158
0.346608
0.119834
0.121021
0.12333
0.126619
0.130799
0.135877
0.141766
0.148517
0.156084
0.164531
0.173752
0.183929
0.19485
0.206765
0.219366
0.232986
0.247149
0.262305
0.277726
0.294065
0.310133
0.32708
0.342625
0.119833
0.12102
0.12333
0.126618
0.130798
0.135873
0.141761
0.148504
0.15605
0.164475
0.173663
0.183789
0.19464
0.206459
0.218929
0.232378
0.246308
0.261176
0.276209
0.292082
0.307528
0.323756
0.338336
0.119825
0.121012
0.123322
0.12661
0.130789
0.135861
0.141745
0.148504
0.156003
0.164403
0.173553
0.183624
0.194399
0.206115
0.218442
0.231708
0.245388
0.259948
0.274565
0.289942
0.304726
0.320191
0.333748
0.119811
0.120997
0.123307
0.126594
0.130771
0.13584
0.14172
0.148459
0.155943
0.164315
0.173424
0.183435
0.194128
0.205732
0.217907
0.230976
0.24439
0.258621
0.272795
0.287646
0.30173
0.316388
0.328867
0.119789
0.120975
0.123284
0.12657
0.130745
0.135809
0.141677
0.148406
0.15587
0.164211
0.173276
0.183222
0.193826
0.205311
0.217323
0.230183
0.243313
0.257196
0.270902
0.285197
0.298541
0.312351
0.323698
0.11976
0.120946
0.123254
0.126539
0.130712
0.135771
0.141606
0.148341
0.155784
0.164091
0.173107
0.182984
0.193495
0.204852
0.216692
0.229329
0.24216
0.255674
0.268886
0.282596
0.295163
0.308084
0.31825
0.119724
0.12091
0.123217
0.1265
0.13067
0.135725
0.141579
0.148263
0.155684
0.163955
0.17292
0.182723
0.193134
0.204355
0.216013
0.228415
0.24093
0.254057
0.266749
0.279845
0.291598
0.303594
0.312528
0.119682
0.120868
0.123173
0.126454
0.13062
0.135669
0.141504
0.148174
0.155572
0.163803
0.172714
0.182438
0.192744
0.203821
0.215287
0.227441
0.239625
0.252344
0.264493
0.276948
0.287851
0.298883
0.306541
0.119633
0.120818
0.123122
0.1264
0.130563
0.135602
0.141425
0.148076
0.155448
0.163637
0.172489
0.18213
0.192324
0.20325
0.214515
0.226407
0.238245
0.250537
0.262118
0.273905
0.283924
0.293958
0.300295
0.119577
0.120762
0.123064
0.126339
0.130497
0.135519
0.14134
0.147967
0.15531
0.163454
0.172245
0.181799
0.191876
0.202643
0.213697
0.225315
0.236792
0.248637
0.259627
0.27072
0.279821
0.288823
0.2938
0.119515
0.120699
0.122999
0.126271
0.130425
0.135429
0.141242
0.147848
0.15516
0.163257
0.171983
0.181446
0.191399
0.201999
0.212833
0.224164
0.235265
0.246645
0.257021
0.267395
0.275544
0.283485
0.287062
0.119446
0.120629
0.122927
0.126196
0.130346
0.135384
0.141135
0.147719
0.154997
0.163045
0.171703
0.181069
0.190895
0.20132
0.211924
0.222956
0.233667
0.244562
0.254302
0.263932
0.271098
0.277947
0.28009
0.11937
0.120553
0.122848
0.126113
0.130257
0.135273
0.141019
0.147579
0.154823
0.162818
0.171405
0.180671
0.190362
0.200605
0.210971
0.221691
0.231997
0.242388
0.251471
0.260333
0.266486
0.272218
0.272892
0.119288
0.12047
0.122763
0.126024
0.130156
0.135161
0.140895
0.147429
0.154636
0.162577
0.17109
0.18025
0.189802
0.199855
0.209974
0.22037
0.230257
0.240126
0.248532
0.256601
0.261712
0.266301
0.265476
0.119199
0.120381
0.122671
0.125929
0.130053
0.135045
0.140762
0.147268
0.154437
0.162322
0.170757
0.179808
0.189215
0.19907
0.208933
0.218992
0.228448
0.237776
0.245484
0.252739
0.256778
0.260204
0.257849
0.119104
0.120285
0.122572
0.125826
0.129965
0.13492
0.14062
0.147098
0.154227
0.162052
0.170407
0.179344
0.1886
0.198252
0.207849
0.217559
0.226571
0.235339
0.242332
0.248748
0.251689
0.253931
0.25002
0.119002
0.120183
0.122467
0.125712
0.129841
0.134788
0.14047
0.146918
0.154005
0.161769
0.17004
0.17886
0.18796
0.197399
0.206723
0.216072
0.224626
0.232816
0.239076
0.24463
0.246449
0.247491
0.241996
0.118895
0.120075
0.122356
0.125586
0.129712
0.134648
0.140311
0.146729
0.153772
0.161472
0.169656
0.178354
0.187293
0.196513
0.205554
0.214531
0.222615
0.230208
0.235719
0.240388
0.241061
0.240888
0.233781
0.118781
0.11996
0.122239
0.125501
0.129579
0.134502
0.140144
0.14653
0.153527
0.161162
0.169256
0.177829
0.1866
0.195595
0.204344
0.212936
0.220537
0.227515
0.232263
0.236023
0.23553
0.234129
0.225383
0.118661
0.11984
0.122114
0.125361
0.12944
0.134348
0.139969
0.146321
0.153272
0.160839
0.16884
0.177283
0.185883
0.194644
0.203093
0.211289
0.218396
0.22474
0.228711
0.231538
0.229861
0.227219
0.216805
0.118534
0.119714
0.121985
0.12522
0.129294
0.134187
0.139786
0.146104
0.153007
0.160503
0.168408
0.176717
0.185139
0.193661
0.201801
0.20959
0.216189
0.221883
0.225062
0.226931
0.224055
0.220162
0.118402
0.119581
0.121854
0.125077
0.129141
0.134018
0.139594
0.145876
0.152728
0.160152
0.167958
0.176129
0.184368
0.192641
0.200464
0.207834
0.213914
0.218939
0.221316
0.222202
0.218119
0.21296
0.118264
0.119441
0.12171
0.124929
0.128982
0.133842
0.139394
0.145639
0.152438
0.159787
0.16749
0.175518
0.183568
0.191587
0.199083
0.206023
0.211573
0.215916
0.21748
0.217361
0.212068
0.20563
0.11812
0.119303
0.121562
0.124777
0.128822
0.133667
0.139196
0.145406
0.152155
0.159431
0.167031
0.174918
0.182778
0.19054
0.197705
0.204209
0.209217
0.212862
0.2136
0.212445
0.205933
0.198198
0.11797
0.119153
0.121413
0.124625
0.128664
0.133499
0.13901
0.145191
0.151896
0.159104
0.166609
0.174358
0.18203
0.189533
0.196359
0.202411
0.206852
0.209763
0.209632
0.207376
0.199594
0.190505
0.117814
0.118994
0.121245
0.124445
0.128465
0.133272
0.138747
0.144873
0.151506
0.158614
0.165984
0.173551
0.180986
0.188176
0.194605
0.200143
0.203965
0.206081
0.20506
0.201659
0.192691
0.109785
0.11079
0.112698
0.115392
0.11876
0.12276
0.127276
0.13228
0.137624
0.143267
0.148988
0.154713
0.160097
0.165024
0.168948
0.171753
0.172552
0.171419
0.16676
0.159534
0.146086
0.110132
0.111143
0.113066
0.115785
0.119187
0.123235
0.127812
0.1329
0.13835
0.144133
0.150033
0.15599
0.161666
0.166971
0.171359
0.174757
0.176256
0.176007
0.172325
0.166353
0.154216
0.140849
0.110473
0.111484
0.113416
0.116148
0.119573
0.123653
0.128274
0.133421
0.138951
0.144841
0.150883
0.15703
0.162952
0.168581
0.17338
0.177311
0.179462
0.180046
0.177333
0.172584
0.161839
0.14996
0.110809
0.111821
0.113763
0.116512
0.119962
0.124076
0.128744
0.133954
0.139567
0.14557
0.151756
0.158093
0.164259
0.170205
0.175401
0.179843
0.182614
0.183988
0.182198
0.178598
0.169197
0.158737
0.11114
0.112154
0.114108
0.116874
0.12035
0.124501
0.129217
0.134493
0.140191
0.146306
0.152637
0.159165
0.165572
0.171833
0.177421
0.182365
0.185745
0.187892
0.187009
0.184524
0.176457
0.167398
0.111466
0.112483
0.114448
0.117232
0.120733
0.12492
0.129684
0.135024
0.140805
0.147031
0.153503
0.160217
0.166861
0.173429
0.179399
0.184836
0.188814
0.191719
0.191734
0.190338
0.183606
0.175925
0.111787
0.112807
0.114783
0.117584
0.121111
0.125333
0.130143
0.135546
0.141409
0.147742
0.154353
0.161248
0.168123
0.17499
0.181334
0.187251
0.191815
0.19546
0.196361
0.196028
0.19062
0.184301
0.112103
0.113126
0.115112
0.117931
0.121483
0.125739
0.130596
0.13606
0.142003
0.148441
0.155187
0.16226
0.16936
0.176519
0.183228
0.189614
0.19475
0.199116
0.200891
0.201593
0.197496
0.192524
0.179428
0.112413
0.113438
0.115437
0.118273
0.121849
0.12614
0.131042
0.136567
0.142587
0.149129
0.156007
0.163253
0.170572
0.178017
0.185081
0.191924
0.197621
0.202688
0.205323
0.207035
0.204229
0.200594
0.189302
0.112718
0.113747
0.115757
0.118609
0.12221
0.126535
0.131481
0.137065
0.143162
0.149804
0.156812
0.164227
0.17176
0.179482
0.186894
0.194181
0.200425
0.206175
0.209654
0.212351
0.210815
0.208506
0.198982
0.113018
0.114051
0.116071
0.11894
0.122565
0.126923
0.131913
0.137555
0.143726
0.150468
0.157601
0.165181
0.172922
0.180915
0.188664
0.196383
0.203163
0.209576
0.213884
0.21754
0.21725
0.216253
0.208465
0.113312
0.114348
0.11638
0.119266
0.122915
0.127305
0.132337
0.138036
0.14428
0.151118
0.158374
0.166115
0.174058
0.182314
0.190392
0.198531
0.205833
0.21289
0.218009
0.222601
0.223531
0.223829
0.217746
0.1136
0.114641
0.116685
0.119586
0.123258
0.12768
0.132754
0.138509
0.144824
0.151756
0.159131
0.167028
0.175169
0.18368
0.192078
0.200624
0.208435
0.216117
0.222028
0.227532
0.229653
0.231227
0.226818
0.113883
0.114927
0.116984
0.1199
0.123595
0.128049
0.133163
0.138972
0.145357
0.152381
0.159872
0.167921
0.176253
0.185012
0.193721
0.202661
0.210967
0.219254
0.225938
0.23233
0.235613
0.238443
0.235676
0.114159
0.115208
0.117274
0.120208
0.123925
0.12841
0.133564
0.139427
0.145879
0.152992
0.160596
0.168793
0.177311
0.18631
0.19532
0.204642
0.213429
0.222302
0.229738
0.236994
0.241408
0.245469
0.244311
0.11443
0.115483
0.117557
0.120511
0.124249
0.128764
0.133957
0.139872
0.14639
0.15359
0.161303
0.169643
0.178341
0.187572
0.196875
0.206566
0.21582
0.22526
0.233426
0.241521
0.247034
0.2523
0.252716
0.114695
0.115753
0.117838
0.120806
0.124567
0.129111
0.134342
0.140307
0.14689
0.154174
0.161994
0.170472
0.179344
0.1888
0.198386
0.208432
0.21814
0.228126
0.237
0.245909
0.252489
0.25893
0.260883
0.114954
0.116016
0.118113
0.121096
0.124877
0.129451
0.134719
0.140733
0.147378
0.154744
0.162666
0.171278
0.18032
0.189992
0.199852
0.21024
0.220386
0.230899
0.240458
0.250157
0.257768
0.265353
0.268804
0.115207
0.116274
0.11838
0.121379
0.125181
0.129783
0.135087
0.141149
0.147855
0.155299
0.163322
0.172063
0.181267
0.191148
0.201272
0.21199
0.222558
0.233579
0.2438
0.25426
0.262869
0.271566
0.276472
0.115453
0.116525
0.118642
0.121655
0.125478
0.130107
0.135447
0.141555
0.148319
0.15584
0.163959
0.172825
0.182186
0.192267
0.202646
0.213681
0.224656
0.236165
0.247022
0.258218
0.267788
0.277561
0.283879
0.115693
0.11677
0.118897
0.121925
0.125767
0.130424
0.135797
0.141951
0.148771
0.156367
0.164578
0.173564
0.183077
0.19335
0.203974
0.215312
0.226679
0.238656
0.250124
0.262028
0.272523
0.283334
0.291017
0.115927
0.117009
0.119146
0.122188
0.12605
0.130732
0.136139
0.142336
0.149212
0.156878
0.165179
0.17428
0.183938
0.194396
0.205255
0.216883
0.228626
0.241051
0.253105
0.265687
0.27707
0.288881
0.29788
0.116155
0.117242
0.119388
0.122444
0.126325
0.131032
0.136471
0.142711
0.149639
0.157374
0.165761
0.174973
0.184771
0.195405
0.206489
0.218394
0.230495
0.243348
0.255962
0.269195
0.281427
0.294197
0.304459
0.116376
0.117468
0.119623
0.122693
0.126593
0.131325
0.136795
0.143075
0.150054
0.157855
0.166325
0.175642
0.185574
0.196376
0.207675
0.219843
0.232287
0.245548
0.258695
0.272548
0.28559
0.299278
0.310749
0.116591
0.117688
0.119852
0.122935
0.126853
0.131609
0.137108
0.143428
0.150456
0.158321
0.166869
0.176288
0.186347
0.197309
0.208813
0.221231
0.234001
0.247649
0.261302
0.275745
0.289557
0.304119
0.316744
0.116799
0.117901
0.120074
0.12317
0.127105
0.131884
0.137413
0.143771
0.150845
0.158771
0.167394
0.176909
0.18709
0.198203
0.209902
0.222557
0.235635
0.24965
0.263783
0.278785
0.293326
0.308716
0.322436
0.117001
0.118108
0.120289
0.123398
0.12735
0.132151
0.137708
0.144102
0.151221
0.159205
0.1679
0.177506
0.187802
0.199059
0.210943
0.223821
0.23719
0.25155
0.266135
0.281665
0.296893
0.313066
0.327821
0.117196
0.118307
0.120497
0.123619
0.127586
0.132409
0.137993
0.144422
0.151584
0.159623
0.168387
0.178079
0.188484
0.199877
0.211934
0.225022
0.238665
0.25335
0.268359
0.284383
0.300257
0.317166
0.332893
0.117384
0.1185
0.120699
0.123832
0.127815
0.132658
0.138268
0.14473
0.151934
0.160025
0.168853
0.178628
0.189135
0.200655
0.212875
0.22616
0.240059
0.255047
0.270452
0.286939
0.303415
0.321011
0.337648
0.117565
0.118687
0.120893
0.124037
0.128036
0.132899
0.138533
0.145027
0.15227
0.16041
0.1693
0.179151
0.189756
0.201394
0.213767
0.227235
0.241372
0.256642
0.272415
0.289331
0.306365
0.3246
0.34208
0.11774
0.118866
0.121081
0.124236
0.128248
0.133131
0.138788
0.145313
0.152592
0.160779
0.169727
0.179649
0.190344
0.202093
0.214608
0.228246
0.242603
0.258134
0.274245
0.291558
0.309106
0.327928
0.346185
0.117908
0.119038
0.121259
0.124426
0.128453
0.133353
0.139033
0.145586
0.152901
0.161132
0.170133
0.180123
0.190902
0.202753
0.215398
0.229193
0.243752
0.259522
0.275943
0.293618
0.311636
0.330995
0.34996
0.118069
0.119204
0.121431
0.124609
0.128649
0.133567
0.139268
0.145848
0.153196
0.161468
0.17052
0.180571
0.191428
0.203374
0.216138
0.230075
0.244818
0.260805
0.277508
0.29551
0.313953
0.333796
0.353401
0.118223
0.119362
0.121597
0.124784
0.128837
0.133771
0.139493
0.146098
0.153476
0.161787
0.170885
0.180994
0.191922
0.203954
0.216827
0.230893
0.245802
0.261984
0.278938
0.297234
0.316055
0.336331
0.356505
0.118371
0.119514
0.121755
0.124952
0.129016
0.133966
0.139707
0.146336
0.153743
0.16209
0.171231
0.181391
0.192384
0.204494
0.217465
0.231646
0.246702
0.263058
0.280234
0.298788
0.317942
0.338598
0.35927
0.118511
0.119658
0.121906
0.125111
0.129187
0.134152
0.139911
0.146562
0.153996
0.162375
0.171555
0.181762
0.192813
0.204994
0.218051
0.232334
0.247519
0.264025
0.281394
0.300172
0.319613
0.340594
0.361692
0.118644
0.119795
0.122049
0.125263
0.12935
0.134329
0.140104
0.146776
0.154234
0.162643
0.17186
0.182108
0.193211
0.205454
0.218585
0.232956
0.248252
0.264887
0.282419
0.301385
0.321066
0.34232
0.363771
0.11877
0.119925
0.122185
0.125406
0.129504
0.134496
0.140287
0.146978
0.154459
0.162895
0.172143
0.182428
0.193576
0.205874
0.219068
0.233514
0.248901
0.265643
0.283309
0.302428
0.322302
0.343774
0.365505
0.11889
0.120047
0.122313
0.125542
0.129649
0.134653
0.140459
0.147168
0.154669
0.163129
0.172406
0.182722
0.193909
0.206254
0.2195
0.234008
0.249467
0.266293
0.284063
0.303299
0.32332
0.344957
0.366894
0.119002
0.120163
0.122433
0.12567
0.129786
0.134801
0.14062
0.147345
0.154865
0.163346
0.172648
0.182991
0.19421
0.206595
0.21988
0.234436
0.249949
0.266837
0.28468
0.303996
0.324114
0.345856
0.367925
0.0155918
0.0154864
0.0152939
0.0150317
0.0147168
0.0143643
0.0139878
0.0135984
0.0132052
0.012815
0.0124331
0.0120631
0.0117079
0.0113691
0.011048
0.010745
0.0104604
0.0101938
0.0099448
0.00971277
0.00949697
0.0156737
0.0155666
0.0153708
0.0151042
0.0147839
0.0144255
0.0140427
0.0136469
0.0132471
0.0128503
0.0124619
0.0120857
0.0117244
0.0113798
0.0110532
0.0107451
0.0104556
0.0101844
0.00993124
0.00969527
0.00947584
0.0158331
0.0157226
0.0155205
0.0152453
0.0149148
0.0145449
0.0141499
0.0137413
0.0133287
0.0129191
0.0125181
0.0121296
0.0117564
0.0114006
0.0110633
0.0107451
0.0104462
0.0101662
0.00990477
0.00966113
0.00943459
0.0160668
0.0159514
0.0157401
0.0154525
0.0151069
0.0147203
0.0143073
0.0138802
0.0134486
0.0130202
0.0126006
0.012194
0.0118036
0.0114312
0.0110782
0.0107451
0.0104323
0.0101393
0.0098657
0.00961074
0.0093737
0.0163731
0.0162511
0.016028
0.0157241
0.0153589
0.0149504
0.0145139
0.0140623
0.013606
0.0131528
0.0127089
0.0122787
0.0118654
0.0114713
0.0110976
0.010745
0.0104139
0.0101037
0.00981419
0.00954432
0.00929349
0.0167506
0.0166207
0.016383
0.0160591
0.01567
0.0152344
0.0147691
0.0142874
0.0138006
0.0133169
0.0128429
0.0123834
0.011942
0.0115208
0.0111216
0.0107448
0.0103909
0.0100595
0.00975016
0.0094618
0.00919383
0.0171991
0.0170598
0.0168049
0.0164575
0.0160399
0.0155725
0.0150729
0.0145556
0.0140324
0.0135125
0.0130027
0.0125084
0.0120333
0.01158
0.0111501
0.0107445
0.0103634
0.0100065
0.00967344
0.00936293
0.00907443
0.0177188
0.0175687
0.0172939
0.0169194
0.0164692
0.015965
0.0154259
0.0148674
0.0143022
0.0137401
0.0131888
0.012654
0.0121397
0.0116489
0.0111833
0.0107439
0.0103312
0.00994452
0.00958371
0.00924729
0.00893477
0.0183101
0.0181479
0.0178508
0.0174458
0.0169586
0.0164129
0.0158289
0.0152237
0.0146107
0.0140007
0.013402
0.0128208
0.0122617
0.0117279
0.0112215
0.0107434
0.0102942
0.00987333
0.00948061
0.00911437
0.00877421
0.018974
0.0187984
0.0184765
0.0180375
0.0175093
0.0169173
0.0162833
0.0156257
0.0149591
0.0142952
0.0136432
0.0130098
0.0124001
0.0118177
0.011265
0.010743
0.0102524
0.00979272
0.00936374
0.00896358
0.00859197
0.0197118
0.0195214
0.0191724
0.0186961
0.0181228
0.0174797
0.0167906
0.016075
0.015349
0.0146252
0.0139137
0.013222
0.0125558
0.011919
0.0113143
0.010743
0.0102059
0.00970251
0.00923269
0.0087943
0.0083872
0.0205245
0.0203182
0.0199397
0.0194231
0.0188007
0.018102
0.0173525
0.0165734
0.0157821
0.0149924
0.0142152
0.013459
0.01273
0.0120327
0.0113702
0.0107439
0.0101549
0.00960259
0.00908708
0.00860587
0.00815901
0.0214137
0.0211903
0.0207802
0.0202201
0.0195448
0.018786
0.0179712
0.0171231
0.0162605
0.0153986
0.0145494
0.0137222
0.0129241
0.01216
0.0114335
0.0107462
0.0100996
0.00949296
0.00892659
0.00839768
0.00790651
0.0223806
0.022139
0.0216953
0.0210889
0.0203571
0.0195339
0.0186488
0.0177262
0.0167865
0.0158462
0.0149185
0.0140137
0.0131398
0.0123023
0.0115053
0.0107508
0.0100405
0.00937374
0.00875102
0.00816919
0.0076288
0.0234266
0.0231658
0.0226867
0.0220312
0.0212396
0.020348
0.0193878
0.0183854
0.0173627
0.0163377
0.0153249
0.0143358
0.0133792
0.0124614
0.0115871
0.0107587
0.00997832
0.00924525
0.0085603
0.00791996
0.00732508
0.0245526
0.0242718
0.0237556
0.023049
0.0221944
0.0212306
0.0201908
0.0191033
0.0179919
0.0168758
0.0157713
0.0146909
0.0136445
0.0126392
0.0116806
0.0107713
0.009914
0.00910802
0.00835455
0.00764967
0.00699464
0.0257596
0.0254582
0.0249036
0.0241437
0.0232236
0.022184
0.0210605
0.019883
0.0186771
0.0174638
0.0162609
0.015082
0.0139385
0.0128383
0.0117878
0.0107903
0.00984878
0.00896286
0.00813412
0.00735821
0.00663692
0.0270483
0.0267257
0.0261318
0.025317
0.024329
0.0232107
0.0219996
0.0207275
0.0194217
0.0181051
0.0167969
0.0155125
0.0142644
0.0130615
0.0119113
0.0108176
0.00978427
0.00881089
0.00789963
0.00704572
0.00625153
0.0284189
0.0280749
0.0274409
0.0265702
0.0255127
0.0243132
0.0230111
0.0216401
0.0202293
0.0188034
0.0173833
0.015986
0.0146255
0.013312
0.0120539
0.0108559
0.00972249
0.00865362
0.00765205
0.00671261
0.00583835
0.0298715
0.029506
0.0288318
0.0279045
0.0267763
0.0254938
0.024098
0.0226243
0.0211037
0.0195627
0.0180242
0.0165068
0.0150261
0.0135936
0.0122191
0.010908
0.00966593
0.00849298
0.00739276
0.00635965
0.00539754
0.0314056
0.0310188
0.0303045
0.0293208
0.0281216
0.0267549
0.0252632
0.0236836
0.0220489
0.0203875
0.0187242
0.0170794
0.0154706
0.0139106
0.0124109
0.0109776
0.0096176
0.00833142
0.00712356
0.00598801
0.00492964
0.0330203
0.0326127
0.0318592
0.0308198
0.0295499
0.0280986
0.0265097
0.0248217
0.0230692
0.0212824
0.0194883
0.017709
0.0159641
0.014268
0.0126337
0.0110687
0.00958111
0.00817194
0.00684682
0.00559936
0.00443558
0.0347142
0.0342867
0.0334953
0.0324017
0.0310624
0.029527
0.0278405
0.0260424
0.0241692
0.0222527
0.020322
0.0184013
0.0165123
0.0146712
0.0128929
0.0111862
0.00956076
0.0080182
0.00656548
0.0051959
0.00391681
0.0364856
0.0360392
0.035212
0.0340665
0.0326599
0.031042
0.0292584
0.0273496
0.0253534
0.0233035
0.0212311
0.0191625
0.0171216
0.0151266
0.0131945
0.0113357
0.00956157
0.00787456
0.0062832
0.00478047
0.00337534
0.038332
0.0378683
0.0370078
0.0358137
0.034343
0.0326453
0.0307663
0.028747
0.0266267
0.0244406
0.022222
0.0199992
0.0177988
0.015641
0.0135453
0.0115235
0.00958939
0.00774621
0.00600437
0.00435664
0.00281383
0.0402507
0.0397715
0.0388809
0.0376423
0.0361119
0.0343383
0.0323668
0.0302386
0.0279941
0.0256699
0.0233013
0.0209189
0.0185517
0.0162222
0.0139527
0.0117569
0.00965095
0.00763921
0.00573426
0.00392876
0.0022357
0.042238
0.0417456
0.0408291
0.0395511
0.0379664
0.036122
0.0340623
0.0318282
0.0294607
0.0269976
0.0244764
0.0219294
0.0193886
0.0168789
0.0144254
0.0120442
0.00975401
0.00756061
0.00547909
0.00350212
0.00164517
0.0442902
0.0437873
0.0428494
0.0415381
0.0399058
0.0379971
0.035855
0.0335194
0.0310316
0.0284303
0.0257546
0.0230391
0.0203185
0.0176203
0.0149729
0.0123946
0.00990736
0.00751854
0.00524615
0.003083
0.00104747
0.0464028
0.0458923
0.0449386
0.043601
0.041929
0.039964
0.0377467
0.0353156
0.0327118
0.0299743
0.0271439
0.024257
0.0213513
0.0184568
0.0156056
0.0128185
0.010121
0.00752232
0.0050439
0.00267881
0.000448829
0.0485708
0.0480561
0.0470928
0.045737
0.0440344
0.0420225
0.0397389
0.0372201
0.0345063
0.0316364
0.0286525
0.0255927
0.0224974
0.0193996
0.016335
0.0133273
0.010406
0.00758255
0.00488205
0.00229823
-0.000143299
0.0507889
0.0502738
0.0493076
0.0479425
0.0462198
0.0441718
0.0418327
0.0392358
0.03642
0.0334234
0.0302889
0.027056
0.0237681
0.0204608
0.0171738
0.0139339
0.0107751
0.00771121
0.00477178
0.00195131
-0.000720158
0.0530512
0.0525397
0.0515781
0.0502138
0.0484824
0.0464108
0.0440285
0.0413652
0.0384574
0.0353417
0.0320616
0.0286575
0.0251753
0.0216534
0.0181357
0.0146524
0.0112422
0.00792182
0.00472576
0.0016496
-0.00127152
0.0553518
0.0548481
0.053899
0.0525462
0.050819
0.0487376
0.0463264
0.0436102
0.0406226
0.0373979
0.0339794
0.0304077
0.0267314
0.0229913
0.0192357
0.0154982
0.0118229
0.0082295
0.00475835
0.00140637
-0.00178555
0.0576839
0.0571928
0.0562647
0.0549348
0.0532256
0.0511498
0.0487257
0.0459723
0.0429195
0.0395982
0.0360507
0.0323176
0.0284494
0.0244892
0.0204897
0.016488
0.0125341
0.00865113
0.00488574
0.00123669
-0.0022486
0.0600411
0.0595672
0.0586688
0.0573742
0.0556978
0.0536442
0.0512249
0.0484522
0.045351
0.0419482
0.0382842
0.0343984
0.0303429
0.0261627
0.0219149
0.0176402
0.0133947
0.00920542
0.00512608
0.00115764
-0.00264506
0.0624162
0.0619644
0.0611051
0.0598583
0.0582304
0.0562169
0.0538218
0.0510498
0.0479198
0.0444533
0.0406879
0.036661
0.0324257
0.0280281
0.0235295
0.0189743
0.0144252
0.0099131
0.00549965
0.0011885
-0.00295713
0.0648022
0.0643776
0.0635665
0.0623807
0.0608177
0.0588635
0.0565136
0.0537641
0.0506272
0.0471177
0.0432694
0.0391163
0.0347118
0.0301022
0.025353
0.0205117
0.0156479
0.0107969
0.00602901
0.00135095
-0.00316463
0.0671921
0.0667995
0.0660462
0.0649347
0.0634534
0.0615784
0.0592963
0.0565933
0.053474
0.0499452
0.0460357
0.0417749
0.0372151
0.0324024
0.0274055
0.0222748
0.017087
0.011882
0.00673919
0.00166927
-0.00324472
0.0695785
0.069223
0.0685368
0.0675131
0.0661309
0.0643559
0.062165
0.0595344
0.0564596
0.0529383
0.0489928
0.0446465
0.0399496
0.0349463
0.0297081
0.0242876
0.0187686
0.0131955
0.00765785
0.00217056
-0.00317165
0.0719544
0.0716408
0.071031
0.0701085
0.0688428
0.0671889
0.0651142
0.0625834
0.0595824
0.0560983
0.0521457
0.0477403
0.0429287
0.0377516
0.0322826
0.0265753
0.0207205
0.0147672
0.00881543
0.00288504
-0.00291645
0.0743128
0.0740459
0.0735213
0.0727133
0.0715813
0.0700702
0.068137
0.065735
0.0628392
0.0594251
0.055498
0.0510642
0.046165
0.040836
0.0351511
0.0291643
0.0229726
0.0166292
0.0102454
0.00384622
-0.00244666
0.076647
0.0764313
0.0760003
0.0753194
0.0743383
0.0729916
0.071226
0.0689828
0.0662256
0.062917
0.0590518
0.0546248
0.0496702
0.0442163
0.0383361
0.0320818
0.0255564
0.0188162
0.0119842
0.00509127
-0.00172589
0.0789504
0.07879
0.0784607
0.0779192
0.0771054
0.0759445
0.0743724
0.072319
0.0697354
0.0665708
0.0628074
0.058427
0.0534545
0.0479089
0.0418598
0.0353561
0.0285049
0.0213654
0.0140718
0.00666123
-0.000713488
0.0812167
0.0811156
0.0808953
0.0805046
0.0798738
0.0789195
0.077567
0.0757348
0.0733611
0.070381
0.0667628
0.0624736
0.0575265
0.0519287
0.0457439
0.0390153
0.0318526
0.0243163
0.0165514
0.00860134
0.000635932
0.0834403
0.0834017
0.083297
0.0830677
0.0826347
0.081907
0.0807994
0.0792199
0.0770934
0.0743405
0.0709141
0.0667652
0.0618924
0.0562889
0.0500091
0.0430881
0.0356353
0.027711
0.0194697
0.0109613
0.00237291
0.0856154
0.0856424
0.0856591
0.0856009
0.0853792
0.0848969
0.0840588
0.0827632
0.0809214
0.0784398
0.0752547
0.0712996
0.0665561
0.0610004
0.0546746
0.0476022
0.0398893
0.0315935
0.0228768
0.0137956
0.00455365
0.0877372
0.0878321
0.0879753
0.0880965
0.0880984
0.0878791
0.0873335
0.0863522
0.0848324
0.0826675
0.0797754
0.0760717
0.0715179
0.0660714
0.0597573
0.0525844
0.0446511
0.0360096
0.0268264
0.0171635
0.00724047
0.089801
0.0899659
0.0902396
0.0905473
0.0907835
0.090843
0.0906116
0.0899737
0.0888125
0.08701
0.0844641
0.0810731
0.0767751
0.0715067
0.0652712
0.0580596
0.0499568
0.0410065
0.0313753
0.0211296
0.0105023
0.0918027
0.0920389
0.0924464
0.0929465
0.0934259
0.0937782
0.0938805
0.0936134
0.0928461
0.0914513
0.0893059
0.0862921
0.0823206
0.077307
0.0712265
0.0640499
0.0558411
0.0466322
0.0365831
0.0257634
0.0144153
0.0937387
0.0940471
0.0945905
0.0952874
0.0960173
0.0966742
0.0971277
0.0972564
0.0969165
0.0959737
0.0942832
0.0917129
0.088143
0.0834681
0.0776288
0.0705736
0.0623364
0.0529344
0.0425118
0.0311398
0.0190632
0.0956058
0.0959867
0.0966675
0.097564
0.0985499
0.0995211
0.10034
0.100887
0.101006
0.100557
0.0993754
0.0973161
0.0942261
0.0899807
0.0844782
0.0776443
0.0694714
0.0599593
0.0492244
0.0373377
0.024537
0.0974016
0.0978547
0.0986733
0.0997709
0.101016
0.102309
0.103506
0.104491
0.105096
0.105181
0.104559
0.103078
0.100549
0.0968294
0.0917682
0.0852693
0.0772697
0.0677511
0.0567844
0.04444
0.0309347
0.0991238
0.0996485
0.100604
0.101903
0.10341
0.105028
0.106613
0.108051
0.109166
0.109822
0.109809
0.108973
0.107085
0.103992
0.0994845
0.0934483
0.0857478
0.0763492
0.065254
0.0525331
0.0383597
0.100771
0.101366
0.102458
0.103956
0.105724
0.10767
0.109648
0.111551
0.113198
0.114455
0.115097
0.114968
0.113802
0.111439
0.107605
0.102172
0.0949134
0.0857869
0.0746928
0.0617083
0.0469265
0.102342
0.103005
0.104231
0.105926
0.107953
0.110227
0.112602
0.114978
0.117172
0.119056
0.120394
0.121029
0.120665
0.119135
0.116098
0.11142
0.104765
0.0960898
0.0851557
0.072064
0.0567716
0.103835
0.104565
0.105922
0.10781
0.110092
0.112691
0.115462
0.118316
0.121068
0.123601
0.125669
0.127121
0.127633
0.127037
0.124927
0.121164
0.115293
0.107277
0.0966928
0.0836995
0.068045
0.105251
0.106046
0.10753
0.109606
0.112138
0.115057
0.118221
0.121552
0.12487
0.128066
0.130893
0.133206
0.134664
0.135095
0.134043
0.13136
0.126468
0.119344
0.109329
0.0966762
0.0808133
0.10659
0.107446
0.109053
0.11131
0.114086
0.117318
0.120869
0.124674
0.128557
0.132423
0.136029
0.139237
0.141697
0.143237
0.143362
0.141909
0.138198
0.132196
0.122993
0.110923
0.0949218
0.107852
0.108765
0.110489
0.112919
0.115929
0.119462
0.123391
0.127658
0.1321
0.136634
0.141024
0.145143
0.148645
0.15135
0.15275
0.152652
0.150313
0.145643
0.137539
0.126305
0.110263
0.109039
0.110006
0.11184
0.114432
0.117663
0.121483
0.125773
0.130488
0.135475
0.140669
0.145846
0.150895
0.155477
0.159423
0.162218
0.163657
0.162956
0.159979
0.153486
0.143746
0.128469
)
;

boundaryField
{
    inlet
    {
        type            zeroGradient;
    }
    outlet
    {
        type            fixedValue;
        value           nonuniform 0();
    }
    cylinder
    {
        type            zeroGradient;
    }
    top
    {
        type            symmetryPlane;
    }
    bottom
    {
        type            symmetryPlane;
    }
    frontAndBack
    {
        type            empty;
    }
    procBoundary0to1
    {
        type            processor;
        value           nonuniform List<scalar> 
216
(
0.207524
0.217483
0.227252
0.236826
0.236826
0.250603
0.260316
0.269813
0.269813
0.286032
0.295617
0.304936
0.313976
0.313976
0.331264
0.340282
0.348961
0.357289
0.357289
0.375855
0.383968
0.391666
0.398936
0.405764
0.405764
0.425149
0.431484
0.437315
0.442629
0.447417
0.45167
0.455379
0.458538
0.461139
0.463176
0.464646
0.464646
0.481516
0.481896
0.48166
0.480808
0.479339
0.477254
0.458819
0.458819
0.455681
0.451974
0.447701
0.442868
0.437481
0.431546
0.425073
0.418069
0.410544
0.402509
0.381997
0.381997
0.373501
0.364559
0.355183
0.345386
0.325904
0.325904
0.315927
0.305591
0.294911
0.276873
0.276873
0.266206
0.255254
0.237972
0.237972
0.227102
0.215998
0.201359
0.201359
0.190401
0.179232
0.16786
0.162349
0.145286
0.131261
0.118146
0.106304
0.0959412
0.0869162
0.0790297
0.0721333
0.0661135
0.060869
0.0563059
0.0523399
0.0488965
0.0459102
0.0433239
0.0410872
0.0391561
0.0374924
0.0360625
0.034837
0.0337901
0.0328995
0.0321452
0.0315098
0.0309779
0.030536
0.0301719
0.029875
0.0296359
0.0294462
0.0292985
0.0291861
0.0291032
0.0290447
0.0290061
0.0289834
0.0289731
0.0289723
0.0289784
0.0289892
0.0290028
0.0290179
0.0290331
0.0290475
0.0290605
0.0290714
0.0290801
0.0290863
0.0290901
0.0290917
0.0290912
0.029089
0.0290855
0.0290812
0.0290766
0.029072
0.0290681
0.0290651
0.0290634
0.208046
0.208046
0.199103
0.189985
0.180689
0.171004
0.182075
0.182075
0.131005
0.131005
0.115789
0.127121
0.137975
0.14863
0.159095
0.16936
0.16936
0.00929642
0.0092719
0.00922394
0.00915321
0.00906001
0.00894423
0.00880551
0.00864323
0.0084566
0.00824468
0.00800641
0.00774065
0.0074462
0.00712186
0.00676647
0.00637889
0.00595812
0.00550327
0.00501368
0.00448889
0.00392877
0.00333354
0.00270385
0.00204086
0.00134629
0.000622542
-0.000127223
-0.000898981
-0.00168774
-0.00248739
-0.00329062
-0.00408873
-0.00487149
-0.00562697
-0.00634135
-0.00699872
-0.00758081
-0.0080668
-0.00843297
-0.00865241
-0.00869466
-0.00852525
-0.00810526
-0.00739078
-0.00633229
-0.00487398
-0.00295302
-0.000498788
0.00256807
0.0063367
0.0109068
0.016388
0.0228974
0.0305641
0.0395558
0.0500986
0.0623496
0.0760708
0.0908565
0.109196
)
;
    }
}


// ************************************************************************* //
