/*--------------------------------*- C++ -*----------------------------------*\
  =========                 |
  \\      /  F ield         | OpenFOAM: The Open Source CFD Toolbox
   \\    /   O peration     | Website:  https://openfoam.org
    \\  /    A nd           | Version:  7
     \\/     M anipulation  |
\*---------------------------------------------------------------------------*/
FoamFile
{
    version     2.0;
    format      ascii;
    class       volScalarField;
    location    "300";
    object      p;
}
// * * * * * * * * * * * * * * * * * * * * * * * * * * * * * * * * * * * * * //

dimensions      [0 2 -2 0 0 0 0];

internalField   nonuniform List<scalar> 
7156
(
-0.404179
-0.40461
-0.405055
-0.40556
-0.40616
-0.406882
-0.407743
-0.408755
-0.409924
-0.411252
-0.412743
-0.414398
-0.416219
-0.418208
-0.420367
-0.422699
-0.425202
-0.427879
-0.430734
-0.433688
-0.436743
-0.400746
-0.401171
-0.401593
-0.402056
-0.402596
-0.403237
-0.403996
-0.404883
-0.405903
-0.407057
-0.408347
-0.409772
-0.411333
-0.41303
-0.414862
-0.416829
-0.418928
-0.421159
-0.423526
-0.42594
-0.428406
-0.397325
-0.397743
-0.39814
-0.398562
-0.39904
-0.3996
-0.400256
-0.401016
-0.401885
-0.402864
-0.403951
-0.405145
-0.406443
-0.407844
-0.409345
-0.410944
-0.412635
-0.414416
-0.416289
-0.418156
-0.420023
-0.393925
-0.394334
-0.394706
-0.395085
-0.395501
-0.395979
-0.396531
-0.397165
-0.397884
-0.398686
-0.399569
-0.40053
-0.401565
-0.402669
-0.403838
-0.405066
-0.406347
-0.407675
-0.409053
-0.41037
-0.411633
-0.390552
-0.390951
-0.391298
-0.391633
-0.391988
-0.392383
-0.392832
-0.39334
-0.393908
-0.394534
-0.395214
-0.395943
-0.396714
-0.397521
-0.398357
-0.399216
-0.400086
-0.400962
-0.401847
-0.402616
-0.403273
-0.387214
-0.387603
-0.387923
-0.388215
-0.388509
-0.388823
-0.389169
-0.389551
-0.38997
-0.390421
-0.390899
-0.391396
-0.391905
-0.392416
-0.392922
-0.393413
-0.393876
-0.394303
-0.394699
-0.394924
-0.394979
-0.383919
-0.384296
-0.38459
-0.384839
-0.385072
-0.385305
-0.38555
-0.385808
-0.386079
-0.386357
-0.386634
-0.386902
-0.387151
-0.38737
-0.387549
-0.387675
-0.387736
-0.38772
-0.387634
-0.387325
-0.386784
-0.380672
-0.381037
-0.381305
-0.381512
-0.381684
-0.381839
-0.381983
-0.38212
-0.382245
-0.382351
-0.382431
-0.382473
-0.382466
-0.382396
-0.382253
-0.382021
-0.381685
-0.381235
-0.380678
-0.379845
-0.37872
-0.377481
-0.377833
-0.378075
-0.37824
-0.378354
-0.37843
-0.378477
-0.378494
-0.378476
-0.378415
-0.3783
-0.37812
-0.377861
-0.377508
-0.377048
-0.376465
-0.375742
-0.374867
-0.373851
-0.372509
-0.370815
-0.374351
-0.37469
-0.374906
-0.375031
-0.375087
-0.375088
-0.375039
-0.374938
-0.37478
-0.374555
-0.37425
-0.373852
-0.373347
-0.372717
-0.371948
-0.371022
-0.369921
-0.368634
-0.367173
-0.36534
-0.363094
-0.371287
-0.371615
-0.371805
-0.37189
-0.37189
-0.371817
-0.371675
-0.37146
-0.371165
-0.370779
-0.370289
-0.369679
-0.368933
-0.368033
-0.366963
-0.365704
-0.364237
-0.362551
-0.360662
-0.358357
-0.355579
-0.368296
-0.368611
-0.368776
-0.368823
-0.368769
-0.368624
-0.368391
-0.368065
-0.367638
-0.367096
-0.366425
-0.365608
-0.364628
-0.363466
-0.362103
-0.360522
-0.358702
-0.356631
-0.354331
-0.351576
-0.34829
-0.365382
-0.365684
-0.365826
-0.365835
-0.365729
-0.365515
-0.365194
-0.36476
-0.364204
-0.36351
-0.362664
-0.361647
-0.360439
-0.359023
-0.357378
-0.355485
-0.353324
-0.350885
-0.348193
-0.345012
-0.341242
-0.36284
-0.362959
-0.362931
-0.362774
-0.362493
-0.362087
-0.36155
-0.360868
-0.360028
-0.359012
-0.3578
-0.356373
-0.354711
-0.352793
-0.350601
-0.348114
-0.345322
-0.342258
-0.338674
-0.334447
-0.360082
-0.360178
-0.360116
-0.35991
-0.359565
-0.359077
-0.358438
-0.357636
-0.356654
-0.355473
-0.354074
-0.352435
-0.350535
-0.348355
-0.345875
-0.343076
-0.339948
-0.336532
-0.332572
-0.327916
-0.357416
-0.35749
-0.357394
-0.357141
-0.356733
-0.356166
-0.35543
-0.354511
-0.353392
-0.352053
-0.350472
-0.348629
-0.346501
-0.344069
-0.341313
-0.338216
-0.33477
-0.331022
-0.32671
-0.321654
-0.354845
-0.354897
-0.354768
-0.354469
-0.354001
-0.353358
-0.352529
-0.351498
-0.350246
-0.348754
-0.346998
-0.344958
-0.342611
-0.339937
-0.336918
-0.333538
-0.32979
-0.32573
-0.321093
-0.315665
-0.352371
-0.352402
-0.352242
-0.3519
-0.351374
-0.350657
-0.349737
-0.348598
-0.347219
-0.345579
-0.343656
-0.341427
-0.338869
-0.335964
-0.332693
-0.329043
-0.325011
-0.320658
-0.315721
-0.30995
-0.349998
-0.35001
-0.349819
-0.349434
-0.348852
-0.348065
-0.347059
-0.345815
-0.344314
-0.342532
-0.340447
-0.338036
-0.335277
-0.33215
-0.328639
-0.324733
-0.320432
-0.315807
-0.310594
-0.304509
-0.34773
-0.347722
-0.347502
-0.347076
-0.346441
-0.345586
-0.344495
-0.343151
-0.341532
-0.339615
-0.337375
-0.334789
-0.331837
-0.328497
-0.324758
-0.320609
-0.316054
-0.311174
-0.30571
-0.299338
-0.345542
-0.345293
-0.344828
-0.344141
-0.34322
-0.34205
-0.340609
-0.338877
-0.336828
-0.33444
-0.331687
-0.328549
-0.325007
-0.32105
-0.316669
-0.311875
-0.306757
-0.301065
-0.294431
-0.343472
-0.343196
-0.342692
-0.341955
-0.340971
-0.339723
-0.338191
-0.33635
-0.334176
-0.331645
-0.328732
-0.325416
-0.321681
-0.317515
-0.312915
-0.307895
-0.302554
-0.296655
-0.289783
-0.341514
-0.341211
-0.34067
-0.339885
-0.338841
-0.337519
-0.335897
-0.333952
-0.331659
-0.328991
-0.325925
-0.32244
-0.318519
-0.314154
-0.309345
-0.30411
-0.29856
-0.292477
-0.285384
-0.339671
-0.339342
-0.338765
-0.337933
-0.33683
-0.335437
-0.333731
-0.331687
-0.329279
-0.326481
-0.323268
-0.319621
-0.315522
-0.310967
-0.305958
-0.300519
-0.294774
-0.288526
-0.281224
-0.33759
-0.336978
-0.336101
-0.334942
-0.333481
-0.331694
-0.329555
-0.327038
-0.324115
-0.320764
-0.316961
-0.312693
-0.307956
-0.302756
-0.297121
-0.291189
-0.284795
-0.277286
-0.335956
-0.335311
-0.334391
-0.333178
-0.331652
-0.329788
-0.327559
-0.324938
-0.321898
-0.318413
-0.314464
-0.310034
-0.305122
-0.299738
-0.293915
-0.287803
-0.281275
-0.273522
-0.334443
-0.333765
-0.332803
-0.33154
-0.329952
-0.328014
-0.3257
-0.322981
-0.319829
-0.31622
-0.31213
-0.307547
-0.302468
-0.296907
-0.2909
-0.284614
-0.277958
-0.269891
-0.333051
-0.332341
-0.33134
-0.330028
-0.328381
-0.326375
-0.323981
-0.321169
-0.317913
-0.314186
-0.309964
-0.305235
-0.299997
-0.294265
-0.288081
-0.281626
-0.274878
-0.266452
-0.331042
-0.330002
-0.328644
-0.326942
-0.324872
-0.322402
-0.319505
-0.316151
-0.312314
-0.307969
-0.303101
-0.297711
-0.291815
-0.285458
-0.278846
-0.272093
-0.263292
-0.329866
-0.328791
-0.327389
-0.325636
-0.323505
-0.320966
-0.31799
-0.314546
-0.310606
-0.306147
-0.30115
-0.295615
-0.28956
-0.283033
-0.276241
-0.269192
-0.260595
-0.328817
-0.327706
-0.326264
-0.324463
-0.322277
-0.319675
-0.316626
-0.3131
-0.309067
-0.304501
-0.299385
-0.293714
-0.287506
-0.28081
-0.273843
-0.266574
-0.25797
-0.327892
-0.326749
-0.325269
-0.323424
-0.321187
-0.318528
-0.315413
-0.311813
-0.307696
-0.303034
-0.297808
-0.292011
-0.285656
-0.278795
-0.271654
-0.264198
-0.255451
-0.325919
-0.324404
-0.322519
-0.320237
-0.317525
-0.314353
-0.310687
-0.306495
-0.301748
-0.296423
-0.290509
-0.284017
-0.276993
-0.269675
-0.262033
-0.253062
-0.325216
-0.323668
-0.321747
-0.319424
-0.316668
-0.313445
-0.309721
-0.305465
-0.300643
-0.29523
-0.289211
-0.28259
-0.275408
-0.267909
-0.260076
-0.2508
-0.324637
-0.32306
-0.321108
-0.318749
-0.315953
-0.312687
-0.308915
-0.304603
-0.299718
-0.294228
-0.288116
-0.281378
-0.274044
-0.266359
-0.258329
-0.248665
-0.322579
-0.320598
-0.318209
-0.31538
-0.312077
-0.308265
-0.303907
-0.298969
-0.293416
-0.287222
-0.280378
-0.272899
-0.265029
-0.256794
-0.246655
-0.322221
-0.320215
-0.3178
-0.314943
-0.31161
-0.307766
-0.303373
-0.298392
-0.292786
-0.286524
-0.279586
-0.271972
-0.263916
-0.255476
-0.244772
-0.321984
-0.319956
-0.317519
-0.314639
-0.311283
-0.307414
-0.302993
-0.29798
-0.292333
-0.286014
-0.278995
-0.271257
-0.263017
-0.254375
-0.243016
-0.319816
-0.31736
-0.314462
-0.311089
-0.307201
-0.30276
-0.297723
-0.292045
-0.285682
-0.278594
-0.270744
-0.262325
-0.25349
-0.241391
-0.319789
-0.317317
-0.314406
-0.311019
-0.307119
-0.302664
-0.297611
-0.291911
-0.285513
-0.278369
-0.270421
-0.261828
-0.252815
-0.239898
-0.317385
-0.314462
-0.311065
-0.307157
-0.302694
-0.297631
-0.291916
-0.285493
-0.278305
-0.27027
-0.261512
-0.252341
-0.238539
-0.317554
-0.314622
-0.311219
-0.307305
-0.302838
-0.297771
-0.292048
-0.285607
-0.278384
-0.270276
-0.261362
-0.252051
-0.237314
-0.314878
-0.311469
-0.307553
-0.303085
-0.298016
-0.29229
-0.285839
-0.27859
-0.270422
-0.261363
-0.25193
-0.236225
-0.31522
-0.311807
-0.307888
-0.303421
-0.298354
-0.292629
-0.286175
-0.278911
-0.270696
-0.261507
-0.251958
-0.235283
-0.315638
-0.31222
-0.308301
-0.303835
-0.298773
-0.293054
-0.286604
-0.279336
-0.27109
-0.261798
-0.252133
-0.234525
-0.312701
-0.30878
-0.304317
-0.299262
-0.293553
-0.287116
-0.279861
-0.271605
-0.262251
-0.252469
-0.234044
-0.313238
-0.309316
-0.304856
-0.29981
-0.294118
-0.287707
-0.280485
-0.272249
-0.262895
-0.252948
-0.233836
-0.309899
-0.305443
-0.300409
-0.294742
-0.288374
-0.281218
-0.273053
-0.263805
-0.25348
-0.233484
-0.310522
-0.30607
-0.301052
-0.295419
-0.289114
-0.282069
-0.274081
-0.265176
-0.254276
-0.233144
-0.30673
-0.30173
-0.296139
-0.289919
-0.283038
-0.275364
-0.267194
-0.256566
-0.238754
-0.302436
-0.296894
-0.290773
-0.28409
-0.276808
-0.269564
-0.260979
-0.262147
-0.303162
-0.297671
-0.291653
-0.28517
-0.278267
-0.271851
-0.264437
-0.269721
-0.298457
-0.292535
-0.286233
-0.279637
-0.273777
-0.266852
-0.27243
-0.299241
-0.2934
-0.287243
-0.280872
-0.275331
-0.268617
-0.273636
-0.294231
-0.288176
-0.281948
-0.276541
-0.269853
-0.273795
-0.289016
-0.282853
-0.277436
-0.270646
-0.273254
-0.289753
-0.283588
-0.278052
-0.271087
-0.272302
-0.284158
-0.27843
-0.271253
-0.271119
-0.278604
-0.271203
-0.269817
-0.270982
-0.268464
-0.270625
-0.267098
-0.265742
-0.447001
-0.456985
-0.451351
-0.467717
-0.46051
-0.455853
-0.470641
-0.464048
-0.460507
-0.477501
-0.473514
-0.467572
-0.465296
-0.482603
-0.479559
-0.476307
-0.471048
-0.470186
-0.483963
-0.481515
-0.478984
-0.474425
-0.475111
-0.486582
-0.485246
-0.483355
-0.481504
-0.477635
-0.479945
-0.487882
-0.487313
-0.486452
-0.485067
-0.483817
-0.480591
-0.484465
-0.488191
-0.48802
-0.487589
-0.486648
-0.485876
-0.483189
-0.488314
-0.488209
-0.488521
-0.488717
-0.488672
-0.488105
-0.487631
-0.485303
-0.490937
-0.488266
-0.488886
-0.489421
-0.489722
-0.489465
-0.489064
-0.486726
-0.490199
-0.487602
-0.488391
-0.489299
-0.490151
-0.49077
-0.490791
-0.490316
-0.487634
-0.47893
-0.486813
-0.487564
-0.488592
-0.489772
-0.490926
-0.491853
-0.492169
-0.491638
-0.489682
-0.478383
-0.486669
-0.487619
-0.488876
-0.490316
-0.491762
-0.493001
-0.493672
-0.493305
-0.492566
-0.481953
-0.485893
-0.486627
-0.487771
-0.489246
-0.490936
-0.492667
-0.494224
-0.495295
-0.495253
-0.495525
-0.485586
-0.485782
-0.486686
-0.488016
-0.489703
-0.491633
-0.493643
-0.495519
-0.496997
-0.497351
-0.49839
-0.489053
-0.48517
-0.485767
-0.486839
-0.488354
-0.490245
-0.492407
-0.494688
-0.496878
-0.498753
-0.49954
-0.501228
-0.492666
-0.485088
-0.485843
-0.487082
-0.488777
-0.490867
-0.493254
-0.495795
-0.498293
-0.500549
-0.501794
-0.50406
-0.49644
-0.484662
-0.485085
-0.485999
-0.487406
-0.489279
-0.491563
-0.494168
-0.49696
-0.499755
-0.502376
-0.504087
-0.506867
-0.500284
-0.484572
-0.48515
-0.486226
-0.487799
-0.489849
-0.492323
-0.495139
-0.498173
-0.501255
-0.504223
-0.506397
-0.50963
-0.504133
-0.484536
-0.485272
-0.48651
-0.488252
-0.490476
-0.493137
-0.496158
-0.499425
-0.502782
-0.506078
-0.508702
-0.512343
-0.507945
-0.48413
-0.484542
-0.485438
-0.48684
-0.488749
-0.491147
-0.493992
-0.497211
-0.500703
-0.504323
-0.50793
-0.510988
-0.514999
-0.511692
-0.484006
-0.484576
-0.485634
-0.4872
-0.489277
-0.491848
-0.494872
-0.498286
-0.501993
-0.505865
-0.509768
-0.513238
-0.517593
-0.515346
-0.483626
-0.483897
-0.484626
-0.485846
-0.487577
-0.489821
-0.492561
-0.495763
-0.499365
-0.503281
-0.507394
-0.511578
-0.515439
-0.520116
-0.518883
-0.483365
-0.483789
-0.484677
-0.486059
-0.487954
-0.490363
-0.493272
-0.496647
-0.500433
-0.504551
-0.508894
-0.513345
-0.517577
-0.522561
-0.522281
-0.483093
-0.48367
-0.484715
-0.486258
-0.488316
-0.490889
-0.493963
-0.497508
-0.501472
-0.505784
-0.510348
-0.515054
-0.519637
-0.524919
-0.525546
-0.482502
-0.482798
-0.483527
-0.484728
-0.48643
-0.488647
-0.49138
-0.494616
-0.498326
-0.502464
-0.506963
-0.511739
-0.516688
-0.521602
-0.527176
-0.528703
-0.48203
-0.482469
-0.483346
-0.484701
-0.486558
-0.488931
-0.491821
-0.495215
-0.499085
-0.50339
-0.508069
-0.513048
-0.518229
-0.523454
-0.529303
-0.531601
-0.481516
-0.482093
-0.483116
-0.48462
-0.486629
-0.489154
-0.492195
-0.495741
-0.499767
-0.504233
-0.509085
-0.514256
-0.519659
-0.525173
-0.53128
-0.534273
-0.480644
-0.480948
-0.48166
-0.482825
-0.484473
-0.486628
-0.489299
-0.492486
-0.496179
-0.500353
-0.504973
-0.50999
-0.515345
-0.520959
-0.526743
-0.533095
-0.53673
-0.47989
-0.480317
-0.48116
-0.48246
-0.484247
-0.486541
-0.489352
-0.492679
-0.496511
-0.500827
-0.505594
-0.510769
-0.516299
-0.522112
-0.52815
-0.534734
-0.538957
-0.479068
-0.479612
-0.480581
-0.482011
-0.48393
-0.486357
-0.4893
-0.492759
-0.496723
-0.501173
-0.506079
-0.511403
-0.517098
-0.523101
-0.529376
-0.536183
-0.540938
-0.478168
-0.478826
-0.479914
-0.481467
-0.483511
-0.486063
-0.48913
-0.492712
-0.496799
-0.501374
-0.506411
-0.511876
-0.517727
-0.523909
-0.530406
-0.537425
-0.542664
-0.476812
-0.477185
-0.47795
-0.47915
-0.480818
-0.482978
-0.485646
-0.488829
-0.492525
-0.496727
-0.501418
-0.506576
-0.512172
-0.518169
-0.524519
-0.531224
-0.538442
-0.544121
-0.475641
-0.476109
-0.476975
-0.47828
-0.480055
-0.482323
-0.485098
-0.488386
-0.492186
-0.496492
-0.50129
-0.50656
-0.512276
-0.518409
-0.524916
-0.531814
-0.53922
-0.545299
-0.474378
-0.474934
-0.475895
-0.477297
-0.47917
-0.481536
-0.484408
-0.487791
-0.491685
-0.496085
-0.500978
-0.506349
-0.512175
-0.518432
-0.525085
-0.532159
-0.53974
-0.546182
-0.472738
-0.473015
-0.473655
-0.474702
-0.476193
-0.478156
-0.48061
-0.483567
-0.487034
-0.491011
-0.495493
-0.500471
-0.505931
-0.511855
-0.518225
-0.52501
-0.532246
-0.539987
-0.546757
-0.471199
-0.471548
-0.472265
-0.473392
-0.474963
-0.477005
-0.479536
-0.482569
-0.486108
-0.490156
-0.494708
-0.499759
-0.505295
-0.511306
-0.517774
-0.524677
-0.532058
-0.539944
-0.547009
-0.469556
-0.469974
-0.470761
-0.471959
-0.473601
-0.475712
-0.47831
-0.481406
-0.485006
-0.489112
-0.493722
-0.498832
-0.504433
-0.510515
-0.517068
-0.524074
-0.531581
-0.539594
-0.546923
-0.467806
-0.468287
-0.469138
-0.470399
-0.472102
-0.474272
-0.476925
-0.480073
-0.483721
-0.487873
-0.492528
-0.497683
-0.503333
-0.509473
-0.516096
-0.523187
-0.530801
-0.538923
-0.546484
-0.465948
-0.466485
-0.467393
-0.468709
-0.470464
-0.472682
-0.475379
-0.478566
-0.48225
-0.486434
-0.491119
-0.496305
-0.501991
-0.508172
-0.514847
-0.522006
-0.529706
-0.537915
-0.545676
-0.463712
-0.463978
-0.464567
-0.465524
-0.466886
-0.468683
-0.470939
-0.473668
-0.476882
-0.480588
-0.48479
-0.489491
-0.494694
-0.500398
-0.506604
-0.513313
-0.52052
-0.528283
-0.536556
-0.544486
-0.461581
-0.461896
-0.462531
-0.463529
-0.464929
-0.466759
-0.469041
-0.471791
-0.475019
-0.478733
-0.48294
-0.487642
-0.492844
-0.49855
-0.504763
-0.511486
-0.518719
-0.52652
-0.534834
-0.542899
-0.459343
-0.459702
-0.460376
-0.461409
-0.462838
-0.464691
-0.466988
-0.469747
-0.472976
-0.476685
-0.480881
-0.485569
-0.490755
-0.496444
-0.502644
-0.50936
-0.516596
-0.52441
-0.532737
-0.540902
-0.456997
-0.457395
-0.458103
-0.459164
-0.460613
-0.462478
-0.464781
-0.467535
-0.470753
-0.474444
-0.478614
-0.483271
-0.488424
-0.494079
-0.500245
-0.506932
-0.514145
-0.521942
-0.530256
-0.538486
-0.454545
-0.454979
-0.455714
-0.456795
-0.458255
-0.460124
-0.46242
-0.465159
-0.468353
-0.47201
-0.47614
-0.48075
-0.485851
-0.491452
-0.497564
-0.504198
-0.511361
-0.519112
-0.527383
-0.535642
-0.451989
-0.452453
-0.45321
-0.454303
-0.455767
-0.457629
-0.459909
-0.462621
-0.465777
-0.469388
-0.473462
-0.478009
-0.48304
-0.488567
-0.494602
-0.501158
-0.508244
-0.515916
-0.524111
-0.532366
-0.449332
-0.449822
-0.450595
-0.451694
-0.453153
-0.454999
-0.457251
-0.459924
-0.463031
-0.46658
-0.470583
-0.47505
-0.479993
-0.485425
-0.491361
-0.497813
-0.504794
-0.512354
-0.520443
-0.528641
-0.446289
-0.446577
-0.447088
-0.447872
-0.448969
-0.450415
-0.452236
-0.454451
-0.457074
-0.460118
-0.463593
-0.467509
-0.471879
-0.476716
-0.482033
-0.487845
-0.494168
-0.501013
-0.508431
-0.516381
-0.524459
-0.443412
-0.443729
-0.444257
-0.445045
-0.446135
-0.44756
-0.449347
-0.451514
-0.454076
-0.457045
-0.460432
-0.464248
-0.468504
-0.473215
-0.478396
-0.484062
-0.490229
-0.496911
-0.504153
-0.511904
-0.519852
-0.44045
-0.440793
-0.441334
-0.442121
-0.443196
-0.444593
-0.446338
-0.448448
-0.450938
-0.453821
-0.457106
-0.460806
-0.464932
-0.469499
-0.474523
-0.480019
-0.486004
-0.492492
-0.499527
-0.507044
-0.514807
-0.437409
-0.437775
-0.438324
-0.439105
-0.44016
-0.441521
-0.443215
-0.445259
-0.447667
-0.450452
-0.453623
-0.457193
-0.461173
-0.465578
-0.470424
-0.475727
-0.481504
-0.487768
-0.494561
-0.501812
-0.509333
-0.434295
-0.43468
-0.435233
-0.436003
-0.437032
-0.438352
-0.439987
-0.441956
-0.444273
-0.446948
-0.449993
-0.453419
-0.457238
-0.461464
-0.466112
-0.4712
-0.476742
-0.482753
-0.48927
-0.49622
-0.503457
-0.431115
-0.431516
-0.432069
-0.432823
-0.43382
-0.435092
-0.436662
-0.438548
-0.440764
-0.44332
-0.446228
-0.449496
-0.453139
-0.457168
-0.4616
-0.46645
-0.471733
-0.477463
-0.483672
-0.490288
-0.4972
-0.427875
-0.428289
-0.428838
-0.429573
-0.430533
-0.431751
-0.433249
-0.435045
-0.437152
-0.439579
-0.442338
-0.445437
-0.448889
-0.452707
-0.456904
-0.461495
-0.466495
-0.471917
-0.477787
-0.484037
-0.490583
-0.424583
-0.425007
-0.425549
-0.42626
-0.427179
-0.428337
-0.429758
-0.431456
-0.433446
-0.435736
-0.438336
-0.441255
-0.444503
-0.448094
-0.452039
-0.456353
-0.461047
-0.466135
-0.471638
-0.477491
-0.483633
-0.421246
-0.421677
-0.42221
-0.422894
-0.423767
-0.424861
-0.426198
-0.427793
-0.429659
-0.431804
-0.434235
-0.436963
-0.439996
-0.443346
-0.447024
-0.451041
-0.45541
-0.460141
-0.465252
-0.470678
-0.476379
-0.417873
-0.418309
-0.418829
-0.419482
-0.420306
-0.421332
-0.42258
-0.424067
-0.425802
-0.427794
-0.43005
-0.432577
-0.435385
-0.438481
-0.441876
-0.445582
-0.449606
-0.453958
-0.458654
-0.463627
-0.468852
-0.414472
-0.41491
-0.415414
-0.416033
-0.416805
-0.417759
-0.418915
-0.420289
-0.421888
-0.423721
-0.425794
-0.428113
-0.430684
-0.433516
-0.436617
-0.439996
-0.443659
-0.447614
-0.451873
-0.45637
-0.461088
-0.41105
-0.411488
-0.411974
-0.412557
-0.413274
-0.414153
-0.415214
-0.416469
-0.417929
-0.419598
-0.421481
-0.423584
-0.425912
-0.42847
-0.431265
-0.434305
-0.437592
-0.441134
-0.444939
-0.448938
-0.453123
-0.407617
-0.408052
-0.408518
-0.409063
-0.409722
-0.410524
-0.411486
-0.412621
-0.413936
-0.415437
-0.417126
-0.419007
-0.421084
-0.423361
-0.425842
-0.428532
-0.431432
-0.434546
-0.437882
-0.441365
-0.444995
-0.445382
-0.451368
-0.458156
-0.453637
-0.442764
-0.420238
-0.393324
-0.364991
-0.343301
-0.331439
-0.332236
-0.34343
-0.435935
-0.440904
-0.44672
-0.441849
-0.431436
-0.41027
-0.385559
-0.359952
-0.341242
-0.332325
-0.33577
-0.349046
-0.426491
-0.430388
-0.435247
-0.430002
-0.420045
-0.400218
-0.37769
-0.354788
-0.339035
-0.333021
-0.339041
-0.354313
-0.417094
-0.41987
-0.423789
-0.418151
-0.408641
-0.390127
-0.369753
-0.349524
-0.336692
-0.333526
-0.342038
-0.359212
-0.407787
-0.409397
-0.4124
-0.40635
-0.397277
-0.380043
-0.361786
-0.344188
-0.334227
-0.333841
-0.344753
-0.363726
-0.398613
-0.399016
-0.401131
-0.394649
-0.386
-0.37001
-0.353824
-0.338804
-0.331654
-0.333967
-0.347176
-0.367842
-0.389607
-0.38877
-0.39003
-0.3831
-0.374859
-0.36007
-0.345902
-0.333398
-0.328983
-0.333904
-0.349301
-0.371552
-0.380802
-0.378699
-0.379141
-0.371749
-0.363899
-0.350265
-0.338052
-0.327992
-0.326227
-0.333654
-0.351123
-0.374848
-0.372231
-0.36884
-0.368506
-0.360638
-0.353161
-0.340632
-0.330306
-0.322608
-0.323396
-0.333217
-0.352638
-0.377728
-0.363916
-0.359225
-0.35816
-0.349807
-0.342684
-0.331207
-0.322692
-0.317265
-0.3205
-0.332596
-0.353846
-0.380192
-0.355882
-0.349881
-0.348137
-0.339289
-0.332501
-0.32202
-0.315233
-0.311978
-0.317547
-0.331793
-0.354746
-0.382241
-0.348143
-0.340834
-0.338462
-0.329115
-0.322643
-0.313099
-0.307952
-0.306762
-0.314544
-0.33081
-0.35534
-0.383881
-0.340716
-0.332101
-0.329158
-0.319309
-0.313132
-0.304467
-0.300865
-0.301639
-0.311488
-0.32965
-0.355632
-0.385119
-0.333608
-0.323698
-0.320241
-0.309889
-0.303988
-0.296143
-0.293983
-0.296608
-0.308395
-0.328316
-0.355627
-0.385965
-0.326827
-0.315636
-0.311725
-0.300871
-0.295226
-0.288139
-0.287319
-0.291676
-0.305269
-0.326811
-0.355332
-0.386429
-0.320375
-0.30792
-0.303616
-0.292263
-0.286856
-0.280461
-0.280907
-0.286829
-0.302109
-0.325139
-0.354754
-0.386525
-0.314255
-0.300555
-0.295919
-0.284071
-0.278881
-0.273113
-0.274726
-0.282098
-0.298919
-0.323305
-0.353902
-0.386267
-0.308465
-0.293539
-0.288633
-0.276296
-0.271298
-0.266108
-0.268771
-0.277482
-0.295699
-0.321314
-0.352787
-0.38567
-0.303002
-0.28687
-0.281756
-0.268934
-0.264103
-0.259453
-0.263046
-0.272977
-0.292453
-0.31917
-0.351417
-0.38475
-0.297863
-0.280541
-0.275282
-0.261969
-0.257302
-0.253121
-0.257566
-0.268581
-0.289183
-0.31688
-0.349805
-0.383524
-0.293045
-0.274545
-0.2692
-0.255388
-0.250926
-0.247085
-0.252317
-0.264292
-0.285889
-0.31445
-0.347963
-0.382008
-0.288544
-0.268872
-0.263497
-0.249205
-0.244907
-0.241382
-0.247288
-0.260109
-0.282574
-0.311887
-0.345903
-0.380221
-0.284358
-0.263499
-0.258163
-0.243452
-0.239204
-0.235997
-0.242474
-0.25603
-0.279241
-0.309199
-0.343637
-0.378178
-0.409546
-0.280484
-0.258397
-0.253217
-0.238047
-0.233867
-0.230912
-0.237868
-0.252052
-0.275892
-0.306393
-0.34118
-0.375899
-0.407376
-0.276921
-0.253576
-0.248619
-0.233
-0.22887
-0.226115
-0.233466
-0.248173
-0.272531
-0.303479
-0.338545
-0.3734
-0.404959
-0.273681
-0.249208
-0.244184
-0.228303
-0.224191
-0.221595
-0.229259
-0.244393
-0.269163
-0.300465
-0.335745
-0.370698
-0.402315
-0.270765
-0.245107
-0.240089
-0.223934
-0.219814
-0.217343
-0.225242
-0.240709
-0.265791
-0.297363
-0.332796
-0.367812
-0.399458
-0.268135
-0.241274
-0.236318
-0.219877
-0.215727
-0.213346
-0.221409
-0.237123
-0.262423
-0.294183
-0.329711
-0.364759
-0.396434
-0.26575
-0.237718
-0.232837
-0.216122
-0.211918
-0.209596
-0.217754
-0.233634
-0.259064
-0.290934
-0.326505
-0.361557
-0.393253
-0.263689
-0.234438
-0.229633
-0.212662
-0.208373
-0.206081
-0.214273
-0.230244
-0.25572
-0.28763
-0.323192
-0.35822
-0.389921
-0.261944
-0.231431
-0.226696
-0.209485
-0.205084
-0.202794
-0.210961
-0.226953
-0.2524
-0.284282
-0.319787
-0.354765
-0.386453
-0.260509
-0.228699
-0.224017
-0.206586
-0.202038
-0.199727
-0.207814
-0.223764
-0.249111
-0.280902
-0.316305
-0.351205
-0.382864
-0.259383
-0.226246
-0.221588
-0.203956
-0.199229
-0.196873
-0.204831
-0.22068
-0.24586
-0.2775
-0.312758
-0.347555
-0.379166
-0.258559
-0.224077
-0.2194
-0.20159
-0.19665
-0.194226
-0.202008
-0.217701
-0.242655
-0.274089
-0.30916
-0.343828
-0.375373
-0.258025
-0.222197
-0.217449
-0.199484
-0.194294
-0.19178
-0.199345
-0.214832
-0.239503
-0.27068
-0.305524
-0.340035
-0.371494
-0.257766
-0.220616
-0.215729
-0.197633
-0.192158
-0.189531
-0.196839
-0.212074
-0.236412
-0.267282
-0.30186
-0.336187
-0.36754
-0.257761
-0.219341
-0.214235
-0.196035
-0.190239
-0.187477
-0.19449
-0.209431
-0.233389
-0.263906
-0.298181
-0.332294
-0.363518
-0.257981
-0.21838
-0.212965
-0.194685
-0.188533
-0.185614
-0.192298
-0.206905
-0.230438
-0.260561
-0.294495
-0.328365
-0.359437
-0.258389
-0.217741
-0.211915
-0.193581
-0.187041
-0.183941
-0.190263
-0.204497
-0.227567
-0.257252
-0.29081
-0.324407
-0.355302
-0.380555
-0.258938
-0.21743
-0.211082
-0.192719
-0.18576
-0.182457
-0.188385
-0.202211
-0.224778
-0.253988
-0.287134
-0.320426
-0.351118
-0.37624
-0.259571
-0.217449
-0.210464
-0.192096
-0.184692
-0.18116
-0.186666
-0.200048
-0.222076
-0.250773
-0.283473
-0.316427
-0.346889
-0.371852
-0.260217
-0.217795
-0.210057
-0.191706
-0.183836
-0.180052
-0.185105
-0.198011
-0.219465
-0.247611
-0.27983
-0.312413
-0.342618
-0.367393
-0.260795
-0.218453
-0.209859
-0.191545
-0.183191
-0.179131
-0.183704
-0.1961
-0.216946
-0.244506
-0.276208
-0.308384
-0.338306
-0.362864
-0.261209
-0.219396
-0.209868
-0.191607
-0.182756
-0.178398
-0.182465
-0.194317
-0.214522
-0.241458
-0.272606
-0.304338
-0.333953
-0.358264
-0.261349
-0.220585
-0.210078
-0.191883
-0.18253
-0.177853
-0.18139
-0.192666
-0.212195
-0.23847
-0.269029
-0.300278
-0.329558
-0.353599
-0.261081
-0.221954
-0.21047
-0.192352
-0.182498
-0.17749
-0.180482
-0.191156
-0.209981
-0.235562
-0.265498
-0.296229
-0.325138
-0.348904
-0.260288
-0.223407
-0.211024
-0.192997
-0.182652
-0.177301
-0.179732
-0.189778
-0.207871
-0.232724
-0.262005
-0.292179
-0.320716
-0.344167
-0.258983
-0.224998
-0.211854
-0.193924
-0.183072
-0.177322
-0.179121
-0.188457
-0.205733
-0.229775
-0.258322
-0.287858
-0.316123
-0.339104
-0.256888
-0.226847
-0.213063
-0.195242
-0.183841
-0.177631
-0.178724
-0.187245
-0.203581
-0.226674
-0.25436
-0.283131
-0.311132
-0.333616
-0.251667
-0.227305
-0.213503
-0.196005
-0.184302
-0.177992
-0.178794
-0.186905
-0.202656
-0.225085
-0.252092
-0.280207
-0.307586
-0.329835
-0.344074
-0.234495
-0.223238
-0.211218
-0.194586
-0.18287
-0.177147
-0.178407
-0.18698
-0.203049
-0.225696
-0.252719
-0.280666
-0.307784
-0.328555
-0.341038
-0.225972
-0.219278
-0.209428
-0.194371
-0.183587
-0.178888
-0.180596
-0.18892
-0.203905
-0.224567
-0.248658
-0.27267
-0.295618
-0.3135
-0.322811
-0.221333
-0.215195
-0.206767
-0.193743
-0.184256
-0.180535
-0.182609
-0.190493
-0.204095
-0.222477
-0.243739
-0.265817
-0.283985
-0.298031
-0.304273
-0.217707
-0.210751
-0.203108
-0.192295
-0.184264
-0.18135
-0.183587
-0.190861
-0.202984
-0.219091
-0.23756
-0.255991
-0.271182
-0.281898
-0.285568
-0.213263
-0.205819
-0.198564
-0.18983
-0.183306
-0.181059
-0.183269
-0.189784
-0.200346
-0.214146
-0.229599
-0.244866
-0.257163
-0.265072
-0.266677
-0.207551
-0.200279
-0.193288
-0.186313
-0.181225
-0.179541
-0.181588
-0.18725
-0.196227
-0.207797
-0.220562
-0.23285
-0.242503
-0.248088
-0.24812
-0.200648
-0.194084
-0.187442
-0.181869
-0.178048
-0.176845
-0.178654
-0.183438
-0.190901
-0.200404
-0.210745
-0.220438
-0.227791
-0.231493
-0.230364
-0.19284
-0.1873
-0.181169
-0.176694
-0.173921
-0.17313
-0.174681
-0.178627
-0.184717
-0.192362
-0.200573
-0.208061
-0.213472
-0.215664
-0.213682
-0.184447
-0.180054
-0.17458
-0.170976
-0.169034
-0.168589
-0.169901
-0.173093
-0.177974
-0.184014
-0.190384
-0.196023
-0.199821
-0.200805
-0.198196
-0.175743
-0.172486
-0.167757
-0.164866
-0.163567
-0.163408
-0.164518
-0.167057
-0.170894
-0.175572
-0.180397
-0.184501
-0.186971
-0.18699
-0.183917
-0.166933
-0.164721
-0.160765
-0.158477
-0.157675
-0.157747
-0.158694
-0.160683
-0.163638
-0.167182
-0.170729
-0.173569
-0.174954
-0.174204
-0.17079
-0.158158
-0.156864
-0.153658
-0.151894
-0.15148
-0.151735
-0.152558
-0.154097
-0.156321
-0.158927
-0.161427
-0.163238
-0.163744
-0.162386
-0.158726
-0.14951
-0.148999
-0.146487
-0.145185
-0.145079
-0.145481
-0.14621
-0.147388
-0.149015
-0.150854
-0.152505
-0.153483
-0.153286
-0.151454
-0.147625
-0.141049
-0.141191
-0.139301
-0.138405
-0.13855
-0.139069
-0.139729
-0.140621
-0.141767
-0.142989
-0.143956
-0.144269
-0.143517
-0.141322
-0.137389
-0.132812
-0.133489
-0.132141
-0.131601
-0.131955
-0.132568
-0.133179
-0.133849
-0.134615
-0.135344
-0.135767
-0.135555
-0.134372
-0.131909
-0.127925
-0.124822
-0.125931
-0.125049
-0.124817
-0.125346
-0.126037
-0.126613
-0.127114
-0.127583
-0.127925
-0.127921
-0.127303
-0.125793
-0.123142
-0.119153
-0.117094
-0.118548
-0.11806
-0.118091
-0.118765
-0.119522
-0.120078
-0.120452
-0.120694
-0.120736
-0.120405
-0.119477
-0.117729
-0.114957
-0.111001
-0.109638
-0.111362
-0.111204
-0.111457
-0.112253
-0.113065
-0.11361
-0.113893
-0.113965
-0.113781
-0.113202
-0.112048
-0.110134
-0.107296
-0.103406
-0.102461
-0.10439
-0.104507
-0.104944
-0.10584
-0.106699
-0.107241
-0.107461
-0.107409
-0.10706
-0.106302
-0.104989
-0.10297
-0.100113
-0.0963148
-0.095566
-0.0976474
-0.0979888
-0.0985778
-0.0995536
-0.100452
-0.100998
-0.101177
-0.10104
-0.100575
-0.0996934
-0.0982764
-0.0962021
-0.093364
-0.0896798
-0.0889545
-0.0911429
-0.0916671
-0.0923786
-0.0934172
-0.0943471
-0.094901
-0.0950579
-0.0948667
-0.094325
-0.0933655
-0.0918905
-0.0898013
-0.0870127
-0.0834599
-0.082626
-0.0848834
-0.0855541
-0.0863628
-0.0874486
-0.0884038
-0.0889687
-0.089117
-0.0888957
-0.0883103
-0.0873092
-0.0858129
-0.0837414
-0.081027
-0.0776188
-0.076578
-0.0788725
-0.079659
-0.0805429
-0.0816625
-0.0826366
-0.0832143
-0.0833646
-0.0831323
-0.0825291
-0.0815155
-0.0800272
-0.0779994
-0.0753784
-0.0721247
-0.0708063
-0.0731119
-0.0739877
-0.0749281
-0.0760698
-0.077057
-0.077648
-0.0778083
-0.0775799
-0.076979
-0.0759759
-0.0745186
-0.0725548
-0.0700418
-0.0669497
-0.0653057
-0.0676008
-0.0685437
-0.0695246
-0.0706782
-0.0716731
-0.0722774
-0.0724533
-0.0722401
-0.0716568
-0.0706821
-0.0692737
-0.0673891
-0.064995
-0.0620689
-0.0600697
-0.0623369
-0.0633282
-0.0643361
-0.0654929
-0.0664905
-0.0671073
-0.0673027
-0.0671128
-0.066559
-0.065626
-0.0642798
-0.0624859
-0.0602182
-0.0574601
-0.0550909
-0.0573165
-0.0583405
-0.059364
-0.0605167
-0.0615126
-0.0621404
-0.0623577
-0.062197
-0.0616809
-0.0607997
-0.0595254
-0.0578302
-0.0556935
-0.0531036
-0.0503615
-0.0525347
-0.0535783
-0.054608
-0.0557505
-0.0567407
-0.0573778
-0.0576178
-0.0574901
-0.0570179
-0.0561953
-0.0549996
-0.0534081
-0.0514049
-0.0489818
-0.0458731
-0.0479855
-0.0490381
-0.0500662
-0.0511934
-0.0521743
-0.0528185
-0.0530814
-0.052989
-0.0525646
-0.0518051
-0.0506922
-0.0492072
-0.0473379
-0.0450788
-0.0416168
-0.0436624
-0.0447151
-0.0457354
-0.046843
-0.0478118
-0.0484609
-0.0487456
-0.0486897
-0.0483153
-0.0476215
-0.0465935
-0.0452159
-0.0434793
-0.0413805
-0.0375838
-0.0395582
-0.040604
-0.0416112
-0.042696
-0.0436499
-0.0443019
-0.0446076
-0.044588
-0.0442642
-0.043637
-0.0426943
-0.0414236
-0.0398173
-0.0378738
-0.0337651
-0.0356654
-0.0366986
-0.0376887
-0.038748
-0.0396846
-0.0403378
-0.0406632
-0.0406788
-0.0404051
-0.0398441
-0.038986
-0.0378202
-0.0363407
-0.0345472
-0.0301515
-0.0319762
-0.0329923
-0.0339622
-0.0349939
-0.0359114
-0.0365638
-0.036907
-0.0369566
-0.0367318
-0.0362358
-0.0354603
-0.0343964
-0.0330395
-0.03139
-0.0267343
-0.0284827
-0.0294782
-0.0304254
-0.0314281
-0.032325
-0.0329746
-0.0333336
-0.0334154
-0.0332378
-0.0328046
-0.0321092
-0.0311437
-0.0299044
-0.0283924
-0.0235044
-0.0251769
-0.0261492
-0.027072
-0.0280446
-0.0289195
-0.0295646
-0.0299375
-0.0300493
-0.0299167
-0.0295438
-0.028925
-0.0280537
-0.0269269
-0.0255456
-0.0204534
-0.0220507
-0.022998
-0.023895
-0.024837
-0.0256891
-0.0263279
-0.0267124
-0.0268519
-0.0267619
-0.0264463
-0.0259006
-0.0251189
-0.0240988
-0.0228414
-0.0175728
-0.0190963
-0.0200171
-0.0208877
-0.0217986
-0.0226273
-0.0232584
-0.0236525
-0.0238174
-0.023767
-0.0235054
-0.0230288
-0.022332
-0.0214127
-0.0202724
-0.0148545
-0.0163059
-0.0171995
-0.0180431
-0.0189229
-0.0197275
-0.0203497
-0.0207517
-0.0209395
-0.0209258
-0.0207148
-0.0203031
-0.019686
-0.0188617
-0.0178314
-0.0122905
-0.013672
-0.0145377
-0.0153542
-0.0162031
-0.0169833
-0.0175956
-0.0180036
-0.0182119
-0.018232
-0.0180679
-0.0177169
-0.0171746
-0.0164394
-0.0155123
-0.00987328
-0.0111871
-0.0120249
-0.0128143
-0.0136327
-0.0143884
-0.0149898
-0.0154019
-0.0156283
-0.0156793
-0.0155587
-0.015264
-0.0147916
-0.0141395
-0.0133088
-0.00759551
-0.00884412
-0.00965395
-0.0104166
-0.011205
-0.0119363
-0.0125259
-0.0129404
-0.0131826
-0.0132617
-0.0131811
-0.0129387
-0.012531
-0.0119564
-0.0112156
-0.00545018
-0.00663611
-0.00741828
-0.0081546
-0.00891362
-0.00962062
-0.0101977
-0.0106132
-0.0108692
-0.0109736
-0.0109295
-0.0107351
-0.0103874
-0.00988463
-0.00922744
-0.00343058
-0.00455643
-0.00531135
-0.00602187
-0.00675222
-0.00743518
-0.0079993
-0.00841461
-0.00868245
-0.00880911
-0.00879812
-0.00864792
-0.00835551
-0.00791919
-0.00733946
-0.0015303
-0.00259869
-0.00332689
-0.00401222
-0.00471477
-0.00537414
-0.00592503
-0.00634013
-0.00661638
-0.00676268
-0.00678167
-0.00667184
-0.00643027
-0.00605527
-0.00554713
0.000256774
-0.000756776
-0.00145885
-0.00211968
-0.00279523
-0.00343146
-0.00396853
-0.00437987
-0.00466427
-0.00482852
-0.00487491
-0.00480192
-0.00460694
-0.00428833
-0.00384622
0.00193645
0.000975167
0.000298528
-0.000338509
-0.00098793
-0.00160141
-0.00212433
-0.00253156
-0.00282214
-0.00300196
-0.00307292
-0.0030334
-0.00288098
-0.0026141
-0.00223273
0.00351427
0.00260271
0.00195078
0.0013368
0.000712621
0.000121383
-0.000387239
-0.000789904
-0.00108523
-0.0012784
-0.00137114
-0.00136182
-0.00124812
-0.00102853
-0.000702906
0.00499548
0.00413116
0.00350319
0.00291149
0.00231164
0.00174204
0.0012477
0.000850201
0.000551462
0.000346911
0.000234939
0.000217119
0.000295712
0.000472182
0.00074678
0.00638505
0.00556555
0.00496076
0.00439056
0.0038141
0.00326548
0.00278539
0.0023937
0.00209261
0.00187838
0.00174963
0.00170758
0.00175443
0.00189167
0.00211967
0.00768771
0.00691069
0.00632828
0.00577878
0.00522476
0.0046964
0.00423045
0.00384515
0.00354268
0.00332051
0.00317709
0.0031135
0.00313175
0.0032334
0.00341894
0.00890794
0.00817112
0.00761028
0.00708069
0.00654819
0.00603939
0.0055873
0.00520873
0.00490633
0.00467796
0.00452157
0.00443859
0.00443111
0.00450059
0.00464753
0.01005
0.00935114
0.00881107
0.00830061
0.00778871
0.00729878
0.00686044
0.00648911
0.00618772
0.00595411
0.00578662
0.00568651
0.00565593
0.00569634
0.00580829
0.0111178
0.0104548
0.00993474
0.00944263
0.00895042
0.00847866
0.00805387
0.00769014
0.00739018
0.00715233
0.00697539
0.00686043
0.00680935
0.00682362
0.0069039
0.0121151
0.0114861
0.0109851
0.0105106
0.0100372
0.0095829
0.00917132
0.00881528
0.00851743
0.00827662
0.00809152
0.0079635
0.00789421
0.00788509
0.00793681
0.0130456
0.0124484
0.0119659
0.0115082
0.0110527
0.0106151
0.0102164
0.00986806
0.00957275
0.00932947
0.00913817
0.00899888
0.00891348
0.00888344
0.00890947
0.0139126
0.0133454
0.0128804
0.0124388
0.0120004
0.0115788
0.0111925
0.0108521
0.0105599
0.0103155
0.0101186
0.00996958
0.00986999
0.00982122
0.00982413
0.0147192
0.0141802
0.013732
0.0133058
0.0128836
0.0124772
0.012103
0.0117704
0.0114818
0.011237
0.0110355
0.010878
0.0107659
0.0107006
0.0106829
0.0154685
0.0149558
0.0145237
0.0141121
0.0137052
0.0133134
0.0129508
0.012626
0.0123413
0.0120966
0.0118915
0.0117268
0.0116038
0.0115239
0.0114877
0.0161631
0.0156752
0.0152582
0.0148605
0.0144682
0.0140902
0.0137388
0.0134216
0.0131409
0.0128967
0.0126889
0.0125185
0.0123862
0.0122932
0.0122405
0.0168057
0.0163408
0.0159384
0.0155538
0.0151753
0.0148102
0.0144696
0.0141599
0.0138834
0.0136403
0.0134306
0.0132551
0.0131146
0.0130102
0.012943
0.0173986
0.0169553
0.0165665
0.0161944
0.0158288
0.0154761
0.0151456
0.0148433
0.0145711
0.0143294
0.0141183
0.0139386
0.013791
0.0136767
0.0135967
0.0179442
0.0175209
0.017145
0.0167846
0.0164311
0.0160899
0.0157691
0.0154739
0.015206
0.014966
0.014754
0.0145708
0.0144174
0.0142947
0.0142033
0.0184445
0.0180396
0.0176758
0.0173264
0.0169843
0.0166539
0.0163423
0.0160538
0.0157902
0.0155521
0.0153397
0.0151538
0.0149954
0.0148651
0.0147638
0.0189012
0.0185134
0.0181609
0.0178219
0.0174903
0.01717
0.0168669
0.0165849
0.0163255
0.0160895
0.0158771
0.0156891
0.0155263
0.0153896
0.0152797
0.0193162
0.018944
0.018602
0.0182725
0.0179507
0.0176397
0.0173446
0.0170687
0.0168135
0.0165796
0.0163674
0.0161778
0.0160116
0.0158693
0.0157519
0.019691
0.019333
0.0190007
0.01868
0.0183671
0.0180647
0.017777
0.0175068
0.0172555
0.0170237
0.0168121
0.0166212
0.0164519
0.0163051
0.0161812
0.0200267
0.0196815
0.0193581
0.0190455
0.0187407
0.0184462
0.0181652
0.0179003
0.0176527
0.0174231
0.0172121
0.0170204
0.0168487
0.0166979
0.0165684
0.0203245
0.0199908
0.0196754
0.01937
0.0190726
0.0187851
0.0185103
0.0182503
0.0180061
0.0177786
0.0175683
0.017376
0.0172024
0.0170483
0.0169141
0.0205852
0.0202617
0.0199534
0.0196545
0.0193636
0.0190824
0.0188131
0.0185573
0.0183163
0.0180908
0.0178813
0.0176886
0.0175135
0.0173567
0.0172186
0.0208095
0.0204948
0.0201927
0.0198995
0.0196143
0.0193385
0.0190739
0.018822
0.0185838
0.0183601
0.0181514
0.0179585
0.0177822
0.017623
0.0174817
0.0209976
0.0206903
0.0203936
0.0201051
0.0198248
0.0195536
0.0192931
0.0190445
0.0188087
0.0185865
0.0183786
0.0181857
0.0180084
0.0178474
0.0177034
0.0211496
0.0208483
0.020556
0.0202714
0.019995
0.0197276
0.0194704
0.0192245
0.0189907
0.0187699
0.0185626
0.0183697
0.0181917
0.0180294
0.0178833
0.0212652
0.0209685
0.0206795
0.020398
0.0201245
0.01986
0.0196054
0.0193615
0.0191293
0.0189095
0.0187028
0.0185099
0.0183315
0.0181681
0.0180205
0.0213435
0.02105
0.0207632
0.0204838
0.0202124
0.0199498
0.0196969
0.0194545
0.0192234
0.0190043
0.018798
0.0186051
0.0184264
0.0182624
0.0181137
0.0213838
0.0210918
0.0208062
0.0205278
0.0202574
0.0199958
0.0197438
0.0195021
0.0192716
0.0190529
0.0188467
0.0186539
0.018475
0.0183106
0.0181614
-0.245978
-0.246563
-0.247172
-0.247842
-0.248624
-0.249584
-0.25081
-0.252419
-0.254574
-0.257485
-0.261475
-0.267535
-0.27634
-0.239135
-0.240654
-0.242233
-0.243888
-0.245638
-0.247499
-0.249493
-0.251639
-0.253964
-0.256495
-0.259248
-0.262463
-0.267406
-0.227133
-0.228609
-0.230085
-0.231569
-0.233072
-0.234606
-0.23619
-0.237849
-0.239616
-0.24154
-0.243681
-0.246111
-0.250379
-0.216561
-0.218114
-0.219677
-0.22126
-0.222875
-0.224533
-0.226249
-0.228037
-0.22991
-0.231891
-0.23389
-0.2372
-0.205245
-0.206869
-0.208487
-0.210102
-0.211719
-0.213342
-0.214977
-0.21663
-0.218308
-0.220037
-0.221722
-0.224323
-0.193962
-0.195608
-0.197242
-0.198865
-0.20048
-0.20209
-0.2037
-0.205313
-0.206933
-0.208579
-0.21017
-0.212308
-0.183072
-0.184746
-0.186407
-0.188055
-0.189692
-0.191318
-0.192934
-0.194542
-0.196143
-0.197746
-0.199302
-0.20113
-0.17259
-0.174279
-0.175955
-0.177619
-0.179269
-0.180907
-0.182533
-0.184147
-0.185749
-0.187345
-0.188906
-0.190561
-0.162507
-0.1642
-0.165883
-0.167555
-0.169215
-0.170864
-0.172502
-0.174129
-0.175743
-0.177347
-0.178929
-0.180494
-0.152834
-0.154522
-0.156202
-0.157873
-0.159535
-0.161189
-0.162833
-0.164468
-0.166092
-0.167707
-0.169307
-0.17083
-0.143563
-0.145235
-0.146902
-0.148563
-0.150217
-0.151866
-0.153508
-0.155143
-0.156771
-0.158391
-0.160003
-0.161509
-0.134687
-0.136334
-0.137977
-0.139618
-0.141254
-0.142888
-0.144518
-0.146144
-0.147766
-0.149383
-0.150997
-0.152492
-0.126198
-0.12781
-0.129421
-0.131031
-0.132641
-0.13425
-0.135857
-0.137464
-0.139069
-0.140672
-0.142276
-0.143759
-0.118085
-0.119655
-0.121226
-0.122798
-0.124372
-0.125946
-0.127522
-0.129099
-0.130678
-0.132256
-0.133838
-0.135301
-0.110341
-0.111863
-0.113387
-0.114913
-0.116443
-0.117976
-0.119511
-0.12105
-0.122592
-0.124136
-0.125686
-0.127121
-0.102955
-0.104423
-0.105895
-0.107371
-0.108851
-0.110335
-0.111824
-0.113317
-0.114814
-0.116316
-0.117825
-0.119224
-0.0959172
-0.0973283
-0.098744
-0.100165
-0.10159
-0.103021
-0.104457
-0.105898
-0.107346
-0.108798
-0.110258
-0.111614
-0.0892166
-0.0905682
-0.091925
-0.0932872
-0.0946551
-0.0960287
-0.0974082
-0.0987939
-0.100186
-0.101584
-0.102991
-0.104298
-0.082842
-0.0841326
-0.0854288
-0.0867308
-0.0880387
-0.0893527
-0.0906731
-0.092
-0.0933336
-0.0946739
-0.0960231
-0.0972786
-0.0767818
-0.0780109
-0.0792456
-0.0804863
-0.081733
-0.0829861
-0.0842456
-0.0855119
-0.0867851
-0.0880653
-0.0893543
-0.0905552
-0.0710242
-0.0721917
-0.0733649
-0.074544
-0.0757293
-0.0769208
-0.0781189
-0.0793237
-0.0805353
-0.0817542
-0.0829816
-0.0841266
-0.0655572
-0.0666638
-0.067776
-0.068894
-0.070018
-0.0711483
-0.0722849
-0.073428
-0.074578
-0.075735
-0.0769003
-0.0779889
-0.0603688
-0.0614156
-0.0624679
-0.0635257
-0.0645894
-0.065659
-0.0667348
-0.0678169
-0.0689056
-0.0700013
-0.0711047
-0.0721369
-0.0554472
-0.0564357
-0.0574294
-0.0584284
-0.059433
-0.0604433
-0.0614594
-0.0624816
-0.06351
-0.0645452
-0.0655875
-0.0665641
-0.0507806
-0.0517126
-0.0526494
-0.0535913
-0.0545384
-0.0554909
-0.056449
-0.0574127
-0.0583823
-0.0593583
-0.0603409
-0.0612631
-0.0463576
-0.047235
-0.048117
-0.0490037
-0.0498953
-0.0507919
-0.0516936
-0.0526007
-0.0535132
-0.0544318
-0.0553564
-0.0562256
-0.042167
-0.042992
-0.0438212
-0.0446548
-0.0454929
-0.0463357
-0.0471832
-0.0480357
-0.0488932
-0.0497563
-0.0506248
-0.0514429
-0.0381979
-0.0389728
-0.0397515
-0.0405342
-0.0413211
-0.0421123
-0.0429078
-0.0437078
-0.0445125
-0.0453223
-0.046137
-0.0469058
-0.0344399
-0.0351669
-0.0358975
-0.0366316
-0.0373696
-0.0381114
-0.0388573
-0.0396072
-0.0403613
-0.0411202
-0.0418833
-0.042605
-0.0308829
-0.0315643
-0.032249
-0.032937
-0.0336284
-0.0343233
-0.0350218
-0.035724
-0.03643
-0.0371403
-0.0378543
-0.038531
-0.027517
-0.0281553
-0.0287965
-0.0294406
-0.0300878
-0.0307381
-0.0313917
-0.0320486
-0.0327089
-0.0333731
-0.0340404
-0.0346743
-0.024333
-0.0249304
-0.0255304
-0.026133
-0.0267384
-0.0273465
-0.0279575
-0.0285715
-0.0291885
-0.029809
-0.0304322
-0.0310255
-0.0213219
-0.0218807
-0.0224418
-0.0230052
-0.023571
-0.0241392
-0.0247101
-0.0252835
-0.0258596
-0.0264389
-0.0270203
-0.0275752
-0.0184751
-0.0189975
-0.0195219
-0.0200483
-0.0205768
-0.0211075
-0.0216404
-0.0221756
-0.0227132
-0.0232536
-0.0237957
-0.0243143
-0.0157845
-0.0162726
-0.0167624
-0.017254
-0.0177474
-0.0182427
-0.01874
-0.0192393
-0.0197406
-0.0202444
-0.0207495
-0.021234
-0.0132421
-0.0136979
-0.0141553
-0.0146142
-0.0150747
-0.0155368
-0.0160006
-0.0164661
-0.0169334
-0.0174027
-0.0178732
-0.0183255
-0.0108406
-0.0112662
-0.011693
-0.0121212
-0.0125508
-0.0129817
-0.0134141
-0.0138479
-0.0142833
-0.0147205
-0.0151584
-0.0155805
-0.00857278
-0.00897001
-0.00936832
-0.00976773
-0.0101683
-0.01057
-0.010973
-0.0113772
-0.0117826
-0.0121897
-0.0125972
-0.0129909
-0.00643198
-0.00680264
-0.0071742
-0.00754667
-0.0079201
-0.00829451
-0.00866992
-0.00904637
-0.0094239
-0.00980273
-0.0101819
-0.010549
-0.00441175
-0.00475755
-0.00510407
-0.00545135
-0.00579941
-0.00614827
-0.00649796
-0.00684849
-0.00719991
-0.00755241
-0.00790501
-0.00824732
-0.00250598
-0.00282853
-0.00315166
-0.0034754
-0.00379976
-0.00412476
-0.00445042
-0.00477676
-0.00510382
-0.00543176
-0.00575963
-0.00607869
-0.000708881
-0.00100971
-0.001311
-0.00161275
-0.00191498
-0.00221772
-0.00252097
-0.00282475
-0.0031291
-0.00343415
-0.00373898
-0.00403632
0.000985057
0.000704496
0.000423602
0.00014236
-0.000139242
-0.000421218
-0.00070358
-0.000986341
-0.00126953
-0.00155326
-0.00183666
-0.00211372
0.00258105
0.0023194
0.00205752
0.0017954
0.00153303
0.00127039
0.00100749
0.000744303
0.000480807
0.000216914
-4.65604e-05
-0.000304698
0.00408404
0.00384002
0.00359587
0.00335156
0.0031071
0.00286248
0.00261769
0.00237271
0.00212754
0.00188209
0.00163713
0.00139664
0.00527114
0.00504349
0.00481577
0.00458799
0.00436012
0.00413218
0.00390414
0.003676
0.00344769
0.00321993
0.00299588
0.00661725
0.00640497
0.00619269
0.00598042
0.00576814
0.00555586
0.00534357
0.00513124
0.00491885
0.00470706
0.00449831
0.00788265
0.00768467
0.00748675
0.0072889
0.00709111
0.00689338
0.00669571
0.00649808
0.00630046
0.00610347
0.00590897
0.00907138
0.00888669
0.00870212
0.00851768
0.00833335
0.00814913
0.00796503
0.00778104
0.00759712
0.00741385
0.00723261
0.0101873
0.0100149
0.00984278
0.00967078
0.00949895
0.00932728
0.00915577
0.00898441
0.0088132
0.00864265
0.00847373
0.011234
0.0110731
0.0109125
0.010752
0.0105918
0.0104317
0.0102719
0.0101123
0.00995283
0.00979406
0.00963658
0.0122149
0.0120647
0.0119147
0.011765
0.0116155
0.0114663
0.0113172
0.0111685
0.0110199
0.010872
0.0107252
0.0131333
0.0129929
0.0128529
0.0127131
0.0125736
0.0124343
0.0122953
0.0121566
0.0120181
0.0118803
0.0117433
0.0139922
0.013861
0.0137301
0.0135996
0.0134693
0.0133393
0.0132095
0.0130801
0.012951
0.0128225
0.0126946
0.0147945
0.0146718
0.0145495
0.0144274
0.0143057
0.0141842
0.0140631
0.0139422
0.0138217
0.0137018
0.0135824
0.015543
0.0154282
0.0153137
0.0151995
0.0150856
0.0149721
0.0148589
0.014746
0.0146334
0.0145214
0.0144098
0.0162402
0.0161327
0.0160254
0.0159185
0.0158119
0.0157057
0.0155998
0.0154942
0.0153889
0.0152843
0.0151799
0.0168886
0.0167877
0.0166872
0.016587
0.0164872
0.0163876
0.0162884
0.0161896
0.0160911
0.0159932
0.0158955
0.0174904
0.0173957
0.0173013
0.0172073
0.0171137
0.0170203
0.0169273
0.0168347
0.0167424
0.0166506
0.0165591
0.0180477
0.0179587
0.01787
0.0177817
0.0176937
0.0176061
0.0175188
0.0174318
0.0173452
0.0172591
0.0171732
0.0185625
0.0184787
0.0183953
0.0183122
0.0182294
0.018147
0.0180649
0.0179831
0.0179017
0.0178209
0.0177401
0.0190367
0.0189577
0.018879
0.0188007
0.0187227
0.018645
0.0185677
0.0184907
0.0184141
0.0183379
0.0182619
0.0194719
0.0193973
0.0193229
0.0192489
0.0191753
0.019102
0.019029
0.0189563
0.018884
0.0188122
0.0187405
0.0198697
0.019799
0.0197286
0.0196586
0.0195889
0.0195195
0.0194505
0.0193818
0.0193134
0.0192455
0.0191777
0.0202315
0.0201644
0.0200976
0.0200311
0.019965
0.0198992
0.0198337
0.0197685
0.0197037
0.0196393
0.019575
0.0205584
0.0204946
0.020431
0.0203677
0.0203048
0.0202422
0.0201799
0.0201179
0.0200563
0.019995
0.0199339
0.0208517
0.0207907
0.02073
0.0206696
0.0206095
0.0205497
0.0204903
0.0204311
0.0203723
0.0203138
0.0202556
0.0211121
0.0210537
0.0209955
0.0209376
0.02088
0.0208227
0.0207658
0.0207091
0.0206528
0.0205968
0.020541
0.0213404
0.0212842
0.0212282
0.0211725
0.0211171
0.021062
0.0210072
0.0209527
0.0208985
0.0208446
0.020791
0.0215371
0.0214827
0.0214286
0.0213748
0.0213212
0.021268
0.021215
0.0211623
0.0211099
0.0210579
0.021006
0.0216496
0.021597
0.0215447
0.0214927
0.021441
0.0213895
0.0213384
0.0212875
0.0212369
0.0211865
0.0217847
0.0217333
0.0216823
0.0216315
0.0215809
0.0215307
0.0214807
0.021431
0.0213815
0.0213324
0.021888
0.0218376
0.0217874
0.0217375
0.0216878
0.0216384
0.0215893
0.0215404
0.0214918
0.0214434
0.0219582
0.0219083
0.0218587
0.0218094
0.0217603
0.0217114
0.0216628
0.0216144
0.0215663
0.0215185
0.0219961
0.0219464
0.021897
0.0218477
0.0217988
0.0217501
0.0217016
0.0216533
0.0216053
0.0215575
0.00493617
0.00491654
0.0048972
0.00487814
0.00485938
0.0048409
0.00482271
0.00480481
0.0047872
0.00476988
0.00475285
0.0048905
0.00487068
0.00485116
0.00483193
0.00481299
0.00479434
0.00477598
0.00475792
0.00474016
0.00472269
0.00470552
0.00480292
0.00478263
0.00476265
0.00474296
0.00472356
0.00470446
0.00468565
0.00466715
0.00464894
0.00463103
0.00461342
0.00467387
0.00465289
0.00463221
0.00461183
0.00459174
0.00457196
0.00455248
0.0045333
0.00451442
0.00449584
0.00447758
0.00452679
0.00450458
0.00448266
0.00446105
0.00443974
0.00441873
0.00439802
0.00437762
0.00435752
0.00433773
0.00431825
0.00429909
0.00431877
0.00429538
0.00427229
0.00424951
0.00422703
0.00420486
0.004183
0.00416145
0.00414021
0.00411927
0.00409865
0.00407836
0.00407115
0.00404635
0.00402185
0.00399767
0.0039738
0.00395024
0.00392699
0.00390405
0.00388142
0.00385911
0.00383713
0.00381548
0.00378372
0.00375726
0.00373113
0.0037053
0.0036798
0.0036546
0.00362973
0.00360517
0.00358092
0.003557
0.00353341
0.00351018
0.00345586
0.00342752
0.00339949
0.00337179
0.00334441
0.00331735
0.00329061
0.00326418
0.00323808
0.0032123
0.00318687
0.00316182
0.00308678
0.00305631
0.00302615
0.00299632
0.00296682
0.00293764
0.00290878
0.00288025
0.00285204
0.00282415
0.00279663
0.00276951
0.00267537
0.0026425
0.00260996
0.00257774
0.00254586
0.0025143
0.00248307
0.00245218
0.0024216
0.00239136
0.00236149
0.00233206
0.00222031
0.00218478
0.00214958
0.00211472
0.00208019
0.00204599
0.00201212
0.00197858
0.00194538
0.00191251
0.00188002
0.00184802
0.00172001
0.00168154
0.00164341
0.00160562
0.00156816
0.00153104
0.00149425
0.0014578
0.00142169
0.00138591
0.00135052
0.00131568
0.00117271
0.00113101
0.00108965
0.00104863
0.00100795
0.000967605
0.000927604
0.000887943
0.000848619
0.000809629
0.000771045
0.000733074
0.000576369
0.000531126
0.000486227
0.000441671
0.000397456
0.000353584
0.000310055
0.000266868
0.00022402
0.000181509
0.000139413
9.80103e-05
-7.12243e-05
-0.00012034
-0.000169109
-0.000217533
-0.000265612
-0.000313347
-0.000360738
-0.000407784
-0.000454489
-0.000500859
-0.000546802
-0.000591958
-0.000772532
-0.00082587
-0.00087886
-0.000931503
-0.0009838
-0.00103575
-0.00108736
-0.00113862
-0.00118954
-0.00124012
-0.00129027
-0.00133952
-0.00153022
-0.00158816
-0.00164574
-0.00170298
-0.00175987
-0.00181642
-0.00187262
-0.00192848
-0.00198399
-0.00203917
-0.00209391
-0.00214763
-0.0023472
-0.00241013
-0.00247271
-0.00253495
-0.00259684
-0.00265838
-0.00271959
-0.00278044
-0.00284096
-0.00290116
-0.0029609
-0.00301947
-0.00322659
-0.00329495
-0.00336296
-0.00343062
-0.00349795
-0.00356493
-0.00363156
-0.00369786
-0.00376383
-0.00382947
-0.00389467
-0.00395851
-0.00417178
-0.00424602
-0.00431992
-0.00439348
-0.0044667
-0.00453958
-0.00461213
-0.00468434
-0.00475622
-0.00482779
-0.00489891
-0.00496849
-0.00518638
-0.00526701
-0.0053473
-0.00542725
-0.00550687
-0.00558615
-0.00566511
-0.00574374
-0.00582205
-0.00590007
-0.00597764
-0.00605343
-0.00627429
-0.00636183
-0.00644905
-0.00653593
-0.00662249
-0.00670873
-0.00679465
-0.00688025
-0.00696554
-0.00705056
-0.00713513
-0.00721768
-0.00743967
-0.00753471
-0.00762943
-0.00772383
-0.00781792
-0.00791169
-0.00800516
-0.00809833
-0.0081912
-0.00828382
-0.008376
-0.00846587
-0.00868698
-0.00879014
-0.00889299
-0.00899554
-0.00909779
-0.00919974
-0.0093014
-0.00940277
-0.00950387
-0.00960474
-0.00970519
-0.00980302
-0.010021
-0.0101329
-0.0102446
-0.010356
-0.0104671
-0.0105779
-0.0106884
-0.0107987
-0.0109087
-0.0110186
-0.011128
-0.0112345
-0.0114468
-0.0115682
-0.0116895
-0.0118104
-0.0119311
-0.0120515
-0.0121717
-0.0122917
-0.0124114
-0.0125309
-0.0126501
-0.012766
-0.0129698
-0.0131016
-0.0132331
-0.0133645
-0.0134955
-0.0136264
-0.013757
-0.0138875
-0.0140177
-0.0141478
-0.0142776
-0.0144036
-0.0145958
-0.0147388
-0.0148816
-0.0150241
-0.0151665
-0.0153087
-0.0154507
-0.0155925
-0.0157341
-0.0158757
-0.016017
-0.0161541
-0.016331
-0.0164862
-0.0166411
-0.0167959
-0.0169505
-0.0171049
-0.0172592
-0.0174134
-0.0175674
-0.0177215
-0.0178753
-0.0180244
-0.0181822
-0.0183504
-0.0185185
-0.0186865
-0.0188544
-0.0190222
-0.0191898
-0.0193574
-0.0195249
-0.0196925
-0.0198599
-0.0200222
-0.0201562
-0.0203387
-0.0205211
-0.0207035
-0.0208857
-0.0210679
-0.0212501
-0.0214323
-0.0216144
-0.0217967
-0.0219789
-0.0221554
-0.0222606
-0.0224586
-0.0226566
-0.0228545
-0.0230524
-0.0232503
-0.0234482
-0.0236462
-0.0238443
-0.0240426
-0.0242409
-0.0244328
-0.0245036
-0.0247184
-0.0249332
-0.025148
-0.0253629
-0.0255778
-0.0257929
-0.0260081
-0.0262234
-0.0264391
-0.0266549
-0.0268638
-0.0268937
-0.0271267
-0.0273597
-0.0275929
-0.0278262
-0.0280597
-0.0282934
-0.0285273
-0.0287615
-0.028996
-0.0292309
-0.0294582
-0.0294401
-0.0296928
-0.0299457
-0.0301989
-0.0304522
-0.0307058
-0.0309598
-0.031214
-0.0314686
-0.0317238
-0.0319794
-0.0322267
-0.0321525
-0.0324267
-0.0327012
-0.032976
-0.0332511
-0.0335267
-0.0338026
-0.034079
-0.0343559
-0.0346334
-0.0349117
-0.0351809
-0.0350415
-0.035339
-0.0356369
-0.0359353
-0.0362341
-0.0365334
-0.0368333
-0.0371338
-0.0374349
-0.0377369
-0.0380397
-0.0383328
-0.0381182
-0.038441
-0.0387644
-0.0390884
-0.0394129
-0.0397382
-0.0400641
-0.0403908
-0.0407183
-0.0410469
-0.0413765
-0.0416957
-0.0413944
-0.0417448
-0.0420959
-0.0424477
-0.0428003
-0.0431537
-0.043508
-0.0438633
-0.0442195
-0.044577
-0.0449359
-0.0452836
-0.0448829
-0.0452632
-0.0456444
-0.0460265
-0.0464096
-0.0467937
-0.0471789
-0.0475652
-0.0479528
-0.0483419
-0.0487327
-0.0491114
-0.0485972
-0.0490101
-0.049424
-0.0498391
-0.0502553
-0.0506728
-0.0510916
-0.0515119
-0.0519336
-0.0523571
-0.0527826
-0.0531953
-0.0525518
-0.053
-0.0534496
-0.0539005
-0.0543529
-0.0548067
-0.0552622
-0.0557193
-0.0561783
-0.0566393
-0.0571027
-0.0575525
-0.056762
-0.0572488
-0.0577371
-0.0582271
-0.0587187
-0.0592122
-0.0597075
-0.0602049
-0.0607044
-0.0612064
-0.0617111
-0.0622015
-0.0612444
-0.0617731
-0.0623036
-0.062836
-0.0633704
-0.063907
-0.0644458
-0.0649871
-0.0655308
-0.0660774
-0.0666273
-0.067162
-0.0660165
-0.0665907
-0.067167
-0.0677456
-0.0683267
-0.0689102
-0.0694965
-0.0700855
-0.0706775
-0.0712728
-0.071872
-0.0724551
-0.0710968
-0.0717205
-0.0723467
-0.0729757
-0.0736074
-0.0742422
-0.0748801
-0.0755213
-0.0761659
-0.0768144
-0.0774673
-0.0781035
-0.0765051
-0.0771826
-0.0778631
-0.0785468
-0.0792338
-0.0799243
-0.0806185
-0.0813166
-0.0820186
-0.0827252
-0.0834369
-0.084131
-0.0822623
-0.0829984
-0.0837379
-0.0844812
-0.0852283
-0.0859796
-0.0867351
-0.0874951
-0.0882598
-0.0890298
-0.0898055
-0.0905631
-0.0883906
-0.0891903
-0.0899941
-0.0908021
-0.0916147
-0.092432
-0.0932543
-0.0940818
-0.0949149
-0.0957539
-0.0965997
-0.0974265
-0.0949135
-0.0957823
-0.0966559
-0.0975344
-0.0984181
-0.0993074
-0.100203
-0.101104
-0.102011
-0.102926
-0.103848
-0.104751
-0.101856
-0.102799
-0.103749
-0.104704
-0.105665
-0.106633
-0.107607
-0.108588
-0.109577
-0.110574
-0.11158
-0.112565
-0.109242
-0.110267
-0.111298
-0.112336
-0.113382
-0.114434
-0.115494
-0.116563
-0.117639
-0.118725
-0.119822
-0.120897
-0.1171
-0.118213
-0.119334
-0.120462
-0.121598
-0.122743
-0.123896
-0.12506
-0.126233
-0.127416
-0.128612
-0.129786
-0.125459
-0.126667
-0.127884
-0.12911
-0.130345
-0.13159
-0.132845
-0.134111
-0.135389
-0.136679
-0.137983
-0.139265
-0.134347
-0.135658
-0.136979
-0.138311
-0.139653
-0.141006
-0.142372
-0.14375
-0.145142
-0.146548
-0.147969
-0.149368
-0.143794
-0.145217
-0.14665
-0.148095
-0.149553
-0.151024
-0.152509
-0.154008
-0.155522
-0.157053
-0.158601
-0.160126
-0.153832
-0.155374
-0.156929
-0.158497
-0.160079
-0.161677
-0.163291
-0.164921
-0.166569
-0.168235
-0.169922
-0.171586
-0.162835
-0.164492
-0.166162
-0.167847
-0.169547
-0.171264
-0.172998
-0.174751
-0.176523
-0.178315
-0.180129
-0.181966
-0.18378
-0.174012
-0.175803
-0.177611
-0.179435
-0.181278
-0.183139
-0.18502
-0.186922
-0.188847
-0.190795
-0.192768
-0.194767
-0.196744
-0.185862
-0.187797
-0.189752
-0.191725
-0.193719
-0.195735
-0.197774
-0.199837
-0.201926
-0.204041
-0.206185
-0.208359
-0.210511
-0.198414
-0.200503
-0.202614
-0.204746
-0.206902
-0.209083
-0.21129
-0.213525
-0.215789
-0.218085
-0.220412
-0.222775
-0.225116
-0.211697
-0.213948
-0.216224
-0.218525
-0.220853
-0.223209
-0.225596
-0.228014
-0.230467
-0.232955
-0.23548
-0.238046
-0.240591
-0.225734
-0.228156
-0.230606
-0.233086
-0.235596
-0.238138
-0.240716
-0.24333
-0.245984
-0.248678
-0.251416
-0.254201
-0.256966
-0.240546
-0.243149
-0.245782
-0.248449
-0.251152
-0.253892
-0.256673
-0.259496
-0.262365
-0.265281
-0.268247
-0.271268
-0.274275
-0.256151
-0.258941
-0.261767
-0.264632
-0.267539
-0.270489
-0.273486
-0.276532
-0.279632
-0.282787
-0.286001
-0.289278
-0.292554
-0.272558
-0.275544
-0.278571
-0.281644
-0.284765
-0.287938
-0.291166
-0.294452
-0.297801
-0.301216
-0.304702
-0.30826
-0.311842
-0.28977
-0.292958
-0.296196
-0.299488
-0.302836
-0.306246
-0.309722
-0.313267
-0.316887
-0.320586
-0.324372
-0.328238
-0.332182
-0.307767
-0.311164
-0.314621
-0.318142
-0.321731
-0.325395
-0.329138
-0.332966
-0.336886
-0.340902
-0.345026
-0.349237
-0.353621
-0.326521
-0.330131
-0.333811
-0.337568
-0.341407
-0.345337
-0.349364
-0.353496
-0.357743
-0.362112
-0.366624
-0.371229
-0.376174
-0.345965
-0.349794
-0.35371
-0.357721
-0.361836
-0.366063
-0.370412
-0.37489
-0.37951
-0.38428
-0.389233
-0.394276
-0.399933
-0.36585
-0.369866
-0.373989
-0.378231
-0.382607
-0.387129
-0.391817
-0.396686
-0.401757
-0.407042
-0.41259
-0.418234
-0.424864
-0.386247
-0.390443
-0.394762
-0.399217
-0.403822
-0.408592
-0.413545
-0.418705
-0.424104
-0.42978
-0.435832
-0.442115
-0.450047
-0.406599
-0.411006
-0.415594
-0.420387
-0.425411
-0.430693
-0.436265
-0.442156
-0.448397
-0.455009
-0.462031
-0.469266
-0.478395
-0.424576
-0.428626
-0.432834
-0.437232
-0.441863
-0.446782
-0.452062
-0.457803
-0.46415
-0.47131
-0.479595
-0.489429
-0.50217
0.00469174
0.00459763
0.00451462
0.00444339
0.00438457
0.00433879
0.00430662
0.00428863
0.00428537
0.00429736
0.00432507
0.00436892
0.00442927
0.00450643
0.00464341
0.0045486
0.00446532
0.00439395
0.00433504
0.00428922
0.00425714
0.0042394
0.00423657
0.00424916
0.00427764
0.0043224
0.00438382
0.00446219
0.00454903
0.00445274
0.00436893
0.00429733
0.00423824
0.00419234
0.00416042
0.00414318
0.00414121
0.00415499
0.00418497
0.00423155
0.00429508
0.00437585
0.00447412
0.00440989
0.00431149
0.00422695
0.00415502
0.00409569
0.00404971
0.00401807
0.0040016
0.00400091
0.00401649
0.00404873
0.00409802
0.00416468
0.00424903
0.00435129
0.004227
0.00412586
0.0040404
0.00396811
0.0039085
0.00386247
0.00383125
0.00381584
0.00381692
0.00383492
0.0038702
0.00392311
0.00399397
0.00408307
0.00419061
0.00400082
0.00389634
0.00380986
0.00373719
0.00367732
0.00363129
0.00360068
0.0035867
0.00359006
0.00361116
0.00365031
0.00370781
0.00378395
0.00387902
0.00399318
0.0037314
0.00362305
0.00353547
0.00346248
0.0034024
0.00335649
0.00332673
0.00331458
0.00332081
0.00334576
0.00338966
0.00345277
0.00353537
0.0036377
0.0037599
0.00341846
0.00330573
0.00321703
0.00314382
0.00308365
0.00303803
0.00300943
0.0029996
0.00300935
0.00303897
0.0030886
0.00315845
0.00324875
0.00335971
0.00349145
0.00306135
0.00294378
0.00285402
0.00278076
0.00272066
0.00267557
0.00264851
0.00264157
0.0026556
0.00269081
0.00274724
0.00282503
0.00292438
0.00304547
0.00318834
0.00265916
0.00253631
0.0024456
0.00237253
0.00231276
0.00226851
0.00224346
0.00224006
0.00225923
0.00230106
0.00236548
0.00245256
0.00256243
0.00269524
0.00285097
0.00221065
0.00208214
0.00199067
0.00191809
0.00185897
0.00181596
0.00179349
0.00179441
0.0018197
0.00186931
0.00194305
0.00204087
0.00216289
0.00230916
0.00247961
0.00171432
0.0015798
0.00148786
0.00141618
0.00135811
0.00131684
0.00129761
0.00130376
0.00133627
0.00139497
0.00147949
0.0015897
0.00172562
0.00188727
0.00207445
0.00116842
0.0010276
0.000935533
0.000865253
0.000808739
0.000769794
0.000754619
0.000767021
0.000808028
0.000877274
0.000974226
0.00109863
0.00125042
0.00142953
0.00163565
0.000570934
0.00042357
0.000331839
0.000263552
0.0002092
0.000173301
0.000163109
0.000182962
0.000233898
0.000315344
0.000426561
0.000567158
0.00073698
0.000935832
0.0011633
-8.03975e-05
-0.000234503
-0.000325331
-0.000390915
-0.000442382
-0.000474387
-0.000478509
-0.000449839
-0.000387347
-0.000291849
-0.000164319
-5.30326e-06
0.000184926
0.000406048
0.000657491
-0.000788089
-0.000949071
-0.00103831
-0.00110036
-0.00114809
-0.00117521
-0.00117201
-0.00113296
-0.00105707
-0.000945446
-0.000799317
-0.000619414
-0.000406146
-0.000159987
0.0001183
-0.00155491
-0.00172284
-0.00180969
-0.00186723
-0.00191023
-0.00193131
-0.00191933
-0.00186813
-0.00177678
-0.00164669
-0.00147942
-0.00127589
-0.00103667
-0.000762429
-0.000454149
-0.00238387
-0.00255875
-0.00264226
-0.00269417
-0.00273129
-0.00274501
-0.0027226
-0.00265724
-0.00254807
-0.00239693
-0.00220567
-0.00197547
-0.00170709
-0.00140142
-0.0010597
-0.00327828
-0.00346003
-0.0035391
-0.0035841
-0.00361401
-0.00361883
-0.00358411
-0.0035023
-0.00337271
-0.00319758
-0.00297918
-0.00271893
-0.00241785
-0.00207705
-0.00169812
-0.00424168
-0.00443015
-0.00450351
-0.00454012
-0.00456132
-0.00455549
-0.0045063
-0.00440548
-0.00425251
-0.00405015
-0.00380109
-0.00350707
-0.00316935
-0.00278939
-0.00236911
-0.00527793
-0.00547287
-0.00553906
-0.00556562
-0.00557637
-0.0055579
-0.00549182
-0.00536907
-0.00518943
-0.00495621
-0.00467258
-0.00434064
-0.00396197
-0.00353839
-0.00307225
-0.00639117
-0.00659222
-0.00664959
-0.00666421
-0.00666255
-0.00662917
-0.00654344
-0.00639553
-0.00618552
-0.00591738
-0.00559484
-0.00522041
-0.00479602
-0.00432391
-0.00380697
-0.00758587
-0.00779256
-0.00783922
-0.00783977
-0.00782349
-0.00777264
-0.00766416
-0.00748742
-0.00724291
-0.00693535
-0.00656909
-0.00614708
-0.0056717
-0.0051457
-0.00457253
-0.00886682
-0.00907856
-0.00911238
-0.00909646
-0.00906306
-0.00899184
-0.00885711
-0.00864744
-0.00836383
-0.00801185
-0.00759652
-0.00712133
-0.00658916
-0.00600335
-0.00536805
-0.0102392
-0.0104552
-0.0104738
-0.0104387
-0.0103854
-0.0102905
-0.0101256
-0.00987845
-0.00955061
-0.00914862
-0.0086783
-0.00814373
-0.00754839
-0.0068963
-0.0061924
-0.0117085
-0.011928
-0.0119286
-0.0118713
-0.0117949
-0.0116727
-0.0114732
-0.0111834
-0.0108056
-0.0103475
-0.0098156
-0.0092148
-0.00854924
-0.00782376
-0.0070442
-0.0132807
-0.0135025
-0.0134821
-0.0133993
-0.0132962
-0.0131426
-0.0129037
-0.0125655
-0.0121314
-0.0116102
-0.0110095
-0.0103349
-0.00959142
-0.00878474
-0.00792181
-0.0149621
-0.015185
-0.0151403
-0.0150282
-0.0148944
-0.0147048
-0.0144208
-0.0140279
-0.0135304
-0.0129386
-0.0122611
-0.0115044
-0.0106744
-0.009778
-0.00882328
-0.0167596
-0.0169822
-0.0169093
-0.0167636
-0.0165947
-0.0163639
-0.0160288
-0.0155741
-0.0150054
-0.0143345
-0.0135713
-0.0127233
-0.0117975
-0.010802
-0.00974632
-0.0186805
-0.0189011
-0.0187957
-0.0186118
-0.0184029
-0.0181252
-0.017732
-0.0172077
-0.0165591
-0.0157997
-0.0149411
-0.0139916
-0.0129597
-0.0118549
-0.0106883
-0.0207327
-0.0209493
-0.0208067
-0.0205795
-0.020325
-0.0199939
-0.0195351
-0.0189323
-0.0181942
-0.0173361
-0.0163711
-0.0153092
-0.0141599
-0.0129345
-0.0116461
-0.0229245
-0.023135
-0.02295
-0.0226736
-0.0223674
-0.0219758
-0.0214429
-0.0207519
-0.0199136
-0.0189455
-0.0178623
-0.0166754
-0.0153964
-0.0140382
-0.0126161
-0.0252652
-0.025467
-0.0252336
-0.0249016
-0.024537
-0.0240769
-0.0234605
-0.0226706
-0.0217203
-0.0206295
-0.019415
-0.0180898
-0.0166674
-0.0151631
-0.0135943
-0.0277644
-0.0279546
-0.0276663
-0.0272717
-0.026841
-0.0263037
-0.0255933
-0.0246927
-0.0236173
-0.02239
-0.0210297
-0.0195514
-0.0179708
-0.0163056
-0.0145761
-0.0304324
-0.0306079
-0.0302575
-0.0297924
-0.0292874
-0.0286631
-0.0278471
-0.0268225
-0.0256078
-0.0242288
-0.0227067
-0.0210591
-0.019304
-0.017462
-0.0155565
-0.0332806
-0.0334376
-0.0330172
-0.032473
-0.0318843
-0.0311623
-0.0302281
-0.029065
-0.027695
-0.0261475
-0.0244463
-0.0226115
-0.0206639
-0.0186278
-0.0165297
-0.0363209
-0.0364554
-0.035956
-0.0353232
-0.0346409
-0.0338091
-0.0327426
-0.0314251
-0.0298824
-0.0281478
-0.0262483
-0.0242068
-0.0220474
-0.019798
-0.0174894
-0.0395663
-0.0396737
-0.0390855
-0.0383537
-0.0375665
-0.036612
-0.0353975
-0.033908
-0.0321735
-0.0302316
-0.0281128
-0.0258431
-0.0234507
-0.0209673
-0.0184285
-0.0430305
-0.0431058
-0.042418
-0.0415757
-0.0406715
-0.0395799
-0.0382004
-0.0365193
-0.0345719
-0.0324005
-0.0300393
-0.0275182
-0.0248695
-0.0221297
-0.0193394
-0.0467284
-0.0467658
-0.0459667
-0.0450014
-0.0439668
-0.0427224
-0.041159
-0.0392649
-0.0370817
-0.0346564
-0.0320278
-0.0292297
-0.0262994
-0.0232783
-0.0202136
-0.0506759
-0.050669
-0.0497454
-0.0486436
-0.0474644
-0.0460503
-0.0442819
-0.042151
-0.0397066
-0.0370011
-0.034078
-0.0309754
-0.0277359
-0.0244083
-0.0210425
-0.0548899
-0.0548317
-0.0537691
-0.0525159
-0.0511768
-0.0495756
-0.0475779
-0.045184
-0.0424503
-0.0394369
-0.0361895
-0.0327517
-0.0291725
-0.0255079
-0.0218163
-0.0593889
-0.0592713
-0.0580537
-0.0566324
-0.0551172
-0.0533134
-0.0510554
-0.0483712
-0.0453209
-0.0419668
-0.0383617
-0.0345558
-0.0306045
-0.0265713
-0.0225246
-0.0641924
-0.0640065
-0.062616
-0.0610074
-0.0592956
-0.0572869
-0.0547236
-0.0517212
-0.0483214
-0.0445926
-0.0405946
-0.0363845
-0.0320256
-0.0275897
-0.0231539
-0.0693215
-0.0690578
-0.067475
-0.0656562
-0.0637079
-0.0613611
-0.0585763
-0.0552396
-0.0514573
-0.0473172
-0.0428881
-0.0382348
-0.0334299
-0.0285547
-0.0236961
-0.0747989
-0.0744471
-0.0726524
-0.0706069
-0.068416
-0.0658172
-0.0626675
-0.0589431
-0.0547372
-0.0501448
-0.0452425
-0.0401039
-0.0348114
-0.0294574
-0.0241396
-0.0806487
-0.0801974
-0.0781692
-0.0758792
-0.0734229
-0.0705221
-0.0669926
-0.0628405
-0.0581685
-0.0530796
-0.0476586
-0.0419891
-0.0361645
-0.0302894
-0.0244736
-0.0868963
-0.0863329
-0.0840441
-0.0814657
-0.0787391
-0.0755023
-0.0715628
-0.066943
-0.0617597
-0.0561265
-0.0501378
-0.0438878
-0.0374829
-0.0310418
-0.0246911
-0.0935693
-0.0928812
-0.0903104
-0.0874388
-0.0843925
-0.080782
-0.0763945
-0.0712632
-0.0655201
-0.0592912
-0.0526818
-0.0457981
-0.0387605
-0.031703
-0.0247664
-0.100696
-0.099868
-0.0969804
-0.0937936
-0.0904029
-0.0863832
-0.0815059
-0.0758154
-0.0694604
-0.0625807
-0.0552936
-0.0477187
-0.0399922
-0.0322648
-0.0246927
-0.108309
-0.107326
-0.104101
-0.100562
-0.0967956
-0.0923289
-0.0869169
-0.0806159
-0.0735932
-0.0660034
-0.057977
-0.0496492
-0.0411737
-0.0327196
-0.0244608
-0.116438
-0.115289
-0.11169
-0.107769
-0.103597
-0.0986439
-0.0926496
-0.0856835
-0.077933
-0.0695691
-0.0607375
-0.0515905
-0.0423018
-0.0330606
-0.0240614
-0.125113
-0.123764
-0.11978
-0.115447
-0.110835
-0.105356
-0.098729
-0.0910391
-0.0824962
-0.0732896
-0.063582
-0.0535451
-0.0433746
-0.0332824
-0.0234852
-0.134379
-0.13283
-0.128407
-0.12363
-0.118545
-0.112497
-0.105183
-0.0967065
-0.0873021
-0.077179
-0.0665193
-0.0555168
-0.0443917
-0.033381
-0.022725
-0.144271
-0.142497
-0.137604
-0.132353
-0.126762
-0.120099
-0.112042
-0.102712
-0.0923723
-0.0812536
-0.0695604
-0.0575115
-0.0453548
-0.0333544
-0.0217761
-0.154826
-0.152807
-0.147409
-0.141655
-0.135524
-0.128202
-0.119341
-0.109087
-0.0977319
-0.0855329
-0.0727189
-0.0595376
-0.0462673
-0.0332026
-0.0206361
-0.166068
-0.163798
-0.157865
-0.151578
-0.144876
-0.136847
-0.12712
-0.115865
-0.10341
-0.0900391
-0.0760111
-0.0616056
-0.0471357
-0.0329286
-0.0193061
-0.178065
-0.175517
-0.169015
-0.162169
-0.154865
-0.146081
-0.135422
-0.123086
-0.109438
-0.0947985
-0.0794565
-0.0637295
-0.0479691
-0.0325384
-0.0177904
-0.190843
-0.188003
-0.180904
-0.173479
-0.165544
-0.155959
-0.144297
-0.130793
-0.115856
-0.099841
-0.0830778
-0.0659259
-0.0487801
-0.0320419
-0.0160972
-0.204443
-0.2013
-0.193581
-0.185562
-0.176973
-0.166539
-0.153802
-0.139037
-0.122704
-0.105201
-0.0869017
-0.0682152
-0.0495846
-0.031453
-0.0142401
-0.218906
-0.215453
-0.207099
-0.19848
-0.18922
-0.177889
-0.164
-0.147876
-0.130032
-0.110918
-0.0909589
-0.0706216
-0.0504029
-0.0307901
-0.0122379
-0.234269
-0.230507
-0.221513
-0.212301
-0.202361
-0.190087
-0.174964
-0.157374
-0.137896
-0.117036
-0.0952846
-0.0731734
-0.0512594
-0.0300769
-0.0101158
-0.250567
-0.246505
-0.236884
-0.227105
-0.216484
-0.20322
-0.186778
-0.167606
-0.146357
-0.123607
-0.0999188
-0.0759036
-0.0521838
-0.0293429
-0.00790596
-0.267827
-0.263485
-0.253278
-0.242981
-0.231688
-0.217389
-0.199536
-0.178657
-0.155488
-0.130686
-0.104907
-0.0788501
-0.0532114
-0.0286249
-0.00564977
-0.286061
-0.281482
-0.270768
-0.260031
-0.248087
-0.232706
-0.213346
-0.190624
-0.16537
-0.138339
-0.1103
-0.0820574
-0.0543848
-0.0279685
-0.00339972
-0.305257
-0.300515
-0.289435
-0.278373
-0.265808
-0.249299
-0.228331
-0.203617
-0.176092
-0.146638
-0.116158
-0.0855767
-0.055755
-0.0274303
-0.00122239
-0.325365
-0.320586
-0.309365
-0.298135
-0.284988
-0.267309
-0.244628
-0.217759
-0.187757
-0.155662
-0.122545
-0.0894679
-0.0573839
-0.0270807
0.000797722
-0.346272
-0.341666
-0.330649
-0.319453
-0.30577
-0.286887
-0.26239
-0.233186
-0.200475
-0.1655
-0.129535
-0.0938008
-0.059346
-0.0270078
0.00255375
-0.36777
-0.36368
-0.353364
-0.342447
-0.328288
-0.308187
-0.281776
-0.250039
-0.214362
-0.176246
-0.137212
-0.0986564
-0.0617313
-0.0273201
0.00391164
-0.389519
-0.386485
-0.377549
-0.367192
-0.352648
-0.331352
-0.302942
-0.268459
-0.229534
-0.188
-0.145664
-0.104127
-0.064647
-0.02815
0.00470551
-0.411023
-0.409852
-0.403143
-0.393658
-0.378881
-0.356485
-0.326015
-0.288568
-0.2461
-0.200856
-0.154987
-0.110318
-0.0682186
-0.0296549
0.00473596
-0.431631
-0.433429
-0.429894
-0.421621
-0.406874
-0.383578
-0.351044
-0.310438
-0.26414
-0.2149
-0.165273
-0.117341
-0.0725884
-0.032017
0.00376996
-0.450617
-0.456705
-0.457259
-0.450632
-0.436355
-0.412461
-0.377918
-0.334014
-0.283651
-0.230174
-0.1766
-0.125308
-0.0779047
-0.0354298
0.00155957
-0.468292
-0.479079
-0.48442
-0.480188
-0.467131
-0.443048
-0.406563
-0.359209
-0.30455
-0.246624
-0.188962
-0.134266
-0.0842508
-0.0400007
-0.00202296
-0.487006
-0.499525
-0.509557
-0.508874
-0.498382
-0.475
-0.437087
-0.386459
-0.327417
-0.264813
-0.202802
-0.144483
-0.0917446
-0.0457872
-0.00706915
-0.501342
-0.507606
-0.518435
-0.51934
-0.511113
-0.489254
-0.451977
-0.400993
-0.340821
-0.276667
-0.213067
-0.153454
-0.0997822
-0.0534153
-0.0147722
-0.508796
-0.512857
-0.524523
-0.525814
-0.517863
-0.495454
-0.45701
-0.404524
-0.342877
-0.277521
-0.213112
-0.15311
-0.0994109
-0.0533849
-0.515625
-0.518157
-0.530884
-0.532163
-0.523716
-0.499739
-0.45907
-0.404224
-0.340616
-0.273966
-0.208967
-0.14897
-0.0957293
-0.0505223
-0.521651
-0.522952
-0.536855
-0.538241
-0.529483
-0.504208
-0.461637
-0.404735
-0.339395
-0.271581
-0.206027
-0.145998
-0.0931363
-0.0486489
-0.52718
-0.52752
-0.542659
-0.544219
-0.535302
-0.508928
-0.464689
-0.405946
-0.339047
-0.270174
-0.204103
-0.144029
-0.0915072
-0.0476984
-0.532293
-0.531986
-0.548396
-0.550123
-0.541058
-0.513585
-0.467673
-0.407093
-0.338664
-0.268788
-0.202268
-0.142224
-0.0901185
-0.0470651
-0.536986
-0.536344
-0.554026
-0.555908
-0.546697
-0.518112
-0.470517
-0.408092
-0.338155
-0.267327
-0.200432
-0.140502
-0.0889019
-0.0466892
-0.541278
-0.540593
-0.559514
-0.561542
-0.552198
-0.522526
-0.473281
-0.409051
-0.337663
-0.26595
-0.198753
-0.139008
-0.0879847
-0.0466767
-0.545204
-0.544743
-0.564842
-0.567007
-0.557544
-0.526814
-0.475971
-0.409997
-0.33723
-0.26471
-0.197287
-0.1378
-0.0874174
-0.0470712
-0.5488
-0.548801
-0.569998
-0.572287
-0.562711
-0.530953
-0.478567
-0.410915
-0.336847
-0.263603
-0.196033
-0.136878
-0.0872057
-0.0478794
-0.552103
-0.552764
-0.574965
-0.577366
-0.567676
-0.534921
-0.481051
-0.411795
-0.336513
-0.26263
-0.194997
-0.136253
-0.0873594
-0.0491104
-0.555147
-0.556626
-0.579728
-0.582227
-0.57242
-0.5387
-0.483414
-0.412638
-0.336234
-0.261806
-0.194197
-0.135942
-0.0878953
-0.0507783
-0.557958
-0.560381
-0.584273
-0.586856
-0.576923
-0.542272
-0.485644
-0.413442
-0.336021
-0.261145
-0.193647
-0.135962
-0.0888291
-0.560471
-0.564014
-0.588586
-0.591239
-0.581166
-0.545619
-0.487729
-0.414206
-0.335879
-0.260659
-0.193363
-0.136329
-0.090174
-0.562717
-0.567487
-0.592655
-0.59536
-0.585131
-0.548725
-0.489661
-0.414928
-0.335814
-0.260357
-0.193357
-0.137055
-0.0919413
-0.566193
-0.570789
-0.596463
-0.599205
-0.588801
-0.551575
-0.491427
-0.415607
-0.335831
-0.26025
-0.193639
-0.138152
-0.0941405
-0.568053
-0.573897
-0.599997
-0.602759
-0.592158
-0.554153
-0.49302
-0.416241
-0.335937
-0.260346
-0.194219
-0.13963
-0.096779
-0.569692
-0.57682
-0.603246
-0.606007
-0.595186
-0.556447
-0.49443
-0.416829
-0.336135
-0.260653
-0.195105
-0.141498
-0.0998621
-0.571346
-0.579552
-0.606194
-0.608931
-0.597869
-0.558441
-0.495648
-0.417368
-0.336427
-0.261176
-0.196302
-0.143761
-0.103392
-0.572874
-0.582065
-0.608826
-0.611516
-0.600191
-0.560124
-0.496666
-0.417855
-0.336816
-0.26192
-0.197812
-0.146424
-0.107369
-0.574216
-0.584326
-0.611123
-0.613744
-0.602135
-0.561483
-0.497477
-0.418289
-0.337303
-0.262886
-0.199637
-0.149489
-0.111784
-0.575356
-0.586309
-0.613066
-0.615596
-0.603686
-0.562506
-0.498073
-0.418665
-0.337886
-0.264073
-0.201773
-0.152957
-0.116628
-0.57628
-0.58799
-0.614638
-0.617054
-0.604829
-0.563183
-0.498446
-0.418979
-0.338564
-0.265481
-0.204214
-0.156824
-0.1219
-0.576965
-0.589346
-0.61582
-0.618098
-0.605549
-0.563502
-0.49859
-0.419227
-0.33933
-0.267103
-0.206951
-0.16108
-0.127652
-0.577388
-0.590353
-0.61659
-0.618709
-0.605831
-0.563454
-0.498496
-0.419402
-0.340181
-0.268933
-0.209971
-0.165716
-0.133804
-0.577523
-0.590985
-0.616928
-0.618868
-0.605662
-0.563028
-0.498159
-0.419498
-0.341107
-0.270962
-0.213256
-0.170712
-0.140369
-0.577344
-0.591218
-0.616814
-0.618555
-0.605028
-0.562215
-0.497571
-0.419507
-0.3421
-0.273178
-0.216777
-0.176075
-0.147335
-0.576826
-0.591029
-0.616226
-0.617752
-0.603917
-0.561007
-0.496724
-0.41942
-0.343146
-0.275566
-0.220505
-0.181791
-0.154699
-0.575943
-0.590394
-0.615144
-0.616442
-0.602317
-0.559395
-0.495612
-0.419225
-0.344233
-0.278111
-0.224866
-0.187438
-0.574669
-0.589291
-0.613549
-0.614607
-0.600218
-0.557372
-0.494227
-0.418913
-0.345344
-0.280787
-0.229362
-0.193477
-0.572983
-0.587697
-0.611423
-0.612235
-0.597611
-0.55493
-0.492562
-0.41847
-0.34646
-0.283571
-0.234007
-0.199849
-0.570862
-0.585593
-0.608749
-0.609312
-0.594487
-0.552063
-0.490609
-0.417882
-0.347562
-0.286459
-0.238806
-0.206489
-0.568289
-0.582961
-0.605512
-0.605828
-0.590841
-0.548766
-0.488361
-0.417133
-0.348631
-0.289403
-0.243768
-0.213366
-0.565249
-0.579785
-0.6017
-0.601777
-0.586671
-0.545035
-0.485812
-0.416208
-0.349652
-0.292388
-0.248857
-0.220453
-0.561731
-0.576054
-0.597307
-0.597154
-0.581983
-0.54086
-0.482954
-0.415105
-0.350578
-0.295407
-0.254045
-0.227722
-0.557738
-0.571754
-0.592341
-0.591952
-0.576784
-0.536232
-0.479739
-0.413837
-0.351412
-0.298428
-0.25931
-0.235143
-0.553304
-0.566849
-0.586809
-0.586167
-0.57094
-0.531271
-0.476211
-0.412342
-0.352135
-0.301426
-0.264629
-0.242686
-0.548453
-0.561324
-0.580697
-0.579801
-0.564604
-0.525842
-0.472349
-0.410611
-0.352724
-0.304378
-0.269979
-0.250319
-0.542701
-0.555653
-0.574024
-0.572856
-0.557765
-0.519958
-0.468148
-0.408638
-0.353162
-0.307265
-0.275337
-0.258013
-0.53653
-0.549371
-0.5668
-0.565345
-0.55042
-0.513643
-0.463609
-0.406412
-0.353433
-0.310066
-0.28068
-0.265734
-0.52994
-0.542521
-0.559026
-0.557297
-0.542583
-0.506907
-0.458732
-0.403925
-0.353522
-0.312765
-0.285983
-0.273452
-0.522917
-0.535157
-0.550726
-0.548735
-0.534272
-0.49976
-0.453518
-0.401171
-0.353419
-0.315344
-0.291226
-0.281134
-0.515483
-0.527306
-0.541926
-0.53968
-0.525509
-0.492214
-0.447972
-0.398147
-0.353113
-0.31779
-0.296386
-0.288748
-0.507665
-0.518998
-0.532659
-0.530159
-0.516318
-0.484287
-0.442102
-0.394854
-0.352601
-0.320091
-0.301441
-0.296263
-0.499496
-0.510269
-0.52296
-0.520204
-0.506726
-0.475999
-0.435919
-0.391295
-0.351878
-0.322236
-0.306371
-0.303647
-0.491014
-0.501155
-0.512869
-0.509851
-0.496764
-0.467372
-0.429437
-0.387477
-0.350944
-0.324215
-0.311155
-0.310868
-0.482257
-0.491699
-0.502429
-0.49914
-0.486469
-0.458434
-0.422676
-0.383411
-0.349803
-0.326023
-0.315773
-0.317894
-0.47327
-0.481945
-0.491688
-0.488115
-0.475878
-0.449217
-0.415657
-0.379111
-0.34846
-0.327653
-0.320208
-0.324697
-0.464097
-0.471939
-0.480693
-0.476823
-0.465033
-0.439753
-0.408406
-0.374594
-0.346922
-0.329102
-0.324441
-0.331235
-0.454785
-0.46173
-0.469498
-0.465313
-0.453979
-0.43008
-0.400952
-0.36988
-0.345198
-0.330364
-0.328455
-0.337485
)
;

boundaryField
{
    inlet
    {
        type            zeroGradient;
    }
    outlet
    {
        type            fixedValue;
        value           nonuniform 0();
    }
    cylinder
    {
        type            zeroGradient;
    }
    top
    {
        type            symmetryPlane;
    }
    bottom
    {
        type            symmetryPlane;
    }
    frontAndBack
    {
        type            empty;
    }
    procBoundary4to3
    {
        type            processor;
        value           nonuniform List<scalar> 
323
(
-0.403707
-0.400264
-0.396834
-0.393427
-0.390049
-0.386707
-0.383409
-0.380161
-0.376969
-0.37384
-0.370778
-0.367789
-0.364878
-0.362549
-0.362549
-0.359804
-0.35715
-0.35459
-0.352129
-0.349768
-0.347512
-0.345569
-0.345569
-0.343518
-0.341579
-0.339755
-0.337945
-0.337945
-0.336337
-0.334849
-0.333482
-0.331782
-0.331782
-0.330636
-0.329615
-0.328718
-0.327092
-0.327092
-0.326417
-0.325865
-0.324182
-0.324182
-0.323849
-0.323633
-0.321863
-0.321863
-0.321853
-0.319869
-0.319869
-0.32005
-0.317818
-0.317818
-0.318167
-0.318594
-0.316124
-0.316124
-0.316668
-0.313825
-0.313825
-0.314453
-0.311178
-0.311178
-0.307416
-0.307416
-0.308122
-0.303901
-0.303901
-0.304646
-0.300012
-0.300012
-0.295013
-0.295013
-0.295739
-0.290383
-0.290383
-0.284573
-0.284573
-0.278606
-0.278606
-0.278463
-0.270155
-0.270155
-0.264407
-0.264407
-0.4428
-0.4428
-0.453489
-0.453489
-0.464762
-0.464762
-0.47314
-0.475356
-0.475356
-0.481164
-0.481164
-0.485001
-0.485814
-0.485814
-0.487581
-0.487581
-0.488255
-0.488209
-0.488209
-0.487941
-0.48773
-0.48773
-0.487059
-0.487059
-0.486425
-0.486106
-0.486106
-0.485607
-0.48534
-0.48534
-0.485049
-0.484818
-0.484818
-0.484708
-0.484469
-0.48428
-0.48428
-0.484163
-0.483888
-0.483888
-0.483764
-0.483358
-0.482941
-0.482941
-0.482586
-0.481983
-0.481339
-0.481339
-0.480697
-0.479831
-0.4789
-0.477896
-0.477896
-0.476783
-0.475525
-0.474179
-0.474179
-0.472776
-0.471168
-0.469461
-0.46765
-0.465735
-0.465735
-0.463721
-0.461539
-0.459252
-0.456861
-0.454366
-0.45177
-0.449077
-0.449077
-0.446177
-0.443257
-0.440255
-0.437176
-0.434026
-0.430813
-0.427543
-0.424223
-0.420862
-0.417467
-0.414046
-0.410607
-0.407158
-0.245387
-0.237661
-0.225651
-0.21501
-0.21501
-0.203612
-0.192301
-0.181383
-0.170887
-0.160802
-0.151137
-0.141885
-0.133038
-0.124585
-0.116517
-0.108822
-0.101491
-0.0945106
-0.08787
-0.0815567
-0.0755583
-0.0698623
-0.0644561
-0.0593273
-0.0544637
-0.0498534
-0.0454846
-0.041346
-0.0374268
-0.0337163
-0.0302045
-0.0268815
-0.0237381
-0.0207653
-0.0179547
-0.0152981
-0.0127877
-0.0104162
-0.00817659
-0.00606219
-0.00406667
-0.002184
-0.000408485
0.0012653
0.00284248
0.00432793
0.00549873
0.00549873
0.00682954
0.00808071
0.00925619
0.0103598
0.011395
0.0123653
0.0132738
0.0141236
0.0149175
0.0156581
0.0163481
0.0169898
0.0175854
0.018137
0.0186466
0.019116
0.0195469
0.0199407
0.0202989
0.0206226
0.020913
0.0211709
0.021397
0.0215918
0.0217024
0.0217024
0.0218363
0.0219387
0.0220083
0.0220459
0.00495608
0.00491061
0.00482349
0.00469514
0.00469514
0.00454931
0.00434247
0.00409626
0.00381048
0.00348451
0.00311758
0.00270856
0.00225617
0.00175881
0.00121475
0.000621955
-2.17636e-05
-0.000718846
-0.00147194
-0.00228392
-0.00315789
-0.00409719
-0.00510541
-0.00618641
-0.0073443
-0.0085835
-0.00990872
-0.011325
-0.0128377
-0.0144526
-0.0161757
-0.0180137
-0.0199735
-0.0220626
-0.0242889
-0.0266608
-0.0291875
-0.0318786
-0.0347443
-0.0377958
-0.0410446
-0.0445033
-0.0481853
-0.0521047
-0.0562767
-0.0607175
-0.0654444
-0.0704755
-0.0758303
-0.0815295
-0.0875948
-0.0940492
-0.100917
-0.108223
-0.115994
-0.124258
-0.133045
-0.142383
-0.152303
-0.152303
-0.161192
-0.172235
-0.183943
-0.196344
-0.209467
-0.223337
-0.237974
-0.253395
-0.269612
-0.286627
-0.304424
-0.322977
-0.342217
-0.361931
-0.382163
-0.402352
-0.420658
)
;
    }
    procBoundary4to5
    {
        type            processor;
        value           nonuniform List<scalar> 
257
(
-0.360126
-0.367155
-0.37375
-0.379894
-0.38557
-0.390766
-0.395476
-0.399694
-0.403419
-0.406654
-0.409404
-0.411677
-0.413485
-0.414839
-0.415755
-0.416251
-0.416344
-0.416053
-0.415398
-0.414399
-0.413077
-0.411453
-0.411453
-0.433994
-0.432156
-0.430173
-0.427995
-0.424216
-0.421381
-0.418362
-0.41514
-0.411769
-0.408257
-0.404616
-0.400855
-0.396984
-0.393012
-0.388945
-0.384791
-0.384791
-0.395698
-0.391377
-0.386962
-0.382458
-0.377868
-0.373194
-0.368449
-0.36367
-0.358841
-0.353718
-0.348238
-0.348238
-0.346389
-0.341326
-0.320877
-0.300566
-0.280494
-0.260695
-0.241643
-0.223676
-0.20696
-0.191541
-0.177384
-0.16441
-0.152515
-0.141594
-0.131546
-0.122279
-0.11371
-0.105767
-0.0983869
-0.0915147
-0.0851018
-0.0791056
-0.0734886
-0.0682177
-0.0632638
-0.0586007
-0.0542055
-0.0500575
-0.0461382
-0.0424314
-0.038922
-0.0355969
-0.0324439
-0.0294523
-0.0266122
-0.0239147
-0.0213515
-0.0189153
-0.0165993
-0.0143971
-0.012303
-0.0103118
-0.00841854
-0.00661862
-0.00490786
-0.00328231
-0.0017383
-0.000272399
0.0011186
0.00243774
0.00368786
0.00487162
0.00599157
0.00705009
0.00804942
0.00899169
0.00987893
0.010713
0.0114957
0.0122286
0.0129134
0.0135514
0.0141439
0.0146921
0.0151971
0.0156598
0.0160809
0.016461
0.0168006
0.0170998
0.0173586
0.0175768
0.0177539
0.017889
0.0179809
0.0180279
0.00460066
0.00455776
0.00455776
0.00459008
0.00447163
0.00431673
0.00412655
0.00390204
0.00364397
0.00335295
0.00302949
0.002674
0.00228683
0.00186831
0.00141874
0.000938408
0.000427643
-0.000113165
-0.000683572
-0.00128306
-0.00191095
-0.00256647
-0.00324865
-0.00395632
-0.00468811
-0.0054424
-0.00621726
-0.00701045
-0.00781937
-0.00864105
-0.00947208
-0.0103087
-0.0111462
-0.0119797
-0.0128037
-0.0136121
-0.0143981
-0.0151539
-0.015871
-0.0165404
-0.0171521
-0.0176955
-0.018159
-0.0185299
-0.0187948
-0.0189411
-0.0189541
-0.0188175
-0.0185681
-0.0180913
-0.0174311
-0.0165704
-0.0154956
-0.0141947
-0.0126579
-0.0108783
-0.00885171
-0.00657798
-0.00406119
-0.00130955
0.00166253
0.00483428
0.0081777
0.0116552
0.015218
0.0188034
0.0223309
0.0256989
0.0287785
0.0314092
0.0333847
0.034434
0.034254
0.0325374
0.0291502
0.023919
0.0154635
-0.0154269
-0.0154269
-0.0136809
-0.0128047
-0.0128093
-0.0131985
-0.0139148
-0.0150413
-0.0166135
-0.018636
-0.0211145
-0.0240579
-0.0528967
-0.0528967
-0.055476
-0.0585253
-0.0620517
-0.0660606
-0.0705529
-0.0755188
-0.0809536
-0.0868687
-0.0932824
-0.100132
-0.10737
-0.115068
-0.123193
-0.131709
-0.140594
-0.162408
-0.162408
-0.170439
-0.178776
-0.187392
-0.19626
-0.205351
-0.214634
-0.224077
-0.233646
-0.243304
-0.253017
-0.262749
-0.272463
-0.282116
-0.291675
-0.301127
-0.310383
-0.319414
-0.328195
-0.336686
-0.344861
-0.352686
)
;
    }
}


// ************************************************************************* //
