/*--------------------------------*- C++ -*----------------------------------*\
  =========                 |
  \\      /  F ield         | OpenFOAM: The Open Source CFD Toolbox
   \\    /   O peration     | Website:  https://openfoam.org
    \\  /    A nd           | Version:  7
     \\/     M anipulation  |
\*---------------------------------------------------------------------------*/
FoamFile
{
    version     2.0;
    format      ascii;
    class       volScalarField;
    location    "100";
    object      p;
}
// * * * * * * * * * * * * * * * * * * * * * * * * * * * * * * * * * * * * * //

dimensions      [0 2 -2 0 0 0 0];

internalField   nonuniform List<scalar> 
4575
(
-0.146713
-0.122154
-0.0999147
-0.084451
-0.0757975
-0.0726733
-0.0760404
-0.0866592
-0.100418
-0.109088
-0.10649
-0.094204
-0.0794482
-0.0675952
-0.0599668
-0.0563787
-0.0579419
-0.0637502
-0.0692615
-0.0692735
-0.0638408
-0.0558069
-0.0494499
-0.0446423
-0.149462
-0.124086
-0.1011
-0.0849548
-0.0757047
-0.0720261
-0.0747802
-0.0847512
-0.0979637
-0.106359
-0.103846
-0.0919677
-0.0778139
-0.0666127
-0.0595872
-0.0565853
-0.0587626
-0.0651692
-0.0711405
-0.0713153
-0.0657147
-0.0572419
-0.0503824
-0.0450522
-0.152164
-0.125973
-0.102243
-0.0854205
-0.0755777
-0.0713499
-0.0734943
-0.0828184
-0.0954866
-0.103613
-0.101193
-0.0897239
-0.0761676
-0.0656122
-0.0591874
-0.0567746
-0.059572
-0.066585
-0.0730247
-0.0733679
-0.0675981
-0.0586784
-0.0513087
-0.045455
-0.154816
-0.127815
-0.103346
-0.0858499
-0.0754191
-0.0706478
-0.0721868
-0.0808652
-0.0929915
-0.100855
-0.0985337
-0.0874744
-0.0745099
-0.0645933
-0.0587665
-0.0569451
-0.0603677
-0.0679948
-0.0749113
-0.0754291
-0.0694897
-0.0601161
-0.0522288
-0.045851
-0.157416
-0.129611
-0.104408
-0.0862451
-0.0752313
-0.0699228
-0.0708616
-0.0788965
-0.0904833
-0.0980882
-0.0958715
-0.0852211
-0.0728416
-0.0635559
-0.0583235
-0.057095
-0.0611472
-0.0693954
-0.0767971
-0.0774963
-0.0713882
-0.0615544
-0.0531429
-0.0462405
-0.159962
-0.131361
-0.105432
-0.0866077
-0.0750168
-0.069178
-0.0695228
-0.0769169
-0.0879667
-0.095317
-0.0932094
-0.0829659
-0.0711633
-0.0624998
-0.0578575
-0.0572226
-0.0619081
-0.0707839
-0.0786793
-0.0795673
-0.0732921
-0.062993
-0.0540509
-0.0466242
-0.162452
-0.133065
-0.106417
-0.0869399
-0.0747781
-0.0684165
-0.0681742
-0.074931
-0.0854466
-0.0925456
-0.0905504
-0.0807108
-0.069476
-0.061425
-0.0573677
-0.0573263
-0.0626478
-0.0721571
-0.0805545
-0.0816397
-0.0752
-0.0644313
-0.0549531
-0.0470022
-0.164884
-0.134724
-0.107366
-0.0872437
-0.0745178
-0.0676412
-0.0668196
-0.0729433
-0.0829276
-0.089778
-0.0878975
-0.0784575
-0.0677804
-0.0603315
-0.0568533
-0.0574043
-0.0633638
-0.073512
-0.0824197
-0.0837107
-0.0771104
-0.065869
-0.0558495
-0.0473751
-0.167256
-0.136336
-0.10828
-0.0875212
-0.0742383
-0.066855
-0.0654627
-0.0709583
-0.0804144
-0.0870183
-0.0852538
-0.0762082
-0.0660777
-0.0592195
-0.0563136
-0.0574551
-0.0640537
-0.0748454
-0.0842716
-0.0857781
-0.0790221
-0.0673057
-0.0567403
-0.0477433
-0.169565
-0.137903
-0.109159
-0.0877743
-0.0739422
-0.0660609
-0.0641071
-0.0689803
-0.0779116
-0.0842705
-0.0826225
-0.0739648
-0.0643688
-0.058089
-0.0557481
-0.0574772
-0.0647149
-0.0761542
-0.0861071
-0.0878391
-0.0809333
-0.068741
-0.0576256
-0.0481071
-0.139424
-0.110005
-0.0880052
-0.073632
-0.0652616
-0.0627563
-0.0670135
-0.0754235
-0.0815385
-0.0800068
-0.0717292
-0.0626549
-0.0569405
-0.0551561
-0.0574689
-0.0653449
-0.0774352
-0.0879228
-0.0898911
-0.0828426
-0.0701744
-0.0585055
-0.0484669
-0.140899
-0.11082
-0.0882159
-0.07331
-0.0644599
-0.0614136
-0.065062
-0.0729544
-0.0788261
-0.0774097
-0.0695037
-0.0609371
-0.0557743
-0.0545372
-0.0574289
-0.0659415
-0.0786854
-0.0897157
-0.0919316
-0.0847484
-0.0716056
-0.0593803
-0.0488231
-0.14233
-0.111605
-0.0884085
-0.0729789
-0.0636584
-0.0600821
-0.0631296
-0.0705086
-0.0761373
-0.0748329
-0.06729
-0.0592168
-0.0545909
-0.0538909
-0.0573557
-0.0665021
-0.0799017
-0.0914824
-0.0939578
-0.0866492
-0.0730341
-0.0602502
-0.049176
-0.143717
-0.11236
-0.0885849
-0.0726408
-0.0628595
-0.0587649
-0.06122
-0.0680901
-0.0734758
-0.0722872
-0.0650902
-0.0574953
-0.0533909
-0.053217
-0.057248
-0.0670246
-0.0810812
-0.0932198
-0.0959671
-0.0885433
-0.0744594
-0.0611153
-0.0495261
-0.145059
-0.113089
-0.0887472
-0.0722981
-0.0620658
-0.0574647
-0.0593367
-0.0657026
-0.0708454
-0.0697678
-0.0629062
-0.0557739
-0.052175
-0.0525153
-0.0571046
-0.0675068
-0.0822209
-0.0949247
-0.0979569
-0.090429
-0.0758812
-0.0619758
-0.0498737
-0.146357
-0.113791
-0.0888972
-0.0719531
-0.0612795
-0.0561841
-0.057483
-0.0633499
-0.0682492
-0.0672445
-0.0607403
-0.0540541
-0.050944
-0.0517857
-0.0569244
-0.0679465
-0.0833179
-0.0965941
-0.0999245
-0.0923048
-0.0772989
-0.062832
-0.0502191
-0.147612
-0.114469
-0.0890369
-0.0716078
-0.0605029
-0.0549257
-0.055662
-0.0610352
-0.0656908
-0.0647503
-0.0585951
-0.0523375
-0.0496986
-0.0510281
-0.0567063
-0.0683417
-0.0843695
-0.098225
-0.101867
-0.0941688
-0.078712
-0.0636841
-0.0505627
-0.148824
-0.115124
-0.089168
-0.0712644
-0.0597381
-0.0536917
-0.0538765
-0.058762
-0.0631735
-0.062295
-0.0564731
-0.0506256
-0.0484399
-0.0502427
-0.0564494
-0.0686905
-0.0853731
-0.0998144
-0.103782
-0.0960194
-0.08012
-0.0645322
-0.0509048
-0.149994
-0.115756
-0.0892922
-0.070925
-0.058987
-0.0524842
-0.052129
-0.0565331
-0.0607004
-0.0598833
-0.0543766
-0.04892
-0.047169
-0.0494297
-0.0561529
-0.0689912
-0.0863261
-0.101359
-0.105668
-0.0978549
-0.0815223
-0.0653767
-0.0512457
-0.151121
-0.116368
-0.0894113
-0.0705913
-0.0582514
-0.0513051
-0.0504219
-0.0543513
-0.0582747
-0.0575167
-0.0523074
-0.0472224
-0.0458869
-0.0485894
-0.055816
-0.069242
-0.0872262
-0.102857
-0.10752
-0.0996734
-0.0829183
-0.0662177
-0.0515858
-0.152206
-0.116961
-0.0895268
-0.0702652
-0.0575332
-0.0501561
-0.0487573
-0.0522192
-0.0558994
-0.0551942
-0.0502673
-0.0455346
-0.0445949
-0.0477222
-0.0554383
-0.0694414
-0.088071
-0.104305
-0.109338
-0.101473
-0.0843075
-0.0670554
-0.0519254
-0.15325
-0.117536
-0.0896402
-0.0699484
-0.056834
-0.0490388
-0.0471369
-0.0501389
-0.0535768
-0.0529172
-0.0482585
-0.0438582
-0.0432943
-0.0468286
-0.0550192
-0.0695881
-0.0888584
-0.105701
-0.111117
-0.103253
-0.085689
-0.0678901
-0.0522648
-0.154253
-0.118093
-0.089753
-0.0696425
-0.0561552
-0.0479546
-0.0455623
-0.0481126
-0.0513093
-0.0506882
-0.046283
-0.0421952
-0.0419866
-0.0459092
-0.0545585
-0.0696808
-0.0895865
-0.107042
-0.112857
-0.10501
-0.0870623
-0.0687218
-0.0526042
-0.155214
-0.118636
-0.0898664
-0.069349
-0.0554983
-0.0469047
-0.0440349
-0.0461418
-0.0490987
-0.0485091
-0.0443427
-0.0405473
-0.040673
-0.044965
-0.0540559
-0.0697183
-0.0902534
-0.108326
-0.114555
-0.106743
-0.0884266
-0.0695508
-0.0529441
-0.156133
-0.119163
-0.0899818
-0.0690693
-0.0548645
-0.0458901
-0.0425556
-0.0442281
-0.046947
-0.0463817
-0.0424398
-0.0389164
-0.0393552
-0.0439966
-0.0535114
-0.0696999
-0.0908575
-0.109551
-0.116208
-0.108451
-0.089781
-0.0703773
-0.0532847
-0.157011
-0.119677
-0.0901003
-0.0688047
-0.054255
-0.0449119
-0.0411252
-0.0423725
-0.0448557
-0.0443076
-0.0405761
-0.0373042
-0.0380348
-0.043005
-0.0529252
-0.0696246
-0.0913972
-0.110715
-0.117815
-0.110131
-0.0911248
-0.0712013
-0.0536264
-0.157848
-0.120178
-0.0902231
-0.0685563
-0.0536709
-0.0439707
-0.0397445
-0.0405759
-0.042826
-0.0422883
-0.0387535
-0.0357127
-0.0367133
-0.0419914
-0.0522973
-0.0694919
-0.0918713
-0.111816
-0.119372
-0.111782
-0.092457
-0.072023
-0.0539693
-0.158642
-0.120667
-0.0903511
-0.0683251
-0.0531132
-0.0430674
-0.0384138
-0.0388389
-0.0408589
-0.0403253
-0.0369741
-0.0341437
-0.0353926
-0.0409569
-0.0516283
-0.0693013
-0.0922786
-0.112852
-0.120879
-0.113402
-0.0937767
-0.0728424
-0.0543138
-0.159394
-0.121144
-0.0904854
-0.0681122
-0.0525826
-0.0422023
-0.0371334
-0.0371618
-0.0389553
-0.0384201
-0.0352396
-0.032599
-0.0340743
-0.0399028
-0.0509186
-0.0690525
-0.0926181
-0.113822
-0.122333
-0.114989
-0.095083
-0.0736596
-0.0546601
-0.160102
-0.121612
-0.0906266
-0.0679182
-0.05208
-0.041376
-0.0359032
-0.0355444
-0.0371156
-0.0365735
-0.0335518
-0.0310806
-0.0327602
-0.0388304
-0.0501688
-0.0687453
-0.092889
-0.114724
-0.123733
-0.116542
-0.0963749
-0.0744746
-0.0550086
-0.160766
-0.122069
-0.0907753
-0.0677438
-0.0516059
-0.0405886
-0.0347233
-0.0339866
-0.03534
-0.0347867
-0.0319126
-0.0295903
-0.0314522
-0.0377413
-0.0493797
-0.0683798
-0.0930908
-0.115558
-0.125077
-0.118059
-0.0976512
-0.0752873
-0.0553596
-0.161385
-0.122516
-0.0909326
-0.0675896
-0.0511609
-0.0398406
-0.0335936
-0.0324879
-0.0336287
-0.0330603
-0.0303236
-0.0281301
-0.0301523
-0.036637
-0.0485522
-0.0679562
-0.0932229
-0.116321
-0.126363
-0.119538
-0.0989108
-0.0760976
-0.0557132
-0.161958
-0.122956
-0.0911007
-0.0674578
-0.0507468
-0.0391328
-0.0325144
-0.031048
-0.0319818
-0.0313954
-0.0287865
-0.026702
-0.0288623
-0.0355192
-0.0476874
-0.0674747
-0.093285
-0.117014
-0.12759
-0.120978
-0.100153
-0.0769056
-0.05607
-0.162485
-0.12339
-0.0912818
-0.0673494
-0.0503641
-0.0384654
-0.0314849
-0.0296656
-0.0303984
-0.0297923
-0.0273033
-0.0253083
-0.0275846
-0.0343898
-0.0467864
-0.0669359
-0.0932769
-0.117635
-0.128755
-0.122376
-0.101376
-0.0777115
-0.0564306
-0.162962
-0.12381
-0.0914665
-0.0672564
-0.0500065
-0.0378334
-0.0305011
-0.0283359
-0.0288741
-0.0282483
-0.0258757
-0.0239503
-0.0263211
-0.0332506
-0.0458506
-0.0663405
-0.0931987
-0.118184
-0.12986
-0.123734
-0.10258
-0.0785144
-0.0567936
-0.16337
-0.124192
-0.0916338
-0.0671631
-0.0496635
-0.0372299
-0.0295592
-0.0270557
-0.027404
-0.0267577
-0.024503
-0.0226267
-0.0250717
-0.0321023
-0.044881
-0.0656894
-0.0930518
-0.118664
-0.130906
-0.125053
-0.103763
-0.0793097
-0.0571554
-0.163702
-0.124555
-0.0918149
-0.0671001
-0.0493613
-0.0366771
-0.0286789
-0.0258448
-0.0260077
-0.0253366
-0.0231781
-0.0213429
-0.0238407
-0.0309476
-0.0438792
-0.0649839
-0.092837
-0.119072
-0.131886
-0.12632
-0.104913
-0.0800961
-0.0575205
-0.164063
-0.125081
-0.0921835
-0.0672061
-0.0492046
-0.0362492
-0.0279096
-0.0247451
-0.0247393
-0.02405
-0.0219006
-0.0201429
-0.0226606
-0.0298082
-0.0428537
-0.06422
-0.0925361
-0.11937
-0.132743
-0.127483
-0.106023
-0.0809007
-0.057924
-0.164605
-0.125865
-0.0927731
-0.0674756
-0.0491666
-0.0359023
-0.0271872
-0.023673
-0.023521
-0.0228569
-0.0207464
-0.0190535
-0.0215585
-0.0287075
-0.0418145
-0.0633846
-0.0921108
-0.11951
-0.133459
-0.128561
-0.107161
-0.0817764
-0.0583919
-0.164794
-0.125897
-0.0925649
-0.067047
-0.0485566
-0.0351051
-0.026101
-0.0222259
-0.0218494
-0.0211843
-0.0193289
-0.0176812
-0.0202328
-0.0274215
-0.0406675
-0.0625472
-0.0918151
-0.119952
-0.134613
-0.130051
-0.108478
-0.0826069
-0.0587177
-0.123754
-0.0898615
-0.0642259
-0.0457518
-0.0323651
-0.0231343
-0.0184488
-0.0170345
-0.0156759
-0.0129798
-0.0125174
-0.0152894
-0.0227436
-0.0370435
-0.0610196
-0.0930657
-0.123806
-0.140006
-0.135631
-0.111918
-0.0840632
-0.0588337
-0.117835
-0.0850141
-0.0602302
-0.0422555
-0.0290335
-0.0196925
-0.0147303
-0.0132072
-0.0120967
-0.0103288
-0.00941917
-0.012124
-0.0198019
-0.0347721
-0.0598744
-0.0932535
-0.125122
-0.141998
-0.13706
-0.113737
-0.0846938
-0.058395
-0.111671
-0.0799932
-0.0560797
-0.0386512
-0.0257138
-0.0164041
-0.0112094
-0.00946962
-0.0084042
-0.00662108
-0.00617396
-0.00923864
-0.0173311
-0.0329252
-0.0587001
-0.0927422
-0.12552
-0.14345
-0.139206
-0.115275
-0.085089
-0.0577744
-0.104729
-0.0745527
-0.0517304
-0.0349982
-0.0224588
-0.0132749
-0.00792643
-0.00598647
-0.00489572
-0.00331578
-0.00302389
-0.00620491
-0.0145392
-0.0306415
-0.0570577
-0.0919156
-0.125845
-0.144747
-0.140818
-0.11628
-0.0850935
-0.0569021
-0.0972344
-0.0688195
-0.0472354
-0.0313097
-0.0192707
-0.0103078
-0.00489091
-0.00281727
-0.00176699
-0.000406205
-0.000123231
-0.00325191
-0.0116307
-0.0280675
-0.0550919
-0.0908411
-0.125765
-0.145261
-0.141536
-0.116598
-0.0846572
-0.055769
-0.0892601
-0.0628447
-0.0426373
-0.0276152
-0.0161661
-0.00751122
-0.00210636
4.43951e-05
0.00102385
0.00221001
0.00248741
-0.000528376
-0.00884108
-0.0254578
-0.0529272
-0.0893186
-0.124876
-0.144801
-0.141305
-0.116171
-0.083742
-0.054365
-0.080938
-0.0567138
-0.0379904
-0.0239441
-0.0131578
-0.00488763
0.000433189
0.00261977
0.00351431
0.00453508
0.00480872
0.00193701
-0.00624447
-0.0228913
-0.0505257
-0.0871773
-0.123092
-0.143347
-0.140069
-0.114935
-0.0823093
-0.0526821
-0.0724071
-0.0505088
-0.0333463
-0.0203254
-0.0102566
-0.00243597
0.00273674
0.00492585
0.00572616
0.00658203
0.00685528
0.00414887
-0.00384356
-0.0203504
-0.0478297
-0.0843962
-0.12043
-0.140849
-0.137767
-0.112837
-0.0803269
-0.0507154
-0.0638153
-0.0443134
-0.028756
-0.0167873
-0.00747141
-0.000152554
0.00481475
0.00697794
0.00768238
0.00837388
0.00864352
0.00611212
-0.00163778
-0.0178284
-0.0448498
-0.0810056
-0.116862
-0.13725
-0.134353
-0.10984
-0.0777712
-0.0484638
-0.0553107
-0.038208
-0.0242661
-0.0133563
-0.00480937
0.00196852
0.00668011
0.0087914
0.00940494
0.00993427
0.0101899
0.00782803
0.000357352
-0.0153585
-0.0416289
-0.0770034
-0.112339
-0.132509
-0.1298
-0.105924
-0.0746299
-0.0459302
-0.0470336
-0.0322665
-0.0199181
-0.0100565
-0.0022765
0.00393504
0.00834817
0.0103819
0.0109128
0.0112852
0.0114989
0.0092956
0.00211561
-0.0129874
-0.0381949
-0.072369
-0.106828
-0.126607
-0.124109
-0.101095
-0.0709047
-0.0431225
-0.0391081
-0.026554
-0.0157469
-0.00690882
0.000122105
0.00575617
0.00983647
0.0117664
0.0122228
0.0124472
0.0126071
0.0105133
0.00361186
-0.0107505
-0.0345632
-0.0670956
-0.100316
-0.119548
-0.117304
-0.0953826
-0.0666137
-0.0400542
-0.0316354
-0.0211248
-0.0117804
-0.00392983
0.00238204
0.00744181
0.0111642
0.0129642
0.0133513
0.0134383
0.0135147
0.0114796
0.0048289
-0.00867201
-0.0307539
-0.0611957
-0.0928127
-0.111362
-0.109444
-0.0888447
-0.0617939
-0.0367455
-0.0246894
-0.0160213
-0.0080394
-0.00113143
0.00449954
0.00900198
0.0123517
0.0139977
0.0143161
0.014277
0.0142359
0.0121985
0.00575956
-0.00676795
-0.0267924
-0.0546951
-0.0843549
-0.102113
-0.100617
-0.0815705
-0.0565023
-0.0332233
-0.0183157
-0.0112738
-0.00453883
0.00147937
0.00647174
0.0104461
0.0134191
0.0148926
0.015139
0.0149848
0.0147929
0.0126874
0.00641262
-0.00503924
-0.0226983
-0.047635
-0.0750159
-0.0919065
-0.0909543
-0.0736809
-0.0508167
-0.0295219
-0.0125346
-0.00690131
-0.00128811
0.0039
0.00829722
0.0117824
0.0143858
0.0156763
0.0158468
0.0155897
0.0152198
0.0129858
0.00682563
-0.00345675
-0.0184786
-0.0400784
-0.0649128
-0.0808993
-0.080632
-0.0653268
-0.0448341
-0.0256829
-0.00734563
-0.00291286
0.00170783
0.00613153
0.00997658
0.0130173
0.0152694
0.0163761
0.0164708
0.0161279
0.0155679
0.0131648
0.00707971
-0.00194858
-0.0141253
-0.0321154
-0.0542208
-0.0693084
-0.0698637
-0.0566837
-0.0386676
-0.0217546
-0.0027329
0.000691601
0.00444788
0.00817771
0.0115128
0.0141555
0.0160846
0.0170169
0.017044
0.0166394
0.0159009
0.0133309
0.00731066
-0.000393649
-0.00961477
-0.0238687
-0.0431802
-0.0574067
-0.0588969
-0.0479441
-0.0324412
-0.0177904
0.00133022
0.00391964
0.00693426
0.010044
0.0129111
0.0152006
0.0168429
0.0176191
0.0175968
0.0171643
0.0162867
0.0132299
0.00770467
0.00137512
-0.0049118
-0.0155009
-0.0320903
-0.0455159
-0.0480057
-0.0393072
-0.0262826
-0.0138478
0.00487737
0.006785
0.00917218
0.0117368
0.0141786
0.0161555
0.0175522
0.0181975
0.018152
0.0177358
0.0168271
0.013819
0.00851688
0.00355485
1.51399e-05
-0.00721524
-0.0212982
-0.0339912
-0.0374704
-0.0309646
-0.0203144
-0.00998498
0.00794637
0.00930615
0.0111697
0.0132629
0.0153234
0.0170242
0.0182165
0.0187611
0.0187233
0.0183724
0.0175502
0.0147692
0.00993343
0.00633033
0.00516954
0.000748531
-0.0111762
-0.0231877
-0.0275513
-0.0230858
-0.0146458
-0.00625842
0.0105772
0.0115049
0.0129374
0.0146296
0.0163537
0.0178117
0.018838
0.0193137
0.0193149
0.0190774
0.0184556
0.0161193
0.0120582
0.00980284
0.0104923
0.0081255
-0.00207676
-0.0134104
-0.0184599
-0.0158054
-0.00936516
-0.00271987
0.0128105
0.013405
0.0144879
0.0158444
0.0172772
0.0185237
0.0194175
0.019855
0.0199222
0.0198367
0.0195035
0.0178119
0.014845
0.0138907
0.0158052
0.0146475
0.00573643
-0.00486056
-0.0103326
-0.00921492
-0.00453526
0.00058678
0.0146865
0.0150313
0.0158355
0.0169153
0.0181004
0.0191656
0.0199552
0.0203808
0.0205346
0.020623
0.020621
0.0197007
0.0180192
0.0182462
0.0207739
0.0200797
0.0121422
0.0023878
-0.00323894
-0.00336343
-0.000192472
0.00362806
0.0162442
0.0164087
0.0169953
0.0178509
0.0188295
0.0197423
0.0204509
0.0208845
0.0211367
0.0214036
0.0217292
0.0215992
0.0211372
0.0223248
0.0249838
0.0242837
0.0171805
0.00837488
0.0028145
0.00173642
0.00365098
0.00638268
0.0175206
0.0175617
0.0179829
0.0186602
0.0194698
0.0202573
0.0209041
0.021358
0.0217105
0.0221454
0.0227598
0.0232885
0.0238259
0.0256447
0.0281239
0.0272686
0.0209967
0.0131986
0.00786628
0.00610227
0.00700355
0.00884211
0.0185506
0.018514
0.0188137
0.0193523
0.0200264
0.020713
0.0213136
0.0217933
0.0222389
0.0228189
0.0236619
0.024655
0.0258611
0.0279704
0.0301371
0.0291796
0.0237702
0.0169733
0.0118451
0.00977356
0.00989006
0.0110099
0.0193662
0.0192881
0.0195026
0.0199364
0.0205042
0.0211109
0.0216774
0.0221832
0.0227075
0.023401
0.0244024
0.0256649
0.0272202
0.029363
0.0311914
0.0302347
0.0256804
0.019845
0.0151701
0.0128201
0.0123467
0.0128996
0.0199969
0.0199051
0.0200641
0.0204213
0.0209078
0.0214524
0.0219934
0.0225215
0.0231061
0.023878
0.0249712
0.0263492
0.0280187
0.0300331
0.0315434
0.030661
0.0268983
0.0219479
0.0177555
0.0153043
0.0144151
0.0145315
0.0204695
0.0203847
0.020512
0.0208158
0.0212418
0.0217388
0.0222601
0.022804
0.02343
0.0242459
0.0253675
0.0267584
0.0283974
0.030202
0.0314319
0.0306563
0.0275855
0.0234248
0.0197194
0.0172973
0.0161387
0.0159291
0.0208077
0.0207451
0.020859
0.0211282
0.0215108
0.0219717
0.0224768
0.0230291
0.0236785
0.0245088
0.0256033
0.0269485
0.0284795
0.0300467
0.0310385
0.030374
0.0278858
0.0244134
0.0211768
0.0188704
0.0175598
0.017117
0.0210329
0.0210028
0.0211173
0.0213666
0.0217194
0.0221532
0.0226441
0.023197
0.0238537
0.0246752
0.0257198
0.0269737
0.0283596
0.0296928
0.0304871
0.0299249
0.0279159
0.0250321
0.0222322
0.0200926
0.0187191
0.0181186
0.021164
0.0211727
0.021298
0.0215387
0.0218722
0.0222857
0.0227632
0.0233102
0.0239609
0.0247559
0.0257361
0.0268778
0.028106
0.0292247
0.029858
0.0293848
0.0277645
0.0253768
0.0229736
0.0210259
0.0196534
0.0189557
0.0212174
0.0212683
0.0214115
0.0216518
0.0219742
0.0223723
0.0228369
0.0233723
0.0240067
0.0247633
0.0256707
0.0266944
0.0277675
0.0286976
0.0292015
0.0288037
0.027496
0.0255223
0.0234715
0.0217232
0.0203961
0.0196482
0.0212076
0.0213017
0.0214671
0.021713
0.02203
0.0224166
0.0228683
0.0233878
0.0239983
0.0247097
0.0255411
0.0264492
0.0273781
0.0281473
0.028548
0.0282135
0.0271563
0.0255253
0.0237825
0.0222297
0.0209766
0.020214
0.0211471
0.0212835
0.0214734
0.0217288
0.0220446
0.0224223
0.0228612
0.0233619
0.0239439
0.0246061
0.0253621
0.0261623
0.0269617
0.0275962
0.0279155
0.0276337
0.0267768
0.0254286
0.0239514
0.0225834
0.021421
0.0206694
0.0199737
0.0210468
0.0212233
0.0214385
0.0217055
0.0220228
0.0223935
0.0228196
0.0232999
0.0238508
0.0244629
0.0251465
0.0258488
0.0265349
0.0270582
0.0273137
0.0270761
0.0263793
0.0252635
0.0240136
0.022816
0.0217521
0.021029
0.0203527
0.0209159
0.0211294
0.0213692
0.0216489
0.0219693
0.0223344
0.022748
0.0232071
0.0237257
0.0242891
0.0249054
0.0255206
0.0261089
0.0265417
0.0267475
0.026547
0.0259783
0.0250536
0.0239967
0.0229532
0.0219895
0.0213059
0.0206579
0.0207625
0.0210092
0.0212721
0.0215644
0.0218887
0.0222491
0.0226505
0.0230885
0.0235752
0.0240925
0.0246471
0.0251861
0.0256913
0.0260509
0.0262183
0.0260494
0.0255836
0.024816
0.0239219
0.0230157
0.0221498
0.0215121
0.0208982
0.0205931
0.020869
0.0211529
0.0214572
0.0217855
0.0221417
0.0225313
0.0229489
0.023405
0.0238795
0.0243787
0.024852
0.0252873
0.0255881
0.025726
0.0255842
0.0252012
0.0245628
0.0238058
0.0230207
0.0222474
0.0216582
0.0210818
0.0204136
0.0207144
0.0210167
0.0213317
0.0216637
0.022016
0.0223944
0.0227927
0.0232201
0.0236558
0.0241058
0.0245228
0.0248998
0.0251538
0.0252692
0.0251509
0.0248351
0.024303
0.0236613
0.0229821
0.0222947
0.0217537
0.0212163
0.0202287
0.0205502
0.0208681
0.0211924
0.0215273
0.0218758
0.0222436
0.0226238
0.0230249
0.023426
0.0238327
0.0242021
0.0245307
0.0247477
0.0248461
0.0247483
0.0244872
0.0240429
0.0234981
0.0229108
0.0223016
0.0218072
0.0213089
0.0200424
0.0203804
0.0207111
0.0210429
0.02138
0.0217246
0.0220822
0.022446
0.022823
0.0231936
0.0235629
0.0238923
0.0241809
0.0243688
0.0244546
0.0243748
0.0241587
0.0237869
0.0233236
0.0228154
0.0222767
0.0218262
0.0213658
0.0198578
0.0202086
0.0205492
0.0208867
0.021225
0.0215657
0.0219137
0.0222624
0.0226179
0.0229618
0.0232988
0.0235949
0.0238508
0.024016
0.0240927
0.0240287
0.0238498
0.0235383
0.0231432
0.0227031
0.0222272
0.0218172
0.0213928
0.0196777
0.0200377
0.0203855
0.0207269
0.0210655
0.0214021
0.0217411
0.0220761
0.0224124
0.0227331
0.0230427
0.0233111
0.0235404
0.023688
0.0237583
0.0237084
0.0235604
0.0232988
0.0229614
0.0225795
0.022159
0.0217859
0.0213951
0.0195042
0.0198701
0.0202226
0.0205663
0.0209041
0.0212364
0.0215669
0.0218896
0.0222089
0.0225097
0.022796
0.0230417
0.0232495
0.0233836
0.0234495
0.0234121
0.02329
0.0230702
0.0227812
0.022449
0.0220771
0.0217371
0.0213773
0.019339
0.019708
0.0200629
0.0204073
0.0207433
0.0210712
0.0213937
0.0217053
0.0220096
0.0222934
0.0225602
0.0227873
0.0229777
0.0231016
0.0231647
0.0231384
0.0230383
0.0228532
0.0226052
0.0223153
0.0219857
0.0216753
0.0213433
0.0191832
0.0195529
0.0199083
0.0202519
0.0205854
0.0209085
0.0212235
0.0215253
0.0218165
0.0220858
0.0223361
0.0225481
0.0227246
0.0228408
0.0229025
0.0228861
0.0228045
0.0226486
0.0224351
0.0221813
0.0218882
0.021604
0.021297
0.0190379
0.0194063
0.0197604
0.020102
0.0204322
0.0207505
0.0210584
0.0213513
0.0216312
0.0218882
0.0221247
0.0223245
0.0224899
0.0226005
0.0226616
0.022654
0.0225882
0.0224568
0.0222725
0.0220492
0.0217875
0.0215263
0.0212414
0.0189038
0.0192691
0.0196206
0.0199592
0.0202856
0.0205989
0.0209001
0.0211851
0.0214552
0.0217018
0.0219271
0.0221166
0.0222733
0.0223799
0.0224412
0.0224413
0.022389
0.0222781
0.0221184
0.021921
0.0216862
0.0214451
0.0211796
0.0187812
0.0191422
0.01949
0.0198248
0.0201469
0.0204552
0.0207502
0.021028
0.0212897
0.0215275
0.021743
0.0219247
0.0220746
0.0221785
0.0222403
0.0222474
0.0222066
0.022113
0.0219739
0.0217983
0.0215864
0.0213627
0.021114
0.0186704
0.0190263
0.0193696
0.0197
0.0200176
0.0203209
0.0206101
0.0208815
0.0211358
0.0213662
0.0215739
0.0217491
0.0218938
0.0219958
0.0220586
0.0220717
0.0220407
0.0219615
0.0218399
0.0216826
0.0214902
0.0212814
0.0210471
0.0185717
0.0189218
0.0192601
0.0195859
0.0198989
0.0201973
0.0204811
0.0207468
0.0209947
0.021219
0.0214203
0.0215903
0.0217308
0.0218317
0.0218956
0.021914
0.0218914
0.0218243
0.0217172
0.0215752
0.021399
0.0212029
0.0209809
0.0184849
0.0188291
0.0191622
0.0194833
0.0197917
0.0200855
0.0203643
0.020625
0.0208675
0.0210866
0.0212827
0.0214488
0.0215861
0.0216862
0.0217513
0.0217743
0.0217587
0.0217016
0.0216065
0.0214772
0.0213146
0.0211292
0.0209175
0.0184102
0.0187485
0.0190766
0.0193931
0.019697
0.0199865
0.020261
0.0205173
0.0207552
0.0209701
0.021162
0.0213251
0.0214597
0.0215594
0.0216257
0.0216525
0.0216429
0.0215939
0.0215087
0.0213898
0.0212383
0.0210618
0.0208585
0.0183475
0.0186803
0.0190037
0.0193158
0.0196158
0.0199015
0.0201721
0.0204247
0.0206588
0.0208702
0.0210588
0.0212193
0.0213523
0.0214517
0.0215191
0.0215491
0.0215443
0.0215019
0.0214247
0.0213141
0.0211715
0.0210023
0.0208059
0.0182968
0.0186248
0.018944
0.0192524
0.0195489
0.0198313
0.0200987
0.0203483
0.0205793
0.0207879
0.020974
0.0211326
0.0212643
0.0213637
0.021432
0.0214646
0.0214636
0.0214263
0.0213553
0.0212512
0.0211156
0.0209521
0.020761
0.0182582
0.0185824
0.0188981
0.0192035
0.0194971
0.019777
0.0200419
0.0202891
0.0205178
0.0207244
0.0209086
0.0210659
0.0211966
0.021296
0.0213651
0.0213996
0.0214014
0.021368
0.0213015
0.0212022
0.0210718
0.0209125
0.0207254
0.0182319
0.0185534
0.0188667
0.0191699
0.0194616
0.0197396
0.0200028
0.0202483
0.0204754
0.0206807
0.0208636
0.0210201
0.0211502
0.0212497
0.0213193
0.0213551
0.0213588
0.0213279
0.0212645
0.0211681
0.0210413
0.0208849
0.0207004
0.0182185
0.0185385
0.0188505
0.0191526
0.0194432
0.0197203
0.0199825
0.0202273
0.0204536
0.0206581
0.0208404
0.0209965
0.0211263
0.0212258
0.0212956
0.0213322
0.0213368
0.0213072
0.0212453
0.0211507
0.0210253
0.0208705
0.0206874
0.0136381
0.0140916
0.0145318
0.0149557
0.0153599
0.0157417
0.0160983
0.0164279
0.0167282
0.0169982
0.0172368
0.0174435
0.017618
0.0177605
0.0178709
0.0179501
0.0179972
0.0180137
0.017997
0.0179494
0.0178656
0.0177489
0.0175911
0.0136592
0.0141158
0.0145586
0.0149847
0.0153905
0.0157735
0.0161307
0.0164604
0.0167604
0.0170297
0.0172672
0.0174726
0.0176456
0.0177866
0.0178956
0.0179734
0.0180194
0.0180351
0.0180178
0.01797
0.017886
0.0177695
0.0176116
0.0137004
0.014163
0.0146109
0.0150412
0.0154501
0.0158353
0.0161937
0.0165236
0.0168228
0.0170906
0.017326
0.0175288
0.017699
0.017837
0.0179432
0.0180184
0.0180623
0.0180764
0.0180579
0.0180097
0.0179254
0.0178092
0.0176513
0.0137614
0.0142327
0.014688
0.0151244
0.0155378
0.0159261
0.016286
0.016616
0.0169141
0.0171796
0.0174117
0.0176104
0.0177763
0.0179098
0.0180118
0.0180832
0.0181239
0.0181357
0.0181156
0.0180669
0.0179822
0.0178667
0.0177089
0.0138422
0.0143248
0.0147897
0.0152338
0.0156531
0.0160451
0.0164069
0.0167368
0.0170331
0.0172951
0.0175227
0.0177159
0.017876
0.0180033
0.0180996
0.0181659
0.0182024
0.0182113
0.0181892
0.01814
0.0180551
0.0179408
0.0177833
0.0139432
0.0144396
0.0149161
0.0153695
0.0157956
0.0161921
0.0165557
0.0168851
0.0171787
0.0174362
0.0176577
0.0178437
0.0179962
0.0181157
0.0182049
0.0182647
0.0182961
0.0183014
0.018277
0.0182274
0.0181427
0.0180301
0.0178735
0.014065
0.0145776
0.0150676
0.0155318
0.0159657
0.016367
0.0167324
0.0170607
0.0173505
0.0176018
0.0178157
0.0179925
0.0181355
0.0182453
0.0183257
0.0183776
0.0184029
0.0184041
0.0183772
0.0183277
0.0182436
0.0181337
0.0179784
0.0142085
0.0147396
0.015245
0.0157213
0.0161638
0.0165701
0.0169369
0.0172632
0.0175479
0.0177913
0.0179954
0.0181608
0.0182922
0.0183901
0.01846
0.0185026
0.018521
0.0185174
0.0184881
0.0184391
0.0183563
0.0182504
0.0180974
0.0143749
0.0149267
0.0154492
0.0159389
0.0163907
0.016802
0.0171696
0.0174926
0.0177706
0.0180039
0.0181959
0.0183474
0.0184647
0.0185484
0.0186059
0.0186377
0.018648
0.0186395
0.0186077
0.0185601
0.0184796
0.0183792
0.0182297
0.0145655
0.0151401
0.0156814
0.0161857
0.0166472
0.0170635
0.017431
0.0177492
0.0180183
0.0182391
0.0184162
0.0185507
0.0186513
0.0187183
0.0187613
0.0187806
0.018782
0.0187681
0.0187342
0.018689
0.0186121
0.0185191
0.0183747
0.0147815
0.0153813
0.0159431
0.016463
0.0169345
0.0173554
0.0177217
0.0180333
0.018291
0.0184962
0.0186552
0.0187695
0.0188502
0.0188975
0.018924
0.018929
0.0189205
0.018901
0.0188655
0.018824
0.0187526
0.0186694
0.0185321
0.0150246
0.0156518
0.0162358
0.0167723
0.0172542
0.017679
0.0180425
0.0183453
0.0185886
0.0187747
0.0189119
0.0190021
0.0190595
0.019084
0.0190915
0.0190805
0.0190611
0.019036
0.0189995
0.0189635
0.0188995
0.0188291
0.0187015
0.0152964
0.0159533
0.0165611
0.0171153
0.0176076
0.0180356
0.0183946
0.0186858
0.0189112
0.019074
0.019185
0.0192467
0.0192771
0.0192752
0.0192612
0.0192323
0.0192013
0.0191706
0.0191339
0.0191056
0.0190515
0.0189973
0.0188826
0.0155985
0.0162875
0.0169209
0.0174938
0.0179965
0.0184268
0.0187791
0.0190553
0.0192586
0.0193934
0.0194733
0.0195016
0.0195006
0.0194686
0.0194305
0.0193816
0.0193382
0.0193021
0.0192665
0.0192481
0.019207
0.0191732
0.0190753
0.0159326
0.0166562
0.0173172
0.0179096
0.0184228
0.0188545
0.0191971
0.0194547
0.019631
0.0197322
0.0197752
0.0197645
0.0197274
0.0196612
0.0195961
0.0195254
0.0194689
0.0194277
0.0193945
0.019389
0.0193644
0.0193557
0.0192793
0.0163003
0.0170614
0.0177518
0.018365
0.018888
0.0193183
0.0196501
0.0198847
0.0200282
0.0200891
0.0200888
0.0200328
0.0199544
0.0198496
0.0197548
0.0196603
0.0195902
0.0195443
0.0195153
0.0195257
0.0195218
0.0195435
0.0194945
0.0167032
0.0175046
0.0182267
0.0188625
0.0193967
0.0198253
0.0201404
0.0203463
0.0204499
0.0204631
0.0204119
0.0203036
0.0201782
0.0200303
0.019903
0.0197828
0.0196986
0.0196486
0.0196257
0.0196555
0.019677
0.0197352
0.0197205
0.0171428
0.0179878
0.018745
0.0194053
0.0199502
0.0203746
0.0206692
0.0208399
0.0208958
0.0208523
0.0207415
0.0205732
0.0203947
0.0201992
0.0200364
0.019889
0.0197904
0.0197371
0.0197224
0.0197753
0.0198274
0.0199288
0.0199565
0.0176204
0.0185133
0.0193085
0.019995
0.0205502
0.0209684
0.0212378
0.021366
0.0213648
0.0212544
0.0210743
0.0208375
0.0205994
0.0203516
0.0201508
0.0199746
0.0198618
0.0198058
0.0198016
0.0198815
0.0199696
0.0201215
0.0202012
0.018137
0.0190822
0.019919
0.0206336
0.0211997
0.0216095
0.0218482
0.0219253
0.0218564
0.0216663
0.0214058
0.0210913
0.0207868
0.0204822
0.0202412
0.0200354
0.0199085
0.0198505
0.0198592
0.0199698
0.0200998
0.0203099
0.0204521
0.0186938
0.0196953
0.0205777
0.0213235
0.0219016
0.0223008
0.0225025
0.022518
0.0223671
0.0220836
0.0217306
0.0213285
0.0209505
0.0205851
0.0203023
0.0200664
0.019926
0.0198667
0.0198907
0.0200356
0.020213
0.020489
0.0207055
0.019291
0.0203535
0.021286
0.0220671
0.0226589
0.0230452
0.0232023
0.0231439
0.022895
0.0225008
0.0220423
0.0215418
0.0210832
0.0206537
0.0203281
0.0200626
0.0199097
0.0198497
0.0198909
0.0200731
0.0203036
0.0206522
0.0209549
0.0199281
0.0210562
0.0220449
0.0228665
0.0234745
0.0238455
0.0239495
0.0238026
0.0234369
0.0229109
0.0223327
0.0217224
0.0211762
0.0206802
0.0203124
0.0200189
0.0198546
0.0197943
0.0198543
0.020076
0.0203649
0.02079
0.0211904
0.0205949
0.0218018
0.0228547
0.0237233
0.024351
0.0247046
0.0247455
0.0244928
0.0239885
0.0233041
0.0225927
0.0218597
0.0212192
0.0206562
0.0202483
0.0199298
0.019756
0.0196955
0.0197751
0.0200372
0.0203954
0.0208888
0.0213964
0.0213037
0.0225899
0.0237149
0.0246384
0.025291
0.0256253
0.0255915
0.025212
0.0245448
0.0236675
0.0228114
0.0219406
0.0212004
0.020572
0.0201284
0.0197899
0.0196089
0.0195484
0.0196468
0.0199474
0.0203623
0.0209283
0.0215495
0.022043
0.0234169
0.0246234
0.0256119
0.0262963
0.0266101
0.0264873
0.0259556
0.0251021
0.0240991
0.0229774
0.0219488
0.0211057
0.0204168
0.0199452
0.0195939
0.0194088
0.0193482
0.0194632
0.0197978
0.0202609
0.0208838
0.0216148
0.0228073
0.024277
0.0255762
0.0266422
0.0273682
0.0276606
0.0274317
0.0267143
0.0256265
0.024361
0.0230515
0.0218634
0.0209188
0.0201787
0.0196904
0.0193366
0.0191518
0.0190912
0.0192185
0.0195796
0.0200755
0.0207216
0.0215409
0.0235889
0.0251627
0.0265673
0.0277261
0.0285067
0.0287779
0.0284219
0.0274778
0.0261061
0.0245498
0.0230157
0.0216616
0.0206214
0.0198445
0.0193557
0.0190132
0.0188347
0.0187749
0.0189084
0.0192852
0.0197844
0.0203949
0.0212519
0.0243783
0.0260633
0.0275873
0.0288575
0.0297094
0.0299614
0.0294531
0.0282316
0.0265189
0.0246306
0.0228417
0.0213172
0.0201924
0.0193997
0.0189326
0.0186194
0.0184557
0.0183982
0.0185306
0.0189092
0.0193642
0.019845
0.0206418
0.0251627
0.0269651
0.0286233
0.0300267
0.030971
0.0312073
0.0305162
0.0289552
0.0268325
0.0245625
0.0224929
0.0207991
0.0196086
0.0188288
0.0184123
0.0181512
0.0180139
0.0179624
0.0180862
0.0184491
0.0187935
0.0190015
0.0195739
0.0259268
0.0278501
0.0296575
0.031219
0.0322816
0.0325076
0.0315957
0.0296181
0.0270033
0.0242953
0.0219246
0.0200708
0.0188434
0.018115
0.0177858
0.0176051
0.0175101
0.0174716
0.0175807
0.0179085
0.0180529
0.0177167
0.0179114
0.0266527
0.0286962
0.0306663
0.0324125
0.0336239
0.0338473
0.0326671
0.0301772
0.0269725
0.0237673
0.0210827
0.0190905
0.0178678
0.0172405
0.0170443
0.0169778
0.0169461
0.0169331
0.0170252
0.0172989
0.0171425
0.0160265
0.015606
0.0273189
0.0294761
0.0316185
0.033576
0.0349694
0.0351989
0.033692
0.0305727
0.0266631
0.0228975
0.0199007
0.0178095
0.0166497
0.0161868
0.0161784
0.0162661
0.0163242
0.0163569
0.0164348
0.016639
0.0160884
0.0140103
0.012783
0.027902
0.0301575
0.0324745
0.0346651
0.036273
0.036517
0.0346118
0.03072
0.0259746
0.021583
0.0182995
0.0161728
0.0151547
0.0149352
0.0151785
0.0154662
0.0156475
0.0157548
0.0158273
0.0159553
0.0149503
0.0118562
0.00971794
0.0283781
0.0307042
0.0331847
0.0356179
0.0374643
0.0377271
0.0353381
0.0305031
0.0247776
0.0196941
0.0161859
0.0141194
0.013347
0.0134666
0.014035
0.0145742
0.0149201
0.0151392
0.0152222
0.0152832
0.0138318
0.00983258
0.00680875
0.0287232
0.0310771
0.0336885
0.0363493
0.0384368
0.0387121
0.0357413
0.0297661
0.0229067
0.0170961
0.0134584
0.0115828
0.0111896
0.0117628
0.0127381
0.0135864
0.014147
0.0145219
0.0146397
0.0146649
0.0128629
0.00820975
0.00442124
0.0289166
0.0312385
0.0339167
0.0367458
0.0390348
0.0392956
0.0356429
0.0283105
0.0201572
0.0137671
0.0100073
0.00849246
0.00864574
0.0098062
0.0112779
0.0124999
0.0133341
0.013912
0.0140979
0.0141432
0.0121656
0.00717559
0.00277423
0.0289439
0.0311581
0.0337979
0.0366641
0.0390438
0.0392315
0.0348167
0.0259129
0.0162908
0.00929241
0.00568747
0.00477388
0.00568114
0.0075809
0.00964573
0.0113133
0.0124869
0.0133154
0.0136097
0.0137495
0.0118271
0.0067804
0.00191662
0.0287991
0.0308198
0.0332715
0.0359414
0.0381943
0.0382113
0.0330119
0.0223698
0.0111026
0.00353112
0.00036701
0.000357734
0.00226597
0.00507335
0.00783441
0.0100276
0.0116095
0.0127337
0.0131794
0.0134987
0.0118804
0.00693826
0.00176328
0.028486
0.0302269
0.032305
0.0344321
0.0362045
0.0359062
0.0299857
0.017542
0.00446347
-0.00363672
-0.00605449
-0.00481041
-0.00162179
0.0022736
0.00584004
0.00864551
0.0107035
0.0121632
0.012803
0.0133886
0.0123087
0.00911977
0.00215434
0.0280178
0.0294028
0.0309134
0.0320918
0.0329119
0.0320764
0.0255325
0.0113556
-0.00365484
-0.0122561
-0.0136294
-0.0107597
-0.00599244
-0.000822912
0.00366301
0.00717129
0.0097675
0.011596
0.0124683
0.0133904
0.0129053
0.0100653
0.00276065
0.0274147
0.0283875
0.0291771
0.0290737
0.0284645
0.0267489
0.0195435
0.00375821
-0.0132103
-0.0222849
-0.022347
-0.0174846
-0.0108409
-0.0042133
0.00130882
0.00560964
0.0087966
0.0110189
0.0121541
0.0134611
0.0135867
0.0111381
0.00340193
0.026697
0.0272201
0.0271985
0.0256693
0.023325
0.0202975
0.012098
-0.00528343
-0.0241352
-0.0336109
-0.032131
-0.0249405
-0.0161436
-0.00788532
-0.00121167
0.00396501
0.00778311
0.0104143
0.0118332
0.0135517
0.0142608
0.0121619
0.00393644
0.0258738
0.0259263
0.025096
0.0222182
0.0180708
0.0132865
0.00348483
-0.0157085
-0.0363297
-0.0460765
-0.0428456
-0.0330439
-0.0218575
-0.011816
-0.00388234
0.00224138
0.00671724
0.0097622
0.0114771
0.0136132
0.0148428
0.0130122
0.00427262
0.0249402
0.0245295
0.0229657
0.0189326
0.0130846
0.00619066
-0.00589378
-0.0272912
-0.0496039
-0.0594585
-0.0543004
-0.0416756
-0.0279201
-0.0159711
-0.00668247
0.000442294
0.00558839
0.00904277
0.0110583
0.0136007
0.0152664
0.0136132
0.00436131
0.0238871
0.0230378
0.0208302
0.0158356
0.00845433
-0.000745759
-0.0156465
-0.0396553
-0.0636414
-0.0734625
-0.0662585
-0.0506869
-0.0342506
-0.0203056
-0.00958777
-0.00142882
0.00438621
0.0082375
0.0105526
0.013478
0.0154872
0.013926
0.00418471
0.0226847
0.0214395
0.0186605
0.012851
0.00410333
-0.00744613
-0.0254533
-0.052361
-0.0780324
-0.0877328
-0.0784475
-0.0599062
-0.0407534
-0.0247653
-0.0125715
-0.00336836
0.00310133
0.0073304
0.00994097
0.0132178
0.0154796
0.0139378
0.0037462
0.0213055
0.0197174
0.0164141
0.009889
-7.55334e-05
-0.013898
-0.0350676
-0.0649819
-0.092336
-0.101888
-0.0905766
-0.0691483
-0.0473218
-0.0292897
-0.0156059
-0.00537227
0.00172607
0.00630901
0.00920935
0.0128017
0.0152333
0.0136534
0.00306194
0.0197255
0.0178522
0.0140548
0.00688174
-0.00416654
-0.0200995
-0.0443014
-0.0771446
-0.106125
-0.11558
-0.102358
-0.0782249
-0.0538436
-0.0338145
-0.018663
-0.00743585
0.000254935
0.00516483
0.00834891
0.0122189
0.0147495
0.0130863
0.00215415
0.0179228
0.0158248
0.011561
0.0037863
-0.00823022
-0.0260509
-0.0530089
-0.0885464
-0.119027
-0.128602
-0.113518
-0.0869549
-0.0602068
-0.0382759
-0.0217159
-0.00955338
-0.00131505
0.00389335
0.00735489
0.0114645
0.0140351
0.0122542
0.00104635
0.0136104
0.00891693
0.000577425
-0.012305
-0.0317603
-0.0610886
-0.0989538
-0.13073
-0.140173
-0.123803
-0.0951738
-0.0663052
-0.0426129
-0.0247395
-0.011718
-0.00298429
0.00249359
0.00622494
0.0105366
0.0130998
0.0111764
-0.000238139
0.0111727
0.00609839
-0.00275936
-0.0163957
-0.0372271
-0.0684933
-0.108213
-0.141021
-0.150373
-0.133044
-0.102743
-0.0720429
-0.0467706
-0.0277108
-0.0139215
-0.0047508
0.000967082
0.00495745
0.00943449
0.0119533
0.00987287
-0.00167414
0.00846255
0.00306739
-0.00624102
-0.0204825
-0.042407
-0.0751976
-0.116263
-0.149779
-0.159101
-0.141123
-0.109553
-0.0773385
-0.0507013
-0.0306088
-0.0161548
-0.00661054
-0.000683245
0.00355034
0.00815703
0.0106034
0.00836221
-0.00323532
0.00541873
-0.000223617
-0.00989819
-0.0245691
-0.04724
-0.0811295
-0.123096
-0.156984
-0.166286
-0.147962
-0.115523
-0.0821276
-0.0543666
-0.0334149
-0.0184078
-0.00855789
-0.00245408
0.00200055
0.00670228
0.0090556
0.00665857
-0.00490292
0.00197437
-0.00382163
-0.0137674
-0.0287055
-0.0517548
-0.0862074
-0.128653
-0.162672
-0.171937
-0.153525
-0.120602
-0.0863632
-0.0577369
-0.036113
-0.0206697
-0.0105864
-0.00434252
0.000304441
0.00506856
0.00731259
0.00476821
-0.00667588
-0.00192864
-0.00775535
-0.0178536
-0.0329116
-0.0560576
-0.0905254
-0.132863
-0.166841
-0.176093
-0.157826
-0.124768
-0.0900164
-0.0607919
-0.0386887
-0.0229299
-0.0126892
-0.0063475
-0.00154314
0.00325866
0.00537639
0.00269298
-0.00856013
-0.00631621
-0.0119922
-0.0220535
-0.0370286
-0.0600896
-0.0943446
-0.135991
-0.169496
-0.178872
-0.160892
-0.128023
-0.0930742
-0.0635184
-0.0411297
-0.0251772
-0.014859
-0.00846893
-0.00355435
0.00126737
0.00325279
0.000461295
-0.010513
-0.0110996
-0.0163577
-0.0260865
-0.0406684
-0.0634702
-0.0977022
-0.138749
-0.171133
-0.180206
-0.162788
-0.130383
-0.0955445
-0.0659172
-0.0434272
-0.0274013
-0.0170872
-0.0107011
-0.00572894
-0.000928826
0.0009689
-0.00180218
-0.0123747
-0.0159969
-0.0206437
-0.0297844
-0.043682
-0.0660006
-0.100285
-0.141345
-0.172928
-0.180947
-0.163768
-0.131889
-0.0973955
-0.0679674
-0.0455707
-0.0295941
-0.0193664
-0.0130272
-0.00798603
-0.0031831
-0.00130221
-0.00391244
-0.0140074
-0.0211856
-0.0254483
-0.0341411
-0.0474003
-0.0688687
-0.102142
-0.142427
-0.173808
-0.182207
-0.16475
-0.133022
-0.0989433
-0.0698222
-0.04759
-0.0317508
-0.0216999
-0.0154382
-0.0102808
-0.00534287
-0.00331892
-0.00623993
-0.0159686
-0.0292456
-0.0280102
-0.0313048
-0.0399775
-0.0530798
-0.073038
-0.103127
-0.139293
-0.167553
-0.174757
-0.159767
-0.130766
-0.0985833
-0.070675
-0.0490685
-0.0334849
-0.0237438
-0.0179781
-0.0133929
-0.00901403
-0.00723215
-0.0100028
-0.0190095
-0.0314904
-0.0298835
-0.0330206
-0.0416535
-0.0547063
-0.0745845
-0.10442
-0.139926
-0.167287
-0.173877
-0.158609
-0.12977
-0.0979706
-0.0704879
-0.0492366
-0.0339296
-0.0244226
-0.0188144
-0.0143001
-0.00997632
-0.00826024
-0.0110622
-0.0199609
-0.0332715
-0.031566
-0.0346503
-0.0432104
-0.056204
-0.0760843
-0.10579
-0.140861
-0.167665
-0.173778
-0.157948
-0.128814
-0.0971079
-0.0699398
-0.0490512
-0.034089
-0.0248612
-0.0193923
-0.014898
-0.0106191
-0.00900724
-0.0119104
-0.0207846
-0.0352552
-0.0333885
-0.0363626
-0.0448097
-0.0577057
-0.0775248
-0.107023
-0.141582
-0.167783
-0.173415
-0.157218
-0.127945
-0.0963831
-0.0695177
-0.0489577
-0.0343056
-0.0253345
-0.0200055
-0.0155516
-0.01134
-0.00982409
-0.0128026
-0.0216155
-0.0373781
-0.0352842
-0.0381057
-0.0464103
-0.0591789
-0.0788988
-0.108153
-0.142174
-0.167731
-0.17285
-0.156346
-0.127058
-0.0957201
-0.0691885
-0.0489545
-0.0345972
-0.0258729
-0.0206886
-0.0162894
-0.0121466
-0.0107092
-0.0137328
-0.02245
-0.0395571
-0.03721
-0.0398555
-0.0479929
-0.0606098
-0.0802038
-0.109193
-0.142672
-0.167591
-0.172214
-0.155399
-0.126124
-0.0950447
-0.068871
-0.0489743
-0.0349176
-0.0264438
-0.0214093
-0.0170711
-0.0129955
-0.0116263
-0.0146767
-0.0232768
-0.0417808
-0.0391622
-0.0416095
-0.0495548
-0.0619961
-0.0814375
-0.110139
-0.143075
-0.167365
-0.171519
-0.154398
-0.125155
-0.094353
-0.068552
-0.0490023
-0.0352538
-0.0270361
-0.0221572
-0.0178863
-0.0138792
-0.0125689
-0.0156303
-0.0240941
-0.0440505
-0.0411398
-0.0433652
-0.0510934
-0.0633351
-0.0825973
-0.11099
-0.143378
-0.167045
-0.170754
-0.153339
-0.124159
-0.0936555
-0.0682409
-0.0490448
-0.0356098
-0.0276527
-0.0229356
-0.0187388
-0.0148017
-0.013539
-0.0165943
-0.0249019
-0.0463628
-0.043139
-0.0451189
-0.0526053
-0.0646238
-0.0836809
-0.111744
-0.14358
-0.16663
-0.169911
-0.152223
-0.123135
-0.0929557
-0.0679415
-0.0491051
-0.0359883
-0.0282962
-0.0237478
-0.0196318
-0.0157645
-0.0145365
-0.017568
-0.0256995
-0.0487133
-0.0451556
-0.0468666
-0.0540873
-0.0658596
-0.0846862
-0.1124
-0.143681
-0.166118
-0.168978
-0.151049
-0.122085
-0.0922529
-0.0676531
-0.0491828
-0.0363895
-0.0289674
-0.024595
-0.0205659
-0.0167678
-0.0155606
-0.0185503
-0.0264865
-0.0510977
-0.047186
-0.0486049
-0.0555362
-0.0670397
-0.0856112
-0.112956
-0.14368
-0.165511
-0.167911
-0.14982
-0.121009
-0.0915468
-0.0673746
-0.0492769
-0.0368127
-0.0296667
-0.025478
-0.0215416
-0.017814
-0.0166103
-0.0195402
-0.0272622
-0.0535122
-0.0492265
-0.0503302
-0.0569491
-0.0681619
-0.0864544
-0.113412
-0.143575
-0.164809
-0.166716
-0.148536
-0.119908
-0.0908375
-0.0671055
-0.049387
-0.037258
-0.0303945
-0.0263977
-0.0225594
-0.0189036
-0.017685
-0.0205368
-0.0280262
-0.055953
-0.0512737
-0.0520392
-0.0583233
-0.0692239
-0.0872141
-0.113767
-0.143368
-0.16401
-0.165479
-0.1472
-0.118783
-0.0901252
-0.0668454
-0.0495126
-0.0377254
-0.0311515
-0.027355
-0.0236194
-0.0200336
-0.0187838
-0.0215394
-0.0287781
-0.0584166
-0.0533241
-0.0537285
-0.059656
-0.0702237
-0.0878892
-0.114021
-0.143057
-0.163117
-0.164169
-0.145813
-0.117634
-0.0894099
-0.0665939
-0.0496532
-0.0382147
-0.0319381
-0.0283506
-0.0247223
-0.0211944
-0.0199056
-0.0225471
-0.0295175
-0.0608995
-0.0553742
-0.0553951
-0.0609448
-0.0711597
-0.0884787
-0.114173
-0.142642
-0.162129
-0.162784
-0.144376
-0.116462
-0.0886917
-0.0663503
-0.0498085
-0.0387258
-0.0327548
-0.0293853
-0.0258685
-0.0223495
-0.0210492
-0.0235591
-0.0302442
-0.063398
-0.0574208
-0.0570359
-0.0621876
-0.0720302
-0.0889817
-0.114222
-0.142123
-0.161047
-0.161327
-0.142891
-0.115268
-0.0879704
-0.0661141
-0.0499779
-0.0392587
-0.0336021
-0.0304595
-0.0270583
-0.0235739
-0.022214
-0.0245746
-0.0309577
-0.0659089
-0.0594604
-0.058648
-0.0633821
-0.072834
-0.0893978
-0.11417
-0.141501
-0.159872
-0.159798
-0.141359
-0.114053
-0.0872459
-0.0658846
-0.0501607
-0.0398131
-0.0344803
-0.0315739
-0.0282916
-0.0248354
-0.0233993
-0.0255929
-0.031658
-0.0684288
-0.0614899
-0.0602286
-0.0645266
-0.07357
-0.0897266
-0.114017
-0.140776
-0.158606
-0.158197
-0.139782
-0.112817
-0.0865179
-0.0656609
-0.0503565
-0.0403889
-0.0353897
-0.0327287
-0.0295685
-0.0261329
-0.0246041
-0.0266134
-0.0323449
-0.0709542
-0.0635061
-0.0617752
-0.0656193
-0.0742373
-0.0899681
-0.113762
-0.13995
-0.157248
-0.156528
-0.13816
-0.11156
-0.0857861
-0.0654425
-0.0505645
-0.0409857
-0.0363304
-0.0339242
-0.0308888
-0.0274659
-0.0258276
-0.0276352
-0.0330182
-0.073482
-0.0655058
-0.0632854
-0.0666588
-0.0748353
-0.0901224
-0.113408
-0.139022
-0.155801
-0.15479
-0.136497
-0.110283
-0.0850503
-0.0652283
-0.0507842
-0.0416033
-0.0373024
-0.0351605
-0.0322522
-0.0288335
-0.0270689
-0.0286578
-0.0336778
-0.0760087
-0.0674863
-0.0647569
-0.0676439
-0.0753637
-0.0901899
-0.112954
-0.137995
-0.154266
-0.152987
-0.134791
-0.108987
-0.0843098
-0.0650177
-0.0510148
-0.0422413
-0.0383059
-0.0364376
-0.0336583
-0.0302348
-0.0283272
-0.0296805
-0.0343238
-0.0785313
-0.0694446
-0.0661878
-0.0685734
-0.0758223
-0.0901714
-0.112402
-0.13687
-0.152646
-0.151119
-0.133046
-0.107671
-0.0835644
-0.0648096
-0.0512555
-0.0428993
-0.0393405
-0.0377553
-0.0351067
-0.031669
-0.0296017
-0.0307028
-0.0349562
-0.0810466
-0.0713781
-0.0675762
-0.0694466
-0.0762111
-0.0900678
-0.111754
-0.135648
-0.150941
-0.149189
-0.131263
-0.106337
-0.0828134
-0.0646032
-0.0515055
-0.0435767
-0.0404061
-0.0391134
-0.0365968
-0.0331352
-0.0308913
-0.0317239
-0.035575
-0.0835515
-0.0732843
-0.0689204
-0.0702627
-0.0765306
-0.0898802
-0.111011
-0.134332
-0.149155
-0.147198
-0.129442
-0.104984
-0.0820563
-0.0643975
-0.0517641
-0.044273
-0.0415022
-0.0405114
-0.0381278
-0.0346326
-0.0321954
-0.0327435
-0.0361803
-0.0860432
-0.0751607
-0.0702192
-0.0710215
-0.0767813
-0.0896101
-0.110175
-0.132924
-0.147289
-0.14515
-0.127585
-0.103613
-0.0812926
-0.0641915
-0.0520302
-0.0449874
-0.0426283
-0.0419488
-0.039699
-0.0361601
-0.033513
-0.0337609
-0.0367722
-0.0885188
-0.0770053
-0.0714712
-0.0717228
-0.0769639
-0.089259
-0.109249
-0.131426
-0.145347
-0.143046
-0.125694
-0.102225
-0.0805215
-0.0639841
-0.0523029
-0.0457192
-0.0437838
-0.0434247
-0.0413094
-0.0377168
-0.0348433
-0.0347757
-0.037351
-0.0909757
-0.0788159
-0.0726755
-0.0723664
-0.0770795
-0.0888289
-0.108235
-0.129841
-0.14333
-0.140888
-0.123771
-0.100819
-0.0797423
-0.0637744
-0.0525812
-0.0464675
-0.0449679
-0.0449385
-0.0429581
-0.0393017
-0.0361855
-0.0357874
-0.0379167
-0.0934111
-0.0805907
-0.0738313
-0.0729528
-0.0771293
-0.0883218
-0.107136
-0.128171
-0.141242
-0.138679
-0.121815
-0.0993954
-0.0789545
-0.0635613
-0.0528641
-0.0472314
-0.0461795
-0.0464889
-0.0446438
-0.0409138
-0.0375387
-0.0367956
-0.0384697
-0.0958225
-0.0823282
-0.0749381
-0.0734822
-0.0771146
-0.0877401
-0.105955
-0.12642
-0.139085
-0.136421
-0.119829
-0.0979552
-0.0781573
-0.0633437
-0.0531505
-0.0480098
-0.0474177
-0.0480749
-0.0463654
-0.042552
-0.0389022
-0.0378
-0.0390101
-0.0982076
-0.0840268
-0.0759953
-0.0739553
-0.0770372
-0.0870863
-0.104694
-0.124591
-0.136863
-0.134116
-0.117815
-0.0964983
-0.0773499
-0.0631204
-0.0534391
-0.0488014
-0.0486812
-0.0496951
-0.0481217
-0.0442152
-0.0402753
-0.0388001
-0.0395383
-0.117171
-0.100564
-0.0856852
-0.077003
-0.074373
-0.0768989
-0.0863632
-0.103357
-0.122688
-0.134578
-0.131768
-0.115774
-0.0950249
-0.0765316
-0.0628904
-0.0537288
-0.0496051
-0.0499685
-0.0513481
-0.0499111
-0.0459025
-0.041657
-0.0397956
-0.0400547
-0.120252
-0.10289
-0.0873024
-0.0779611
-0.0747362
-0.0767015
-0.0855737
-0.101947
-0.120713
-0.132235
-0.129379
-0.113706
-0.0935354
-0.0757017
-0.0626525
-0.0540183
-0.0504194
-0.0512782
-0.0530323
-0.0517324
-0.0476126
-0.0430468
-0.0407863
-0.0405594
-0.123313
-0.105183
-0.0888775
-0.0788699
-0.0750461
-0.0764474
-0.0847209
-0.100469
-0.118672
-0.129835
-0.126952
-0.111615
-0.0920299
-0.0748594
-0.0624056
-0.0543063
-0.0512427
-0.0526086
-0.0547459
-0.0535838
-0.0493444
-0.0444439
-0.0417718
-0.0410529
-0.12635
-0.107441
-0.0904098
-0.0797298
-0.075304
-0.0761388
-0.083808
-0.0989258
-0.116567
-0.127384
-0.124489
-0.109501
-0.0905088
-0.0740041
-0.0621484
-0.0545913
-0.0520736
-0.0539579
-0.056487
-0.0554639
-0.0510969
-0.0458477
-0.042752
-0.0415355
-0.12936
-0.109663
-0.0918987
-0.0805413
-0.0755115
-0.0757781
-0.0828386
-0.0973218
-0.114402
-0.124885
-0.121993
-0.107366
-0.0889722
-0.0731349
-0.06188
-0.054872
-0.0529102
-0.0553241
-0.0582537
-0.0573709
-0.0528687
-0.0472573
-0.0437266
-0.0420076
-0.132341
-0.111847
-0.093344
-0.0813054
-0.0756701
-0.075368
-0.0818161
-0.095661
-0.112183
-0.122341
-0.119467
-0.105211
-0.0874206
-0.0722513
-0.061599
-0.0551468
-0.0537507
-0.0567051
-0.0600437
-0.059303
-0.0546588
-0.0486724
-0.0446955
-0.0424696
-0.13529
-0.113991
-0.0947454
-0.0820228
-0.0757817
-0.0749112
-0.0807443
-0.0939477
-0.109913
-0.119756
-0.116914
-0.103039
-0.0858541
-0.0713527
-0.0613043
-0.0554143
-0.0545933
-0.0580987
-0.0618549
-0.0612584
-0.056466
-0.0500921
-0.0456585
-0.0429219
-0.138205
-0.116096
-0.0961029
-0.0826948
-0.0758482
-0.0744104
-0.0796269
-0.0921863
-0.107597
-0.117135
-0.114337
-0.10085
-0.0842732
-0.0704382
-0.0609949
-0.0556728
-0.0554358
-0.0595025
-0.0636848
-0.0632351
-0.058289
-0.051516
-0.0466156
-0.0433649
-0.141082
-0.118158
-0.0974168
-0.0833226
-0.0758715
-0.0738685
-0.0784678
-0.0903814
-0.10524
-0.11448
-0.111738
-0.098647
-0.0826783
-0.0695075
-0.0606696
-0.0559208
-0.0562762
-0.0609141
-0.065531
-0.0652313
-0.0601267
-0.0529434
-0.0475665
-0.043799
-0.143918
-0.120178
-0.0986872
-0.0839075
-0.0758539
-0.0732885
-0.077271
-0.0885374
-0.102845
-0.111797
-0.109122
-0.096431
-0.0810698
-0.06856
-0.0603273
-0.0561567
-0.0571124
-0.0623309
-0.0673908
-0.0672448
-0.0619777
-0.0543739
-0.0485113
-0.0442247
)
;

boundaryField
{
    inlet
    {
        type            zeroGradient;
    }
    outlet
    {
        type            fixedValue;
        value           nonuniform 0();
    }
    cylinder
    {
        type            zeroGradient;
    }
    top
    {
        type            symmetryPlane;
    }
    bottom
    {
        type            symmetryPlane;
    }
    frontAndBack
    {
        type            empty;
    }
    procBoundary6to5
    {
        type            processor;
        value           nonuniform List<scalar> 
205
(
-0.165241
-0.168757
-0.172217
-0.175618
-0.178954
-0.182221
-0.185412
-0.188523
-0.19155
-0.194486
-0.171811
-0.171811
-0.173992
-0.176105
-0.178149
-0.180123
-0.182024
-0.183851
-0.185603
-0.187278
-0.188874
-0.19039
-0.191825
-0.193175
-0.194441
-0.19562
-0.19671
-0.19771
-0.198617
-0.19943
-0.200147
-0.200765
-0.201281
-0.201692
-0.201996
-0.202193
-0.202285
-0.202241
-0.201986
-0.201623
-0.201723
-0.164356
-0.164356
-0.157386
-0.150093
-0.141527
-0.131956
-0.12152
-0.110408
-0.098846
-0.0870826
-0.0753751
-0.0639724
-0.0530978
-0.0429317
-0.0336007
-0.0251742
-0.0176696
-0.0110654
-0.0053142
-0.000353853
0.00388456
0.0074722
0.0104794
0.0129737
0.0150188
0.0166737
0.0179924
0.0190235
0.0198104
0.0203918
0.0208016
0.0210693
0.0212205
0.0212776
0.0212593
0.0211819
0.0210592
0.0209025
0.0207217
0.0205248
0.0203184
0.020108
0.019898
0.0196919
0.0194926
0.0193022
0.0191222
0.0189538
0.0187977
0.0186545
0.0185242
0.0184069
0.0183024
0.0182105
0.0181307
0.0180628
0.0180064
0.0179612
0.017927
0.017904
0.0178922
0.0131751
0.0131927
0.0132272
0.0132783
0.0133462
0.0134315
0.0135349
0.0136573
0.0138
0.0139641
0.0141512
0.0143626
0.0145999
0.0148647
0.0151584
0.0154825
0.0158385
0.0162275
0.0166504
0.0171079
0.0176003
0.0181273
0.0186881
0.0192801
0.0199023
0.0205501
0.021218
0.0218994
0.0225861
0.0232677
0.0239327
0.0245675
0.0251574
0.0256864
0.0261394
0.0265026
0.0267643
0.026916
0.0269533
0.0268758
0.0266861
0.0263887
0.0259876
0.025483
0.0248665
0.0241189
0.023209
0.022096
0.0207353
0.0190843
0.0158712
0.0158712
0.0135337
0.0108653
0.00781277
0.00426552
0.000161835
-0.00454859
-0.0098955
-0.0155857
-0.0205778
-0.0205778
-0.0313509
-0.033963
-0.0359165
-0.0381591
-0.0406222
-0.043021
-0.045526
-0.048088
-0.0507031
-0.0533856
-0.0561302
-0.0589306
-0.0617817
-0.064679
-0.0676178
-0.0705937
-0.0736027
-0.0766406
-0.0797036
-0.0827881
-0.0858907
-0.0890081
-0.0921368
-0.0952739
-0.098416
-0.101559
-0.104699
-0.107833
-0.110958
-0.114072
-0.114072
-0.12816
-0.131955
-0.135743
-0.139519
-0.143279
-0.147019
-0.150733
-0.154417
-0.158066
-0.161676
)
;
    }
    procBoundary6to7
    {
        type            processor;
        value           nonuniform List<scalar> 
201
(
-0.0428214
-0.0427103
-0.0425965
-0.0424807
-0.0423636
-0.0422459
-0.0421281
-0.0420108
-0.0418946
-0.04178
-0.0416674
-0.0415574
-0.0414502
-0.0413464
-0.0412462
-0.0411501
-0.0410582
-0.040971
-0.0408886
-0.0408113
-0.0407393
-0.0406729
-0.0406121
-0.0405573
-0.0405084
-0.0404658
-0.0404294
-0.0403995
-0.0403762
-0.0403595
-0.0403495
-0.0403464
-0.0403504
-0.0403617
-0.0403789
-0.0403995
-0.0404291
-0.0404958
-0.0406063
-0.0405705
-0.0400073
-0.0389113
-0.0377035
-0.0363525
-0.0348584
-0.033223
-0.0314509
-0.0295496
-0.027529
-0.0254019
-0.0231828
-0.0208883
-0.0185355
-0.0161424
-0.0137265
-0.0113047
-0.00889283
-0.00650554
-0.00415637
-0.00185801
0.00037731
0.00253715
0.00460837
0.00657718
0.00842998
0.0101545
0.0117408
0.0131828
0.014479
0.0156321
0.0166482
0.0175352
0.0183021
0.0189578
0.0195119
0.0195119
0.0196797
0.0200467
0.0203462
0.0205848
0.0207696
0.0209072
0.0210042
0.0210666
0.0211
0.0211093
0.0210988
0.0210725
0.0210337
0.0209855
0.0209307
0.0208717
0.0208108
0.0207501
0.0206915
0.0206368
0.0205877
0.0205457
0.0205123
0.0204888
0.0204766
0.0173969
0.0174176
0.0174575
0.0175156
0.0175909
0.0176824
0.0177895
0.0179116
0.0180483
0.0181993
0.0183647
0.0185445
0.0187389
0.0189485
0.0191738
0.0194153
0.0196736
0.0199493
0.0202422
0.0205517
0.0208756
0.0212099
0.021547
0.0218743
0.0221709
0.0224039
0.0225215
0.0224452
0.0220611
0.0212205
0.0197657
0.0175992
0.0147713
0.0115061
0.00811709
0.00488977
0.00200397
-0.000475698
-0.00257609
-0.00438346
-0.00601022
-0.00755682
-0.009098
-0.0106784
-0.0123153
-0.0140066
-0.0157379
-0.017488
-0.0192328
-0.0209503
-0.0226237
-0.0242398
-0.0257822
-0.0272341
-0.0285989
-0.0299067
-0.0311605
-0.0322609
-0.0331167
-0.0341118
-0.0356583
-0.0362967
-0.0368984
-0.0374678
-0.0380113
-0.0385289
-0.0390201
-0.0394849
-0.039923
-0.0403347
-0.04072
-0.0410791
-0.0414122
-0.0417197
-0.042002
-0.0422596
-0.0424929
-0.0427026
-0.0428892
-0.0430534
-0.043196
-0.0433176
-0.0434191
-0.0435014
-0.0435652
-0.0436115
-0.0436411
-0.0436549
-0.043654
-0.0436391
-0.0436113
-0.0435714
-0.0435205
-0.0434594
-0.043389
-0.0433103
-0.0432241
-0.0431313
-0.0430327
-0.0429291
)
;
    }
}


// ************************************************************************* //
