/*--------------------------------*- C++ -*----------------------------------*\
  =========                 |
  \\      /  F ield         | OpenFOAM: The Open Source CFD Toolbox
   \\    /   O peration     | Website:  https://openfoam.org
    \\  /    A nd           | Version:  7
     \\/     M anipulation  |
\*---------------------------------------------------------------------------*/
FoamFile
{
    version     2.0;
    format      ascii;
    class       volScalarField;
    location    "240";
    object      p;
}
// * * * * * * * * * * * * * * * * * * * * * * * * * * * * * * * * * * * * * //

dimensions      [0 2 -2 0 0 0 0];

internalField   nonuniform List<scalar> 
4575
(
-0.643924
-0.634978
-0.628192
-0.650014
-0.640743
-0.633731
-0.625981
-0.617162
-0.656014
-0.64643
-0.639194
-0.631132
-0.621855
-0.611049
-0.598325
-0.583482
-0.661887
-0.652006
-0.644547
-0.636159
-0.626397
-0.614918
-0.601336
-0.585496
-0.567491
-0.547649
-0.526454
-0.50445
-0.667595
-0.657434
-0.649754
-0.641027
-0.63075
-0.618556
-0.604076
-0.587203
-0.568112
-0.547211
-0.52505
-0.502215
-0.479231
-0.456508
-0.434334
-0.673099
-0.662675
-0.654776
-0.645696
-0.634873
-0.621926
-0.606506
-0.588571
-0.568381
-0.546426
-0.523321
-0.499685
-0.476049
-0.452817
-0.430253
-0.408508
-0.387647
-0.367668
-0.34857
-0.678358
-0.66769
-0.659573
-0.650124
-0.638726
-0.624985
-0.60859
-0.589569
-0.568273
-0.545276
-0.521251
-0.496845
-0.472593
-0.448881
-0.425955
-0.403943
-0.382889
-0.362779
-0.343608
-0.325394
-0.68333
-0.672439
-0.664103
-0.65427
-0.642265
-0.627695
-0.61029
-0.590165
-0.567763
-0.543741
-0.518825
-0.493684
-0.468849
-0.444691
-0.42143
-0.399173
-0.377947
-0.35772
-0.33849
-0.320203
-0.68797
-0.676878
-0.668325
-0.658089
-0.645448
-0.630013
-0.611572
-0.59033
-0.566828
-0.541802
-0.516027
-0.490188
-0.464807
-0.440235
-0.416668
-0.394189
-0.372809
-0.352484
-0.333206
-0.314859
-0.692234
-0.680964
-0.672193
-0.661539
-0.648231
-0.6319
-0.6124
-0.590034
-0.565443
-0.539442
-0.512845
-0.486346
-0.460456
-0.435502
-0.411657
-0.388981
-0.367467
-0.34706
-0.327749
-0.309355
-0.696078
-0.684652
-0.675663
-0.664573
-0.650572
-0.633317
-0.612739
-0.589249
-0.563589
-0.536643
-0.509263
-0.482145
-0.455785
-0.430483
-0.406387
-0.383538
-0.361911
-0.34144
-0.32211
-0.303684
-0.699456
-0.687899
-0.678691
-0.667149
-0.652427
-0.634223
-0.612558
-0.58795
-0.561244
-0.53339
-0.505269
-0.477575
-0.450782
-0.425166
-0.400849
-0.377852
-0.356132
-0.335617
-0.316283
-0.297839
-0.702324
-0.69066
-0.681232
-0.66922
-0.653755
-0.634583
-0.611824
-0.586112
-0.55839
-0.529669
-0.500852
-0.472624
-0.445439
-0.419543
-0.395034
-0.371912
-0.350122
-0.329582
-0.31026
-0.291816
-0.704635
-0.692889
-0.68324
-0.670744
-0.654515
-0.63436
-0.610507
-0.583711
-0.555008
-0.525465
-0.495998
-0.467283
-0.439745
-0.413604
-0.388932
-0.365713
-0.343874
-0.323328
-0.304035
-0.285607
-0.706345
-0.694543
-0.684672
-0.671677
-0.654667
-0.63352
-0.608581
-0.580726
-0.551083
-0.520765
-0.490699
-0.461541
-0.433691
-0.40734
-0.382536
-0.359244
-0.33738
-0.31685
-0.297603
-0.279209
-0.707413
-0.695578
-0.685485
-0.671979
-0.654173
-0.632031
-0.60602
-0.577139
-0.546599
-0.515559
-0.484943
-0.45539
-0.427269
-0.400743
-0.375837
-0.352499
-0.330633
-0.31014
-0.290958
-0.272616
-0.707794
-0.695953
-0.685636
-0.671608
-0.652998
-0.629862
-0.6028
-0.57293
-0.541545
-0.509834
-0.478722
-0.448822
-0.420471
-0.393806
-0.368829
-0.345473
-0.323628
-0.303193
-0.284095
-0.265825
-0.70745
-0.695627
-0.685086
-0.670528
-0.651108
-0.626987
-0.5989
-0.568084
-0.535906
-0.503583
-0.472028
-0.441828
-0.41329
-0.386522
-0.361505
-0.338157
-0.316359
-0.296005
-0.27701
-0.258831
-0.706342
-0.694562
-0.683797
-0.668702
-0.648471
-0.623379
-0.594301
-0.562588
-0.529674
-0.496796
-0.464854
-0.434403
-0.40572
-0.378885
-0.35386
-0.330549
-0.308822
-0.28857
-0.269699
-0.251631
-0.704433
-0.692719
-0.681733
-0.666098
-0.645059
-0.619017
-0.588987
-0.556429
-0.52284
-0.489467
-0.457193
-0.426541
-0.397756
-0.370891
-0.345889
-0.322642
-0.301011
-0.280884
-0.26216
-0.244228
-0.701689
-0.690065
-0.678859
-0.662683
-0.640847
-0.613881
-0.582942
-0.549597
-0.515396
-0.481591
-0.449041
-0.418237
-0.389392
-0.362534
-0.337589
-0.314434
-0.292922
-0.272941
-0.25439
-0.236615
-0.698078
-0.686568
-0.675144
-0.658431
-0.635812
-0.607953
-0.576155
-0.542085
-0.507337
-0.473162
-0.440394
-0.409488
-0.380626
-0.353812
-0.328955
-0.305921
-0.284553
-0.264736
-0.246378
-0.228763
-0.693572
-0.682199
-0.670562
-0.653317
-0.629933
-0.601219
-0.568617
-0.533887
-0.498659
-0.464179
-0.431249
-0.400292
-0.371456
-0.344723
-0.319988
-0.297104
-0.275903
-0.256272
-0.238115
-0.220598
-0.688146
-0.67693
-0.665085
-0.647318
-0.623194
-0.593668
-0.560321
-0.524999
-0.489361
-0.454639
-0.421605
-0.390646
-0.36188
-0.335266
-0.310685
-0.28798
-0.266974
-0.247564
-0.229631
-0.21207
-0.681776
-0.670739
-0.658694
-0.640417
-0.615581
-0.585292
-0.551262
-0.515418
-0.47944
-0.444543
-0.411463
-0.380551
-0.351897
-0.325441
-0.301047
-0.278551
-0.257769
-0.238618
-0.22097
-0.203395
-0.674443
-0.663606
-0.651369
-0.632599
-0.607084
-0.576084
-0.541439
-0.505146
-0.468898
-0.433891
-0.400822
-0.370007
-0.341509
-0.315247
-0.291075
-0.268816
-0.248288
-0.229413
-0.211953
-0.19473
-0.666131
-0.655514
-0.643095
-0.623851
-0.597697
-0.566042
-0.530851
-0.494183
-0.457739
-0.422686
-0.389685
-0.359018
-0.330718
-0.304688
-0.28077
-0.25878
-0.238535
-0.219955
-0.202719
-0.185876
-0.656828
-0.64645
-0.63386
-0.614166
-0.587415
-0.555166
-0.519502
-0.482535
-0.445966
-0.410932
-0.378057
-0.347585
-0.319527
-0.293766
-0.270135
-0.248446
-0.228509
-0.210245
-0.19328
-0.176802
-0.646525
-0.636405
-0.623657
-0.60354
-0.576237
-0.543458
-0.507396
-0.470207
-0.433586
-0.398636
-0.365942
-0.335714
-0.307939
-0.282485
-0.259176
-0.237815
-0.218213
-0.20029
-0.183632
-0.167508
-0.635216
-0.625371
-0.612481
-0.59197
-0.564166
-0.530925
-0.49454
-0.457206
-0.420605
-0.385804
-0.353346
-0.323411
-0.295961
-0.270852
-0.247896
-0.226893
-0.207654
-0.190097
-0.17377
-0.158003
-0.622901
-0.613348
-0.600332
-0.57946
-0.551208
-0.517574
-0.480945
-0.443544
-0.407033
-0.372443
-0.340277
-0.310682
-0.283599
-0.25887
-0.236301
-0.215686
-0.196834
-0.179668
-0.163696
-0.148293
-0.609579
-0.600336
-0.587212
-0.566015
-0.537371
-0.503416
-0.466622
-0.42923
-0.392882
-0.358565
-0.326744
-0.297536
-0.270861
-0.246548
-0.224397
-0.204199
-0.185762
-0.16901
-0.153412
-0.595258
-0.58634
-0.573128
-0.551643
-0.522668
-0.488465
-0.451584
-0.41428
-0.378163
-0.34418
-0.312758
-0.283982
-0.257754
-0.233893
-0.212193
-0.19244
-0.174443
-0.15813
-0.579946
-0.571368
-0.558089
-0.536358
-0.507111
-0.472736
-0.435849
-0.398707
-0.36289
-0.329302
-0.29833
-0.270031
-0.24429
-0.220916
-0.199698
-0.180417
-0.563656
-0.555432
-0.542109
-0.520175
-0.49072
-0.456248
-0.419433
-0.382529
-0.347079
-0.313944
-0.283471
-0.255694
-0.230478
-0.207626
-0.18692
-0.546404
-0.538548
-0.525204
-0.503111
-0.473512
-0.439021
-0.402358
-0.365764
-0.330746
-0.298121
-0.268198
-0.240984
-0.216332
-0.194035
-0.528209
-0.520733
-0.507394
-0.485189
-0.455512
-0.421079
-0.384645
-0.348428
-0.31391
-0.28185
-0.252524
-0.225915
-0.201864
-0.509095
-0.50201
-0.488702
-0.466433
-0.436746
-0.402449
-0.366307
-0.33055
-0.29659
-0.265148
-0.236466
-0.210503
-0.489086
-0.482404
-0.469153
-0.446869
-0.417245
-0.383157
-0.347371
-0.312148
-0.278807
-0.248035
-0.220041
-0.468211
-0.461941
-0.448775
-0.42653
-0.397037
-0.363202
-0.327889
-0.293248
-0.260584
-0.230532
-0.446498
-0.440654
-0.427602
-0.405457
-0.376128
-0.342649
-0.307867
-0.273877
-0.241944
-0.423981
-0.418578
-0.405671
-0.383686
-0.354544
-0.321527
-0.287338
-0.25406
-0.400694
-0.395751
-0.383019
-0.361178
-0.332398
-0.299865
-0.266333
-0.376672
-0.372212
-0.359685
-0.338025
-0.309674
-0.277697
-0.351952
-0.348001
-0.33566
-0.314322
-0.286413
-0.326564
-0.323178
-0.311041
-0.290062
-0.262657
-0.300549
-0.297801
-0.285877
-0.265288
-0.274065
-0.271829
-0.260206
-0.247118
-0.245335
-0.234071
-0.219714
-0.218401
-0.191906
-0.163751
-0.105213
-0.130941
-0.156262
-0.154736
-0.18113
-0.179136
-0.168638
-0.205556
-0.202995
-0.192228
-0.229464
-0.226295
-0.215307
-0.196195
-0.252747
-0.24903
-0.237836
-0.218388
-0.192876
-0.275365
-0.271144
-0.259762
-0.240022
-0.214107
-0.184814
-0.297286
-0.292582
-0.280994
-0.261094
-0.234799
-0.204996
-0.318472
-0.313306
-0.301546
-0.281496
-0.254922
-0.224662
-0.193346
-0.338887
-0.333277
-0.321375
-0.301196
-0.274442
-0.243775
-0.211939
-0.180833
-0.358497
-0.352455
-0.340439
-0.320183
-0.293269
-0.262337
-0.230019
-0.198327
-0.168505
-0.377271
-0.370806
-0.358705
-0.338427
-0.311416
-0.280274
-0.247553
-0.215341
-0.184912
-0.156919
-0.395178
-0.388301
-0.376141
-0.355891
-0.328852
-0.297548
-0.264526
-0.23185
-0.200871
-0.172277
-0.146305
-0.412192
-0.404913
-0.392718
-0.372544
-0.345545
-0.314153
-0.280893
-0.247833
-0.216362
-0.187218
-0.16067
-0.13671
-0.428287
-0.420617
-0.408413
-0.388359
-0.361466
-0.330064
-0.296634
-0.263261
-0.231363
-0.201723
-0.174646
-0.150145
-0.128088
-0.443441
-0.435394
-0.423204
-0.403314
-0.376589
-0.345252
-0.311731
-0.278114
-0.245855
-0.215775
-0.188217
-0.163219
-0.140661
-0.120358
-0.457636
-0.449225
-0.437072
-0.417388
-0.390894
-0.359696
-0.32616
-0.292373
-0.259818
-0.229357
-0.201368
-0.175916
-0.152897
-0.132135
-0.113429
-0.470857
-0.462098
-0.450001
-0.430564
-0.40436
-0.373375
-0.339904
-0.306021
-0.273237
-0.242454
-0.214085
-0.188223
-0.164784
-0.143597
-0.124472
-0.107205
-0.483094
-0.474001
-0.461981
-0.442827
-0.416972
-0.386273
-0.352943
-0.31904
-0.286096
-0.25505
-0.226355
-0.20013
-0.176309
-0.154736
-0.135222
-0.117571
-0.101604
-0.0872453
-0.494339
-0.484928
-0.473002
-0.454168
-0.428717
-0.398374
-0.365263
-0.331415
-0.298381
-0.267135
-0.238166
-0.211625
-0.187464
-0.16554
-0.145671
-0.127665
-0.111343
-0.0966291
-0.0830708
-0.504589
-0.494877
-0.483061
-0.464579
-0.439585
-0.409665
-0.37685
-0.343134
-0.31008
-0.278697
-0.249509
-0.222699
-0.198239
-0.176001
-0.15581
-0.13748
-0.12083
-0.105785
-0.0919294
-0.0785806
-0.513842
-0.503848
-0.492157
-0.474055
-0.449567
-0.420138
-0.387694
-0.354186
-0.321183
-0.289725
-0.260374
-0.233343
-0.208628
-0.186112
-0.165634
-0.147008
-0.130058
-0.114708
-0.100578
-0.0869276
-0.522104
-0.511845
-0.500292
-0.482598
-0.458661
-0.429786
-0.397785
-0.364561
-0.33168
-0.300212
-0.270754
-0.243551
-0.218623
-0.195868
-0.175134
-0.156245
-0.139023
-0.123393
-0.109016
-0.0950654
-0.529382
-0.518877
-0.507474
-0.49021
-0.466866
-0.438604
-0.407118
-0.374252
-0.341565
-0.310151
-0.280642
-0.253315
-0.228217
-0.205263
-0.184308
-0.165185
-0.147718
-0.131833
-0.117246
-0.102989
-0.535687
-0.524957
-0.513713
-0.496898
-0.474185
-0.446591
-0.41569
-0.383254
-0.350832
-0.319536
-0.290033
-0.262633
-0.237408
-0.214291
-0.19315
-0.173826
-0.156144
-0.140023
-0.125264
-0.11071
-0.541035
-0.5301
-0.519024
-0.502673
-0.480624
-0.45375
-0.423497
-0.391565
-0.359477
-0.328364
-0.298923
-0.2715
-0.246191
-0.22295
-0.201657
-0.182162
-0.164296
-0.147972
-0.133027
-0.118299
-0.545443
-0.534325
-0.523423
-0.50755
-0.486192
-0.460086
-0.430543
-0.399182
-0.367498
-0.336632
-0.307312
-0.279914
-0.254566
-0.231239
-0.209827
-0.190191
-0.172169
-0.155666
-0.140555
-0.125918
-0.548934
-0.537656
-0.526933
-0.511547
-0.490903
-0.465605
-0.43683
-0.406107
-0.374895
-0.344339
-0.315196
-0.287874
-0.262529
-0.239154
-0.217659
-0.197913
-0.179763
-0.16311
-0.147848
-0.133226
-0.551533
-0.540118
-0.529579
-0.514684
-0.494773
-0.470319
-0.442366
-0.412343
-0.381669
-0.351487
-0.322577
-0.295381
-0.270082
-0.246697
-0.225151
-0.205324
-0.187073
-0.170296
-0.154891
-0.140186
-0.553269
-0.54174
-0.531388
-0.516988
-0.497822
-0.474243
-0.447158
-0.417896
-0.387823
-0.358076
-0.329456
-0.302435
-0.277226
-0.253869
-0.232305
-0.212426
-0.194099
-0.177222
-0.16169
-0.146879
-0.554174
-0.542556
-0.532392
-0.518485
-0.500073
-0.477394
-0.45122
-0.422773
-0.393362
-0.364111
-0.335836
-0.309039
-0.283962
-0.26067
-0.239121
-0.21922
-0.200842
-0.183886
-0.168254
-0.153355
-0.554282
-0.5426
-0.532626
-0.519207
-0.501552
-0.47979
-0.454564
-0.426985
-0.398294
-0.369596
-0.341721
-0.315197
-0.290294
-0.267104
-0.245602
-0.225707
-0.207304
-0.190292
-0.174586
-0.159624
-0.55363
-0.541909
-0.532125
-0.519189
-0.502288
-0.481457
-0.457209
-0.430542
-0.402626
-0.374539
-0.347117
-0.320912
-0.296226
-0.273174
-0.251752
-0.231892
-0.213488
-0.196445
-0.180686
-0.165684
-0.552257
-0.540524
-0.53093
-0.518467
-0.502314
-0.482419
-0.459173
-0.433459
-0.406368
-0.378946
-0.352029
-0.326192
-0.301763
-0.278885
-0.257574
-0.237777
-0.219398
-0.202347
-0.186557
-0.171536
-0.550205
-0.538486
-0.529082
-0.517081
-0.501664
-0.482705
-0.460478
-0.435752
-0.409533
-0.382826
-0.356465
-0.331041
-0.306911
-0.284242
-0.263074
-0.243366
-0.225038
-0.208001
-0.192202
-0.177181
-0.547516
-0.535838
-0.526623
-0.515071
-0.500375
-0.482346
-0.46115
-0.437439
-0.412134
-0.386191
-0.360433
-0.335468
-0.311677
-0.289252
-0.268256
-0.248666
-0.230412
-0.213412
-0.197623
-0.182624
-0.544237
-0.532625
-0.523598
-0.51248
-0.498487
-0.481376
-0.461214
-0.438542
-0.414187
-0.389051
-0.363944
-0.339481
-0.316067
-0.293921
-0.273127
-0.253681
-0.235526
-0.218585
-0.202825
-0.187866
-0.540411
-0.528892
-0.520054
-0.509354
-0.496041
-0.479831
-0.460701
-0.439082
-0.415707
-0.391421
-0.367007
-0.343089
-0.32009
-0.298257
-0.277695
-0.258418
-0.240384
-0.223523
-0.207811
-0.192912
-0.536085
-0.524687
-0.516036
-0.505738
-0.49308
-0.477749
-0.459641
-0.439083
-0.416715
-0.393313
-0.369634
-0.346301
-0.323756
-0.302267
-0.281965
-0.262883
-0.244992
-0.228232
-0.212587
-0.197764
-0.531307
-0.520054
-0.511591
-0.501678
-0.489648
-0.475169
-0.458067
-0.438573
-0.41723
-0.394744
-0.371837
-0.349128
-0.327071
-0.30596
-0.285946
-0.267082
-0.249357
-0.232718
-0.217156
-0.202427
-0.526124
-0.515041
-0.506767
-0.497222
-0.485791
-0.472132
-0.456015
-0.437579
-0.417273
-0.39573
-0.37363
-0.35158
-0.330048
-0.309345
-0.289646
-0.271025
-0.253486
-0.236987
-0.221524
-0.206905
-0.520582
-0.509695
-0.501609
-0.492416
-0.481553
-0.46868
-0.45352
-0.436131
-0.416868
-0.396289
-0.375026
-0.35367
-0.332694
-0.31243
-0.293073
-0.274717
-0.257385
-0.241044
-0.225697
-0.211203
-0.514728
-0.50406
-0.496165
-0.487307
-0.476981
-0.464857
-0.450622
-0.434261
-0.41604
-0.39644
-0.37604
-0.355409
-0.335022
-0.315225
-0.296235
-0.278167
-0.261061
-0.244897
-0.22968
-0.215325
-0.508607
-0.49818
-0.490478
-0.481939
-0.47212
-0.460705
-0.447359
-0.432
-0.414814
-0.396202
-0.376687
-0.35681
-0.337041
-0.317739
-0.299142
-0.281384
-0.264522
-0.248551
-0.233478
-0.219277
-0.502264
-0.492099
-0.484592
-0.476359
-0.467015
-0.456269
-0.443769
-0.429383
-0.413218
-0.395598
-0.376985
-0.357885
-0.338762
-0.319983
-0.301802
-0.284374
-0.267775
-0.252014
-0.237099
-0.223063
-0.495741
-0.485858
-0.478549
-0.470608
-0.46171
-0.451591
-0.439895
-0.426445
-0.411281
-0.394648
-0.376949
-0.358649
-0.340197
-0.321965
-0.304225
-0.287148
-0.270828
-0.255293
-0.240548
-0.48908
-0.479497
-0.47239
-0.464729
-0.456248
-0.446713
-0.435775
-0.423222
-0.409031
-0.393377
-0.376597
-0.359114
-0.341356
-0.323696
-0.306418
-0.48232
-0.473053
-0.466152
-0.458761
-0.450669
-0.441678
-0.431449
-0.419748
-0.406499
-0.391808
-0.375948
-0.475498
-0.466563
-0.459871
-0.45274
-0.445012
-0.436525
-0.426958
-0.416061
-0.46865
-0.460059
-0.45358
-0.446702
-0.439315
-0.461809
-0.453571
-0.44731
-0.276211
-0.281755
-0.287156
-0.292419
-0.297549
-0.302553
-0.253177
-0.258303
-0.263317
-0.268226
-0.273031
-0.27774
-0.232338
-0.237064
-0.241702
-0.246257
-0.250732
-0.255131
-0.213568
-0.217907
-0.222177
-0.226382
-0.230524
-0.234607
-0.196477
-0.200454
-0.204377
-0.208247
-0.212067
-0.215839
-0.180906
-0.18454
-0.18813
-0.191678
-0.195186
-0.198656
-0.166629
-0.169946
-0.173226
-0.176473
-0.179687
-0.18287
-0.153526
-0.156547
-0.159538
-0.162502
-0.165439
-0.168351
-0.141457
-0.144204
-0.146928
-0.149629
-0.152309
-0.154967
-0.130315
-0.132813
-0.135292
-0.137751
-0.140192
-0.142616
-0.120019
-0.122287
-0.124539
-0.126776
-0.128997
-0.131203
-0.110485
-0.112544
-0.114589
-0.116621
-0.11864
-0.120647
-0.10164
-0.103509
-0.105367
-0.107213
-0.109048
-0.110873
-0.0934329
-0.095129
-0.0968151
-0.0984916
-0.100159
-0.101817
-0.0858126
-0.087351
-0.0888809
-0.0904027
-0.0919166
-0.0934231
-0.0787245
-0.0801206
-0.0815093
-0.082891
-0.0842661
-0.0856347
-0.0721341
-0.0734006
-0.074661
-0.0759154
-0.0771642
-0.0784075
-0.0659963
-0.0671464
-0.0682912
-0.0694309
-0.0705656
-0.0716956
-0.0602844
-0.0613288
-0.0623687
-0.0634042
-0.0644354
-0.0654626
-0.0664859
-0.0549641
-0.0559132
-0.0568583
-0.0577997
-0.0587373
-0.0596715
-0.0606023
-0.0500085
-0.0508714
-0.0517309
-0.0525871
-0.0534401
-0.0542901
-0.0551372
-0.0453915
-0.0461766
-0.0469588
-0.0477381
-0.0485147
-0.0492885
-0.0500599
-0.0410924
-0.0418069
-0.0425188
-0.0432283
-0.0439354
-0.0446403
-0.0453429
-0.0370842
-0.0377354
-0.0383842
-0.0390309
-0.0396756
-0.0403182
-0.0409588
-0.0333518
-0.0339454
-0.034537
-0.0351268
-0.0357147
-0.0363008
-0.0368853
-0.0298747
-0.0304163
-0.0309562
-0.0314944
-0.032031
-0.0325661
-0.0330996
-0.0266363
-0.0271309
-0.0276239
-0.0281155
-0.0286056
-0.0290944
-0.0295818
-0.023621
-0.0240729
-0.0245235
-0.0249728
-0.0254208
-0.0258675
-0.0263131
-0.0208139
-0.0212272
-0.0216393
-0.0220502
-0.0224599
-0.0228686
-0.0232761
-0.0182018
-0.01858
-0.0189571
-0.0193331
-0.0197081
-0.0200821
-0.0204551
-0.0157717
-0.0161178
-0.0164631
-0.0168074
-0.0171508
-0.0174932
-0.0178348
-0.0135104
-0.013828
-0.0141445
-0.0144602
-0.0147749
-0.0150888
-0.0154019
-0.0114096
-0.0117007
-0.0119909
-0.0122802
-0.0125688
-0.0128565
-0.0131435
-0.00945818
-0.00972513
-0.0099913
-0.0102567
-0.0105214
-0.0107853
-0.0110485
-0.00764593
-0.00789094
-0.00813523
-0.0083788
-0.00862166
-0.00886383
-0.00910531
-0.00596435
-0.00618932
-0.00641361
-0.00663723
-0.00686018
-0.00708247
-0.00730411
-0.00440512
-0.00461177
-0.00481779
-0.00502316
-0.0052279
-0.00543201
-0.00563549
-0.00296051
-0.00315041
-0.00333969
-0.00352837
-0.00371644
-0.0039039
-0.00409076
-0.00162333
-0.00179789
-0.00197185
-0.00214524
-0.00231803
-0.00249025
-0.00266189
-0.000386874
-0.000547365
-0.000707293
-0.00086666
-0.00102546
-0.00118371
-0.00134139
0.000755135
0.000607535
0.000460477
0.00031396
0.000167987
2.25586e-05
-0.000122325
0.00180853
0.00167275
0.00153749
0.00140276
0.00126855
0.00113487
0.00100172
0.00277874
0.0026538
0.00252937
0.00240544
0.00228202
0.00215912
0.00203673
0.0036708
0.0035558
0.00344129
0.00332727
0.00321374
0.00310072
0.00298819
0.00448943
0.00438354
0.00427813
0.00417319
0.00406873
0.00396475
0.00386126
0.00523918
0.00514159
0.00504447
0.00494781
0.00485162
0.00475591
0.00466068
0.00592366
0.0058337
0.00574419
0.00565512
0.00556652
0.00547837
0.00539069
0.00654678
0.00646376
0.00638118
0.00629903
0.00621733
0.00613608
0.00605528
0.00711194
0.00703524
0.00695895
0.0068831
0.00680767
0.00673268
0.00665813
0.00762214
0.00755116
0.00748058
0.00741041
0.00734067
0.00727135
0.00720246
0.00808016
0.00801433
0.00794889
0.00788386
0.00781924
0.00775503
0.00769124
0.00848835
0.00842713
0.0083663
0.00830586
0.00824583
0.00818619
0.00812696
0.00884886
0.00879173
0.00873499
0.00867863
0.00862266
0.00856709
0.00851191
0.00916324
0.00910972
0.00905656
0.00900378
0.00895138
0.00889937
0.00884774
0.00943302
0.00938261
0.00933255
0.00928287
0.00923355
0.00918461
0.00913605
0.00965876
0.00961098
0.00956354
0.00951647
0.00946976
0.00942342
0.00937745
0.00984132
0.00979568
0.00975038
0.00970544
0.00966085
0.00961663
0.00957276
0.00997986
0.00993589
0.00989227
0.009849
0.00980607
0.0097635
0.00972129
0.0100745
0.0100317
0.00998923
0.00994709
0.0099053
0.00986385
0.00982276
0.0101226
0.0100805
0.0100387
0.00999731
0.00995623
0.0099155
0.00987512
-0.138845
-0.147645
-0.156276
-0.164738
-0.17303
-0.181151
-0.189096
-0.196837
-0.2044
-0.211909
-0.219178
-0.226202
-0.233031
-0.239691
-0.246185
-0.252511
-0.258674
-0.264675
-0.27052
-0.13111
-0.138798
-0.146348
-0.153758
-0.161027
-0.168151
-0.175125
-0.181937
-0.188556
-0.195034
-0.201472
-0.20777
-0.213905
-0.219896
-0.225757
-0.231491
-0.237097
-0.242578
-0.247937
-0.122725
-0.129522
-0.1362
-0.142759
-0.149196
-0.155512
-0.161705
-0.167773
-0.173713
-0.179511
-0.185305
-0.191005
-0.196557
-0.201978
-0.207289
-0.212497
-0.217605
-0.222613
-0.227523
-0.11543
-0.121434
-0.127339
-0.133146
-0.138855
-0.144466
-0.14998
-0.155397
-0.160714
-0.165925
-0.170982
-0.176061
-0.181065
-0.18596
-0.190759
-0.195476
-0.200114
-0.204674
-0.209158
-0.10825
-0.113576
-0.118821
-0.123983
-0.129065
-0.134067
-0.138988
-0.143831
-0.148594
-0.153279
-0.157882
-0.16241
-0.16691
-0.171343
-0.175696
-0.179977
-0.184194
-0.188349
-0.192443
-0.101605
-0.106341
-0.111008
-0.115608
-0.12014
-0.124606
-0.129006
-0.133341
-0.137612
-0.141817
-0.145955
-0.150011
-0.154074
-0.158081
-0.162019
-0.165896
-0.169722
-0.173498
-0.177226
-0.0952561
-0.0994754
-0.103638
-0.107743
-0.111794
-0.11579
-0.119732
-0.123622
-0.12746
-0.131247
-0.134984
-0.138669
-0.142293
-0.145897
-0.149462
-0.15298
-0.156452
-0.159884
-0.163276
-0.0892579
-0.0930244
-0.0967431
-0.100415
-0.10404
-0.107621
-0.111157
-0.114649
-0.118098
-0.121506
-0.12487
-0.128192
-0.13146
-0.134719
-0.137945
-0.14113
-0.144278
-0.147392
-0.150475
-0.08355
-0.0869166
-0.0902432
-0.0935304
-0.096779
-0.0999897
-0.103163
-0.1063
-0.109401
-0.112467
-0.115498
-0.118494
-0.121456
-0.124407
-0.127326
-0.130209
-0.133061
-0.135885
-0.138684
-0.0781232
-0.081137
-0.0841172
-0.0870646
-0.0899798
-0.0928637
-0.0957168
-0.09854
-0.101334
-0.104099
-0.106837
-0.109547
-0.112229
-0.114864
-0.117491
-0.120104
-0.122692
-0.125256
-0.127796
-0.0729527
-0.0756532
-0.0783256
-0.0809704
-0.0835881
-0.0861793
-0.0887447
-0.0912847
-0.0937999
-0.0962908
-0.0987579
-0.101201
-0.103621
-0.106015
-0.108399
-0.110764
-0.113107
-0.115429
-0.117733
-0.068024
-0.0704464
-0.0728451
-0.0752205
-0.0775731
-0.0799033
-0.0822118
-0.0844988
-0.0867649
-0.0890105
-0.091236
-0.0934418
-0.0956283
-0.097796
-0.099962
-0.102104
-0.104223
-0.106325
-0.108412
-0.0633239
-0.0654991
-0.0676543
-0.0697899
-0.0719064
-0.0740042
-0.0760839
-0.0781457
-0.0801903
-0.0822181
-0.0842295
-0.0862251
-0.0882047
-0.0901676
-0.0921001
-0.0940296
-0.0959527
-0.0978627
-0.099758
-0.05884
-0.0607947
-0.0627324
-0.0646536
-0.0665587
-0.0684478
-0.0703214
-0.0721799
-0.0740235
-0.0758525
-0.0776673
-0.0794681
-0.0812551
-0.0830285
-0.0847869
-0.0865378
-0.0882791
-0.0900088
-0.0917264
-0.0545627
-0.0563207
-0.0580645
-0.0597942
-0.0615103
-0.0632129
-0.0649024
-0.0665791
-0.0682432
-0.0698951
-0.071535
-0.0731633
-0.0747802
-0.076386
-0.07798
-0.0795666
-0.081143
-0.082709
-0.0842654
-0.0504836
-0.0520661
-0.0536365
-0.0551951
-0.056742
-0.0582776
-0.0598019
-0.0613154
-0.062818
-0.0643101
-0.0657918
-0.0672632
-0.0687245
-0.0701756
-0.0716168
-0.0730601
-0.0744908
-0.0759102
-0.0773211
-0.0465955
-0.0480213
-0.0494369
-0.0508425
-0.0522384
-0.0536246
-0.0550015
-0.0563693
-0.0577281
-0.0590784
-0.0604202
-0.061754
-0.0630801
-0.0643987
-0.0657099
-0.0670034
-0.0682944
-0.0695811
-0.0708611
-0.042891
-0.0441767
-0.0454537
-0.0467223
-0.0479825
-0.0492346
-0.0504787
-0.0517149
-0.0529435
-0.0541645
-0.0553782
-0.0565847
-0.0577841
-0.0589764
-0.0601617
-0.0613388
-0.0625114
-0.0636789
-0.0648406
-0.0393641
-0.0405244
-0.0416774
-0.0428231
-0.0439618
-0.0450936
-0.0462185
-0.0473367
-0.0484484
-0.0495536
-0.0506526
-0.0517454
-0.0528322
-0.0539131
-0.0549882
-0.0560571
-0.0571214
-0.0581808
-0.0592351
-0.0360093
-0.0370573
-0.0380992
-0.039135
-0.0401647
-0.0411886
-0.0422066
-0.0432189
-0.0442257
-0.0452269
-0.0462228
-0.0472134
-0.0481988
-0.0491792
-0.0501547
-0.0511252
-0.0520915
-0.0530534
-0.0540109
-0.032821
-0.0337687
-0.034711
-0.0356482
-0.0365803
-0.0375073
-0.0384294
-0.0393466
-0.040259
-0.0411667
-0.0420698
-0.0429684
-0.0438626
-0.0447525
-0.0456382
-0.0465197
-0.0473978
-0.0482719
-0.049142
-0.0297943
-0.030652
-0.0315052
-0.032354
-0.0331984
-0.0340385
-0.0348744
-0.0357061
-0.0365337
-0.0373572
-0.0381767
-0.0389922
-0.0398038
-0.0406114
-0.0414152
-0.0422152
-0.0430161
-0.0438119
-0.0446033
-0.0269241
-0.0277012
-0.0284745
-0.0292441
-0.0300101
-0.0307724
-0.0315311
-0.0322863
-0.033038
-0.0337864
-0.0345315
-0.0352734
-0.0360121
-0.0367479
-0.0374808
-0.0382108
-0.0389336
-0.0396553
-0.0403752
-0.024205
-0.0249098
-0.0256115
-0.0263099
-0.0270052
-0.0276974
-0.0283865
-0.0290726
-0.0297557
-0.0304358
-0.031113
-0.0317873
-0.0324588
-0.0331276
-0.0337935
-0.0344567
-0.0351168
-0.0357748
-0.0364307
-0.0216321
-0.022272
-0.0229093
-0.0235438
-0.0241756
-0.0248048
-0.0254313
-0.0260552
-0.0266765
-0.0272953
-0.0279116
-0.0285254
-0.0291368
-0.0297457
-0.0303523
-0.0309566
-0.0315585
-0.0321583
-0.0327561
-0.0192004
-0.0197821
-0.0203615
-0.0209386
-0.0215133
-0.0220858
-0.022656
-0.023224
-0.0237897
-0.0243533
-0.0249146
-0.0254739
-0.026031
-0.026586
-0.027139
-0.02769
-0.0282389
-0.028786
-0.0293312
-0.0169049
-0.0174343
-0.0179616
-0.018487
-0.0190105
-0.0195319
-0.0200514
-0.020569
-0.0210846
-0.0215983
-0.0221102
-0.0226202
-0.0231283
-0.0236346
-0.0241392
-0.024642
-0.025143
-0.0256424
-0.0261401
-0.0147407
-0.015223
-0.0157035
-0.0161824
-0.0166596
-0.017135
-0.0176088
-0.0180809
-0.0185514
-0.0190202
-0.0194873
-0.0199528
-0.0204167
-0.020879
-0.0213398
-0.021799
-0.0222567
-0.0227129
-0.0231677
-0.0127027
-0.0131426
-0.013581
-0.0140179
-0.0144534
-0.0148874
-0.0153199
-0.015751
-0.0161806
-0.0166088
-0.0170355
-0.0174608
-0.0178847
-0.0183072
-0.0187283
-0.0191481
-0.0195665
-0.0199836
-0.0203994
-0.0107861
-0.0111877
-0.0115881
-0.0119872
-0.012385
-0.0127816
-0.0131768
-0.0135708
-0.0139636
-0.014355
-0.0147452
-0.0151342
-0.0155219
-0.0159083
-0.0162936
-0.0166776
-0.0170604
-0.0174421
-0.0178225
-0.00898565
-0.00935277
-0.00971879
-0.0100837
-0.0104475
-0.0108102
-0.0111717
-0.0115322
-0.0118915
-0.0122497
-0.0126067
-0.0129627
-0.0133175
-0.0136713
-0.014024
-0.0143757
-0.0147263
-0.0150761
-0.0154245
-0.00729676
-0.00763269
-0.00796767
-0.00830167
-0.00863469
-0.00896672
-0.00929775
-0.00962779
-0.00995684
-0.0102849
-0.0106119
-0.0109379
-0.011263
-0.011587
-0.01191
-0.012232
-0.012553
-0.0128728
-0.0131919
-0.00571441
-0.0060221
-0.00632894
-0.00663492
-0.00694002
-0.00724425
-0.00754758
-0.00785003
-0.00815158
-0.00845222
-0.00875197
-0.00905081
-0.00934875
-0.0096458
-0.00994195
-0.0102372
-0.0105316
-0.0108251
-0.0111178
-0.00423395
-0.00451605
-0.00479739
-0.00507797
-0.00535777
-0.00563678
-0.005915
-0.00619241
-0.00646902
-0.00674482
-0.00701981
-0.00729398
-0.00756734
-0.00783989
-0.00811162
-0.00838254
-0.00865265
-0.00892194
-0.00919045
-0.00285066
-0.00310953
-0.00336772
-0.00362523
-0.00388202
-0.00413811
-0.00439348
-0.00464812
-0.00490203
-0.00515521
-0.00540764
-0.00565932
-0.00591026
-0.00616045
-0.00640989
-0.00665858
-0.00690653
-0.00715373
-0.00740019
-0.00155996
-0.00179771
-0.00203484
-0.00227135
-0.00250722
-0.00274244
-0.00297701
-0.00321091
-0.00344414
-0.0036767
-0.00390857
-0.00413976
-0.00437025
-0.00460006
-0.00482917
-0.00505759
-0.00528532
-0.00551235
-0.00573869
-0.000357367
-0.000575888
-0.000793847
-0.00101123
-0.00122803
-0.00144424
-0.00165984
-0.00187483
-0.0020892
-0.00230295
-0.00251606
-0.00272854
-0.00294038
-0.00315157
-0.00336212
-0.00357202
-0.00378126
-0.00398986
-0.00419781
0.000761461
0.000560472
0.000360002
0.000160061
-3.93402e-05
-0.000238191
-0.000436482
-0.000634206
-0.000831353
-0.00102792
-0.0012239
-0.00141928
-0.00161406
-0.00180824
-0.00200181
-0.00219478
-0.00238713
-0.00257887
-0.00276999
0.00180075
0.00161576
0.00143126
0.00124725
0.00106374
0.00088075
0.000698278
0.000516336
0.000334933
0.000154075
-2.62298e-05
-0.000205977
-0.00038516
-0.000563775
-0.000741817
-0.000919283
-0.00109617
-0.00127247
-0.0014482
0.00276457
0.00259422
0.00242431
0.00225487
0.0020859
0.00191741
0.0017494
0.0015819
0.00141491
0.00124842
0.00108246
0.000917029
0.000752128
0.000587766
0.000423947
0.000260675
9.79542e-05
-6.42119e-05
-0.000225822
0.00365689
0.00349991
0.00334337
0.00318725
0.00303158
0.00287637
0.00272161
0.00256733
0.00241353
0.00226021
0.00210739
0.00195506
0.00180325
0.00165195
0.00150116
0.00135089
0.00120116
0.00105195
0.000903274
0.00448147
0.00433675
0.00419243
0.00404853
0.00390504
0.00376198
0.00361937
0.00347719
0.00333548
0.00319423
0.00305344
0.00291314
0.00277331
0.00263398
0.00249514
0.0023568
0.00221897
0.00208164
0.00194482
0.00524197
0.00510847
0.00497536
0.00484263
0.00471031
0.0045784
0.0044469
0.00431583
0.00418519
0.004055
0.00392525
0.00379596
0.00366713
0.00353877
0.00341089
0.00328348
0.00315656
0.00303012
0.00290418
0.00594183
0.00581862
0.00569577
0.00557329
0.0054512
0.00532949
0.00520819
0.00508729
0.00496681
0.00484675
0.00472711
0.00460792
0.00448917
0.00437086
0.00425302
0.00413563
0.00401871
0.00390227
0.00378629
0.0065844
0.00647061
0.00635717
0.00624408
0.00613136
0.00601901
0.00590705
0.00579547
0.00568429
0.00557352
0.00546315
0.00535321
0.00524369
0.0051346
0.00502595
0.00491774
0.00480998
0.00470267
0.0045958
0.00717277
0.00706761
0.00696277
0.00685828
0.00675414
0.00665035
0.00654694
0.00644389
0.00634123
0.00623896
0.00613708
0.00603561
0.00593455
0.00583391
0.00573369
0.0056339
0.00553455
0.00543563
0.00533719
0.00770994
0.00761266
0.0075157
0.00741907
0.00732277
0.00722682
0.00713122
0.00703598
0.0069411
0.0068466
0.00675249
0.00665876
0.00656542
0.00647249
0.00637996
0.00628785
0.00619616
0.00610489
0.00601406
0.00819863
0.00810855
0.00801877
0.00792931
0.00784017
0.00775136
0.00766289
0.00757477
0.00748699
0.00739958
0.00731254
0.00722587
0.00713958
0.00705368
0.00696818
0.00688307
0.00679838
0.00671409
0.00663022
0.00872528
0.00864146
0.00855793
0.00847469
0.00839175
0.00830913
0.00822682
0.00814484
0.0080632
0.00798189
0.00790093
0.00782033
0.00774009
0.00766021
0.00758071
0.0075016
0.00742287
0.00734453
0.00726659
0.00718906
0.00911864
0.00904077
0.00896318
0.00888587
0.00880885
0.00873214
0.00865573
0.00857963
0.00850386
0.00842841
0.00835331
0.00827854
0.00820412
0.00813006
0.00805636
0.00798304
0.00791008
0.00783751
0.00776533
0.00769354
0.00947124
0.00939875
0.00932652
0.00925456
0.00918289
0.0091115
0.00904042
0.00896963
0.00889916
0.008829
0.00875917
0.00868967
0.00862051
0.00855169
0.00848323
0.00841512
0.00834738
0.00828
0.00821301
0.00814639
0.00978496
0.00971728
0.00964986
0.0095827
0.00951581
0.00944921
0.00938289
0.00931687
0.00925114
0.00918573
0.00912063
0.00905585
0.00899139
0.00892728
0.0088635
0.00880007
0.008737
0.00867428
0.00861193
0.00854995
0.0100615
0.0099981
0.00993495
0.00987206
0.00980943
0.00974708
0.009685
0.00962321
0.00956171
0.0095005
0.00943961
0.00937902
0.00931876
0.00925882
0.00919921
0.00913994
0.00908101
0.00902243
0.00896421
0.00890635
0.0103021
0.0102425
0.0101831
0.010124
0.0100651
0.0100065
0.0099481
0.00989002
0.00983223
0.00977473
0.00971753
0.00966063
0.00960404
0.00954777
0.00949182
0.0094362
0.00938091
0.00932597
0.00927137
0.00921713
0.0105082
0.0104518
0.0103956
0.0103397
0.0102841
0.0102287
0.0101735
0.0101187
0.0100641
0.0100098
0.00995578
0.00990207
0.00984866
0.00979556
0.00974278
0.00969031
0.00963818
0.00958637
0.00953491
0.00948379
0.01068
0.0106264
0.010573
0.0105198
0.0104669
0.0104142
0.0103618
0.0103096
0.0102577
0.0102062
0.0101548
0.0101038
0.0100531
0.0100027
0.00995258
0.00990279
0.00985332
0.00980418
0.00975537
0.00970689
0.0108186
0.0107672
0.010716
0.010665
0.0106143
0.0105639
0.0105137
0.0104638
0.0104141
0.0103647
0.0103156
0.0102668
0.0102183
0.0101701
0.0101221
0.0100745
0.0100272
0.00998027
0.00993362
0.0098873
0.0109229
0.0108732
0.0108237
0.0107745
0.0107255
0.0106768
0.0106283
0.0105801
0.0105322
0.0104845
0.0104371
0.01039
0.0103432
0.0102967
0.0102505
0.0102046
0.010159
0.0101137
0.0100688
0.0100242
0.010994
0.0109455
0.0108972
0.0108491
0.0108013
0.0107538
0.0107065
0.0106595
0.0106128
0.0105663
0.0105201
0.0104742
0.0104285
0.0103832
0.0103382
0.0102935
0.010249
0.0102049
0.0101611
0.0101177
0.0110278
0.0109799
0.0109323
0.0108849
0.0108378
0.010791
0.0107444
0.0106981
0.010652
0.0106063
0.0105608
0.0105156
0.0104707
0.0104261
0.0103818
0.0103378
0.0102941
0.0102507
0.0102077
0.010165
0.024656
0.0245886
0.0245214
0.0244543
0.0243874
0.0243207
0.0242542
0.0241878
0.0241217
0.0240558
0.02399
0.0239245
0.0238592
0.0237941
0.0237292
0.0236646
0.0236002
0.023536
0.0234721
0.0234084
0.023345
0.0246364
0.0245683
0.0245003
0.0244324
0.0243647
0.0242972
0.0242298
0.0241626
0.0240956
0.0240288
0.0239621
0.0238957
0.0238295
0.0237635
0.0236977
0.0236321
0.0235668
0.0235017
0.0234369
0.0233722
0.0233079
0.0245915
0.0245219
0.0244525
0.0243832
0.024314
0.0242451
0.0241762
0.0241076
0.0240391
0.0239708
0.0239027
0.0238348
0.0237672
0.0236997
0.0236324
0.0235654
0.0234986
0.0234321
0.0233658
0.0232997
0.0232339
0.0245253
0.0244537
0.0243822
0.0243108
0.0242395
0.0241685
0.0240975
0.0240268
0.0239562
0.0238858
0.0238156
0.0237456
0.0236758
0.0236062
0.0235369
0.0234678
0.0233989
0.0233302
0.0232618
0.0231937
0.0231258
0.0244364
0.024362
0.0242878
0.0242137
0.0241397
0.0240659
0.0239923
0.0239188
0.0238455
0.0237724
0.0236995
0.0236268
0.0235543
0.023482
0.02341
0.0233382
0.0232666
0.0231952
0.0231242
0.0230533
0.0229828
0.0242478
0.0241702
0.0240928
0.0240155
0.0239384
0.0238614
0.0237847
0.023708
0.0236316
0.0235554
0.0234794
0.0234036
0.023328
0.0232526
0.0231775
0.0231026
0.023028
0.0229536
0.0228795
0.0228057
0.0241101
0.0240286
0.0239472
0.023866
0.0237849
0.023704
0.0236233
0.0235428
0.0234624
0.0233823
0.0233023
0.0232226
0.0231431
0.0230638
0.0229848
0.022906
0.0228275
0.0227493
0.0226713
0.0225936
0.0239487
0.0238626
0.0237766
0.0236908
0.0236052
0.0235197
0.0234345
0.0233494
0.0232645
0.0231797
0.0230953
0.023011
0.022927
0.0228432
0.0227596
0.0226763
0.0225933
0.0225106
0.0224281
0.0223459
0.0237625
0.0236712
0.02358
0.023489
0.0233982
0.0233075
0.023217
0.0231267
0.0230366
0.0229467
0.022857
0.0227676
0.0226784
0.0225894
0.0225007
0.0224123
0.0223241
0.0222362
0.0221486
0.0220614
0.0235507
0.0234535
0.0233565
0.0232596
0.0231629
0.0230663
0.02297
0.0228738
0.0227778
0.0226821
0.0225866
0.0224913
0.0223963
0.0223015
0.0222069
0.0221127
0.0220187
0.0219251
0.0218317
0.0217386
0.0233122
0.0232084
0.0231048
0.0230013
0.022898
0.0227949
0.022692
0.0225893
0.0224868
0.0223845
0.0222824
0.0221806
0.022079
0.0219777
0.0218767
0.021776
0.0216755
0.0215753
0.0214755
0.0213759
0.0230457
0.0229346
0.0228237
0.0227129
0.0226023
0.0224919
0.0223817
0.0222717
0.0221619
0.0220524
0.0219431
0.021834
0.0217252
0.0216166
0.0215084
0.0214004
0.0212927
0.0211853
0.0210782
0.0209715
0.02275
0.0226308
0.0225118
0.022393
0.0222744
0.0221559
0.0220376
0.0219196
0.0218018
0.0216842
0.0215668
0.0214497
0.0213329
0.0212163
0.0211
0.020984
0.0208683
0.0207529
0.0206379
0.0205231
0.0224237
0.0222957
0.0221678
0.0220401
0.0219126
0.0217852
0.0216581
0.0215312
0.0214045
0.0212781
0.0211519
0.0210259
0.0209002
0.0207748
0.0206497
0.0205249
0.0204003
0.0202761
0.0201523
0.0200287
0.0220655
0.0219277
0.0217901
0.0216527
0.0215154
0.0213783
0.0212415
0.0211048
0.0209684
0.0208322
0.0206963
0.0205606
0.0204252
0.0202901
0.0201552
0.0200207
0.0198865
0.0197526
0.019619
0.0194857
0.0216739
0.0215255
0.0213772
0.0212291
0.0210812
0.0209334
0.0207859
0.0206386
0.0204915
0.0203446
0.020198
0.0200517
0.0199057
0.0197599
0.0196144
0.0194692
0.0193243
0.0191798
0.0190355
0.0188917
0.0212476
0.0210875
0.0209275
0.0207678
0.0206082
0.0204488
0.0202896
0.0201306
0.0199719
0.0198133
0.0196551
0.0194971
0.0193394
0.0191819
0.0190248
0.0188679
0.0187114
0.0185552
0.0183993
0.0182437
0.0207851
0.0206123
0.0204396
0.0202671
0.0200947
0.0199226
0.0197507
0.019579
0.0194075
0.0192362
0.0190652
0.0188945
0.018724
0.0185538
0.0183839
0.0182143
0.018045
0.017876
0.0177074
0.0175391
0.020285
0.0200983
0.0199117
0.0197253
0.0195391
0.0193531
0.0191672
0.0189816
0.0187962
0.0186111
0.0184262
0.0182415
0.0180571
0.017873
0.0176892
0.0175056
0.0173224
0.0171395
0.0169569
0.0167746
0.0197459
0.0195441
0.0193424
0.0191408
0.0189395
0.0187383
0.0185373
0.0183366
0.018136
0.0179357
0.0177356
0.0175358
0.0173362
0.0171369
0.0169379
0.0167391
0.0165407
0.0163425
0.0161447
0.0159472
0.0191665
0.0189482
0.01873
0.018512
0.0182941
0.0180765
0.017859
0.0176417
0.0174246
0.0172078
0.0169912
0.0167748
0.0165587
0.0163428
0.0161273
0.0159119
0.0156969
0.0154822
0.0152677
0.0150536
0.0185454
0.0183091
0.018073
0.017837
0.0176012
0.0173656
0.0171301
0.0168949
0.0166598
0.016425
0.0161903
0.015956
0.0157218
0.0154879
0.0152542
0.0150209
0.0147877
0.0145549
0.0143223
0.01409
0.0178814
0.0176256
0.0173699
0.0171144
0.016859
0.0166038
0.0163488
0.0160939
0.0158393
0.0155848
0.0153306
0.0150766
0.0148228
0.0145692
0.0143159
0.0140628
0.01381
0.0135574
0.0133051
0.013053
0.0171732
0.0168961
0.0166192
0.0163424
0.0160657
0.0157892
0.0155129
0.0152367
0.0149607
0.0146849
0.0144093
0.0141339
0.0138587
0.0135838
0.013309
0.0130345
0.0127602
0.0124861
0.0122122
0.0119386
0.0164196
0.0161194
0.0158193
0.0155193
0.0152195
0.0149198
0.0146202
0.0143209
0.0140217
0.0137226
0.0134238
0.0131251
0.0128266
0.0125284
0.0122303
0.0119324
0.0116347
0.0113372
0.0110399
0.0107428
0.0156195
0.0152941
0.0149688
0.0146436
0.0143185
0.0139935
0.0136688
0.0133441
0.0130196
0.0126953
0.0123712
0.0120472
0.0117234
0.0113997
0.0110762
0.0107529
0.0104297
0.0101068
0.00978393
0.00946124
0.0147719
0.014419
0.0140661
0.0137135
0.0133609
0.0130085
0.0126562
0.0123041
0.0119521
0.0116002
0.0112485
0.010897
0.0105456
0.0101943
0.00984318
0.00949218
0.00914132
0.00879057
0.00843995
0.00808942
0.0138755
0.0134927
0.01311
0.0127274
0.0123449
0.0119625
0.0115803
0.0111983
0.0108163
0.0104345
0.0100528
0.0096713
0.00928987
0.00890855
0.00852734
0.00814623
0.00776521
0.00738426
0.0070034
0.00662257
0.0125141
0.0120987
0.0116835
0.0112685
0.0108535
0.0104388
0.0100241
0.00960955
0.00919513
0.00878083
0.00836663
0.00795253
0.00753851
0.00712456
0.00671068
0.00629684
0.00588303
0.00546927
0.00505548
0.0114818
0.011031
0.0105803
0.0101297
0.00967931
0.00922904
0.00877891
0.0083289
0.007879
0.0074292
0.00697949
0.00652985
0.00608026
0.0056307
0.00518116
0.00473161
0.00428204
0.00383257
0.00338292
0.0103946
0.00990503
0.00941564
0.00892643
0.00843738
0.00794848
0.00745973
0.0069711
0.00648258
0.00599415
0.00550579
0.00501749
0.00452922
0.00404096
0.00355268
0.00306436
0.00257599
0.00208768
0.00159907
0.00925121
0.00871943
0.00818789
0.00765656
0.00712542
0.00659447
0.00606367
0.00553301
0.00500247
0.00447202
0.00394162
0.00341127
0.00288091
0.00235052
0.00182007
0.00128951
0.000758808
0.000227622
-0.000303609
0.00805008
0.00747228
0.00689476
0.00631752
0.00574052
0.00516374
0.00458715
0.00401073
0.00343444
0.00285824
0.00228211
0.001706
0.00112988
0.000553697
-2.2584e-05
-0.000599007
-0.0011756
-0.00175254
-0.00232974
0.00678982
0.00616181
0.00553418
0.00490691
0.00427995
0.00365328
0.00302686
0.00240064
0.00177458
0.00114865
0.000522793
-0.000103038
-0.000728894
-0.00135483
-0.00198089
-0.00260714
-0.00323359
-0.00386044
-0.0044877
0.00546863
0.00478583
0.00410354
0.00342172
0.00274031
0.00205927
0.00137856
0.000698123
1.78996e-05
-0.000662163
-0.00134212
-0.00202205
-0.00270199
-0.00338203
-0.00406221
-0.00474261
-0.00542318
-0.00610425
-0.00678585
0.0040846
0.00334201
0.00260009
0.00185879
0.00111804
0.000377802
-0.000361999
-0.00110142
-0.00184054
-0.00257941
-0.00331812
-0.00405673
-0.00479533
-0.005534
-0.00627283
-0.00701189
-0.00775095
-0.00849089
-0.00923164
0.00263542
0.0018275
0.00102046
0.000214224
-0.000591274
-0.00139612
-0.00220038
-0.00300415
-0.00380751
-0.00461054
-0.00541333
-0.00621598
-0.00701857
-0.00782117
-0.00862383
-0.00942649
-0.0102278
-0.011031
-0.011836
0.00111869
0.000239442
-0.00063864
-0.00151565
-0.00239167
-0.0032668
-0.00414113
-0.00501478
-0.00588783
-0.00676039
-0.00763259
-0.00850452
-0.00937632
-0.0102481
-0.01112
-0.0119923
-0.012867
-0.0137408
-0.0146141
-0.000469081
-0.00142636
-0.00238213
-0.0033365
-0.00428958
-0.00524149
-0.00619236
-0.0071423
-0.00809144
-0.00903992
-0.00998786
-0.0109354
-0.0118827
-0.0128298
-0.0137769
-0.014724
-0.0156719
-0.0166201
-0.0175688
-0.00213125
-0.00317386
-0.00421451
-0.00525333
-0.00629046
-0.00732603
-0.00836021
-0.00939312
-0.0104249
-0.0114558
-0.0124859
-0.0135153
-0.0145442
-0.0155728
-0.0166011
-0.017629
-0.0186579
-0.0196874
-0.0207176
-0.00387237
-0.00500841
-0.00614192
-0.00727305
-0.00840198
-0.00952888
-0.0106539
-0.0117773
-0.0128992
-0.0140198
-0.0151393
-0.016258
-0.0173759
-0.0184934
-0.0196104
-0.0207248
-0.0218411
-0.0229587
-0.0240768
-0.00569788
-0.00693633
-0.00817151
-0.00940362
-0.0106329
-0.0118594
-0.0130836
-0.0143054
-0.0155252
-0.0167432
-0.0179596
-0.0191745
-0.0203883
-0.0216009
-0.0228126
-0.0240246
-0.0252369
-0.0264494
-0.0276623
-0.00761422
-0.00896506
-0.0103117
-0.0116544
-0.0129935
-0.014329
-0.0156614
-0.0169908
-0.0183175
-0.0196417
-0.0209637
-0.0222837
-0.023602
-0.0249188
-0.026234
-0.0275511
-0.0288671
-0.030182
-0.0314968
-0.00962925
-0.0111036
-0.0125727
-0.0140368
-0.0154961
-0.016951
-0.0184018
-0.0198487
-0.0212921
-0.0227321
-0.0241692
-0.0256034
-0.0270351
-0.0284642
-0.0298899
-0.031317
-0.0327442
-0.0341706
-0.0355962
-0.0117519
-0.0133622
-0.0149658
-0.0165631
-0.0181544
-0.0197401
-0.0213205
-0.0228962
-0.0244674
-0.0260346
-0.0275984
-0.0291593
-0.0307176
-0.0322733
-0.0338102
-0.0353539
-0.0369011
-0.0384474
-0.0399922
-0.013993
-0.0157531
-0.0175046
-0.019248
-0.0209837
-0.0227119
-0.0244332
-0.0261477
-0.0278558
-0.0295579
-0.0312541
-0.0329445
-0.0346294
-0.0363087
-0.0380017
-0.0396858
-0.0413626
-0.0430366
-0.0447093
-0.0163668
-0.0182927
-0.0202079
-0.0221129
-0.0240082
-0.0258941
-0.0277713
-0.02964
-0.0315008
-0.0333541
-0.0352003
-0.0370396
-0.0388721
-0.0406963
-0.0425225
-0.0443451
-0.0461626
-0.0479759
-0.0497864
-0.018888
-0.0209976
-0.0230939
-0.0251774
-0.0272487
-0.0293084
-0.031357
-0.0333953
-0.0354239
-0.0374436
-0.0394552
-0.041459
-0.0434546
-0.0454203
-0.0473937
-0.0493686
-0.0513379
-0.053301
-0.0552594
-0.0215744
-0.023888
-0.0261847
-0.0284653
-0.0307301
-0.0329799
-0.0352152
-0.0374364
-0.0396439
-0.0418382
-0.0440193
-0.0461873
-0.0483418
-0.0505121
-0.0526666
-0.0548058
-0.0569357
-0.059059
-0.0611764
-0.0244488
-0.0269903
-0.0295108
-0.0320111
-0.0344919
-0.0369538
-0.0393976
-0.0418239
-0.0442335
-0.0466269
-0.0490045
-0.0513665
-0.0537065
-0.0560486
-0.0583813
-0.0606999
-0.0630061
-0.0653023
-0.0675896
-0.0275355
-0.0303321
-0.0331028
-0.0358482
-0.0385692
-0.0412667
-0.0439414
-0.0465942
-0.0492259
-0.0518372
-0.0544282
-0.0569968
-0.0595379
-0.0620766
-0.0646048
-0.0671165
-0.0696122
-0.0720939
-0.0745631
-0.0308612
-0.0339445
-0.0369953
-0.0400144
-0.0430027
-0.0459607
-0.0488892
-0.0517886
-0.0546594
-0.0575014
-0.0603151
-0.0630975
-0.0658936
-0.0686669
-0.0714095
-0.074127
-0.076825
-0.0795055
-0.0821691
-0.0344641
-0.0378722
-0.0412406
-0.04457
-0.0478617
-0.0511168
-0.0543366
-0.0575223
-0.060675
-0.0637941
-0.0668746
-0.0698769
-0.0728926
-0.0758995
-0.0788762
-0.0818208
-0.0847381
-0.0876312
-0.0905012
-0.0383685
-0.0421435
-0.0458685
-0.0495443
-0.0531716
-0.0567509
-0.0602826
-0.0637668
-0.0672032
-0.0705923
-0.073931
-0.0773092
-0.0806333
-0.083893
-0.0871079
-0.0902902
-0.0934416
-0.0965615
-0.0996503
-0.0426487
-0.0468462
-0.0509826
-0.0550589
-0.0590763
-0.0630361
-0.0669396
-0.0707876
-0.0745793
-0.0783083
-0.0819401
-0.0855762
-0.0891782
-0.0927244
-0.0962181
-0.0996661
-0.103071
-0.106433
-0.109754
-0.0472792
-0.0519586
-0.056562
-0.0610898
-0.0655423
-0.0699198
-0.0742224
-0.0784492
-0.0825989
-0.0866542
-0.0907509
-0.0947723
-0.0986978
-0.102548
-0.106339
-0.110073
-0.11375
-0.117371
-0.120937
-0.0524797
-0.0577193
-0.0628653
-0.0679177
-0.0728764
-0.0777406
-0.0825082
-0.0871758
-0.0917335
-0.0962389
-0.100709
-0.10509
-0.109371
-0.113565
-0.117682
-0.121724
-0.125691
-0.129584
-0.133406
-0.0579406
-0.0638409
-0.0696279
-0.0753009
-0.0808589
-0.0863009
-0.0916232
-0.0968172
-0.101807
-0.106844
-0.1118
-0.116617
-0.121309
-0.125894
-0.130378
-0.134762
-0.139047
-0.143235
-0.14733
-0.0644632
-0.0711129
-0.077627
-0.084003
-0.0902366
-0.0963176
-0.102227
-0.107859
-0.113616
-0.119229
-0.124635
-0.12988
-0.134998
-0.139993
-0.144861
-0.149601
-0.154214
-0.158705
-0.163074
-0.0706541
-0.0782435
-0.0856671
-0.0929244
-0.100011
-0.106913
-0.113554
-0.120261
-0.126747
-0.132948
-0.138931
-0.144743
-0.15039
-0.155868
-0.161178
-0.16632
-0.171299
-0.176117
-0.180776
0.0232819
0.023219
0.0231564
0.023094
0.023032
0.0229702
0.0232438
0.02318
0.0231164
0.0230532
0.0229902
0.0229275
0.0231684
0.0231032
0.0230382
0.0229735
0.0229091
0.022845
0.0230582
0.0229908
0.0229238
0.022857
0.0227906
0.0227244
0.0229125
0.0228425
0.0227728
0.0227034
0.0226343
0.0225655
0.0227322
0.0226589
0.022586
0.0225133
0.022441
0.022369
0.0225162
0.0224391
0.0223623
0.0222858
0.0222097
0.0221339
0.022264
0.0221825
0.0221012
0.0220203
0.0219397
0.0218595
0.0219744
0.0218877
0.0218014
0.0217153
0.0216297
0.0215444
0.0216458
0.0215534
0.0214613
0.0213695
0.0212781
0.0211871
0.0212767
0.0211778
0.0210792
0.020981
0.0208832
0.0207857
0.020865
0.0207589
0.0206532
0.0205478
0.0204428
0.0203382
0.0204087
0.0202947
0.020181
0.0200676
0.0199547
0.0198421
0.0199055
0.0197826
0.0196601
0.019538
0.0194163
0.0192949
0.0193528
0.0192203
0.0190881
0.0189563
0.0188249
0.0186938
0.0187481
0.0186049
0.0184621
0.0183196
0.0181776
0.0180359
0.0180885
0.0179337
0.0177792
0.017625
0.0174713
0.0173179
0.0173711
0.0172034
0.0170362
0.0168692
0.0167027
0.0165365
0.0165927
0.0164111
0.0162298
0.0160489
0.0158684
0.0156882
0.01575
0.0155531
0.0153566
0.0151604
0.0149645
0.014769
0.0148397
0.0146262
0.0144129
0.0142
0.0139874
0.0137752
0.013858
0.0136262
0.0133948
0.0131637
0.0129328
0.0127023
0.0128012
0.0125496
0.0122983
0.0120473
0.0117965
0.011546
0.0116652
0.011392
0.0111191
0.0108463
0.0105738
0.0103015
0.0104459
0.0101491
0.00985257
0.00955619
0.00925998
0.00896394
0.0091387
0.00881629
0.00849402
0.00817187
0.00784984
0.0075279
0.00773898
0.00738863
0.00703835
0.00668813
0.00633795
0.00598781
0.00624177
0.00586099
0.00548021
0.00509942
0.0047186
0.00433772
0.00464163
0.00422773
0.00381377
0.00339971
0.00298552
0.00257119
0.0029331
0.00248315
0.00203306
0.00158279
0.0011323
0.000681556
0.00111015
0.00062098
0.000131573
-0.000358106
-0.000848113
-0.0013385
-0.000834946
-0.00136655
-0.00189854
-0.00243096
-0.00296384
-0.00349724
-0.00290726
-0.00348519
-0.0040636
-0.00464255
-0.0052221
-0.00580231
-0.0051154
-0.00574361
-0.00637241
-0.00700188
-0.00763209
-0.00826312
-0.00746799
-0.00815075
-0.00883422
-0.00951849
-0.0102037
-0.0108898
-0.00997302
-0.010715
-0.0114579
-0.0122016
-0.0129465
-0.0136925
-0.0126419
-0.0134483
-0.0142555
-0.0150638
-0.0158732
-0.016684
-0.0154879
-0.016363
-0.0172394
-0.018117
-0.0189961
-0.0198767
-0.0185182
-0.0194687
-0.0204204
-0.0213735
-0.0223281
-0.0232844
-0.0217484
-0.0227803
-0.0238134
-0.0248479
-0.0258842
-0.0269223
-0.0251956
-0.0263152
-0.0274361
-0.0285585
-0.0296827
-0.0308089
-0.0288758
-0.0300902
-0.0313058
-0.0325229
-0.0337418
-0.0349629
-0.0328121
-0.0341283
-0.0354457
-0.0367644
-0.038085
-0.0394077
-0.0370219
-0.0384481
-0.0398752
-0.0413035
-0.0427334
-0.0441653
-0.0415362
-0.0430803
-0.0446249
-0.0461704
-0.0477172
-0.0492658
-0.0463811
-0.0480521
-0.0497229
-0.051394
-0.0530659
-0.0547391
-0.0515947
-0.0534015
-0.055207
-0.057012
-0.0588171
-0.0606227
-0.0572142
-0.059166
-0.0611155
-0.0630631
-0.0650097
-0.0669559
-0.0632881
-0.0653949
-0.0674974
-0.0695965
-0.0716929
-0.0737873
-0.0698688
-0.0721405
-0.0744055
-0.0766647
-0.0789191
-0.0811693
-0.0770206
-0.0794674
-0.0819043
-0.0843322
-0.0867522
-0.0891653
-0.0848164
-0.0874483
-0.090066
-0.0926707
-0.0952634
-0.0978453
-0.0933489
-0.0961754
-0.0989822
-0.10177
-0.104541
-0.107296
-0.102709
-0.10574
-0.108743
-0.111721
-0.114675
-0.117607
-0.113035
-0.116278
-0.119484
-0.122655
-0.125793
-0.1289
-0.12445
-0.127913
-0.131327
-0.134694
-0.138015
-0.141294
-0.137159
-0.140844
-0.144465
-0.148024
-0.151522
-0.154963
-0.151333
-0.155247
-0.159075
-0.162821
-0.166486
-0.170073
-0.167326
-0.171462
-0.175486
-0.1794
-0.183208
-0.186912
-0.185281
-0.189635
-0.19384
-0.197902
-0.201824
-0.205609
)
;

boundaryField
{
    inlet
    {
        type            zeroGradient;
    }
    outlet
    {
        type            fixedValue;
        value           nonuniform 0();
    }
    cylinder
    {
        type            zeroGradient;
    }
    top
    {
        type            symmetryPlane;
    }
    bottom
    {
        type            symmetryPlane;
    }
    frontAndBack
    {
        type            empty;
    }
    procBoundary2to1
    {
        type            processor;
        value           nonuniform List<scalar> 
205
(
-0.138388
-0.138388
-0.142924
-0.162886
-0.142924
-0.147033
-0.162886
-0.168139
-0.168139
-0.173871
-0.173871
-0.180154
-0.180154
-0.187088
-0.187088
-0.194764
-0.194764
-0.203268
-0.203268
-0.212658
-0.212658
-0.222911
-0.222911
-0.233826
-0.233826
-0.244884
-0.244884
-0.25506
-0.25506
-0.23199
-0.238448
-0.238448
-0.240048
-0.240048
-0.214389
-0.207522
-0.207522
-0.19108
-0.19108
-0.163424
-0.135306
-0.0791386
-0.104654
-0.129889
-0.129889
-0.144581
-0.144581
-0.150298
-0.173482
-0.173482
-0.171144
-0.171144
-0.164155
-0.164155
-0.154747
-0.174271
-0.174271
-0.162888
-0.162888
-0.151676
-0.151676
-0.141165
-0.141165
-0.13157
-0.13157
-0.122928
-0.122928
-0.11519
-0.11519
-0.108278
-0.108278
-0.102105
-0.102105
-0.0965763
-0.0965763
-0.0916189
-0.0916189
-0.0776405
-0.0740057
-0.0740057
-0.0700322
-0.0700322
-0.129878
-0.123284
-0.11581
-0.109326
-0.10284
-0.0967988
-0.0909788
-0.0854427
-0.0801426
-0.0750753
-0.0702233
-0.0655774
-0.0611284
-0.0568681
-0.0527901
-0.0488888
-0.0451592
-0.0415965
-0.0381964
-0.0349549
-0.031868
-0.0289321
-0.0261431
-0.0234969
-0.0209894
-0.0186163
-0.0163736
-0.0142567
-0.0122614
-0.0103831
-0.00861743
-0.00695987
-0.00540588
-0.0039511
-0.00259112
-0.0013216
-0.000138297
0.000962956
0.0019862
0.00293537
0.00381427
0.00462658
0.00537583
0.0060654
0.00669853
0.00727826
0.00780753
0.00828901
0.00828901
0.00880938
0.00919677
0.009544
0.00985288
0.0101251
0.010362
0.0105648
0.0107339
0.0108702
0.0109728
0.0110427
0.0110759
0.0247235
0.0247047
0.0246612
0.0245971
0.0245108
0.0243255
0.0243255
0.0241917
0.0240349
0.0238539
0.023648
0.0234161
0.0231569
0.0228693
0.0225519
0.0222034
0.0218225
0.0214079
0.0209581
0.0204718
0.0199479
0.0193849
0.0187818
0.0181373
0.0174503
0.0167199
0.0159451
0.0151249
0.0142585
0.0129295
0.0129295
0.0119328
0.0108844
0.00978322
0.0086282
0.00741824
0.00615197
0.00482792
0.00344429
0.00199918
0.000489821
-0.00108653
-0.00273361
-0.00445596
-0.00625898
-0.00814929
-0.0101345
-0.012224
-0.0144298
-0.0167645
-0.0192435
-0.0218858
-0.024712
-0.0277448
-0.031015
-0.0345427
-0.0383891
-0.0425234
-0.0471465
-0.0519278
-0.0576792
-0.0629001
)
;
    }
    procBoundary2to3
    {
        type            processor;
        value           nonuniform List<scalar> 
173
(
-0.637777
-0.629166
-0.622609
-0.620744
-0.620744
-0.612355
-0.606989
-0.606989
-0.595078
-0.581195
-0.566546
-0.566546
-0.547763
-0.527548
-0.506401
-0.482148
-0.482148
-0.459967
-0.43821
-0.412879
-0.412879
-0.392229
-0.372399
-0.353384
-0.330439
-0.330439
-0.226689
-0.289712
-0.273689
-0.258394
-0.226689
-0.243833
-0.359294
-0.34225
-0.325185
-0.289712
-0.30839
-0.403716
-0.389966
-0.359294
-0.375021
-0.431293
-0.422338
-0.403716
-0.412196
-0.440678
-0.431293
-0.43361
-0.455004
-0.447129
-0.440678
-0.441089
-0.307437
-0.282356
-0.259459
-0.238633
-0.219566
-0.20209
-0.186024
-0.171238
-0.157606
-0.145023
-0.133396
-0.122643
-0.112688
-0.103467
-0.0949225
-0.0869973
-0.0796456
-0.0728211
-0.0728211
-0.0675055
-0.0615299
-0.0559815
-0.0508288
-0.0460435
-0.0415976
-0.0374681
-0.0336317
-0.0300679
-0.0267574
-0.0236826
-0.0208271
-0.0181755
-0.0157141
-0.0134298
-0.011311
-0.00934611
-0.00752509
-0.00583835
-0.00427702
-0.00283294
-0.00149851
-0.000266665
0.000869103
0.00191486
0.00287617
0.00375826
0.00456592
0.00530347
0.00597493
0.00658403
0.00713401
0.00762787
0.00806815
0.00845713
0.00879651
0.00908787
0.00933186
0.00952927
0.00967944
0.00978203
0.00983508
0.0229087
0.0228651
0.0227812
0.0226585
0.0224971
0.0222973
0.0220584
0.0217795
0.0214594
0.0210964
0.0206886
0.0202339
0.0197299
0.0191739
0.0185632
0.0178946
0.0171649
0.0163707
0.0155083
0.0145739
0.0135632
0.012472
0.0112957
0.0100295
0.00866805
0.00720606
0.00563768
0.00395677
0.00215668
0.000230515
-0.0018293
-0.0040312
-0.00638324
-0.00889505
-0.0115771
-0.0144397
-0.0174962
-0.020759
-0.0242427
-0.0279625
-0.0319374
-0.0361863
-0.0407328
-0.0455996
-0.0508166
-0.0564142
-0.0624296
-0.0689023
-0.0758805
-0.0834164
-0.0915724
-0.100418
-0.110037
-0.120516
-0.131976
-0.144532
-0.158348
-0.173586
-0.190517
-0.209263
)
;
    }
}


// ************************************************************************* //
