/*--------------------------------*- C++ -*----------------------------------*\
  =========                 |
  \\      /  F ield         | OpenFOAM: The Open Source CFD Toolbox
   \\    /   O peration     | Website:  https://openfoam.org
    \\  /    A nd           | Version:  7
     \\/     M anipulation  |
\*---------------------------------------------------------------------------*/
FoamFile
{
    version     2.0;
    format      ascii;
    class       volScalarField;
    location    "160";
    object      p;
}
// * * * * * * * * * * * * * * * * * * * * * * * * * * * * * * * * * * * * * //

dimensions      [0 2 -2 0 0 0 0];

internalField   nonuniform List<scalar> 
4575
(
-0.541666
-0.533481
-0.52723
-0.547186
-0.538669
-0.532196
-0.525112
-0.517193
-0.552661
-0.543821
-0.537129
-0.529764
-0.521455
-0.511975
-0.500995
-0.488305
-0.558058
-0.548909
-0.542
-0.534345
-0.525624
-0.515582
-0.503885
-0.490351
-0.474988
-0.457991
-0.439711
-0.420578
-0.563343
-0.553899
-0.546776
-0.538822
-0.529664
-0.519025
-0.506571
-0.492156
-0.475848
-0.457913
-0.438763
-0.418871
-0.398693
-0.378611
-0.35891
-0.56848
-0.558757
-0.551423
-0.543159
-0.533539
-0.522267
-0.509016
-0.493688
-0.476415
-0.457537
-0.437527
-0.416895
-0.396112
-0.375555
-0.355494
-0.336097
-0.317455
-0.299593
-0.282523
-0.573432
-0.563446
-0.555905
-0.547318
-0.537211
-0.525269
-0.511186
-0.494913
-0.476661
-0.456841
-0.435985
-0.414636
-0.393273
-0.372266
-0.351868
-0.332225
-0.313409
-0.295431
-0.2783
-0.262053
-0.578158
-0.56793
-0.560183
-0.551262
-0.54064
-0.527993
-0.513042
-0.495802
-0.476559
-0.455804
-0.43412
-0.41208
-0.390165
-0.368735
-0.348021
-0.32815
-0.309177
-0.291094
-0.273911
-0.257602
-0.582619
-0.572168
-0.564217
-0.554948
-0.543785
-0.530399
-0.514549
-0.49632
-0.476085
-0.454405
-0.431917
-0.409213
-0.386777
-0.36495
-0.343943
-0.323864
-0.304748
-0.286574
-0.26935
-0.252988
-0.586772
-0.576121
-0.567967
-0.558336
-0.546604
-0.532448
-0.515671
-0.49644
-0.475212
-0.452625
-0.429359
-0.406023
-0.383096
-0.3609
-0.339625
-0.319358
-0.300115
-0.281865
-0.264609
-0.248204
-0.590574
-0.579745
-0.571391
-0.561383
-0.549056
-0.534099
-0.516373
-0.49613
-0.473919
-0.450446
-0.426432
-0.402498
-0.379111
-0.356575
-0.335057
-0.314622
-0.295269
-0.276957
-0.259682
-0.243246
-0.593982
-0.582998
-0.574445
-0.564046
-0.551099
-0.535314
-0.516621
-0.495363
-0.472182
-0.44785
-0.423122
-0.398625
-0.374813
-0.351966
-0.330229
-0.309647
-0.290203
-0.271845
-0.254562
-0.238107
-0.596953
-0.585838
-0.577086
-0.566282
-0.552691
-0.536056
-0.516382
-0.494113
-0.46998
-0.44482
-0.419415
-0.394393
-0.37019
-0.347063
-0.325132
-0.304425
-0.284908
-0.26652
-0.249245
-0.232784
-0.599442
-0.588221
-0.579271
-0.568047
-0.55379
-0.536285
-0.515624
-0.492353
-0.467295
-0.441342
-0.4153
-0.389792
-0.365233
-0.341856
-0.319759
-0.298948
-0.279378
-0.260978
-0.243723
-0.227271
-0.601405
-0.590104
-0.580955
-0.569299
-0.554357
-0.535968
-0.514318
-0.490061
-0.464107
-0.4374
-0.410764
-0.38481
-0.359932
-0.336337
-0.3141
-0.29321
-0.273606
-0.255213
-0.237994
-0.221566
-0.6028
-0.591443
-0.582097
-0.569996
-0.554353
-0.53507
-0.512436
-0.487215
-0.4604
-0.432983
-0.405796
-0.379438
-0.354279
-0.330498
-0.308149
-0.287203
-0.267586
-0.249218
-0.232051
-0.215663
-0.603584
-0.592198
-0.582655
-0.570098
-0.553741
-0.533559
-0.509952
-0.483794
-0.456158
-0.428077
-0.400387
-0.373669
-0.348265
-0.324332
-0.301898
-0.28092
-0.261312
-0.242989
-0.225891
-0.209561
-0.603718
-0.592327
-0.582588
-0.569565
-0.552485
-0.531405
-0.506842
-0.479781
-0.451369
-0.422673
-0.394527
-0.367493
-0.341884
-0.317831
-0.295341
-0.274356
-0.25478
-0.236521
-0.21951
-0.203255
-0.60316
-0.591791
-0.581856
-0.56836
-0.550552
-0.52858
-0.503085
-0.475159
-0.44602
-0.416761
-0.388209
-0.360904
-0.335129
-0.310989
-0.288473
-0.267507
-0.247984
-0.229811
-0.212905
-0.196743
-0.601875
-0.590552
-0.580423
-0.566449
-0.547911
-0.52506
-0.498662
-0.469915
-0.440101
-0.410332
-0.381426
-0.353895
-0.327994
-0.303802
-0.281289
-0.260368
-0.240922
-0.222854
-0.206073
-0.190024
-0.599826
-0.588573
-0.578253
-0.563798
-0.544534
-0.520821
-0.493555
-0.464035
-0.433602
-0.40338
-0.374172
-0.346461
-0.320474
-0.296264
-0.273784
-0.252934
-0.233588
-0.215647
-0.199014
-0.183099
-0.59698
-0.585822
-0.575313
-0.560377
-0.540395
-0.515844
-0.48775
-0.457511
-0.426517
-0.395899
-0.366443
-0.338599
-0.312565
-0.288373
-0.265956
-0.245204
-0.225981
-0.208187
-0.191726
-0.175966
-0.593307
-0.582267
-0.571573
-0.556158
-0.535471
-0.510112
-0.481236
-0.450334
-0.418839
-0.387886
-0.358234
-0.330304
-0.304266
-0.280126
-0.257803
-0.237175
-0.218097
-0.20047
-0.184199
-0.168589
-0.588778
-0.57788
-0.567005
-0.551118
-0.529743
-0.50361
-0.474002
-0.442497
-0.410566
-0.379337
-0.349543
-0.321575
-0.295573
-0.271521
-0.249323
-0.228847
-0.209938
-0.192499
-0.176424
-0.160888
-0.583368
-0.572635
-0.561585
-0.545235
-0.523195
-0.496327
-0.466041
-0.433998
-0.401694
-0.37025
-0.340371
-0.312412
-0.286486
-0.262558
-0.240517
-0.220221
-0.201506
-0.184284
-0.168416
-0.152833
-0.577056
-0.566509
-0.555292
-0.538491
-0.515812
-0.488254
-0.45735
-0.424834
-0.392224
-0.360627
-0.330716
-0.302814
-0.277006
-0.253237
-0.231385
-0.211296
-0.192803
-0.175829
-0.160209
-0.144726
-0.569823
-0.559482
-0.548107
-0.530871
-0.507585
-0.479385
-0.447925
-0.415004
-0.382157
-0.350468
-0.32058
-0.292782
-0.267133
-0.24356
-0.221928
-0.202076
-0.183832
-0.167127
-0.151709
-0.136555
-0.561654
-0.55154
-0.540016
-0.522364
-0.498506
-0.469718
-0.437768
-0.404513
-0.371495
-0.339777
-0.309966
-0.28232
-0.256871
-0.23353
-0.21215
-0.192563
-0.174597
-0.15818
-0.142997
-0.128194
-0.552536
-0.542669
-0.531008
-0.512962
-0.488572
-0.459253
-0.42688
-0.393362
-0.360243
-0.328558
-0.298879
-0.271431
-0.246223
-0.223149
-0.202054
-0.182762
-0.165099
-0.148992
-0.134081
-0.11962
-0.542462
-0.532861
-0.521076
-0.50266
-0.477782
-0.447992
-0.415267
-0.381559
-0.348407
-0.316817
-0.287323
-0.26012
-0.235193
-0.212423
-0.191645
-0.172675
-0.155341
-0.139568
-0.124959
-0.110836
-0.531426
-0.522109
-0.510214
-0.491458
-0.466139
-0.435941
-0.402937
-0.369112
-0.335996
-0.304561
-0.275306
-0.248393
-0.223789
-0.201358
-0.180927
-0.162309
-0.145329
-0.129913
-0.115629
-0.101849
-0.519427
-0.510411
-0.498424
-0.479358
-0.453648
-0.423109
-0.389898
-0.35603
-0.323018
-0.2918
-0.262835
-0.236259
-0.212016
-0.189959
-0.169907
-0.151669
-0.135068
-0.120034
-0.106095
-0.506468
-0.49777
-0.485707
-0.466365
-0.440319
-0.409505
-0.376163
-0.342326
-0.309485
-0.278542
-0.24992
-0.223726
-0.199883
-0.178234
-0.158593
-0.140762
-0.124566
-0.109935
-0.492555
-0.484191
-0.472071
-0.45249
-0.426162
-0.395144
-0.361746
-0.328012
-0.29541
-0.2648
-0.236572
-0.210802
-0.187399
-0.166193
-0.146992
-0.129596
-0.477698
-0.469682
-0.457526
-0.437744
-0.411193
-0.380041
-0.346663
-0.313105
-0.280806
-0.250587
-0.222802
-0.197501
-0.174575
-0.153845
-0.135115
-0.461908
-0.454256
-0.442085
-0.422144
-0.395429
-0.364215
-0.330931
-0.297622
-0.26569
-0.235918
-0.208624
-0.183833
-0.161421
-0.141201
-0.445204
-0.437928
-0.425766
-0.405706
-0.378889
-0.347687
-0.314574
-0.281577
-0.250077
-0.220807
-0.194051
-0.169812
-0.147951
-0.427604
-0.420718
-0.408588
-0.388454
-0.361597
-0.330482
-0.297615
-0.264989
-0.233987
-0.205272
-0.1791
-0.155453
-0.409132
-0.402647
-0.390574
-0.370411
-0.343579
-0.312624
-0.280057
-0.247896
-0.21744
-0.189331
-0.163787
-0.389814
-0.38374
-0.37175
-0.351606
-0.324873
-0.29412
-0.261946
-0.230307
-0.200457
-0.173003
-0.369678
-0.364025
-0.352144
-0.332076
-0.305517
-0.274989
-0.243302
-0.21225
-0.18306
-0.348754
-0.343535
-0.331792
-0.311846
-0.285454
-0.255344
-0.224159
-0.193749
-0.327074
-0.322305
-0.310728
-0.290943
-0.264796
-0.235151
-0.204544
-0.304672
-0.300373
-0.28899
-0.269377
-0.243594
-0.21445
-0.281584
-0.277779
-0.26659
-0.247239
-0.221861
-0.257844
-0.25457
-0.243585
-0.224557
-0.199633
-0.233486
-0.230799
-0.220036
-0.201365
-0.20859
-0.206494
-0.195983
-0.183277
-0.181642
-0.171466
-0.157514
-0.156343
-0.131343
-0.104823
-0.165864
-0.193227
-0.220186
-0.218518
-0.246687
-0.24456
-0.232955
-0.272708
-0.270085
-0.258164
-0.29827
-0.295001
-0.282859
-0.261816
-0.323205
-0.319353
-0.307002
-0.2856
-0.257556
-0.347463
-0.343088
-0.330541
-0.308824
-0.280315
-0.248207
-0.371012
-0.366144
-0.353399
-0.331476
-0.302524
-0.269859
-0.393816
-0.388475
-0.375554
-0.353502
-0.324136
-0.290997
-0.2567
-0.415835
-0.410043
-0.396969
-0.374731
-0.345223
-0.311589
-0.276689
-0.24265
-0.437035
-0.430806
-0.417615
-0.395267
-0.365613
-0.33159
-0.296162
-0.261466
-0.228833
-0.457381
-0.450729
-0.437452
-0.415059
-0.385266
-0.35099
-0.315088
-0.279798
-0.246489
-0.21583
-0.476843
-0.469777
-0.456442
-0.434061
-0.4042
-0.369722
-0.333446
-0.297619
-0.263694
-0.232367
-0.203873
-0.495391
-0.487922
-0.474554
-0.452237
-0.422384
-0.387767
-0.351204
-0.314902
-0.280427
-0.248484
-0.219353
-0.193005
-0.512997
-0.505136
-0.491762
-0.469559
-0.439785
-0.405106
-0.368304
-0.331646
-0.296666
-0.264161
-0.234439
-0.207495
-0.183173
-0.529638
-0.521396
-0.508042
-0.486
-0.456372
-0.421714
-0.384759
-0.3478
-0.312386
-0.279377
-0.249115
-0.221618
-0.196745
-0.174288
-0.545292
-0.536682
-0.523372
-0.501538
-0.472123
-0.437566
-0.400541
-0.363345
-0.32757
-0.294117
-0.263364
-0.235359
-0.209974
-0.187011
-0.166253
-0.559941
-0.550977
-0.537734
-0.516152
-0.487015
-0.452637
-0.415624
-0.378269
-0.342201
-0.308363
-0.277173
-0.248704
-0.222847
-0.199414
-0.178192
-0.158963
-0.573571
-0.564268
-0.551114
-0.529825
-0.50103
-0.466908
-0.429988
-0.392553
-0.356262
-0.322101
-0.290526
-0.261641
-0.235354
-0.211487
-0.189834
-0.17018
-0.152332
-0.136212
-0.586172
-0.576545
-0.563499
-0.542544
-0.514151
-0.480361
-0.443617
-0.406182
-0.369739
-0.335318
-0.303413
-0.274157
-0.247482
-0.223219
-0.201169
-0.18112
-0.16288
-0.146368
-0.131072
-0.597737
-0.587801
-0.574883
-0.554299
-0.526367
-0.492983
-0.456495
-0.419139
-0.382618
-0.348
-0.315821
-0.286245
-0.259223
-0.234602
-0.212188
-0.191775
-0.17317
-0.156291
-0.140666
-0.12562
-0.608263
-0.598035
-0.585261
-0.565081
-0.537666
-0.504761
-0.46861
-0.431413
-0.394887
-0.360138
-0.327741
-0.297893
-0.270568
-0.245627
-0.222884
-0.202138
-0.183196
-0.165976
-0.150043
-0.134673
-0.61775
-0.607249
-0.594633
-0.574889
-0.548042
-0.515685
-0.47995
-0.442992
-0.406536
-0.371722
-0.339164
-0.309095
-0.281511
-0.256288
-0.233251
-0.212203
-0.192952
-0.175418
-0.159201
-0.143513
-0.626203
-0.615446
-0.603002
-0.583721
-0.557491
-0.525749
-0.490508
-0.453869
-0.417556
-0.382743
-0.350083
-0.319843
-0.292045
-0.26658
-0.243283
-0.221964
-0.202433
-0.184613
-0.16814
-0.15213
-0.633631
-0.622637
-0.610377
-0.591582
-0.566013
-0.53495
-0.500277
-0.464034
-0.427941
-0.393196
-0.360493
-0.330132
-0.302164
-0.276496
-0.252975
-0.23142
-0.211635
-0.193555
-0.176864
-0.160518
-0.640045
-0.628833
-0.616766
-0.598479
-0.57361
-0.543285
-0.509254
-0.473485
-0.437685
-0.403076
-0.370388
-0.339959
-0.311865
-0.286034
-0.262325
-0.240565
-0.220564
-0.202235
-0.185372
-0.168692
-0.64546
-0.634053
-0.622187
-0.604423
-0.58029
-0.550757
-0.517437
-0.482217
-0.446784
-0.412378
-0.379765
-0.349319
-0.321145
-0.295191
-0.271329
-0.249395
-0.229206
-0.210664
-0.193609
-0.176752
-0.649898
-0.638314
-0.626656
-0.609429
-0.586062
-0.557371
-0.524828
-0.49023
-0.455237
-0.421102
-0.388624
-0.358212
-0.330003
-0.303965
-0.279985
-0.257909
-0.237562
-0.218839
-0.201627
-0.184946
-0.653379
-0.641642
-0.630197
-0.613515
-0.590939
-0.563135
-0.53143
-0.497525
-0.463043
-0.429246
-0.396962
-0.366637
-0.338438
-0.312356
-0.288292
-0.266106
-0.24563
-0.226757
-0.209392
-0.192741
-0.655931
-0.644063
-0.632833
-0.616703
-0.594937
-0.568061
-0.53725
-0.504106
-0.470205
-0.436811
-0.40478
-0.374594
-0.34645
-0.320364
-0.296252
-0.273986
-0.253409
-0.234411
-0.21689
-0.200145
-0.657582
-0.645606
-0.634596
-0.619019
-0.598078
-0.572161
-0.542296
-0.509977
-0.476725
-0.4438
-0.412082
-0.382086
-0.354041
-0.327989
-0.303864
-0.281549
-0.260896
-0.241795
-0.22414
-0.207279
-0.658366
-0.646307
-0.635515
-0.620491
-0.600383
-0.575453
-0.546582
-0.515146
-0.482608
-0.450216
-0.418869
-0.389114
-0.361214
-0.335235
-0.311131
-0.288796
-0.268094
-0.248914
-0.231154
-0.214199
-0.658318
-0.646199
-0.635627
-0.621151
-0.60188
-0.577957
-0.550119
-0.519623
-0.487862
-0.456064
-0.425146
-0.395684
-0.367972
-0.342106
-0.318056
-0.295731
-0.275006
-0.255771
-0.237934
-0.220914
-0.657475
-0.645322
-0.63497
-0.621033
-0.602598
-0.579697
-0.552926
-0.52342
-0.492494
-0.461351
-0.430918
-0.401799
-0.37432
-0.348604
-0.324642
-0.302358
-0.281636
-0.262371
-0.244481
-0.227421
-0.655878
-0.643716
-0.633582
-0.620175
-0.602568
-0.580698
-0.555022
-0.52655
-0.496514
-0.466085
-0.436193
-0.407467
-0.380264
-0.354735
-0.330895
-0.308681
-0.287989
-0.268718
-0.250797
-0.233718
-0.653569
-0.641425
-0.631507
-0.618617
-0.601828
-0.580989
-0.556428
-0.529029
-0.499935
-0.470275
-0.440977
-0.412693
-0.385809
-0.360506
-0.336819
-0.314705
-0.29407
-0.274816
-0.256886
-0.23981
-0.650593
-0.638492
-0.628788
-0.616401
-0.600414
-0.580601
-0.55717
-0.530876
-0.50277
-0.473931
-0.445279
-0.417485
-0.390964
-0.365922
-0.342422
-0.320435
-0.299882
-0.28067
-0.262753
-0.245701
-0.646995
-0.634963
-0.625472
-0.613572
-0.598365
-0.579568
-0.557272
-0.532111
-0.505033
-0.477064
-0.44911
-0.421852
-0.395735
-0.370992
-0.34771
-0.325879
-0.305433
-0.286286
-0.268401
-0.251395
-0.642822
-0.630886
-0.621605
-0.610173
-0.595725
-0.577925
-0.556765
-0.532755
-0.506742
-0.479688
-0.452478
-0.425804
-0.400131
-0.375723
-0.352689
-0.331042
-0.310728
-0.29167
-0.273837
-0.256895
-0.638122
-0.626307
-0.617235
-0.606253
-0.592536
-0.575712
-0.555679
-0.532832
-0.507914
-0.481816
-0.455396
-0.429349
-0.404161
-0.380123
-0.357369
-0.335932
-0.315775
-0.296826
-0.279065
-0.262207
-0.632943
-0.621275
-0.61241
-0.601859
-0.588844
-0.572968
-0.554048
-0.532369
-0.508569
-0.483464
-0.457876
-0.432498
-0.407834
-0.384201
-0.361758
-0.340557
-0.320579
-0.301762
-0.284091
-0.267335
-0.627333
-0.615838
-0.607179
-0.597039
-0.584694
-0.569734
-0.551907
-0.531394
-0.508727
-0.484647
-0.45993
-0.435262
-0.411161
-0.387966
-0.365863
-0.344924
-0.325149
-0.306485
-0.288922
-0.272286
-0.621341
-0.610043
-0.601589
-0.591842
-0.580134
-0.566053
-0.549292
-0.529935
-0.508413
-0.485382
-0.461572
-0.437653
-0.414151
-0.391428
-0.369694
-0.349043
-0.329493
-0.311002
-0.293563
-0.277064
-0.615015
-0.603936
-0.595689
-0.586314
-0.57521
-0.561969
-0.54624
-0.528023
-0.507649
-0.485689
-0.462817
-0.439681
-0.416814
-0.394596
-0.37326
-0.352922
-0.333618
-0.31532
-0.298022
-0.281676
-0.608401
-0.597565
-0.589524
-0.580504
-0.569968
-0.557525
-0.542791
-0.525691
-0.506461
-0.485585
-0.463678
-0.44136
-0.419163
-0.39748
-0.37657
-0.356569
-0.337532
-0.319446
-0.302306
-0.286128
-0.601546
-0.590974
-0.58314
-0.574458
-0.564457
-0.552767
-0.538986
-0.522972
-0.504875
-0.485092
-0.464172
-0.442702
-0.421205
-0.400091
-0.379633
-0.359994
-0.341245
-0.32339
-0.306423
-0.594493
-0.584205
-0.57658
-0.56822
-0.558719
-0.547738
-0.534863
-0.519902
-0.50292
-0.48423
-0.464314
-0.443718
-0.422954
-0.402436
-0.38246
-0.587286
-0.5773
-0.569887
-0.561834
-0.552801
-0.542483
-0.530465
-0.516514
-0.500623
-0.483021
-0.464121
-0.579966
-0.570299
-0.5631
-0.555341
-0.546745
-0.537043
-0.525832
-0.512845
-0.572572
-0.563239
-0.556257
-0.54878
-0.54059
-0.56514
-0.556154
-0.549392
-0.218839
-0.22372
-0.228449
-0.23303
-0.237465
-0.24176
-0.198401
-0.202916
-0.20731
-0.211585
-0.215746
-0.219794
-0.179999
-0.184168
-0.18824
-0.192217
-0.196103
-0.199898
-0.163532
-0.167368
-0.171126
-0.174808
-0.178416
-0.181952
-0.148637
-0.152163
-0.155627
-0.159028
-0.16237
-0.165652
-0.135164
-0.138399
-0.141582
-0.144715
-0.147799
-0.150835
-0.122905
-0.12587
-0.128794
-0.131677
-0.134519
-0.137322
-0.111742
-0.114458
-0.117139
-0.119787
-0.122403
-0.124985
-0.101541
-0.104027
-0.106485
-0.108916
-0.11132
-0.113697
-0.0922011
-0.0944778
-0.0967312
-0.0989619
-0.10117
-0.103357
-0.0836374
-0.0857212
-0.0877859
-0.0898321
-0.0918602
-0.0938705
-0.0757732
-0.0776805
-0.0795722
-0.0814488
-0.0833107
-0.0851581
-0.0685308
-0.0702786
-0.0720134
-0.0737357
-0.0754457
-0.0771439
-0.0618618
-0.063463
-0.0650538
-0.0666342
-0.0682047
-0.0697655
-0.0557127
-0.0571802
-0.0586391
-0.0600896
-0.061532
-0.0629667
-0.0500317
-0.0513776
-0.0527165
-0.0540486
-0.055374
-0.0566932
-0.0447773
-0.0460128
-0.0472424
-0.0484665
-0.0496853
-0.0508989
-0.0399173
-0.0410517
-0.0421814
-0.0433065
-0.0444273
-0.045544
-0.0354159
-0.0364581
-0.0374965
-0.0385312
-0.0395625
-0.0405904
-0.0416151
-0.031242
-0.0322002
-0.0331553
-0.0341074
-0.0350568
-0.0360034
-0.0369475
-0.0273708
-0.0282522
-0.0291311
-0.0300076
-0.0308819
-0.031754
-0.0326241
-0.0237756
-0.024587
-0.0253964
-0.0262038
-0.0270094
-0.0278133
-0.0286156
-0.0204372
-0.0211845
-0.0219301
-0.0226742
-0.0234167
-0.024158
-0.0248979
-0.0173341
-0.0180227
-0.01871
-0.019396
-0.0200808
-0.0207644
-0.0214471
-0.014449
-0.0150838
-0.0157176
-0.0163503
-0.016982
-0.0176128
-0.0182429
-0.0117649
-0.0123505
-0.0129352
-0.013519
-0.0141021
-0.0146844
-0.015266
-0.00926803
-0.0098084
-0.010348
-0.0108868
-0.011425
-0.0119626
-0.0124997
-0.00694331
-0.00744223
-0.00794048
-0.0084381
-0.00893516
-0.0094317
-0.00992777
-0.00478002
-0.00524075
-0.00570091
-0.00616053
-0.00661967
-0.00707835
-0.00753661
-0.00276588
-0.00319153
-0.00361668
-0.00404135
-0.00446559
-0.00488941
-0.00531286
-0.000891054
-0.00128441
-0.00167732
-0.0020698
-0.00246187
-0.00285356
-0.0032449
0.000853986
0.000490367
0.000127166
-0.000235634
-0.000598055
-0.000960116
-0.00132184
0.00247782
0.00214162
0.0018058
0.00147036
0.00113529
0.000800565
0.000466174
0.00398846
0.00367751
0.00336695
0.00305675
0.00274691
0.00243741
0.00212825
0.00539319
0.00510553
0.00481825
0.00453134
0.00424479
0.00395858
0.0036727
0.00669859
0.00643246
0.00616669
0.00590128
0.00563622
0.00537152
0.00510715
0.00791098
0.0076647
0.00741879
0.00717323
0.00692803
0.00668318
0.00643868
0.00903612
0.00880817
0.00858058
0.00835335
0.00812649
0.00789997
0.00767382
0.0100793
0.00986827
0.0096576
0.0094473
0.00923736
0.00902778
0.00881856
0.0110455
0.0108501
0.010655
0.0104603
0.010266
0.0100721
0.00987849
0.0119392
0.0117582
0.0115776
0.0113973
0.0112174
0.0110379
0.0108588
0.0127648
0.0125971
0.0124298
0.0122628
0.0120962
0.01193
0.0117642
0.0135261
0.0133707
0.0132157
0.013061
0.0129066
0.0127527
0.0125991
0.014227
0.0140829
0.0139391
0.0137957
0.0136527
0.01351
0.0133678
0.0148708
0.0147371
0.0146037
0.0144707
0.0143381
0.0142058
0.0140739
0.0154609
0.0153367
0.0152128
0.0150894
0.0149663
0.0148435
0.0147211
0.0159999
0.0158845
0.0157694
0.0156547
0.0155403
0.0154263
0.0153127
0.0164909
0.0163835
0.0162764
0.0161696
0.0160633
0.0159572
0.0158516
0.0169363
0.0168361
0.0167363
0.0166369
0.0165378
0.016439
0.0163406
0.0173383
0.0172448
0.0171516
0.0170588
0.0169663
0.0168741
0.0167823
0.0176992
0.0176116
0.0175244
0.0174376
0.017351
0.0172648
0.0171789
0.0180206
0.0179385
0.0178567
0.0177751
0.0176939
0.0176131
0.0175325
0.0183044
0.0182271
0.01815
0.0180732
0.0179968
0.0179206
0.0178449
0.0185518
0.0184786
0.0184057
0.0183331
0.0182608
0.0181889
0.0181173
0.0187639
0.0186943
0.0186251
0.0185561
0.0184875
0.0184191
0.0183511
0.0189412
0.0188747
0.0188086
0.0187427
0.0186771
0.0186118
0.0185468
0.0190846
0.0190207
0.018957
0.0188936
0.0188305
0.0187677
0.0187052
0.0191932
0.0191312
0.0190696
0.0190081
0.018947
0.0188862
0.0188256
0.0192676
0.019207
0.0191466
0.0190866
0.0190268
0.0189673
0.0189081
0.0193051
0.0192454
0.019186
0.0191268
0.0190679
0.0190093
0.0189509
-0.0935739
-0.101729
-0.109719
-0.117544
-0.125202
-0.13269
-0.139986
-0.147065
-0.154136
-0.160969
-0.167546
-0.173923
-0.180128
-0.186163
-0.192026
-0.197719
-0.203244
-0.208604
-0.213801
-0.0872108
-0.0943325
-0.101318
-0.108165
-0.114871
-0.12143
-0.127829
-0.134038
-0.140068
-0.146073
-0.151945
-0.157651
-0.16321
-0.168634
-0.173924
-0.179081
-0.184105
-0.188998
-0.193763
-0.0801178
-0.0864096
-0.0925833
-0.0986373
-0.10457
-0.110379
-0.116063
-0.121618
-0.127034
-0.132431
-0.137736
-0.142893
-0.147913
-0.152818
-0.157615
-0.162304
-0.166885
-0.17136
-0.17573
-0.0740887
-0.0796463
-0.0851058
-0.0904673
-0.0957308
-0.100896
-0.105963
-0.110927
-0.115782
-0.120484
-0.125202
-0.129839
-0.134364
-0.138788
-0.143124
-0.147374
-0.151539
-0.155619
-0.159616
-0.0681431
-0.0730746
-0.0779243
-0.0826925
-0.0873794
-0.0919851
-0.0965101
-0.100954
-0.105317
-0.109596
-0.113796
-0.117964
-0.122059
-0.12607
-0.130003
-0.133867
-0.137661
-0.141387
-0.145045
-0.0627105
-0.0670984
-0.0714177
-0.0756691
-0.079853
-0.0839701
-0.0880205
-0.0920042
-0.0959201
-0.0997655
-0.103525
-0.107286
-0.110988
-0.114617
-0.118181
-0.121688
-0.12514
-0.128535
-0.131877
-0.0575538
-0.061467
-0.0653231
-0.0691229
-0.072867
-0.0765561
-0.0801907
-0.0837716
-0.0872992
-0.0907736
-0.0941925
-0.0975539
-0.100889
-0.104179
-0.107417
-0.110605
-0.113747
-0.116844
-0.119896
-0.0527317
-0.0562306
-0.059682
-0.0630864
-0.0664446
-0.0697572
-0.0730248
-0.076248
-0.0794272
-0.0825621
-0.0856511
-0.0886817
-0.0917004
-0.0946838
-0.097623
-0.100521
-0.103381
-0.106204
-0.108991
-0.0481842
-0.0513182
-0.0544123
-0.057467
-0.060483
-0.0634606
-0.0664004
-0.0693028
-0.0721681
-0.0749963
-0.0777878
-0.0805417
-0.0832914
-0.0860029
-0.0886715
-0.0913048
-0.0939078
-0.0964816
-0.099026
-0.0439051
-0.0467184
-0.0494986
-0.0522462
-0.0549617
-0.0576458
-0.0602992
-0.0629223
-0.0655159
-0.0680806
-0.0706161
-0.0731207
-0.0755719
-0.0780174
-0.0804474
-0.0828511
-0.0852267
-0.0875761
-0.0899007
-0.039868
-0.0423975
-0.0448992
-0.0473735
-0.0498209
-0.0522418
-0.0546368
-0.0570061
-0.0593502
-0.0616693
-0.0639634
-0.0662325
-0.0684736
-0.0707053
-0.0729165
-0.0751035
-0.0772677
-0.079411
-0.0815341
-0.0360585
-0.0383366
-0.0405914
-0.0428233
-0.0450326
-0.0472198
-0.0493853
-0.0515294
-0.0536525
-0.0557548
-0.0578366
-0.0598982
-0.0619397
-0.063979
-0.0659941
-0.0679844
-0.0699555
-0.0719106
-0.0738499
-0.0324624
-0.0345177
-0.0365536
-0.0385705
-0.0405687
-0.0425486
-0.0445106
-0.0464552
-0.0483827
-0.0502936
-0.0521882
-0.0540664
-0.0559272
-0.0577563
-0.0595823
-0.0614011
-0.063206
-0.0649953
-0.0667698
-0.029065
-0.0309219
-0.0327626
-0.0345872
-0.0363962
-0.0381897
-0.0399682
-0.0417319
-0.043481
-0.0452158
-0.0469365
-0.0486433
-0.0503361
-0.0520133
-0.0536836
-0.0553438
-0.0569914
-0.0586265
-0.0602497
-0.0258553
-0.0275356
-0.0292022
-0.0308556
-0.0324958
-0.0341232
-0.0357381
-0.0373406
-0.0389311
-0.0405098
-0.0420769
-0.0436325
-0.0451768
-0.0467091
-0.048236
-0.0497518
-0.0512564
-0.052751
-0.0542363
-0.0228224
-0.024345
-0.0258563
-0.0273564
-0.0288456
-0.0303242
-0.0317922
-0.0332501
-0.0346979
-0.036136
-0.0375644
-0.0389835
-0.0403934
-0.0417942
-0.0431883
-0.0445737
-0.0459501
-0.0473182
-0.0486786
-0.0199569
-0.0213387
-0.0227111
-0.0240742
-0.0254282
-0.0267734
-0.0281099
-0.029438
-0.0307577
-0.0320694
-0.0333733
-0.0346694
-0.0359579
-0.0372386
-0.0385073
-0.0397727
-0.0410336
-0.0422881
-0.0435359
-0.0172493
-0.018505
-0.0197527
-0.0209928
-0.0222254
-0.0234505
-0.0246684
-0.0258792
-0.027083
-0.0282801
-0.0294706
-0.0306546
-0.0318322
-0.0330035
-0.0341678
-0.0353281
-0.0364836
-0.0376335
-0.038778
-0.0146916
-0.0158343
-0.0169704
-0.0181001
-0.0192235
-0.0203408
-0.0214521
-0.0225575
-0.0236572
-0.0247513
-0.0258398
-0.0269231
-0.0280011
-0.029074
-0.0301416
-0.0312056
-0.0322649
-0.0333195
-0.0343698
-0.0122762
-0.0133174
-0.0143531
-0.0153836
-0.0164088
-0.0174289
-0.0184441
-0.0194543
-0.0204597
-0.0214604
-0.0224566
-0.0234482
-0.0244354
-0.0254183
-0.0263969
-0.0273749
-0.0283478
-0.0293161
-0.0302807
-0.00999603
-0.0109461
-0.0118916
-0.0128328
-0.0137697
-0.0147023
-0.0156309
-0.0165554
-0.0174761
-0.0183929
-0.0193061
-0.0202157
-0.0211218
-0.0220246
-0.0229241
-0.0238179
-0.0247099
-0.0255997
-0.0264867
-0.00784415
-0.00871209
-0.00957633
-0.010437
-0.011294
-0.0121476
-0.0129978
-0.0138446
-0.0146882
-0.0155286
-0.0163659
-0.0172001
-0.0180315
-0.0188599
-0.0196855
-0.0205074
-0.0213276
-0.022146
-0.022962
-0.00581418
-0.00660809
-0.00739896
-0.00818683
-0.00897177
-0.00975382
-0.0105331
-0.0113095
-0.0120833
-0.0128544
-0.013623
-0.0143891
-0.0151527
-0.015914
-0.016673
-0.0174295
-0.0181843
-0.0189372
-0.0196881
-0.00390023
-0.00462732
-0.00535189
-0.006074
-0.00679368
-0.00751098
-0.00822595
-0.00893864
-0.0096491
-0.0103574
-0.0110635
-0.0117676
-0.0124697
-0.0131699
-0.0138681
-0.0145644
-0.0152593
-0.0159525
-0.0166441
-0.00209663
-0.00276328
-0.00342787
-0.00409043
-0.00475099
-0.00540959
-0.00606625
-0.00672104
-0.00737397
-0.00802511
-0.00867449
-0.00932216
-0.00996818
-0.0106126
-0.0112555
-0.0118968
-0.012537
-0.0131757
-0.013813
-0.000397963
-0.00100988
-0.0016201
-0.00222864
-0.00283552
-0.00344078
-0.00404442
-0.00464649
-0.005247
-0.00584599
-0.00644348
-0.0070395
-0.00763407
-0.00822722
-0.00881898
-0.00940941
-0.0100012
-0.0105907
-0.0111784
0.0012006
0.000638267
7.73185e-05
-0.000482262
-0.00104049
-0.0015974
-0.002153
-0.00270733
-0.00326042
-0.0038123
-0.004363
-0.00491258
-0.00546108
-0.00600855
-0.00655503
-0.00710052
-0.00764249
-0.00818468
-0.00872674
0.00270438
0.00218714
0.00167105
0.00115608
0.000642246
0.000129515
-0.000382121
-0.000892679
-0.00140218
-0.00191063
-0.00241807
-0.00292451
-0.00342997
-0.00393447
-0.00443805
-0.0049407
-0.00544229
-0.00594329
-0.00644367
0.0041178
0.00364158
0.00316631
0.00269197
0.00221857
0.00174608
0.00127452
0.000803849
0.000334073
-0.000134829
-0.000602872
-0.00107007
-0.00153646
-0.00200203
-0.00246683
-0.00293087
-0.00339411
-0.0038567
-0.00431868
0.00544528
0.00500644
0.00456838
0.0041311
0.0036946
0.00325887
0.00282391
0.00238972
0.00195627
0.00152357
0.0010916
0.000660354
0.000229808
-0.000200051
-0.000629238
-0.00105777
-0.00148565
-0.00191295
-0.00233969
0.00669096
0.00628623
0.00588214
0.0054787
0.00507592
0.0046738
0.00427232
0.0038715
0.00347131
0.00307177
0.00267285
0.00227455
0.00187687
0.00147978
0.00108328
0.000687345
0.000291981
-0.000102872
-0.000497213
0.00785883
0.00748525
0.00711222
0.00673974
0.00636782
0.00599645
0.00562564
0.00525539
0.0048857
0.00451656
0.00414797
0.00377992
0.00341241
0.00304543
0.00267897
0.00231301
0.00194756
0.00158257
0.00121804
0.00895265
0.00860759
0.00826299
0.00791886
0.00757521
0.00723204
0.00688936
0.00654716
0.00620545
0.00586423
0.00552349
0.00518324
0.00484346
0.00450417
0.00416534
0.00382697
0.00348907
0.00315152
0.00281444
0.00997606
0.00965712
0.00933857
0.00902044
0.00870272
0.00838543
0.00806856
0.00775212
0.00743612
0.00712055
0.00680542
0.00649072
0.00617646
0.00586263
0.00554923
0.00523626
0.00492371
0.00461154
0.00429979
0.0109325
0.0106375
0.0103429
0.0100486
0.00975469
0.00946116
0.00916801
0.00887525
0.00858288
0.00829091
0.00799933
0.00770815
0.00741737
0.007127
0.00683702
0.00654744
0.00625825
0.00596957
0.00568122
0.0118252
0.0115522
0.0112796
0.0110072
0.0107352
0.0104636
0.0101922
0.00992128
0.00965067
0.00938043
0.00911055
0.00884105
0.00857192
0.00830317
0.00803479
0.0077668
0.00749918
0.00723196
0.0069651
0.0126574
0.0124046
0.0121522
0.0119
0.0116482
0.0113966
0.0111454
0.0108945
0.0106439
0.0103937
0.0101438
0.00989427
0.00964509
0.00939627
0.00914781
0.00889971
0.00865198
0.00840462
0.00815762
0.013432
0.0131978
0.012964
0.0127304
0.0124971
0.0122641
0.0120314
0.011799
0.0115669
0.0113351
0.0111036
0.0108725
0.0106417
0.0104113
0.0101812
0.00995149
0.00972211
0.00949309
0.00926443
0.0141519
0.0139349
0.0137182
0.0135017
0.0132855
0.0130696
0.0128539
0.0126385
0.0124235
0.0122087
0.0119943
0.0117801
0.0115663
0.0113529
0.0111397
0.0109269
0.0107145
0.0105024
0.0102907
0.0148198
0.0146186
0.0144177
0.014217
0.0140166
0.0138164
0.0136165
0.0134168
0.0132174
0.0130184
0.0128196
0.0126212
0.012423
0.0122252
0.0120277
0.0118306
0.0116338
0.0114373
0.0112412
0.0154384
0.0152518
0.0150654
0.0148793
0.0146934
0.0145077
0.0143223
0.0141372
0.0139523
0.0137677
0.0135834
0.0133994
0.0132157
0.0130324
0.0128493
0.0126666
0.0124843
0.0123022
0.0121205
0.0160102
0.015837
0.0156641
0.0154913
0.0153188
0.0151466
0.0149745
0.0148028
0.0146313
0.01446
0.0142891
0.0141185
0.0139481
0.0137781
0.0136084
0.013439
0.0132699
0.0131012
0.0129328
0.0165376
0.0163768
0.0162162
0.0160558
0.0158957
0.0157358
0.0155761
0.0154166
0.0152575
0.0150986
0.0149399
0.0147816
0.0146235
0.0144658
0.0143084
0.0141513
0.0139945
0.013838
0.0136819
0.0170228
0.0168735
0.0167243
0.0165753
0.0164265
0.016278
0.0161297
0.0159816
0.0158338
0.0156862
0.0155389
0.0153919
0.0152452
0.0150988
0.0149527
0.0148069
0.0146614
0.0145163
0.0143715
0.0174682
0.0173293
0.0171906
0.0170521
0.0169138
0.0167758
0.0166379
0.0165003
0.016363
0.0162259
0.016089
0.0159525
0.0158162
0.0156802
0.0155445
0.0154091
0.0152741
0.0151393
0.0150049
0.0178757
0.0177465
0.0176174
0.0174886
0.0173599
0.0172315
0.0171033
0.0169753
0.0168476
0.0167201
0.0165928
0.0164659
0.0163392
0.0162128
0.0160867
0.0159609
0.0158354
0.0157102
0.0155854
0.0182473
0.018127
0.0180068
0.0178868
0.017767
0.0176474
0.0175281
0.0174089
0.01729
0.0171713
0.0170529
0.0169348
0.0168169
0.0166993
0.0165819
0.0164649
0.0163482
0.0162318
0.0161157
0.018585
0.0184728
0.0183607
0.0182489
0.0181372
0.0180257
0.0179144
0.0178033
0.0176925
0.0175819
0.0174715
0.0173615
0.0172516
0.0171421
0.0170328
0.0169238
0.0168151
0.0167067
0.0165986
0.0189955
0.0188906
0.0187857
0.0186811
0.0185766
0.0184723
0.0183682
0.0182643
0.0181606
0.0180572
0.0179539
0.017851
0.0177482
0.0176457
0.0175435
0.0174416
0.0173399
0.0172385
0.0171375
0.0170367
0.0192637
0.0191655
0.0190674
0.0189695
0.0188718
0.0187742
0.0186768
0.0185796
0.0184827
0.0183859
0.0182894
0.0181931
0.018097
0.0180012
0.0179057
0.0178104
0.0177154
0.0176207
0.0175262
0.0174321
0.0195036
0.0194115
0.0193195
0.0192277
0.019136
0.0190445
0.0189532
0.0188621
0.0187712
0.0186805
0.01859
0.0184998
0.0184098
0.01832
0.0182305
0.0181412
0.0180523
0.0179635
0.0178751
0.017787
0.0197164
0.0196297
0.0195432
0.0194569
0.0193707
0.0192847
0.0191989
0.0191132
0.0190278
0.0189425
0.0188575
0.0187727
0.0186881
0.0186037
0.0185196
0.0184358
0.0183522
0.0182689
0.0181858
0.0181031
0.0199034
0.0198217
0.01974
0.0196586
0.0195773
0.0194961
0.0194151
0.0193343
0.0192537
0.0191733
0.0190932
0.0190132
0.0189334
0.0188539
0.0187746
0.0186956
0.0186168
0.0185383
0.0184601
0.0183821
0.0200656
0.0199881
0.0199108
0.0198336
0.0197566
0.0196797
0.019603
0.0195265
0.0194502
0.0193741
0.0192981
0.0192224
0.0191469
0.0190717
0.0189966
0.0189218
0.0188473
0.018773
0.018699
0.0186252
0.020204
0.0201302
0.0200566
0.0199832
0.0199098
0.0198367
0.0197637
0.0196909
0.0196183
0.0195458
0.0194736
0.0194016
0.0193298
0.0192582
0.0191868
0.0191157
0.0190448
0.0189742
0.0189038
0.0188337
0.0203188
0.0202482
0.0201778
0.0201074
0.0200372
0.0199672
0.0198974
0.0198277
0.0197582
0.0196889
0.0196198
0.0195509
0.0194822
0.0194137
0.0193455
0.0192775
0.0192097
0.0191422
0.0190749
0.0190079
0.0204112
0.0203431
0.0202752
0.0202074
0.0201398
0.0200724
0.0200051
0.019938
0.019871
0.0198043
0.0197378
0.0196714
0.0196053
0.0195394
0.0194737
0.0194082
0.019343
0.019278
0.0192133
0.0191488
0.0204799
0.0204138
0.0203479
0.0202821
0.0202164
0.020151
0.0200857
0.0200206
0.0199556
0.0198909
0.0198264
0.019762
0.0196979
0.019634
0.0195703
0.0195069
0.0194436
0.0193806
0.0193179
0.0192554
0.0205267
0.020462
0.0203974
0.020333
0.0202687
0.0202046
0.0201407
0.020077
0.0200135
0.0199501
0.019887
0.019824
0.0197613
0.0196987
0.0196364
0.0195744
0.0195125
0.0194509
0.0193895
0.0193284
0.0205472
0.0204833
0.0204194
0.0203558
0.0202923
0.0202291
0.020166
0.0201031
0.0200404
0.0199779
0.0199156
0.0198535
0.0197916
0.01973
0.0196686
0.0196074
0.0195464
0.0194857
0.0194253
0.0193651
0.0150494
0.0149974
0.0149457
0.0148942
0.014843
0.0147921
0.0147414
0.014691
0.0146408
0.0145909
0.0145413
0.014492
0.014443
0.0143943
0.0143459
0.0142977
0.0142499
0.0142024
0.0141552
0.0141084
0.0140618
0.0150168
0.0149642
0.0149118
0.0148596
0.0148077
0.014756
0.0147046
0.0146535
0.0146025
0.0145519
0.0145016
0.0144515
0.0144017
0.0143522
0.014303
0.0142541
0.0142055
0.0141572
0.0141092
0.0140615
0.0140142
0.014948
0.0148941
0.0148405
0.014787
0.0147338
0.0146809
0.0146282
0.0145758
0.0145236
0.0144717
0.01442
0.0143687
0.0143176
0.0142669
0.0142164
0.0141662
0.0141164
0.0140668
0.0140176
0.0139687
0.0139201
0.0148469
0.0147911
0.0147356
0.0146804
0.0146253
0.0145705
0.014516
0.0144617
0.0144077
0.0143539
0.0143005
0.0142473
0.0141944
0.0141418
0.0140895
0.0140375
0.0139858
0.0139344
0.0138834
0.0138327
0.0137823
0.0147124
0.0146543
0.0145964
0.0145387
0.0144813
0.0144241
0.0143671
0.0143105
0.0142541
0.0141979
0.0141421
0.0140865
0.0140313
0.0139763
0.0139216
0.0138673
0.0138133
0.0137596
0.0137062
0.0136532
0.0136005
0.0144844
0.0144235
0.0143629
0.0143025
0.0142424
0.0141825
0.0141229
0.0140636
0.0140046
0.0139458
0.0138873
0.0138292
0.0137713
0.0137138
0.0136565
0.0135996
0.0135431
0.0134868
0.013431
0.0133754
0.0142806
0.0142163
0.0141522
0.0140883
0.0140247
0.0139613
0.0138983
0.0138355
0.0137729
0.0137107
0.0136488
0.0135872
0.0135259
0.0134649
0.0134043
0.013344
0.013284
0.0132244
0.0131651
0.0131062
0.0140426
0.0139742
0.013906
0.0138381
0.0137704
0.013703
0.0136359
0.013569
0.0135025
0.0134363
0.0133703
0.0133047
0.0132395
0.0131745
0.0131099
0.0130456
0.0129817
0.0129181
0.0128549
0.0127921
0.0137691
0.013696
0.0136231
0.0135506
0.0134783
0.0134062
0.0133345
0.0132631
0.0131919
0.0131211
0.0130506
0.0129804
0.0129106
0.0128411
0.0127719
0.0127031
0.0126347
0.0125666
0.0124989
0.0124316
0.0134588
0.0133805
0.0133024
0.0132246
0.013147
0.0130698
0.0129928
0.0129162
0.0128398
0.0127638
0.0126881
0.0126128
0.0125378
0.0124631
0.0123888
0.0123149
0.0122414
0.0121682
0.0120954
0.012023
0.0131103
0.013026
0.0129421
0.0128584
0.012775
0.0126919
0.0126091
0.0125266
0.0124444
0.0123626
0.0122811
0.0122
0.0121192
0.0120387
0.0119587
0.011879
0.0117997
0.0117208
0.0116423
0.0115642
0.0127218
0.012631
0.0125405
0.0124502
0.0123603
0.0122707
0.0121813
0.0120924
0.0120037
0.0119154
0.0118274
0.0117398
0.0116526
0.0115657
0.0114792
0.0113931
0.0113074
0.0112221
0.0111373
0.0110528
0.0122915
0.0121934
0.0120956
0.0119981
0.0119009
0.0118041
0.0117075
0.0116113
0.0115155
0.01142
0.0113248
0.01123
0.0111356
0.0110416
0.010948
0.0108548
0.010762
0.0106696
0.0105776
0.0104861
0.0118173
0.0117112
0.0116054
0.0114999
0.0113947
0.0112898
0.0111853
0.0110812
0.0109773
0.0108739
0.0107708
0.0106681
0.0105658
0.0104639
0.0103623
0.0102612
0.0101606
0.0100603
0.00996049
0.0098611
0.0112972
0.0111822
0.0110676
0.0109532
0.0108392
0.0107256
0.0106123
0.0104993
0.0103867
0.0102745
0.0101626
0.0100512
0.00994015
0.00982951
0.00971929
0.00960949
0.00950012
0.00939118
0.0092827
0.00917466
0.0107288
0.0106041
0.0104798
0.0103558
0.0102321
0.0101087
0.00998572
0.00986309
0.00974084
0.00961898
0.0094975
0.00937643
0.00925577
0.00913553
0.00901571
0.00889633
0.00877739
0.0086589
0.00854086
0.00842328
0.0101099
0.0099746
0.00983958
0.0097049
0.00957056
0.00943657
0.00930296
0.00916971
0.00903685
0.00890439
0.00877233
0.00864068
0.00850946
0.00837866
0.00824829
0.00811837
0.0079889
0.00785989
0.00773134
0.00760326
0.00943819
0.00929114
0.00914443
0.00899806
0.00885204
0.00870639
0.00856111
0.00841621
0.00827171
0.00812762
0.00798393
0.00784067
0.00769784
0.00755544
0.00741349
0.00727199
0.00713096
0.00699038
0.00685028
0.00671066
0.00871112
0.00855125
0.00839172
0.00823254
0.00807372
0.00791527
0.0077572
0.00759953
0.00744226
0.00728541
0.00712897
0.00697297
0.0068174
0.00666228
0.00650761
0.0063534
0.00619966
0.0060464
0.00589361
0.0057413
0.00792629
0.00775236
0.00757878
0.00740556
0.0072327
0.00706023
0.00688815
0.00671647
0.0065452
0.00637435
0.00620393
0.00603395
0.00586442
0.00569533
0.00552671
0.00535856
0.00519087
0.00502367
0.00485695
0.00469072
0.00708123
0.0068919
0.00670293
0.00651433
0.0063261
0.00613826
0.00595082
0.00576379
0.00557718
0.005391
0.00520526
0.00501996
0.00483512
0.00465073
0.00446682
0.00428337
0.0041004
0.00391792
0.00373592
0.00355442
0.00617342
0.00596721
0.00576137
0.0055559
0.00535081
0.00514612
0.00494183
0.00473797
0.00453453
0.00433152
0.00412896
0.00392685
0.00372519
0.00352401
0.00332329
0.00312304
0.00292328
0.00272401
0.00252523
0.00232719
0.00520049
0.0049758
0.00475147
0.00452753
0.00430398
0.00408084
0.00385812
0.00363582
0.00341396
0.00319254
0.00297158
0.00275107
0.00253103
0.00231146
0.00209236
0.00187374
0.00165561
0.00143795
0.00122078
0.00100384
0.00415986
0.00391488
0.00367028
0.00342607
0.00318227
0.00293888
0.00269592
0.0024534
0.00221132
0.00196969
0.00172851
0.0014878
0.00124756
0.00100779
0.0007685
0.000529686
0.000291354
5.35051e-05
-0.00018386
-0.000420751
0.00304922
0.002782
0.00251517
0.00224875
0.00198275
0.00171718
0.00145204
0.00118736
0.00092312
0.000659344
0.000396034
0.000133193
-0.000129173
-0.000391063
-0.000652475
-0.000913408
-0.00117386
-0.00143384
-0.00169333
-0.00195236
0.00186614
0.00157452
0.0012833
0.000992517
0.000702163
0.000412252
0.000122793
-0.000166208
-0.000454744
-0.000742811
-0.0010304
-0.00131752
-0.00160416
-0.00189032
-0.002176
-0.0024612
-0.00274593
-0.00303018
-0.00331396
-0.00359729
0.000608319
0.000289911
-2.80618e-05
-0.00034559
-0.000662663
-0.000979275
-0.00129542
-0.00161109
-0.00192628
-0.00224098
-0.00255521
-0.00286895
-0.00318221
-0.00349498
-0.00380728
-0.00411909
-0.00443044
-0.00474133
-0.00505175
-0.00536174
-0.000726511
-0.00107433
-0.00142168
-0.00176856
-0.00211497
-0.00246088
-0.0028063
-0.00315123
-0.00349567
-0.0038396
-0.00418304
-0.00452599
-0.00486844
-0.00521041
-0.0055519
-0.00589292
-0.00623347
-0.00657357
-0.00691322
-0.00725245
-0.00252066
-0.00290029
-0.0032794
-0.003658
-0.00403608
-0.00441364
-0.00479069
-0.00516721
-0.00554321
-0.00591871
-0.0062937
-0.00666818
-0.00704218
-0.00741569
-0.00778874
-0.00816132
-0.00853347
-0.00890518
-0.00927649
-0.00405151
-0.00446659
-0.00488111
-0.00529507
-0.00570847
-0.00612132
-0.00653361
-0.00694536
-0.00735656
-0.00776723
-0.00817737
-0.00858701
-0.00899614
-0.00940478
-0.00981296
-0.0102207
-0.010628
-0.0110349
-0.0114414
-0.00566924
-0.00612328
-0.0065767
-0.00702951
-0.00748171
-0.00793331
-0.0083843
-0.00883472
-0.00928455
-0.00973383
-0.0101826
-0.0106308
-0.0110784
-0.0115256
-0.0119723
-0.0124186
-0.0128645
-0.0133099
-0.013755
-0.00737618
-0.00787305
-0.00836923
-0.00886473
-0.00935955
-0.00985371
-0.0103472
-0.0108401
-0.0113324
-0.011824
-0.0123151
-0.0128057
-0.0132957
-0.0137852
-0.0142742
-0.0147627
-0.0152509
-0.0157386
-0.0162259
-0.00917457
-0.00971853
-0.0102617
-0.0108041
-0.0113457
-0.0118867
-0.0124269
-0.0129664
-0.0135052
-0.0140434
-0.014581
-0.0151181
-0.0156545
-0.0161905
-0.0167259
-0.0172608
-0.0177953
-0.0183291
-0.0188627
-0.0110667
-0.0116624
-0.0122572
-0.0128511
-0.0134442
-0.0140365
-0.014628
-0.0152187
-0.0158088
-0.0163982
-0.0169871
-0.0175756
-0.0181636
-0.0187514
-0.0193391
-0.0199268
-0.0205147
-0.021095
-0.0216774
-0.0130548
-0.0137073
-0.0143587
-0.0150091
-0.0156585
-0.0163068
-0.0169541
-0.0176006
-0.0182461
-0.0188907
-0.0195344
-0.0201773
-0.0208194
-0.0214606
-0.0221009
-0.0227402
-0.0233787
-0.0240242
-0.0246671
-0.015142
-0.0158572
-0.0165711
-0.0172837
-0.0179952
-0.0187055
-0.0194146
-0.0201228
-0.0208299
-0.0215362
-0.0222415
-0.0229461
-0.02365
-0.0243533
-0.0250561
-0.0257584
-0.0264605
-0.0271626
-0.0278644
-0.0173308
-0.0181149
-0.0188975
-0.0196786
-0.0204583
-0.0212366
-0.0220136
-0.0227894
-0.0235641
-0.0243378
-0.0251104
-0.0258822
-0.0266532
-0.0274235
-0.0281932
-0.0289624
-0.0297312
-0.0304998
-0.0312683
-0.0196238
-0.0204838
-0.0213419
-0.0221983
-0.023053
-0.023906
-0.0247575
-0.0256076
-0.0264564
-0.0273039
-0.0281503
-0.0289957
-0.0298401
-0.0306838
-0.0315267
-0.0323691
-0.0332109
-0.0340525
-0.0348941
-0.0220241
-0.0229676
-0.0239088
-0.0248479
-0.025785
-0.0267201
-0.0276534
-0.028585
-0.029515
-0.0304435
-0.0313707
-0.0322967
-0.0332215
-0.0341455
-0.0350685
-0.0359909
-0.0369123
-0.0378338
-0.0387554
-0.024535
-0.0255704
-0.0266031
-0.0276332
-0.0286609
-0.0296861
-0.0307092
-0.0317302
-0.0327494
-0.0337667
-0.0347825
-0.0357968
-0.0368099
-0.037822
-0.0388331
-0.0398433
-0.0408508
-0.0418591
-0.0428681
-0.0271605
-0.0282972
-0.0294306
-0.0305608
-0.0316879
-0.0328122
-0.0339337
-0.0350528
-0.0361694
-0.0372839
-0.0383964
-0.039507
-0.040616
-0.0417235
-0.0428298
-0.0439348
-0.0450404
-0.0461452
-0.0472493
-0.0299055
-0.0311539
-0.0323981
-0.0336384
-0.034875
-0.0361081
-0.0373378
-0.0385645
-0.0397883
-0.0410094
-0.042228
-0.0434444
-0.0446588
-0.0458714
-0.0470825
-0.0482921
-0.0495022
-0.0507111
-0.0519191
-0.0327756
-0.034147
-0.0355134
-0.036875
-0.038232
-0.0395847
-0.0409334
-0.0422782
-0.0436195
-0.0449575
-0.0462924
-0.0476246
-0.0489543
-0.0502817
-0.0516071
-0.0529301
-0.054253
-0.0555752
-0.0568965
-0.0357772
-0.0372844
-0.0387855
-0.0402806
-0.0417702
-0.0432544
-0.0447335
-0.046208
-0.047678
-0.049144
-0.0506062
-0.0520649
-0.0535205
-0.0549732
-0.0564233
-0.0578687
-0.0593148
-0.0607609
-0.0622059
-0.0389185
-0.0405758
-0.0422255
-0.0438679
-0.0455034
-0.0471323
-0.048755
-0.0503718
-0.0519831
-0.0535893
-0.0551908
-0.0567879
-0.0583809
-0.0599702
-0.0615556
-0.0631357
-0.0647162
-0.0662963
-0.0678753
-0.042209
-0.0440322
-0.0458461
-0.0476509
-0.0494472
-0.0512352
-0.0530155
-0.0547885
-0.0565545
-0.058314
-0.0600674
-0.061815
-0.0635574
-0.0652948
-0.0670272
-0.0687622
-0.0704924
-0.0722178
-0.0739405
-0.0456608
-0.0476679
-0.0496635
-0.0516479
-0.0536218
-0.0555856
-0.0575398
-0.0594848
-0.0614212
-0.0633493
-0.0652696
-0.0671824
-0.0690878
-0.0709861
-0.0728762
-0.0747679
-0.0766577
-0.0785431
-0.0804246
-0.0492873
-0.0514984
-0.0536953
-0.0558785
-0.0580487
-0.0602065
-0.0623526
-0.0644877
-0.0666126
-0.0687282
-0.0708353
-0.072935
-0.0750276
-0.0771117
-0.0791527
-0.0812092
-0.0832725
-0.0853307
-0.0873824
-0.0531054
-0.0555431
-0.0579629
-0.0603657
-0.062752
-0.0651225
-0.0674777
-0.0698181
-0.0721444
-0.0744568
-0.0767556
-0.079041
-0.0813135
-0.0835739
-0.0858665
-0.0881335
-0.0903798
-0.092618
-0.0948519
-0.0571371
-0.0598278
-0.0624967
-0.0651446
-0.0677721
-0.0703802
-0.0729696
-0.0755411
-0.0780955
-0.0806338
-0.0831567
-0.0856648
-0.0881584
-0.0906311
-0.0931044
-0.0955684
-0.0980197
-0.10046
-0.102893
-0.0614053
-0.0643792
-0.0673261
-0.070247
-0.0731426
-0.076014
-0.0788621
-0.0816877
-0.0844919
-0.0872755
-0.0900393
-0.0927836
-0.0955067
-0.0982068
-0.100903
-0.10359
-0.106261
-0.108919
-0.111565
-0.065937
-0.0692286
-0.0724868
-0.0757125
-0.0789068
-0.0820704
-0.0852043
-0.0883093
-0.0913861
-0.0944352
-0.097457
-0.100452
-0.103418
-0.106394
-0.10935
-0.112279
-0.115186
-0.118075
-0.120949
-0.070769
-0.0744196
-0.0780292
-0.0815989
-0.0851298
-0.0886232
-0.0920804
-0.0955028
-0.0988917
-0.102248
-0.105572
-0.108859
-0.112077
-0.115306
-0.118525
-0.121718
-0.124881
-0.128021
-0.131139
-0.0759294
-0.0799853
-0.0839903
-0.0879453
-0.0918512
-0.095709
-0.0995195
-0.103283
-0.107001
-0.110673
-0.114299
-0.117877
-0.121489
-0.125051
-0.128556
-0.132018
-0.135451
-0.138856
-0.142234
-0.0814892
-0.0860096
-0.0904674
-0.0948637
-0.0991997
-0.103477
-0.107697
-0.11186
-0.115969
-0.120022
-0.124013
-0.127921
-0.131829
-0.135703
-0.139524
-0.143297
-0.147028
-0.15072
-0.154374
-0.0874315
-0.0924817
-0.0974546
-0.102351
-0.107171
-0.111916
-0.116587
-0.121183
-0.125705
-0.130152
-0.134504
-0.138892
-0.143212
-0.147442
-0.1516
-0.155702
-0.159752
-0.163749
-0.167695
-0.0939717
-0.0996349
-0.105203
-0.110676
-0.116054
-0.121338
-0.126527
-0.13162
-0.136613
-0.141495
-0.146339
-0.15114
-0.155851
-0.160466
-0.164999
-0.169458
-0.173847
-0.178166
-0.182417
-0.10081
-0.107194
-0.113461
-0.119612
-0.125645
-0.13156
-0.137352
-0.143019
-0.148554
-0.153944
-0.159355
-0.16467
-0.169848
-0.174904
-0.179858
-0.184715
-0.189476
-0.194143
-0.19872
-0.108747
-0.115948
-0.123013
-0.12994
-0.136728
-0.143374
-0.149869
-0.156192
-0.162171
-0.168274
-0.174276
-0.180087
-0.185736
-0.191255
-0.196651
-0.201923
-0.20707
-0.212096
-0.217004
-0.116419
-0.124637
-0.132685
-0.140562
-0.14827
-0.155802
-0.16314
-0.170134
-0.177317
-0.184245
-0.190862
-0.19726
-0.203491
-0.209559
-0.21546
-0.221193
-0.226764
-0.232174
-0.237428
0.0140156
0.0139697
0.0139242
0.013879
0.0138341
0.0137896
0.0139672
0.0139206
0.0138743
0.0138283
0.0137827
0.0137374
0.0138719
0.013824
0.0137765
0.0137293
0.0136825
0.013636
0.0137323
0.0136826
0.0136333
0.0135843
0.0135357
0.0134874
0.0135482
0.0134962
0.0134446
0.0133933
0.0133424
0.0132919
0.0133203
0.0132655
0.013211
0.013157
0.0131033
0.01305
0.0130477
0.0129895
0.0129317
0.0128743
0.0128173
0.0127607
0.0127297
0.0126676
0.0126059
0.0125447
0.0124838
0.0124233
0.0123647
0.0122982
0.012232
0.0121663
0.012101
0.0120361
0.011951
0.0118794
0.0118083
0.0117375
0.0116672
0.0115973
0.0114865
0.0114093
0.0113324
0.011256
0.01118
0.0111045
0.0109688
0.0108851
0.010802
0.0107192
0.010637
0.0105551
0.010395
0.0103043
0.0102141
0.0101243
0.010035
0.00994618
0.00976217
0.00966369
0.00956567
0.00946811
0.00937103
0.00927442
0.00906708
0.00895996
0.00885332
0.00874715
0.00864146
0.00853626
0.00830617
0.00818953
0.00807338
0.0079577
0.00784252
0.00772783
0.00747566
0.00734854
0.0072219
0.00709576
0.00697012
0.00684497
0.00657152
0.00643286
0.00629471
0.00615704
0.00601989
0.00588323
0.00558948
0.00543816
0.00528733
0.005137
0.00498718
0.00483787
0.00452498
0.00435974
0.004195
0.00403075
0.00386702
0.00370379
0.0033734
0.00319286
0.00301282
0.00283329
0.00265426
0.00247573
0.00212948
0.00193214
0.00173528
0.00153894
0.00134311
0.00114778
0.000787553
0.000571882
0.00035671
0.000142
-7.22397e-05
-0.000286
-0.000657148
-0.000893055
-0.00112848
-0.00136344
-0.00159793
-0.00183196
-0.00221092
-0.00246901
-0.00272664
-0.00298381
-0.00324053
-0.00349681
-0.00388016
-0.00416258
-0.00444455
-0.0047261
-0.00500722
-0.00528793
-0.00567128
-0.0059804
-0.0062891
-0.00659739
-0.0069053
-0.00721283
-0.00759126
-0.00792967
-0.00826769
-0.00860535
-0.00894266
-0.00927964
-0.00964741
-0.010018
-0.0103882
-0.010758
-0.0111276
-0.0114969
-0.0118475
-0.0122533
-0.0126588
-0.013064
-0.013469
-0.0138738
-0.0141997
-0.0146442
-0.0150884
-0.0155324
-0.0159763
-0.01642
-0.0167131
-0.0171999
-0.0176866
-0.0181731
-0.0186595
-0.0191458
-0.0193963
-0.0199296
-0.0204628
-0.0209959
-0.021529
-0.0220621
-0.0222611
-0.0228449
-0.0234288
-0.0240127
-0.0245968
-0.0251811
-0.0253083
-0.0259491
-0.02659
-0.0272308
-0.0278717
-0.0285128
-0.028566
-0.0292675
-0.0299692
-0.030671
-0.0313732
-0.0320757
-0.0320367
-0.0328052
-0.0335738
-0.0343427
-0.035112
-0.0358819
-0.0357356
-0.0365773
-0.0374191
-0.0382613
-0.0391041
-0.0399476
-0.0396769
-0.0405986
-0.0415205
-0.0424429
-0.0433659
-0.0442899
-0.043877
-0.044886
-0.0458953
-0.0469052
-0.0479158
-0.0489275
-0.0483534
-0.0494576
-0.0505622
-0.0516674
-0.0527736
-0.0538809
-0.0531267
-0.0543346
-0.0555429
-0.0567518
-0.0579618
-0.0591731
-0.0582173
-0.0595381
-0.0608593
-0.0621811
-0.063504
-0.0648282
-0.06365
-0.0650936
-0.0665374
-0.0679818
-0.0694271
-0.0708739
-0.0694529
-0.0710298
-0.0726065
-0.0741836
-0.0757616
-0.0773409
-0.0756619
-0.0773825
-0.0791026
-0.0808227
-0.0825435
-0.0842654
-0.0823034
-0.0841803
-0.086056
-0.0879312
-0.0898063
-0.0916822
-0.0894297
-0.0914741
-0.0935164
-0.0955574
-0.0975977
-0.0996382
-0.0970815
-0.0993067
-0.101528
-0.103748
-0.105965
-0.108181
-0.105318
-0.107736
-0.11015
-0.112559
-0.114965
-0.117368
-0.114201
-0.116827
-0.119445
-0.122056
-0.124662
-0.127263
-0.123809
-0.126656
-0.129491
-0.132316
-0.135132
-0.137941
-0.134238
-0.137319
-0.140382
-0.143431
-0.146467
-0.14949
-0.145585
-0.148911
-0.152214
-0.155496
-0.158759
-0.162005
-0.157991
-0.161575
-0.165127
-0.168649
-0.172143
-0.175613
-0.171592
-0.175444
-0.179251
-0.183018
-0.186747
-0.19044
-0.186604
-0.190728
-0.194794
-0.198804
-0.202761
-0.206669
-0.20321
-0.207616
-0.211942
-0.216193
-0.220371
-0.22448
-0.221797
-0.22648
-0.231056
-0.23553
-0.239905
-0.244187
-0.242531
-0.247485
-0.252297
-0.25697
-0.261511
-0.265924
)
;

boundaryField
{
    inlet
    {
        type            zeroGradient;
    }
    outlet
    {
        type            fixedValue;
        value           nonuniform 0();
    }
    cylinder
    {
        type            zeroGradient;
    }
    top
    {
        type            symmetryPlane;
    }
    bottom
    {
        type            symmetryPlane;
    }
    frontAndBack
    {
        type            empty;
    }
    procBoundary2to1
    {
        type            processor;
        value           nonuniform List<scalar> 
205
(
-0.0926669
-0.0926669
-0.0963602
-0.113829
-0.0963602
-0.0996244
-0.113829
-0.11818
-0.11818
-0.122971
-0.122971
-0.128273
-0.128273
-0.134177
-0.134177
-0.14077
-0.14077
-0.14813
-0.14813
-0.156309
-0.156309
-0.165275
-0.165275
-0.174833
-0.174833
-0.184488
-0.184488
-0.193278
-0.193278
-0.171672
-0.176953
-0.176953
-0.177707
-0.177707
-0.153629
-0.146534
-0.146534
-0.130657
-0.130657
-0.104633
-0.0780091
-0.138159
-0.165168
-0.192036
-0.192036
-0.207281
-0.207281
-0.212748
-0.237517
-0.237517
-0.234294
-0.234294
-0.22608
-0.22608
-0.215305
-0.236227
-0.236227
-0.223382
-0.223382
-0.210752
-0.210752
-0.198893
-0.198893
-0.188019
-0.188019
-0.178164
-0.178164
-0.169273
-0.169273
-0.161258
-0.161258
-0.154026
-0.154026
-0.147477
-0.147477
-0.141534
-0.141534
-0.12583
-0.121266
-0.121266
-0.116362
-0.116362
-0.0852553
-0.0799545
-0.0737095
-0.0684328
-0.0631295
-0.0582537
-0.053583
-0.0491846
-0.0450098
-0.0410579
-0.0373101
-0.0337566
-0.0303872
-0.0271915
-0.0241612
-0.0212883
-0.0185655
-0.0159856
-0.0135423
-0.0112295
-0.00904144
-0.00697244
-0.00501716
-0.0031706
-0.00142788
0.000215673
0.00176433
0.00322276
0.00459496
0.0058849
0.00709635
0.00823295
0.00929818
0.0102954
0.0112278
0.0120985
0.0129104
0.0136663
0.014369
0.0150212
0.0156252
0.0161836
0.0166985
0.0171724
0.0176072
0.0180051
0.0183679
0.0186974
0.0186974
0.0191007
0.0193621
0.0195958
0.0198032
0.0199853
0.0201432
0.0202779
0.0203896
0.0204793
0.0205461
0.0205915
0.0206114
0.0151016
0.0150697
0.0150021
0.0149028
0.0147707
0.0145455
0.0145455
0.0143452
0.0141113
0.0138424
0.0135374
0.0131948
0.0128129
0.0123898
0.0119237
0.0114124
0.0108538
0.0102456
0.00958555
0.00887132
0.00810055
0.0072709
0.00637997
0.00542555
0.00440521
0.00331682
0.00215816
0.000927149
-0.000378239
-0.00214054
-0.00214054
-0.00363589
-0.00521459
-0.00687861
-0.00862981
-0.01047
-0.0124011
-0.0144255
-0.0165451
-0.0187619
-0.0210782
-0.0234966
-0.0260203
-0.0286529
-0.0313988
-0.0342634
-0.0372532
-0.0403759
-0.0436416
-0.0470614
-0.0506494
-0.0544238
-0.0584036
-0.0626111
-0.0670763
-0.0718214
-0.076905
-0.0823032
-0.0882127
-0.0943116
-0.101409
-0.108032
)
;
    }
    procBoundary2to3
    {
        type            processor;
        value           nonuniform List<scalar> 
173
(
-0.53613
-0.528285
-0.522259
-0.52042
-0.52042
-0.512869
-0.50824
-0.50824
-0.497935
-0.486052
-0.473861
-0.473861
-0.457793
-0.440388
-0.42203
-0.401029
-0.401029
-0.381446
-0.362126
-0.339777
-0.339777
-0.321323
-0.303589
-0.286588
-0.266346
-0.266346
-0.290427
-0.363205
-0.344765
-0.327159
-0.290427
-0.310379
-0.444423
-0.424419
-0.404527
-0.363205
-0.385058
-0.498014
-0.481489
-0.444423
-0.46361
-0.531461
-0.521004
-0.498014
-0.508932
-0.542187
-0.531461
-0.534377
-0.557704
-0.549076
-0.542187
-0.542538
-0.245919
-0.223734
-0.203607
-0.185417
-0.168876
-0.153825
-0.140087
-0.127537
-0.116049
-0.105523
-0.0958636
-0.0869915
-0.0788305
-0.0713169
-0.0643937
-0.0580062
-0.0521075
-0.0466567
-0.0466567
-0.0426368
-0.0378892
-0.0334924
-0.0294164
-0.0256366
-0.0221288
-0.0188721
-0.015847
-0.0130362
-0.0104234
-0.00799451
-0.00573597
-0.00363592
-0.00168325
0.000132095
0.0018194
0.00338715
0.00484312
0.00619452
0.00744801
0.0086097
0.00968528
0.01068
0.0115987
0.0124459
0.0132259
0.0139424
0.0145991
0.0151994
0.0157463
0.0162426
0.0166908
0.0170934
0.0174523
0.0177694
0.0180459
0.0182834
0.0184821
0.018643
0.0187654
0.0188492
0.0188929
0.0137455
0.0136925
0.0135899
0.0134396
0.0132418
0.0129971
0.0127045
0.0123633
0.0119717
0.0115278
0.0110294
0.0104738
0.00985782
0.0091783
0.00843155
0.00761364
0.00672034
0.00574709
0.00468907
0.00354107
0.0022977
0.000952945
-0.000499283
-0.00206553
-0.00375266
-0.00556824
-0.00752001
-0.00961631
-0.011866
-0.0142784
-0.0168636
-0.0196322
-0.0225954
-0.0257657
-0.0291542
-0.0327788
-0.0366525
-0.040792
-0.0452149
-0.0499405
-0.0549896
-0.060386
-0.0661542
-0.0723225
-0.0789221
-0.0859891
-0.0935596
-0.10168
-0.110398
-0.11977
-0.129861
-0.140743
-0.152504
-0.165235
-0.17906
-0.1941
-0.210531
-0.228525
-0.248379
-0.270215
)
;
    }
}


// ************************************************************************* //
