/*--------------------------------*- C++ -*----------------------------------*\
  =========                 |
  \\      /  F ield         | OpenFOAM: The Open Source CFD Toolbox
   \\    /   O peration     | Website:  https://openfoam.org
    \\  /    A nd           | Version:  7
     \\/     M anipulation  |
\*---------------------------------------------------------------------------*/
FoamFile
{
    version     2.0;
    format      ascii;
    class       volScalarField;
    location    "200";
    object      p;
}
// * * * * * * * * * * * * * * * * * * * * * * * * * * * * * * * * * * * * * //

dimensions      [0 2 -2 0 0 0 0];

internalField   nonuniform List<scalar> 
7156
(
-0.0992786
-0.0871869
-0.0801276
-0.0775361
-0.079285
-0.0860313
-0.0979668
-0.11306
-0.126805
-0.134053
-0.131818
-0.120904
-0.105435
-0.0900243
-0.0778308
-0.0696912
-0.0654488
-0.0653306
-0.069711
-0.07772
-0.086533
-0.0922086
-0.0919329
-0.0855779
-0.0759193
-0.066239
-0.0586616
-0.0539985
-0.0527073
-0.0984866
-0.0867812
-0.0800679
-0.0778002
-0.0798834
-0.0870107
-0.0993792
-0.11491
-0.129003
-0.136413
-0.134102
-0.122898
-0.107009
-0.091141
-0.0785143
-0.0699867
-0.0653817
-0.0648889
-0.0688633
-0.0764582
-0.0849116
-0.09036
-0.0900487
-0.0838596
-0.0745216
-0.0652289
-0.05805
-0.0537806
-0.0528926
-0.0976604
-0.0863415
-0.0799741
-0.07803
-0.0804467
-0.0879534
-0.100753
-0.116722
-0.131169
-0.138747
-0.136367
-0.124877
-0.108569
-0.0922428
-0.0791806
-0.0702636
-0.0652958
-0.0644294
-0.0679997
-0.0751833
-0.0832814
-0.0885075
-0.0881647
-0.0821424
-0.073122
-0.0642121
-0.0574278
-0.0535505
-0.0530662
-0.0967996
-0.0858669
-0.079845
-0.0782241
-0.0809731
-0.088857
-0.102087
-0.118494
-0.133298
-0.141052
-0.138611
-0.126841
-0.110115
-0.0933297
-0.0798301
-0.0705223
-0.0651921
-0.0639534
-0.0671216
-0.0738971
-0.0816441
-0.086653
-0.0862825
-0.0804273
-0.0717211
-0.0631888
-0.0567949
-0.0533077
-0.0532274
-0.0959041
-0.0853569
-0.0796798
-0.078381
-0.0814609
-0.0897193
-0.103376
-0.120223
-0.135389
-0.143327
-0.140833
-0.128788
-0.111647
-0.0944017
-0.0804631
-0.0707637
-0.0650714
-0.063462
-0.0662307
-0.0726015
-0.0800017
-0.0847981
-0.0844032
-0.0787151
-0.0703195
-0.0621593
-0.0561512
-0.0530518
-0.0533756
-0.0949736
-0.0848109
-0.0794775
-0.0784997
-0.0819083
-0.0905381
-0.10462
-0.121905
-0.137437
-0.145568
-0.143031
-0.130717
-0.113163
-0.0954587
-0.08108
-0.0709882
-0.0649347
-0.0629565
-0.0653286
-0.0712982
-0.0783561
-0.0829444
-0.0825284
-0.0770068
-0.0689175
-0.0611236
-0.0554966
-0.0527825
-0.05351
-0.0940081
-0.0842283
-0.0792371
-0.0785788
-0.0823137
-0.0913112
-0.105814
-0.123537
-0.139441
-0.147772
-0.145202
-0.132627
-0.114664
-0.0965007
-0.0816812
-0.0711966
-0.0647829
-0.0624382
-0.0644166
-0.069989
-0.076709
-0.0810937
-0.0806592
-0.0753033
-0.0675158
-0.060082
-0.054831
-0.0524993
-0.05363
-0.0930076
-0.0836087
-0.078958
-0.0786171
-0.0826755
-0.0920366
-0.106956
-0.125117
-0.141395
-0.149938
-0.147345
-0.134516
-0.116149
-0.0975276
-0.082267
-0.0713895
-0.0646169
-0.0619082
-0.0634965
-0.0686756
-0.0750623
-0.0792475
-0.0787965
-0.0736054
-0.0661148
-0.0590348
-0.0541545
-0.052202
-0.0537349
-0.0919722
-0.0829519
-0.0786393
-0.0786137
-0.0829923
-0.0927121
-0.108044
-0.126641
-0.143299
-0.152061
-0.149457
-0.136384
-0.117617
-0.0985396
-0.0828379
-0.0715677
-0.0644377
-0.0613677
-0.0625696
-0.0673598
-0.0734176
-0.0774075
-0.0769414
-0.0719141
-0.0647152
-0.0579822
-0.0534669
-0.0518901
-0.0538239
-0.090902
-0.0822574
-0.0782804
-0.0785675
-0.0832626
-0.0933358
-0.109075
-0.128106
-0.145148
-0.15414
-0.151536
-0.138229
-0.119068
-0.0995365
-0.0833943
-0.0717318
-0.0642462
-0.060818
-0.0616373
-0.0660432
-0.0717767
-0.0755751
-0.0750955
-0.0702302
-0.0633174
-0.0569245
-0.0527683
-0.0515634
-0.0538965
-0.0897973
-0.0815252
-0.0778808
-0.0784775
-0.083485
-0.0939059
-0.110047
-0.12951
-0.146939
-0.156171
-0.15358
-0.140049
-0.120501
-0.100518
-0.0839366
-0.0718826
-0.0640433
-0.0602603
-0.0607012
-0.0647273
-0.0701411
-0.0737519
-0.0732601
-0.0685546
-0.0619221
-0.0558619
-0.0520587
-0.0512216
-0.0539521
-0.0886586
-0.0807551
-0.07744
-0.0783431
-0.0836584
-0.0944207
-0.110957
-0.13085
-0.14867
-0.158153
-0.155588
-0.141845
-0.121916
-0.101486
-0.0844654
-0.0720208
-0.0638301
-0.0596956
-0.0597626
-0.0634137
-0.0685125
-0.0719391
-0.0714369
-0.0668882
-0.0605296
-0.0547948
-0.0513381
-0.0508643
-0.0539899
-0.0874861
-0.0799472
-0.0769576
-0.0781635
-0.0837816
-0.0948784
-0.111804
-0.132123
-0.150338
-0.160082
-0.157558
-0.143613
-0.123312
-0.102438
-0.0849812
-0.0721471
-0.0636074
-0.0591251
-0.0588228
-0.062104
-0.0668924
-0.0701382
-0.0696271
-0.0652316
-0.0591407
-0.0537235
-0.0506066
-0.0504914
-0.0540093
-0.0862805
-0.0791016
-0.0764334
-0.077938
-0.0838536
-0.0952775
-0.112584
-0.133326
-0.15194
-0.161956
-0.159486
-0.145354
-0.124688
-0.103375
-0.0854844
-0.0722624
-0.0633761
-0.0585499
-0.0578832
-0.0607996
-0.0652822
-0.0683506
-0.0678312
-0.0635858
-0.0577559
-0.0526483
-0.0498643
-0.0501026
-0.0540098
-0.0850423
-0.0782185
-0.0758671
-0.077666
-0.0838734
-0.0956166
-0.113297
-0.134457
-0.153473
-0.163772
-0.161372
-0.147067
-0.126045
-0.104298
-0.0859755
-0.0723673
-0.0631372
-0.0579711
-0.0569449
-0.0595018
-0.0636834
-0.0665775
-0.06605
-0.0619515
-0.0563756
-0.0515696
-0.0491113
-0.0496976
-0.0539908
-0.0837724
-0.0772981
-0.0752588
-0.0773473
-0.0838402
-0.0958944
-0.11394
-0.135514
-0.154935
-0.165528
-0.163213
-0.148749
-0.127382
-0.105207
-0.0864551
-0.0724627
-0.0628915
-0.0573897
-0.0560092
-0.058212
-0.0620973
-0.0648201
-0.0642845
-0.0603294
-0.0550006
-0.0504878
-0.0483477
-0.0492764
-0.0539518
-0.0824714
-0.0763409
-0.0746083
-0.0769814
-0.0837533
-0.0961097
-0.114511
-0.136494
-0.156323
-0.167222
-0.165007
-0.150399
-0.128698
-0.106101
-0.0869236
-0.0725492
-0.06264
-0.0568068
-0.0550773
-0.0569315
-0.0605253
-0.0630796
-0.0625357
-0.0587204
-0.0536312
-0.0494033
-0.0475737
-0.0488388
-0.0538922
-0.0811402
-0.0753473
-0.0739159
-0.0765681
-0.0836122
-0.0962614
-0.115009
-0.137396
-0.157635
-0.168851
-0.166753
-0.152018
-0.129993
-0.106981
-0.0873816
-0.0726276
-0.0623836
-0.0562234
-0.0541502
-0.0556615
-0.0589685
-0.0613572
-0.0608047
-0.057125
-0.0522682
-0.0483164
-0.0467896
-0.0483845
-0.0538115
-0.0797799
-0.074318
-0.0731818
-0.0761072
-0.0834162
-0.0963488
-0.115433
-0.138217
-0.158868
-0.170412
-0.168449
-0.153602
-0.131266
-0.107846
-0.0878296
-0.0726987
-0.062123
-0.0556404
-0.053229
-0.0544032
-0.0574281
-0.0596537
-0.0590925
-0.0555441
-0.050912
-0.0472277
-0.0459954
-0.0479137
-0.0537093
-0.0783915
-0.0732536
-0.0724061
-0.0755989
-0.0831652
-0.0963709
-0.115781
-0.138956
-0.160021
-0.171904
-0.170092
-0.155152
-0.132517
-0.108698
-0.0882682
-0.0727632
-0.0618592
-0.0550587
-0.0523148
-0.0531576
-0.0559052
-0.0579704
-0.0573998
-0.0539784
-0.0495633
-0.0461375
-0.0451914
-0.0474261
-0.0535851
-0.0769761
-0.0721549
-0.0715895
-0.0750432
-0.0828589
-0.0963272
-0.116052
-0.13961
-0.161091
-0.173325
-0.171682
-0.156666
-0.133745
-0.109535
-0.0886977
-0.0728219
-0.0615929
-0.0544792
-0.0514084
-0.0519257
-0.0544009
-0.0563081
-0.0557273
-0.0524284
-0.0482225
-0.0450464
-0.044378
-0.0469217
-0.0534385
-0.0755349
-0.0710228
-0.0707324
-0.0744403
-0.0824972
-0.0962173
-0.116246
-0.14018
-0.162077
-0.174672
-0.173215
-0.158142
-0.13495
-0.110359
-0.0891188
-0.0728754
-0.061325
-0.0539029
-0.0505108
-0.0507086
-0.0529161
-0.0546676
-0.0540757
-0.0508948
-0.0468902
-0.0439547
-0.0435553
-0.0464006
-0.0532692
-0.0740691
-0.0698583
-0.0698354
-0.0737905
-0.0820801
-0.0960407
-0.116361
-0.140663
-0.162977
-0.175944
-0.174691
-0.159581
-0.136132
-0.111169
-0.0895319
-0.0729245
-0.0610563
-0.0533305
-0.0496229
-0.0495071
-0.0514518
-0.0530499
-0.0524459
-0.0493784
-0.0455671
-0.042863
-0.0427238
-0.0458627
-0.0530769
-0.0725803
-0.0686623
-0.0688993
-0.0730943
-0.0816079
-0.0957975
-0.116397
-0.141058
-0.163789
-0.17714
-0.176108
-0.160979
-0.13729
-0.111965
-0.0899375
-0.0729699
-0.0607875
-0.0527629
-0.0487454
-0.048322
-0.0500086
-0.0514558
-0.0508385
-0.0478796
-0.0442535
-0.0417718
-0.0418836
-0.0453082
-0.0528611
-0.0710697
-0.0674361
-0.0679248
-0.0723522
-0.0810808
-0.0954875
-0.116353
-0.141364
-0.164512
-0.178256
-0.177464
-0.162338
-0.138423
-0.112748
-0.090336
-0.0730122
-0.0605194
-0.0522007
-0.0478791
-0.0471542
-0.0485876
-0.0498858
-0.0492541
-0.0463991
-0.0429502
-0.0406816
-0.0410353
-0.0447372
-0.0526218
-0.0695388
-0.0661808
-0.066913
-0.0715648
-0.0804992
-0.095111
-0.116229
-0.141581
-0.165144
-0.179293
-0.178758
-0.163654
-0.139532
-0.113517
-0.090728
-0.0730523
-0.0602527
-0.0516447
-0.0470247
-0.0460043
-0.0471892
-0.0483408
-0.0476933
-0.0449374
-0.0416576
-0.0395929
-0.0401792
-0.0441496
-0.0523586
-0.0679892
-0.0648978
-0.0658648
-0.0707329
-0.0798637
-0.0946681
-0.116026
-0.141708
-0.165686
-0.180248
-0.179988
-0.164928
-0.140615
-0.114272
-0.0911138
-0.0730906
-0.059988
-0.0510957
-0.0461829
-0.0448729
-0.0458143
-0.0468214
-0.0461565
-0.0434952
-0.0403762
-0.0385062
-0.0393156
-0.0435459
-0.0520714
-0.0664225
-0.0635885
-0.0647812
-0.0698574
-0.079175
-0.0941595
-0.115742
-0.141745
-0.166136
-0.18112
-0.181153
-0.166158
-0.141672
-0.115014
-0.091494
-0.0731278
-0.0597262
-0.0505542
-0.0453542
-0.0437606
-0.0444633
-0.045328
-0.0446444
-0.042073
-0.0391066
-0.0374222
-0.0384451
-0.042926
-0.05176
-0.0648402
-0.0622542
-0.0636636
-0.0689392
-0.0784338
-0.0935856
-0.11538
-0.141691
-0.166493
-0.181909
-0.182252
-0.167343
-0.142702
-0.115743
-0.0918688
-0.0731646
-0.0594678
-0.0500209
-0.0445392
-0.042668
-0.0431368
-0.0438612
-0.0431574
-0.0406712
-0.0378494
-0.0363413
-0.0375681
-0.0422903
-0.0514244
-0.0632442
-0.0608966
-0.0625132
-0.0679794
-0.0776411
-0.0929472
-0.114938
-0.141547
-0.166757
-0.182612
-0.183283
-0.168482
-0.143705
-0.116458
-0.0922387
-0.0732016
-0.0592135
-0.0494963
-0.0437385
-0.0415955
-0.0418352
-0.0424216
-0.041696
-0.0392904
-0.0366049
-0.0352641
-0.036685
-0.0416391
-0.0510646
-0.061636
-0.0595172
-0.0613313
-0.066979
-0.0767978
-0.0922452
-0.114417
-0.141312
-0.166927
-0.183231
-0.184245
-0.169574
-0.144681
-0.11716
-0.092604
-0.0732393
-0.0589638
-0.0489812
-0.0429525
-0.0405434
-0.0405588
-0.0410093
-0.0402605
-0.0379311
-0.0353737
-0.0341912
-0.0357964
-0.0409725
-0.0506804
-0.0600174
-0.0581177
-0.0601194
-0.0659394
-0.0759051
-0.0914807
-0.113819
-0.140988
-0.167004
-0.183763
-0.185137
-0.170617
-0.145629
-0.117848
-0.092965
-0.0732782
-0.0587194
-0.0484759
-0.0421817
-0.0395121
-0.0393082
-0.0396249
-0.0388513
-0.0365937
-0.0341564
-0.0331231
-0.0349027
-0.040291
-0.050272
-0.0566997
-0.058879
-0.0648618
-0.0749643
-0.0906547
-0.113145
-0.140575
-0.166988
-0.184209
-0.185958
-0.171611
-0.146548
-0.118523
-0.0933222
-0.073319
-0.0584808
-0.047981
-0.0414264
-0.038502
-0.0380834
-0.0382686
-0.0374689
-0.0352788
-0.0329533
-0.0320605
-0.0340045
-0.039595
-0.0498394
-0.0552649
-0.0576116
-0.0637477
-0.0739767
-0.0897687
-0.112394
-0.140073
-0.166878
-0.184568
-0.186707
-0.172555
-0.147437
-0.119184
-0.0936758
-0.073362
-0.0582486
-0.0474969
-0.040687
-0.0375132
-0.0368846
-0.0369407
-0.0361134
-0.0339866
-0.0317651
-0.0310038
-0.0331023
-0.0388848
-0.0493828
-0.0538151
-0.056319
-0.0625985
-0.0729436
-0.0888239
-0.11157
-0.139484
-0.166676
-0.184839
-0.187383
-0.173448
-0.148296
-0.119832
-0.094026
-0.0734079
-0.0580233
-0.0470241
-0.0399639
-0.0365458
-0.0357121
-0.0356412
-0.0347851
-0.0327178
-0.030592
-0.0299536
-0.0321968
-0.0381608
-0.0489023
-0.0523522
-0.0550027
-0.0614157
-0.0718667
-0.0878219
-0.110672
-0.138808
-0.166382
-0.185024
-0.187986
-0.174287
-0.149125
-0.120465
-0.0943731
-0.073457
-0.0578053
-0.046563
-0.0392573
-0.0356002
-0.0345659
-0.0343705
-0.0334843
-0.0314726
-0.0294347
-0.0289106
-0.0312884
-0.0374235
-0.0483982
-0.050878
-0.0536647
-0.060201
-0.0707475
-0.0867644
-0.109702
-0.138047
-0.165997
-0.185122
-0.188515
-0.175074
-0.149922
-0.121085
-0.0947172
-0.0735097
-0.0575952
-0.0461141
-0.0385675
-0.0346762
-0.0334461
-0.0331285
-0.0322111
-0.0302515
-0.0282936
-0.0278754
-0.0303778
-0.0366735
-0.0478708
-0.0493943
-0.0523066
-0.0589562
-0.0695876
-0.085653
-0.108663
-0.137202
-0.165522
-0.185133
-0.188979
-0.175806
-0.150687
-0.12169
-0.0950587
-0.0735666
-0.0573933
-0.0456776
-0.0378948
-0.033774
-0.0323525
-0.0319153
-0.0309657
-0.029055
-0.0271692
-0.0268484
-0.0294656
-0.0359111
-0.0473202
-0.0479031
-0.0509304
-0.0576828
-0.068389
-0.0844897
-0.107556
-0.136275
-0.164957
-0.185057
-0.189361
-0.176482
-0.15142
-0.122281
-0.0953977
-0.0736278
-0.0572002
-0.0452538
-0.0372393
-0.0328936
-0.0312851
-0.0307309
-0.0297482
-0.0278832
-0.0260619
-0.0258303
-0.0285523
-0.0351371
-0.0467469
-0.0464063
-0.0495379
-0.0563827
-0.0671532
-0.0832763
-0.106383
-0.135267
-0.164305
-0.184896
-0.18966
-0.177102
-0.152118
-0.122857
-0.0957341
-0.0736938
-0.0570161
-0.0448432
-0.0366013
-0.032035
-0.0302438
-0.0295752
-0.0285587
-0.0267368
-0.0249722
-0.0248217
-0.0276388
-0.0343518
-0.0461513
-0.0449057
-0.0481311
-0.0550577
-0.0658823
-0.0820149
-0.105145
-0.13418
-0.163565
-0.18465
-0.189881
-0.177665
-0.152783
-0.123418
-0.0960682
-0.0737647
-0.0568414
-0.0444459
-0.0359808
-0.0311982
-0.0292283
-0.028448
-0.0273971
-0.0256159
-0.0239007
-0.0238232
-0.0267255
-0.033556
-0.0455338
-0.0434033
-0.0467119
-0.0537098
-0.0645782
-0.0807076
-0.103845
-0.133015
-0.162741
-0.184319
-0.190027
-0.178169
-0.153412
-0.123964
-0.0963999
-0.0738411
-0.0566765
-0.0440624
-0.0353781
-0.030383
-0.0282386
-0.0273493
-0.0262635
-0.0245209
-0.0228478
-0.0228353
-0.0258132
-0.0327503
-0.0448949
-0.0419009
-0.0452824
-0.0523408
-0.0632428
-0.0793564
-0.102486
-0.131776
-0.161833
-0.183904
-0.190096
-0.178612
-0.154004
-0.124494
-0.0967301
-0.0739237
-0.0565224
-0.0436932
-0.0347937
-0.0295898
-0.0272745
-0.026279
-0.025158
-0.0234524
-0.0218142
-0.021859
-0.0249026
-0.0319354
-0.0442351
-0.0404009
-0.0438446
-0.0509528
-0.0618782
-0.0779637
-0.101069
-0.130464
-0.160843
-0.183406
-0.190086
-0.178994
-0.15456
-0.12501
-0.0970593
-0.0740131
-0.0563794
-0.0433386
-0.0342274
-0.0288181
-0.0263356
-0.0252368
-0.0240807
-0.0224109
-0.0208006
-0.0208948
-0.0239945
-0.0311119
-0.0435549
-0.0389051
-0.0424006
-0.0495478
-0.0604864
-0.0765318
-0.0995958
-0.12908
-0.159773
-0.182826
-0.190003
-0.179318
-0.15508
-0.125508
-0.0973841
-0.0741056
-0.0562441
-0.0429957
-0.033677
-0.0280658
-0.0254192
-0.0242201
-0.0230293
-0.0213957
-0.0198069
-0.019943
-0.0230895
-0.0302806
-0.0428551
-0.037414
-0.040952
-0.0481274
-0.0590692
-0.0750629
-0.0980712
-0.12763
-0.158628
-0.182174
-0.189857
-0.179589
-0.155562
-0.125982
-0.0976945
-0.0741926
-0.0561103
-0.0426605
-0.0331398
-0.0273308
-0.0245232
-0.023226
-0.0220006
-0.0204054
-0.018831
-0.0190025
-0.0221871
-0.0294415
-0.0421361
-0.0359277
-0.0394991
-0.0466928
-0.0576283
-0.0735594
-0.0964974
-0.126117
-0.157411
-0.181445
-0.189631
-0.179782
-0.155987
-0.126426
-0.0979996
-0.074289
-0.0559937
-0.0423471
-0.0326285
-0.0266257
-0.0236607
-0.0222674
-0.0210062
-0.0194417
-0.0178789
-0.0180774
-0.0212901
-0.0285965
-0.0413991
-0.0344671
-0.0380525
-0.045253
-0.0561729
-0.0720239
-0.094863
-0.124508
-0.156056
-0.180532
-0.189189
-0.179807
-0.156344
-0.126895
-0.0983794
-0.0744743
-0.0559612
-0.0421068
-0.0321817
-0.0259831
-0.0228662
-0.0213843
-0.0200896
-0.0185371
-0.0169847
-0.0171941
-0.0204174
-0.0277562
-0.0406457
-0.0330835
-0.0366465
-0.043832
-0.0547208
-0.0704621
-0.0931463
-0.12274
-0.154468
-0.179352
-0.188513
-0.179732
-0.156744
-0.12748
-0.0988851
-0.0747649
-0.0560063
-0.041919
-0.0317675
-0.0253607
-0.0220912
-0.020532
-0.0192191
-0.0177101
-0.0161478
-0.0163584
-0.0195755
-0.0269238
-0.0398717
-0.0316257
-0.0352255
-0.0423721
-0.0531999
-0.0688787
-0.0915381
-0.121269
-0.153423
-0.178977
-0.188784
-0.180347
-0.157391
-0.127938
-0.0990531
-0.0746519
-0.0556677
-0.0414023
-0.0310718
-0.0244631
-0.0210066
-0.0193305
-0.017982
-0.0165212
-0.0150363
-0.015308
-0.0185687
-0.0259831
-0.0390613
-0.0265975
-0.0308626
-0.0379812
-0.0485931
-0.0646629
-0.0888
-0.12101
-0.156038
-0.18385
-0.194626
-0.184821
-0.159773
-0.128539
-0.0983981
-0.0732463
-0.0538934
-0.0394779
-0.0289649
-0.021949
-0.0179038
-0.0156749
-0.0139516
-0.011994
-0.0111441
-0.0116732
-0.0152151
-0.0231131
-0.0370289
-0.057619
-0.0217453
-0.0263789
-0.0338275
-0.044765
-0.0611743
-0.0856068
-0.118031
-0.153149
-0.180921
-0.191711
-0.182185
-0.15733
-0.12601
-0.0958681
-0.0707758
-0.0514606
-0.037015
-0.0263933
-0.0191992
-0.0149665
-0.0126399
-0.0109486
-0.00929379
-0.00828489
-0.0089247
-0.0126192
-0.0208021
-0.0352167
-0.0565292
-0.0172916
-0.0222948
-0.0301568
-0.0414666
-0.0580367
-0.0822126
-0.114003
-0.148539
-0.176402
-0.188024
-0.179075
-0.154377
-0.12314
-0.093102
-0.0681276
-0.0488962
-0.0344841
-0.023833
-0.0165307
-0.0121535
-0.00974793
-0.00807736
-0.00644223
-0.0056493
-0.00649943
-0.0103655
-0.0187773
-0.0335316
-0.0552947
-0.0126817
-0.0180499
-0.0261996
-0.0376926
-0.0542692
-0.0781684
-0.109516
-0.143887
-0.17217
-0.184274
-0.175442
-0.150812
-0.119722
-0.0899341
-0.0652206
-0.0461827
-0.031886
-0.0212675
-0.0138995
-0.00939298
-0.00688369
-0.00517566
-0.003614
-0.00295608
-0.00392847
-0.00791949
-0.0165231
-0.0315965
-0.0538161
-0.00810283
-0.0137232
-0.0219974
-0.0335062
-0.0499889
-0.0736586
-0.104746
-0.139055
-0.167418
-0.179499
-0.17084
-0.146447
-0.115724
-0.08638
-0.0620726
-0.0433353
-0.0292345
-0.0187113
-0.0113281
-0.00673073
-0.00414064
-0.00241877
-0.000972708
-0.0003482
-0.00136811
-0.00541094
-0.0141356
-0.0294772
-0.0521331
-0.00371164
-0.0094672
-0.0177522
-0.029174
-0.0454732
-0.0688352
-0.0995316
-0.133473
-0.161565
-0.173619
-0.165253
-0.1413
-0.111167
-0.0824548
-0.0586972
-0.0403668
-0.026541
-0.0161748
-0.00882675
-0.00417858
-0.00153921
0.000168533
0.00151317
0.00210429
0.00106734
-0.00297436
-0.0117467
-0.0272682
-0.0502606
0.000451668
-0.00535015
-0.0135635
-0.0248126
-0.0408129
-0.063681
-0.0936992
-0.126961
-0.154652
-0.166717
-0.158717
-0.135393
-0.106069
-0.0781783
-0.0551124
-0.037292
-0.0238175
-0.0136671
-0.00640199
-0.00173982
0.000922776
0.00259962
0.00385044
0.00439762
0.00336134
-0.000639743
-0.00939149
-0.0249901
-0.0481807
0.00438039
-0.00138917
-0.0094491
-0.0204297
-0.0359941
-0.0581603
-0.0872468
-0.119631
-0.146808
-0.158827
-0.151261
-0.12876
-0.100464
-0.0735785
-0.0513405
-0.0341279
-0.0210765
-0.0111973
-0.00405979
0.000582971
0.00324693
0.00487967
0.00603831
0.00653879
0.00552042
0.00159766
-0.00706612
-0.0226364
-0.0458818
0.00806946
0.00241004
-0.00541057
-0.0160222
-0.0310177
-0.0523072
-0.0802742
-0.111596
-0.138084
-0.149989
-0.142942
-0.121454
-0.0943943
-0.0686899
-0.0474075
-0.030893
-0.0183307
-0.00877397
-0.00180557
0.00278729
0.00543355
0.00701125
0.00807752
0.00853032
0.00754556
0.00373768
-0.00477172
-0.0202097
-0.0433703
0.0115171
0.00604122
-0.00145876
-0.0116099
-0.0259233
-0.0461946
-0.0728664
-0.102915
-0.128539
-0.140279
-0.13384
-0.113544
-0.0879168
-0.0635538
-0.043343
-0.0276075
-0.0155934
-0.0064054
0.000355844
0.00487102
0.00748337
0.00899768
0.00997009
0.0103732
0.0094339
0.00577322
-0.00251926
-0.0177242
-0.0406602
0.0147284
0.00949956
0.00238989
-0.00722504
-0.0207629
-0.0398864
-0.065081
-0.093652
-0.118268
-0.129812
-0.124061
-0.105119
-0.0810972
-0.0582176
-0.0391795
-0.0242929
-0.0128778
-0.00409936
0.00242037
0.00683264
0.00939766
0.0108427
0.0117194
0.0120697
0.0111833
0.00769618
-0.000322817
-0.0151973
-0.037766
0.0177152
0.0127853
0.0061217
-0.0028972
-0.0155805
-0.0334347
-0.056985
-0.0839095
-0.107402
-0.118726
-0.113736
-0.0962825
-0.0740113
-0.0527335
-0.034952
-0.0209716
-0.0101973
-0.001863
0.00438475
0.0086713
0.011178
0.0125505
0.01333
0.0136236
0.0127934
0.00949997
0.00180412
-0.012647
-0.0347041
0.0204939
0.015904
0.00972836
0.00135033
-0.0104141
-0.0268964
-0.0486695
-0.0738183
-0.0960958
-0.107183
-0.103009
-0.0871495
-0.0667423
-0.0471576
-0.0306971
-0.0176666
-0.00756507
0.000297223
0.00624663
0.0103869
0.0128264
0.0141253
0.0148075
0.0150399
0.0142659
0.0111796
0.00384866
-0.0100924
-0.0314956
0.0230811
0.0188632
0.0132042
0.00549699
-0.00530241
-0.0203381
-0.0402407
-0.0635275
-0.0845345
-0.0953617
-0.0920353
-0.0778445
-0.0593788
-0.0415482
-0.0264519
-0.0144009
-0.00499393
0.00237555
0.00800459
0.0119799
0.0143447
0.0155713
0.0161577
0.0163248
0.0156035
0.0127312
0.00579783
-0.00755533
-0.0281677
0.0254881
0.021667
0.0165421
0.00952182
-0.000284987
-0.0138291
-0.0318136
-0.0532033
-0.0729143
-0.0834549
-0.0809821
-0.0684972
-0.0520117
-0.0359642
-0.0222534
-0.0111971
-0.00249624
0.00436694
0.00965814
0.0134519
0.0157354
0.0168928
0.017387
0.0174853
0.0168101
0.0141518
0.00763851
-0.00505957
-0.0247524
0.0277156
0.0243115
0.0197299
0.0134035
0.00460188
-0.00743779
-0.0235112
-0.043026
-0.061441
-0.0716629
-0.0700215
-0.0592377
-0.0447313
-0.0304635
-0.0181368
-0.00807649
-8.36311e-05
0.00626709
0.0112077
0.0148051
0.0170011
0.0180936
0.0185014
0.0185284
0.0178906
0.0154393
0.00935782
-0.00263025
-0.0212855
0.0297523
0.0267816
0.0227492
0.0171215
0.00932709
-0.00123227
-0.015465
-0.0331848
-0.0503224
-0.0601801
-0.0593153
-0.0501901
-0.0376237
-0.025101
-0.0141356
-0.00505889
0.00223315
0.00807234
0.0126545
0.0160427
0.0181448
0.0191771
0.0195062
0.0194613
0.0188499
0.0165926
0.0109437
-0.000292721
-0.0178059
0.031577
0.0290519
0.0255756
0.0206556
0.0138626
0.00471711
-0.00781282
-0.0238671
-0.0397499
-0.0491769
-0.0490089
-0.0414684
-0.0307685
-0.0199272
-0.0102798
-0.00216192
0.00444454
0.0097797
0.0140006
0.0171689
0.0191701
0.0201464
0.020406
0.0202902
0.0196934
0.0176115
0.0123857
0.00192843
-0.0143545
0.0331665
0.0310918
0.0281788
0.0239817
0.0181754
0.0103318
-0.000693284
-0.0152394
-0.029879
-0.0387897
-0.0392258
-0.033172
-0.0242357
-0.0149866
-0.00659566
0.000599342
0.00654233
0.0113867
0.0152483
0.0181884
0.0200811
0.0210043
0.0212042
0.0210196
0.0204261
0.018497
0.0136753
0.00401067
-0.0109726
0.0345037
0.0328724
0.0305243
0.0270632
0.0222118
0.0155167
0.00576511
-0.00742433
-0.02081
-0.0291223
-0.0300668
-0.0253842
-0.0180841
-0.0103167
-0.00310513
0.00321262
0.00851991
0.0128916
0.0164005
0.0191069
0.020883
0.0217539
0.0219036
0.0216558
0.0210529
0.0192513
0.0148071
0.00593511
-0.00770014
0.0355842
0.0343739
0.0325758
0.0298427
0.0258838
0.0201603
0.0114631
-0.000478784
-0.012584
-0.0202386
-0.0216095
-0.01817
-0.0123593
-0.00594676
0.000174494
0.00566858
0.0103724
0.0142932
0.0174604
0.0199305
0.0215817
0.0223986
0.0225061
0.0222013
0.0215787
0.0198784
0.01578
0.00768831
-0.0045734
0.0364158
0.0355889
0.0342996
0.0322455
0.0290786
0.024156
0.0163541
0.00560875
-0.00519841
-0.0121767
-0.0139091
-0.0115755
-0.00709336
-0.00189785
0.00323074
0.00796081
0.0120968
0.0155909
0.0184309
0.0206657
0.0221843
0.0229432
0.0230142
0.0226592
0.0220086
0.0203846
0.0165979
0.00926397
-0.00162276
0.0370146
0.0365224
0.0356744
0.0342054
0.0317004
0.0274422
0.0204558
0.010896
0.00136715
-0.00496181
-0.00700077
-0.00562763
-0.0023044
0.00181773
0.00605586
0.0100857
0.0136918
0.0167851
0.0193151
0.0213188
0.0226986
0.0233936
0.0234315
0.0230332
0.0223489
0.0207797
0.0172714
0.0106644
0.00112924
0.0374002
0.0371896
0.0366997
0.0356946
0.0337157
0.0300298
0.023835
0.0154483
0.00712717
0.00139044
-0.000899166
-0.000333735
0.00200328
0.00519589
0.00864664
0.0120421
0.015158
0.0178768
0.0201161
0.0218963
0.0231331
0.0237576
0.0237631
0.0233282
0.0226081
0.0210774
0.0178182
0.0119014
0.00366923
0.037592
0.0376122
0.0373974
0.0367358
0.0351645
0.0319893
0.0265731
0.0193117
0.0120865
0.00687936
0.00440458
0.00431806
0.00583786
0.00824002
0.011004
0.0138311
0.0164974
0.0188684
0.0208368
0.0224039
0.0234964
0.0240445
0.0240165
0.0235514
0.0227972
0.0212961
0.0182629
0.0129955
0.00599375
0.037609
0.0378146
0.0378037
0.0373863
0.0361289
0.0334121
0.0287395
0.0225139
0.0162568
0.0115286
0.00894358
0.00835672
0.00921807
0.0109598
0.0131323
0.0154558
0.0177131
0.0197627
0.0214802
0.0228472
0.0237971
0.0242643
0.0242015
0.0237122
0.02293
0.0214573
0.0186353
0.0139746
0.00810931
0.0374693
0.0378209
0.0379581
0.0377112
0.0366962
0.0343833
0.0303907
0.0250854
0.019673
0.0153915
0.0127727
0.0118245
0.0121705
0.0133699
0.015039
0.0169208
0.0188094
0.0205637
0.0220499
0.0232309
0.0240431
0.0244273
0.0243287
0.023822
0.0230216
0.0215846
0.0189679
0.0148709
0.0100316
0.0371904
0.0376543
0.0378971
0.0377688
0.0369418
0.0349762
0.0315836
0.0270767
0.0224
0.0185456
0.0159608
0.014772
0.014727
0.0154883
0.0167339
0.018232
0.0197914
0.0212758
0.0225494
0.0235594
0.0242415
0.0245436
0.0244097
0.0238925
0.0230866
0.0216998
0.0192912
0.0157175
0.011784
0.0367897
0.0373371
0.037654
0.0376088
0.0369287
0.0352581
0.0323827
0.0285595
0.0245236
0.0210804
0.0185828
0.0172531
0.0169217
0.0173351
0.0182284
0.0193964
0.0206643
0.0219042
0.0229829
0.0238368
0.0243983
0.0246221
0.0244553
0.0239347
0.0231378
0.02182
0.0196296
0.0165439
0.0133942
0.036285
0.0368922
0.03726
0.0372745
0.0367119
0.0352918
0.0328572
0.0296145
0.0261339
0.0230824
0.0207126
0.0193219
0.0187895
0.0189318
0.0195352
0.0204219
0.0214341
0.022454
0.023355
0.0240668
0.0245188
0.0246705
0.0244744
0.0239576
0.0231843
0.0219554
0.0199973
0.0173705
0.0148881
0.0356943
0.0363422
0.0367448
0.0368041
0.0363392
0.0351331
0.033073
0.0303225
0.0273166
0.0245087
0.0224176
0.02103
0.0203646
0.0202999
0.0206677
0.0213167
0.0221067
0.0229305
0.0236703
0.0242535
0.0246073
0.0246946
0.0244743
0.0239685
0.0232314
0.0221085
0.0203957
0.0182023
0.0162798
0.035035
0.0357091
0.0361356
0.0362308
0.0358504
0.0348289
0.0330875
0.0307563
0.0281695
0.0256934
0.0237775
0.0224259
0.0216795
0.0214607
0.0216395
0.0220898
0.0226885
0.023339
0.0239336
0.0244008
0.0246675
0.0246992
0.0244604
0.023972
0.0232808
0.0222752
0.0208133
0.0190253
0.0175645
0.0343235
0.035013
0.0354562
0.0355824
0.0352776
0.0344174
0.0329479
0.0309742
0.0287571
0.0266034
0.0248462
0.0235527
0.0227646
0.0224346
0.0224644
0.0227502
0.0231856
0.0236845
0.0241496
0.0245129
0.0247029
0.0246876
0.0244364
0.0239705
0.0233318
0.0224472
0.02123
0.0198097
0.0187195
0.0335749
0.0342719
0.0347272
0.0348817
0.034646
0.0339278
0.0326919
0.0310237
0.0291295
0.0272601
0.0256671
0.0244477
0.0236477
0.0232412
0.0231556
0.023307
0.0236044
0.023972
0.0243226
0.0245936
0.0247167
0.0246625
0.0244046
0.0239649
0.0233816
0.0226149
0.0216222
0.0205199
0.0197159
0.0328023
0.0335013
0.033966
0.0341471
0.0339754
0.033383
0.0323488
0.0309427
0.0293284
0.0277081
0.0262781
0.0251438
0.0243541
0.0238989
0.0237261
0.0237691
0.0239511
0.0242061
0.0244567
0.0246464
0.0247115
0.0246258
0.0243661
0.0239549
0.0234271
0.0227687
0.0219702
0.0211274
0.0205336
0.0320173
0.0327144
0.0331866
0.0333933
0.0332811
0.0328007
0.0319412
0.0307601
0.0293878
0.0279888
0.0267137
0.02567
0.0249067
0.0244246
0.0241881
0.0241451
0.0242318
0.0243914
0.0245557
0.0246745
0.0246899
0.024579
0.0243211
0.0239393
0.0234645
0.0229012
0.0222612
0.021618
0.0211706
0.0312297
0.0319221
0.0324006
0.0326318
0.0325748
0.0321945
0.0314864
0.0304987
0.0293355
0.0281353
0.027003
0.0260516
0.0253258
0.024834
0.0245531
0.0244435
0.0244526
0.0245322
0.0246228
0.0246807
0.0246539
0.024523
0.0242695
0.0239163
0.0234902
0.0230073
0.0224905
0.021993
0.021642
0.0304475
0.0311334
0.0316172
0.0318717
0.0318658
0.0315747
0.0309985
0.0301774
0.0291943
0.0281564
0.0271689
0.0263105
0.0256299
0.0251415
0.024832
0.024672
0.0246191
0.0246326
0.0246612
0.0246675
0.0246052
0.0244587
0.0242111
0.0238833
0.0235015
0.0230845
0.0226598
0.0222638
0.0219728
0.0296775
0.0303554
0.0308438
0.0311202
0.0311613
0.0309496
0.0304886
0.0298115
0.0289843
0.0280852
0.0272338
0.0264661
0.0258353
0.0253601
0.0250348
0.0248383
0.0247367
0.0246965
0.0246737
0.0246367
0.0245451
0.0243865
0.0241455
0.0238417
0.0234969
0.0231322
0.0227746
0.0224465
0.0221903
0.028925
0.0295941
0.0300861
0.0303828
0.0304666
0.0303258
0.0299653
0.0294132
0.028723
0.0279606
0.0272185
0.0265354
0.0259564
0.0255016
0.0251707
0.0249491
0.0248105
0.0247274
0.0246628
0.0245903
0.0244747
0.0243067
0.0240725
0.0237896
0.0234758
0.0231518
0.0228416
0.0225574
0.0223195
0.0281943
0.0288537
0.0293484
0.0296636
0.0297861
0.0297081
0.0294356
0.0289923
0.028422
0.0277798
0.0271369
0.0265327
0.026006
0.0255766
0.025248
0.025011
0.0248452
0.0247289
0.0246308
0.0245296
0.024395
0.0242198
0.0239919
0.0237267
0.0234384
0.0231455
0.0228682
0.0226112
0.0223813
0.0274885
0.0281376
0.028634
0.0289658
0.029123
0.0291006
0.0289051
0.0285565
0.0280908
0.0275537
0.0270013
0.0264705
0.0259953
0.0255946
0.0252745
0.0250298
0.0248453
0.024704
0.0245799
0.0244559
0.0243064
0.024126
0.0239039
0.0236535
0.0233855
0.0231159
0.0228611
0.02262
0.0223919
0.0268101
0.0274482
0.0279454
0.0282917
0.0284796
0.0285062
0.0283779
0.0281116
0.0277374
0.0272927
0.0268221
0.0263592
0.0259339
0.025564
0.0252571
0.0250111
0.0248148
0.0246556
0.024512
0.0243706
0.0242097
0.0240257
0.0238088
0.0235704
0.0233186
0.0230662
0.0228262
0.0225937
0.0223641
0.0261607
0.0267873
0.0272841
0.0276428
0.0278578
0.0279273
0.0278575
0.027663
0.0273688
0.027005
0.0266081
0.0262078
0.0258303
0.0254922
0.0252019
0.0249596
0.0247576
0.0245864
0.0244289
0.0242746
0.0241056
0.0239192
0.023707
0.0234783
0.0232391
0.0229993
0.0227688
0.0225401
0.0223072
0.0255413
0.026156
0.0266513
0.0270203
0.0272587
0.0273656
0.0273469
0.0272149
0.0269902
0.0266974
0.0263669
0.0260241
0.025692
0.0253859
0.0251147
0.0248801
0.024677
0.024499
0.0243323
0.0241691
0.0239945
0.0238069
0.0235989
0.0233782
0.0231487
0.022918
0.0226933
0.0224655
0.0222285
0.0249526
0.0255548
0.0260475
0.0264247
0.0266832
0.0268226
0.0268482
0.0267704
0.0266062
0.026376
0.0261049
0.0258146
0.0255254
0.025251
0.0250003
0.0247764
0.0245763
0.0243956
0.0242237
0.024055
0.0238772
0.0236894
0.0234853
0.0232709
0.0230489
0.0228247
0.0226032
0.0223747
0.0221335
0.0243947
0.024984
0.0254729
0.0258564
0.0261318
0.0262992
0.026363
0.0263321
0.0262208
0.0260457
0.0258276
0.0255852
0.025336
0.0250926
0.0248634
0.0246524
0.0244582
0.0242783
0.0241047
0.0239332
0.0237541
0.0235671
0.0233667
0.0231575
0.0229414
0.0227216
0.0225017
0.0222716
0.0220265
0.0238675
0.0244435
0.0249276
0.0253154
0.0256048
0.0257959
0.0258926
0.0259023
0.0258372
0.0257103
0.0255396
0.0253407
0.0251287
0.0249151
0.0247078
0.0245113
0.0243255
0.0241492
0.0239764
0.0238046
0.023626
0.0234406
0.0232437
0.023039
0.0228274
0.0226108
0.0223914
0.0221593
0.0219106
0.0233705
0.0239329
0.0244111
0.0248015
0.0251021
0.0253132
0.0254381
0.0254828
0.0254569
0.0253732
0.0252448
0.0250852
0.0249078
0.0247225
0.0245372
0.0243562
0.0241804
0.02401
0.0238404
0.0236702
0.0234935
0.0233103
0.023117
0.0229162
0.0227082
0.0224937
0.0222743
0.0220401
0.0217884
0.0229033
0.0234517
0.0239231
0.0243143
0.0246237
0.0248515
0.0250003
0.0250751
0.0250841
0.0250375
0.0249464
0.0248224
0.0246768
0.0245184
0.0243546
0.0241897
0.0240253
0.0238623
0.0236977
0.0235309
0.0233571
0.0231769
0.0229872
0.0227899
0.0225849
0.022372
0.0221521
0.0219161
0.0216618
0.0224653
0.0229991
0.0234628
0.0238534
0.0241693
0.0244106
0.0245796
0.0246804
0.0247196
0.0247053
0.0246474
0.0245553
0.0244388
0.0243058
0.0241628
0.0240142
0.0238621
0.0237079
0.0235496
0.0233873
0.0232176
0.0230409
0.0228549
0.0226608
0.0224584
0.0222468
0.0220264
0.0217887
0.0215323
0.022055
0.0225741
0.0230294
0.0234181
0.0237386
0.0239908
0.0241766
0.0242993
0.0243645
0.0243786
0.02435
0.0242865
0.0241967
0.0240873
0.0239643
0.023832
0.0236927
0.023548
0.0233971
0.0232404
0.0230755
0.0229028
0.0227206
0.0225296
0.0223296
0.0221191
0.0218983
0.0216592
0.0214012
0.0216722
0.022176
0.0226222
0.0230077
0.023331
0.0235917
0.0237914
0.0239327
0.0240201
0.0240589
0.0240561
0.0240183
0.0239527
0.0238652
0.0237613
0.0236449
0.0235186
0.0233841
0.0232414
0.023091
0.0229314
0.0227632
0.022585
0.0223971
0.0221993
0.0219898
0.0217687
0.0215286
0.0212694
0.0213156
0.0218045
0.0222404
0.0226216
0.022946
0.0232131
0.0234241
0.023581
0.0236873
0.0237476
0.0237675
0.0237526
0.0237089
0.0236417
0.0235558
0.0234549
0.0233414
0.0232175
0.0230833
0.0229399
0.0227861
0.0226227
0.0224486
0.0222638
0.0220682
0.0218598
0.0216386
0.0213979
0.0211377
0.020984
0.021458
0.0218841
0.0222594
0.0225833
0.022855
0.0230748
0.0232445
0.023367
0.0234458
0.0234856
0.0234909
0.0234671
0.0234185
0.0233494
0.0232633
0.0231626
0.0230492
0.022924
0.0227878
0.0226402
0.0224818
0.0223119
0.0221303
0.021937
0.0217298
0.0215087
0.0212676
0.0210069
0.0206765
0.0211353
0.0215507
0.02192
0.0222423
0.0225166
0.0227434
0.0229237
0.0230597
0.0231544
0.0232115
0.0232348
0.0232287
0.0231972
0.0231438
0.0230717
0.0229833
0.0228805
0.0227642
0.0226355
0.0224942
0.022341
0.0221753
0.0219972
0.0218062
0.0216003
0.0213796
0.0211385
0.0208775
0.0203919
0.0208357
0.02124
0.0216027
0.0219223
0.0221979
0.0224298
0.0226185
0.0227659
0.0228741
0.0229462
0.0229854
0.0229952
0.0229791
0.0229403
0.0228815
0.0228048
0.0227123
0.0226049
0.0224838
0.022349
0.0222011
0.0220398
0.021865
0.0216764
0.0214721
0.021252
0.0210111
0.0207501
0.0201292
0.0205582
0.0209513
0.0213066
0.0216227
0.0218984
0.0221338
0.0223292
0.0224858
0.0226055
0.0226906
0.0227436
0.0227677
0.0227656
0.0227401
0.0226937
0.0226283
0.0225457
0.0224471
0.0223334
0.0222051
0.0220625
0.0219057
0.0217343
0.0215482
0.0213455
0.0211262
0.0208858
0.020625
0.0198874
0.0203017
0.0206836
0.0210312
0.0213428
0.0216176
0.0218552
0.0220556
0.0222199
0.0223491
0.0224453
0.0225105
0.0225472
0.0225577
0.0225444
0.0225094
0.0224546
0.0223816
0.0222914
0.0221851
0.0220631
0.0219259
0.0217736
0.0216056
0.0214221
0.0212212
0.0210029
0.0207632
0.0205029
0.0196655
0.0200654
0.020436
0.0207755
0.0210823
0.0213552
0.0215938
0.0217979
0.0219682
0.0221054
0.0222111
0.0222868
0.0223347
0.0223564
0.0223542
0.0223298
0.0222849
0.0222208
0.0221388
0.0220396
0.0219239
0.0217919
0.021644
0.0214795
0.0212987
0.0210996
0.0208826
0.0206438
0.020384
0.0194624
0.0198482
0.0202077
0.0205389
0.0208403
0.0211106
0.0213493
0.021556
0.0217309
0.0218747
0.0219884
0.0220732
0.0221308
0.0221626
0.0221704
0.0221557
0.0221199
0.0220643
0.02199
0.0218977
0.021788
0.0216612
0.0215175
0.0213566
0.0211784
0.0209814
0.0207656
0.0205279
0.0202689
0.0192771
0.0196494
0.019998
0.0203208
0.0206164
0.0208836
0.0211215
0.0213297
0.0215082
0.0216573
0.0217777
0.0218703
0.0219364
0.0219771
0.0219938
0.0219879
0.0219606
0.0219129
0.0218458
0.02176
0.0216561
0.0215343
0.0213948
0.0212373
0.0210618
0.0208669
0.0206526
0.0204161
0.020158
0.0191089
0.0194681
0.0198059
0.0201204
0.0204101
0.0206737
0.0209102
0.0211191
0.0213001
0.0214534
0.0215794
0.0216786
0.021752
0.0218005
0.0218253
0.0218274
0.0218078
0.0217673
0.021707
0.0216274
0.0215289
0.0214119
0.0212765
0.0211223
0.0209496
0.0207567
0.020544
0.0203088
0.0200517
0.0189567
0.0193034
0.0196309
0.0199372
0.0202209
0.0204805
0.0207151
0.020924
0.0211068
0.0212633
0.0213938
0.0214986
0.0215784
0.0216337
0.0216656
0.0216748
0.0216622
0.0216284
0.0215744
0.0215004
0.0214071
0.0212946
0.0211632
0.0210123
0.0208421
0.0206514
0.0204403
0.0202064
0.0199504
0.0188197
0.0191547
0.0194722
0.0197706
0.0200482
0.0203037
0.020536
0.0207444
0.0209282
0.0210872
0.0212214
0.0213308
0.021416
0.0214773
0.0215154
0.0215309
0.0215246
0.0214969
0.0214486
0.0213799
0.0212915
0.0211832
0.0210554
0.0209077
0.0207401
0.0205514
0.020342
0.0201095
0.0198545
0.0186973
0.0190211
0.0193293
0.01962
0.0198917
0.020143
0.0203728
0.0205802
0.0207645
0.0209253
0.0210623
0.0211756
0.0212653
0.0213318
0.0213753
0.0213965
0.0213957
0.0213735
0.0213304
0.0212666
0.0211826
0.0210783
0.020954
0.0208092
0.0206441
0.0204575
0.0202496
0.0200185
0.0197647
0.0185887
0.0189022
0.0192016
0.019485
0.019751
0.0199982
0.0202253
0.0204314
0.0206158
0.0207778
0.0209171
0.0210335
0.0211271
0.0211978
0.0212461
0.0212722
0.0212764
0.0212591
0.0212206
0.0211612
0.0210812
0.0209806
0.0208595
0.0207174
0.0205547
0.02037
0.0201637
0.019934
0.0196813
0.0184932
0.0187973
0.0190885
0.0193652
0.0196259
0.019869
0.0200934
0.0202981
0.0204822
0.0206449
0.020786
0.0209049
0.0210016
0.0210761
0.0211284
0.0211587
0.0211673
0.0211542
0.02112
0.0210645
0.0209881
0.0208908
0.0207726
0.0206331
0.0204725
0.0202897
0.0200849
0.0198565
0.0196049
0.0184104
0.018706
0.0189898
0.0192604
0.019516
0.0197553
0.0199771
0.0201803
0.0203638
0.020527
0.0206693
0.0207903
0.0208896
0.0209671
0.0210229
0.0210568
0.0210691
0.0210598
0.0210291
0.0209771
0.020904
0.0208095
0.020694
0.0205569
0.0203982
0.0202171
0.0200137
0.0197866
0.019536
0.0183398
0.0186278
0.0189051
0.0191702
0.0194213
0.0196572
0.0198765
0.0200781
0.020261
0.0204244
0.0205676
0.0206901
0.0207915
0.0208715
0.0209301
0.0209671
0.0209825
0.0209764
0.0209489
0.0208998
0.0208295
0.0207377
0.0206245
0.0204893
0.0203325
0.0201529
0.0199508
0.0197248
0.0194751
0.018281
0.0185625
0.0188343
0.0190945
0.0193417
0.0195745
0.0197916
0.0199917
0.0201739
0.0203373
0.0204812
0.0206049
0.0207079
0.02079
0.0208509
0.0208903
0.0209084
0.0209049
0.02088
0.0208335
0.0207655
0.0206759
0.0205646
0.0204313
0.0202759
0.0200977
0.0198967
0.0196717
0.0194229
0.0182338
0.01851
0.0187771
0.0190334
0.0192773
0.0195075
0.0197227
0.0199215
0.0201031
0.0202664
0.0204107
0.0205352
0.0206395
0.0207232
0.0207858
0.0208273
0.0208474
0.0208461
0.0208233
0.0207788
0.0207128
0.0206249
0.0205153
0.0203833
0.0202293
0.0200521
0.0198521
0.0196279
0.0193798
0.0181981
0.0184703
0.0187337
0.0189869
0.0192283
0.0194565
0.0196701
0.0198679
0.0200489
0.0202121
0.0203566
0.0204818
0.020587
0.0206718
0.0207358
0.0207787
0.0208004
0.0208007
0.0207795
0.0207365
0.020672
0.0205855
0.0204771
0.0203463
0.0201932
0.0200169
0.0198176
0.0195941
0.0193466
0.018174
0.0184434
0.0187044
0.0189554
0.019195
0.0194218
0.0196343
0.0198314
0.020012
0.0201751
0.0203197
0.0204453
0.0205511
0.0206366
0.0207016
0.0207455
0.0207682
0.0207695
0.0207494
0.0207075
0.020644
0.0205584
0.0204509
0.0203208
0.0201684
0.0199927
0.019794
0.0195709
0.0193237
0.0181617
0.0184296
0.0186894
0.0189393
0.019178
0.019404
0.019616
0.0198128
0.0199931
0.0201561
0.0203008
0.0204266
0.0205327
0.0206186
0.020684
0.0207284
0.0207517
0.0207535
0.0207339
0.0206926
0.0206296
0.0205445
0.0204374
0.0203078
0.0201557
0.0199803
0.0197818
0.0195589
0.019312
0.0189151
0.0191957
0.0194704
0.019738
0.0199976
0.0202482
0.0204889
0.0207186
0.0209366
0.0211417
0.0213331
0.0215099
0.0216713
0.0218162
0.0219439
0.0220535
0.0221443
0.0222156
0.0222668
0.0222971
0.0223063
0.0222937
0.0222593
0.0222025
0.0221237
0.0220222
0.0218985
0.021752
0.0189255
0.019207
0.0194824
0.0197507
0.020011
0.0202621
0.0205032
0.0207334
0.0209516
0.0211571
0.0213487
0.0215257
0.0216872
0.0218322
0.0219599
0.0220695
0.0221602
0.0222313
0.0222823
0.0223123
0.0223211
0.0223081
0.0222733
0.022216
0.0221367
0.0220347
0.0219105
0.0217635
0.0189461
0.0192292
0.0195061
0.0197757
0.020037
0.0202892
0.0205312
0.0207621
0.020981
0.021187
0.0213791
0.0215565
0.0217182
0.0218633
0.0219911
0.0221006
0.0221912
0.0222619
0.0223124
0.0223419
0.02235
0.0223362
0.0223005
0.0222423
0.022162
0.0220589
0.0219338
0.0217859
0.0189763
0.0192618
0.0195407
0.0198122
0.0200752
0.0203288
0.0205721
0.0208041
0.021024
0.0212308
0.0214236
0.0216015
0.0217636
0.0219089
0.0220367
0.0221461
0.0222364
0.0223067
0.0223565
0.0223851
0.0223922
0.0223773
0.0223402
0.0222806
0.0221988
0.0220943
0.0219677
0.0218184
0.019016
0.0193045
0.0195861
0.01986
0.0201251
0.0203805
0.0206255
0.0208589
0.02108
0.0212878
0.0214815
0.02166
0.0218226
0.0219682
0.0220961
0.0222053
0.0222953
0.0223649
0.0224139
0.0224414
0.0224471
0.0224306
0.0223918
0.0223304
0.0222466
0.0221402
0.0220117
0.0218606
0.0190651
0.0193571
0.0196419
0.0199186
0.0201862
0.0204439
0.0206907
0.0209258
0.0211484
0.0213574
0.0215521
0.0217315
0.0218947
0.0220407
0.0221686
0.0222777
0.0223671
0.022436
0.0224839
0.02251
0.0225141
0.0224955
0.0224546
0.0223908
0.0223047
0.0221958
0.0220649
0.0219116
0.0191234
0.0194195
0.0197079
0.0199878
0.0202582
0.0205184
0.0207674
0.0210045
0.0212287
0.0214391
0.021635
0.0218153
0.0219791
0.0221258
0.0222537
0.0223625
0.0224514
0.0225194
0.0225659
0.0225903
0.0225924
0.0225716
0.0225281
0.0224615
0.0223724
0.0222606
0.022127
0.021971
0.019191
0.0194915
0.0197839
0.0200673
0.0203408
0.0206037
0.0208551
0.0210943
0.0213204
0.0215324
0.0217296
0.0219109
0.0220754
0.022222
0.0223506
0.0224593
0.0225476
0.0226145
0.0226596
0.022682
0.0226817
0.0226581
0.0226116
0.0225417
0.0224493
0.0223341
0.0221971
0.022038
0.0192678
0.0195731
0.0198697
0.0201568
0.0204336
0.0206994
0.0209535
0.0211949
0.021423
0.0216368
0.0218354
0.0220179
0.0221833
0.0223306
0.0224592
0.0225676
0.0226552
0.0227209
0.0227643
0.0227845
0.0227814
0.0227547
0.0227046
0.0226309
0.0225346
0.0224154
0.0222747
0.0221121
0.0193538
0.0196642
0.0199651
0.0202561
0.0205364
0.0208053
0.0210621
0.021306
0.0215362
0.0217518
0.021952
0.0221358
0.0223022
0.0224502
0.0225789
0.022687
0.0227738
0.0228382
0.0228796
0.0228972
0.0228911
0.0228607
0.0228066
0.0227286
0.0226278
0.0225042
0.0223592
0.0221927
0.0194492
0.0197646
0.0200701
0.0203651
0.0206489
0.0209209
0.0211805
0.021427
0.0216594
0.0218771
0.022079
0.0222642
0.0224318
0.0225804
0.0227093
0.0228172
0.0229031
0.0229659
0.0230052
0.02302
0.0230103
0.0229758
0.0229171
0.0228342
0.0227284
0.0225998
0.02245
0.022279
0.0195539
0.0198744
0.0201844
0.0204834
0.0207707
0.021046
0.0213085
0.0215575
0.0217923
0.0220121
0.0222159
0.0224026
0.0225715
0.0227209
0.0228501
0.0229576
0.0230426
0.0231038
0.0231407
0.0231522
0.0231387
0.0230995
0.0230356
0.0229472
0.0228357
0.0227016
0.0225464
0.0223707
0.0196678
0.0199934
0.0203078
0.0206107
0.0209017
0.0211801
0.0214456
0.0216973
0.0219345
0.0221565
0.0223622
0.0225506
0.0227206
0.0228712
0.0230008
0.0231081
0.0231921
0.0232515
0.0232857
0.0232937
0.0232757
0.0232313
0.0231617
0.023067
0.0229493
0.022809
0.022648
0.0224669
0.019791
0.0201214
0.0204401
0.0207469
0.0210413
0.0213229
0.0215913
0.0218458
0.0220856
0.0223099
0.0225177
0.022708
0.0228795
0.0230311
0.0231612
0.0232683
0.0233513
0.0234088
0.0234401
0.0234441
0.0234211
0.0233708
0.0232948
0.0231932
0.0230685
0.0229213
0.022754
0.0225673
0.0199233
0.0202583
0.0205811
0.0208915
0.0211892
0.021474
0.0217453
0.0220026
0.022245
0.0224718
0.0226819
0.0228742
0.0230475
0.0232002
0.0233309
0.0234378
0.0235199
0.0235753
0.0236034
0.023603
0.0235746
0.0235177
0.0234344
0.0233251
0.0231926
0.023038
0.0228638
0.022671
0.0200646
0.0204038
0.0207303
0.0210441
0.0213451
0.0216329
0.0219072
0.0221672
0.0224125
0.0226419
0.0228544
0.023049
0.0232241
0.0233782
0.0235096
0.0236166
0.0236976
0.0237508
0.0237755
0.0237702
0.0237356
0.0236715
0.02358
0.0234621
0.0233211
0.0231583
0.0229767
0.0227774
0.0202146
0.0205575
0.0208874
0.0212044
0.0215084
0.0217991
0.0220763
0.0223393
0.0225874
0.0228196
0.0230349
0.0232319
0.0234091
0.0235647
0.0236972
0.0238042
0.0238843
0.0239352
0.0239561
0.0239454
0.023904
0.0238316
0.0237312
0.0236036
0.0234531
0.0232815
0.0230919
0.0228858
0.0203729
0.0207191
0.0210519
0.0213717
0.0216785
0.0219722
0.0222523
0.0225182
0.0227693
0.0230046
0.0232228
0.0234225
0.023602
0.0237596
0.0238932
0.0240006
0.0240797
0.0241282
0.024145
0.0241283
0.0240793
0.0239977
0.0238871
0.0237488
0.0235878
0.0234067
0.0232086
0.0229954
0.0205392
0.0208879
0.0212232
0.0215455
0.0218549
0.0221514
0.0224344
0.0227035
0.0229578
0.0231963
0.0234177
0.0236204
0.0238027
0.0239624
0.0240976
0.0242053
0.0242837
0.0243296
0.024342
0.0243187
0.0242612
0.0241692
0.0240473
0.0238971
0.0237241
0.023533
0.0233261
0.0231056
0.0207127
0.0210633
0.0214006
0.0217251
0.022037
0.0223361
0.0226222
0.0228946
0.0231523
0.0233943
0.0236192
0.0238251
0.0240105
0.0241728
0.0243098
0.0244183
0.024496
0.0245393
0.0245469
0.0245163
0.0244492
0.0243456
0.024211
0.0240476
0.023861
0.0236596
0.0234432
0.0232153
0.0208929
0.0212446
0.0215833
0.0219096
0.0222238
0.0225258
0.022815
0.0230909
0.0233523
0.0235981
0.0238268
0.0240364
0.0242252
0.0243905
0.0245297
0.0246393
0.0247164
0.024757
0.0247594
0.0247207
0.0246428
0.0245261
0.0243774
0.0241997
0.0240031
0.0237857
0.023559
0.0233237
0.0210787
0.0214307
0.0217703
0.0220982
0.0224146
0.0227194
0.023012
0.0232917
0.0235572
0.0238071
0.02404
0.0242538
0.0244464
0.024615
0.0247569
0.0248679
0.0249448
0.0249826
0.0249794
0.0249316
0.0248416
0.0247101
0.0245452
0.024351
0.0241383
0.0239089
0.0236721
0.0234296
0.0212691
0.0216207
0.0219607
0.0222899
0.0226085
0.0229163
0.0232126
0.0234964
0.0237663
0.0240208
0.0242583
0.0244766
0.0246735
0.024846
0.024991
0.0251039
0.0251808
0.0252158
0.0252065
0.0251486
0.0250449
0.0248965
0.0247133
0.0245006
0.0242709
0.0240281
0.0237811
0.0235319
0.0214628
0.0218131
0.0221531
0.0224835
0.0228044
0.0231155
0.0234158
0.0237042
0.023979
0.0242386
0.0244811
0.0247044
0.0249061
0.0250829
0.0252316
0.0253468
0.0254241
0.0254564
0.0254405
0.0253713
0.025252
0.0250843
0.0248802
0.0246467
0.0243987
0.0241415
0.0238844
0.0236293
0.0216583
0.0220066
0.0223461
0.0226777
0.0230012
0.023316
0.0236209
0.0239144
0.0241946
0.0244598
0.0247078
0.0249365
0.0251434
0.0253251
0.025478
0.0255962
0.0256743
0.025704
0.025681
0.0255991
0.025462
0.0252722
0.0250444
0.0247875
0.0245196
0.0242471
0.0239802
0.0237202
0.0218539
0.0221994
0.0225383
0.0228712
0.0231976
0.0235167
0.0238268
0.0241262
0.0244125
0.0246837
0.0249377
0.0251722
0.0253847
0.0255718
0.0257296
0.0258514
0.0259309
0.0259582
0.0259275
0.0258313
0.0256738
0.0254585
0.0252037
0.0249206
0.0246311
0.0243426
0.0240664
0.0238031
0.0220475
0.0223897
0.0227278
0.0230623
0.0233923
0.0237165
0.0240327
0.0243387
0.0246318
0.0249097
0.0251702
0.0254108
0.0256293
0.0258222
0.0259854
0.0261116
0.0261932
0.0262183
0.0261794
0.0260671
0.0258862
0.0256415
0.0253557
0.0250431
0.02473
0.0244252
0.0241406
0.023876
0.0222368
0.0225752
0.0229127
0.0232493
0.0235838
0.0239141
0.0242374
0.024551
0.0248517
0.025137
0.0254042
0.0256513
0.0258761
0.0260752
0.0262445
0.0263759
0.0264604
0.0264838
0.0264359
0.0263054
0.0260974
0.0258188
0.0254973
0.0251515
0.024813
0.0244916
0.0242001
0.0239369
0.0224191
0.0227535
0.0230907
0.0234304
0.0237704
0.0241081
0.0244399
0.0247622
0.0250714
0.0253646
0.025639
0.0258927
0.0261238
0.0263294
0.0265053
0.0266428
0.0267313
0.0267535
0.0266961
0.0265449
0.0263053
0.0259874
0.0256249
0.0252415
0.0248757
0.024538
0.0242417
0.0239833
0.0225915
0.0229218
0.0232595
0.0236033
0.0239504
0.0242971
0.0246388
0.0249713
0.02529
0.0255917
0.0258736
0.0261338
0.0263712
0.0265832
0.0267663
0.0269109
0.0270045
0.0270262
0.0269586
0.0267838
0.0265075
0.0261437
0.0257342
0.0253083
0.0249135
0.02456
0.0242618
0.0240127
0.0227505
0.0230771
0.0234163
0.0237659
0.0241219
0.0244796
0.0248331
0.0251771
0.0255064
0.0258173
0.0261067
0.0263732
0.0266164
0.0268348
0.0270254
0.0271779
0.027278
0.0273003
0.0272218
0.0270199
0.0267007
0.0262834
0.0258198
0.0253481
0.0249207
0.0245526
0.0242563
0.024022
0.0228923
0.0232159
0.0235581
0.0239156
0.0242829
0.0246539
0.0250213
0.0253787
0.0257197
0.0260403
0.0263371
0.0266094
0.0268576
0.0270818
0.0272799
0.0274414
0.0275495
0.0275735
0.0274835
0.0272505
0.0268807
0.0264005
0.0258745
0.0253531
0.0248905
0.0245098
0.0242205
0.024008
0.0230126
0.0233345
0.0236818
0.0240496
0.0244311
0.0248181
0.0252019
0.0255746
0.0259288
0.0262595
0.0265635
0.0268405
0.0270926
0.0273215
0.0275267
0.027698
0.0278157
0.027843
0.0277408
0.0274718
0.0270423
0.026488
0.0258899
0.0253108
0.0248143
0.0244248
0.0241492
0.0239668
0.0231068
0.0234286
0.0237836
0.0241651
0.024564
0.0249704
0.0253734
0.0257637
0.0261324
0.0264738
0.0267843
0.0270647
0.0273187
0.0275506
0.0277622
0.0279437
0.0280729
0.0281052
0.02799
0.0276791
0.0271788
0.0265375
0.0258557
0.025213
0.0246829
0.0242898
0.0240362
0.0238943
0.0231694
0.0234937
0.0238598
0.0242588
0.0246791
0.0251086
0.0255342
0.0259446
0.0263293
0.0266817
0.026998
0.0272798
0.027533
0.0277653
0.0279818
0.0281736
0.0283158
0.0283551
0.028226
0.0278663
0.0272817
0.0265378
0.02576
0.0250477
0.0244851
0.0240957
0.0238749
0.0237859
0.0231948
0.0235247
0.0239061
0.0243272
0.0247737
0.0252305
0.0256823
0.0261156
0.0265181
0.0268819
0.0272028
0.0274834
0.0277322
0.0279614
0.0281801
0.0283815
0.0285381
0.0285864
0.0284423
0.0280252
0.02734
0.0264748
0.0255874
0.0248006
0.0242084
0.0238324
0.0236579
0.0236367
0.0231764
0.0235162
0.0239179
0.0243666
0.0248445
0.0253338
0.025816
0.0262753
0.0266974
0.0270729
0.0273968
0.0276729
0.0279129
0.028134
0.0283512
0.0285602
0.0287316
0.0287906
0.0286302
0.0281453
0.0273398
0.0263315
0.0253192
0.0244538
0.0238379
0.0234884
0.0233769
0.0234411
0.0231072
0.0234622
0.0238903
0.0243729
0.0248885
0.0254157
0.025933
0.0264219
0.0268657
0.027253
0.0275781
0.0278457
0.0280711
0.0282778
0.0284879
0.0287009
0.028886
0.0289568
0.0287778
0.0282126
0.0272631
0.0260864
0.0249329
0.0239862
0.0233562
0.0230508
0.0230229
0.0231932
0.0229796
0.0233561
0.0238179
0.0243418
0.024902
0.0254734
0.026031
0.0265534
0.0270211
0.0274206
0.0277447
0.0279991
0.0282031
0.0283874
0.0285825
0.0287932
0.0289885
0.0290703
0.0288695
0.028209
0.0270872
0.025712
0.0244006
0.0233736
0.0227438
0.0225051
0.0225859
0.0228865
0.0227853
0.0231911
0.023695
0.0242687
0.0248815
0.0255039
0.0261076
0.0266677
0.0271618
0.0275737
0.0278947
0.0281306
0.0283051
0.0284569
0.0286266
0.0288249
0.0290228
0.0291117
0.0288844
0.0281106
0.0267829
0.0251756
0.0236887
0.0225865
0.0219779
0.0218355
0.0220556
0.0225143
0.0225151
0.0229598
0.0235156
0.0241486
0.0248227
0.0255039
0.0261599
0.0267625
0.0272858
0.0277106
0.0280259
0.0282375
0.0283735
0.0284811
0.0286116
0.0287824
0.0289688
0.0290559
0.0287948
0.027887
0.0263148
0.0244379
0.0227577
0.0215903
0.021033
0.0210246
0.0214206
0.0220693
0.0221594
0.022654
0.0232732
0.0239763
0.0247215
0.0254699
0.0261849
0.026835
0.0273906
0.0278288
0.0281362
0.0283176
0.0284052
0.0284553
0.0285295
0.0286507
0.028802
0.0288704
0.0285648
0.0275002
0.0256403
0.023452
0.0215619
0.0203472
0.0198812
0.0200537
0.0206692
0.0215439
0.0217078
0.0222655
0.022961
0.0237463
0.0245733
0.0253978
0.0261794
0.0268823
0.0274734
0.0279258
0.028223
0.0283685
0.0283979
0.0283761
0.0283733
0.0284143
0.0284937
0.0285145
0.028149
0.0269051
0.0247112
0.0221634
0.0200508
0.0188167
0.0184925
0.0189032
0.0197894
0.0209302
0.0211493
0.0217854
0.022572
0.0234528
0.0243732
0.0252838
0.0261395
0.0269011
0.0275312
0.0279988
0.0282838
0.0283879
0.0283498
0.0282417
0.0281382
0.0280585
0.0280121
0.0279398
0.0274922
0.0260482
0.0234746
0.0205164
0.01817
0.0169536
0.016835
0.0175528
0.0187687
0.0202202
0.0204722
0.0212044
0.0220986
0.0230898
0.0241162
0.0251232
0.0260615
0.0268877
0.0275603
0.0280443
0.0283157
0.0283735
0.0282595
0.0280514
0.0278216
0.0275716
0.0273266
0.0270944
0.0265312
0.024868
0.0218737
0.0184546
0.0158635
0.0147111
0.0148761
0.0159827
0.0175954
0.0194058
0.0196643
0.020513
0.0215332
0.0226509
0.0237968
0.0249115
0.025941
0.0268378
0.0275565
0.0280582
0.0283151
0.028323
0.0281257
0.0278056
0.0274241
0.0269485
0.0264162
0.0259336
0.0252013
0.0232949
0.0198435
0.0159181
0.0130769
0.0120453
0.0125851
0.0141738
0.0162579
0.0184794
0.0187128
0.0197012
0.0208681
0.0221296
0.0234096
0.0246436
0.0257732
0.0267467
0.0275151
0.0280362
0.0282784
0.0282333
0.0279468
0.027505
0.0269496
0.0261952
0.0252815
0.0244363
0.0234492
0.0212536
0.0173084
0.012842
0.00975742
0.00891495
0.00993407
0.0121093
0.014746
0.0174338
0.0176047
0.018759
0.0200953
0.0215195
0.0229488
0.0243143
0.025553
0.0266092
0.0274311
0.0279737
0.028201
0.0280998
0.0277197
0.0271497
0.0264043
0.0253295
0.0239512
0.0226197
0.0212482
0.0186702
0.0141804
0.00915277
0.00585177
0.00528305
0.00689923
0.0097753
0.0130512
0.0162631
0.0163268
0.0176765
0.0192068
0.0208137
0.0224085
0.023918
0.0252748
0.0264195
0.0272988
0.0278653
0.0280773
0.0279169
0.0274395
0.0267381
0.0257949
0.0243775
0.0224763
0.0205358
0.0186043
0.0154842
0.0103658
0.0047688
0.00130735
0.00111724
0.0034624
0.00716159
0.011167
0.0149628
0.0148655
0.0164437
0.0181949
0.0200057
0.0217827
0.023449
0.0249325
0.0261715
0.0271127
0.0277056
0.0279005
0.0276766
0.0270993
0.0262666
0.0251262
0.0233638
0.0209095
0.0182484
0.015546
0.0116563
0.0057802
-0.00038924
-0.00391402
-0.00360792
-0.000387849
0.00426276
0.00908988
0.0135303
0.0132079
0.0150509
0.0170517
0.019089
0.0210657
0.0229011
0.0245194
0.0258589
0.0268668
0.0274876
0.0276619
0.0273688
0.0266899
0.0257287
0.0243984
0.0223018
0.0192844
0.015804
0.0121052
0.00717326
0.000367752
-0.00638287
-0.00987259
-0.00890845
-0.00465462
0.00107888
0.00681978
0.011965
0.0113412
0.0134889
0.0157702
0.0180575
0.0202512
0.0222677
0.0240288
0.0254751
0.0265548
0.0272034
0.0273505
0.0269819
0.0262007
0.0251161
0.0236055
0.0211895
0.0176053
0.013218
0.00830453
0.00204694
-0.00588403
-0.0132367
-0.0165884
-0.0147844
-0.0093308
-0.00238366
0.00436036
0.010269
0.00925317
0.0117492
0.0143437
0.0169053
0.0193335
0.0215421
0.0234535
0.0250137
0.0261697
0.0268431
0.026954
0.0265033
0.0256213
0.0244194
0.0227363
0.0200116
0.0158538
0.0104804
0.00415812
-0.00368688
-0.0129402
-0.0209273
-0.0240275
-0.0212144
-0.0143971
-0.00611148
0.00171958
0.00844641
0.00693292
0.0098241
0.0127661
0.0156271
0.0183065
0.0207174
0.0227867
0.0244679
0.0257028
0.0263948
0.0264589
0.0259214
0.0249429
0.0236296
0.0217772
0.0187456
0.0140006
0.00757109
-0.000319647
-0.00997169
-0.0207235
-0.0293845
-0.0321344
-0.0281542
-0.0198212
-0.0100837
-0.0010902
0.00650405
0.00437071
0.00770714
0.0110326
0.0142181
0.0171644
0.0197868
0.0220217
0.0238307
0.0251442
0.025845
0.0258515
0.0252264
0.0241592
0.0227395
0.0207146
0.0173692
0.0120175
0.00447305
-0.00510669
-0.016733
-0.0291242
-0.0384966
-0.0408185
-0.0355364
-0.0255571
-0.0142718
-0.00405224
0.00445074
0.00155858
0.00539336
0.00913947
0.0126742
0.0159017
0.018744
0.0211521
0.0230941
0.0244821
0.0251791
0.025119
0.024411
0.0232665
0.0217436
0.0195376
0.0158636
0.00988235
0.00117846
-0.0101701
-0.0238811
-0.0380093
-0.0481217
-0.0499593
-0.0432728
-0.0315467
-0.0186403
-0.00714575
0.00229723
-0.00150922
0.0028796
0.00708419
0.010992
0.0145133
0.017583
0.0201716
0.0222491
0.023703
0.0243819
0.0242499
0.0234699
0.0222622
0.0206378
0.018238
0.0142159
0.00758214
-0.00230949
-0.0154666
-0.031315
-0.0472306
-0.0580974
-0.0594153
-0.051259
-0.0377214
-0.0231474
-0.0103464
5.58465e-05
-0.00483581
0.000164784
0.00486578
0.00916872
0.0129946
0.0162987
0.0190739
0.0212854
0.0227925
0.0234384
0.0232343
0.022399
0.0211433
0.0194178
0.0168096
0.0124183
0.00511269
-0.00597706
-0.0209438
-0.0389275
-0.0566321
-0.06825
-0.0690321
-0.0593798
-0.044005
-0.0277465
-0.0136272
-0.00225989
-0.00842116
-0.00274975
0.00248484
0.00720289
0.0113423
0.0148869
0.0178523
0.0201917
0.0217352
0.0223342
0.0220634
0.021193
0.0199049
0.0180776
0.0152473
0.0104681
0.00247807
-0.00980138
-0.0265424
-0.0466093
-0.0660579
-0.0784046
-0.07865
-0.0675142
-0.0503169
-0.0323876
-0.0169592
-0.00463562
0.00467387
-0.0122615
-0.00586005
-5.6365e-05
0.00509405
0.00955398
0.0133439
0.0164999
0.018956
0.0205157
0.0210563
0.0207283
0.0198451
0.0185388
0.0166098
0.0135468
0.00836625
-0.000310679
-0.0137522
-0.032199
-0.0542523
-0.0753569
-0.0883923
-0.0881136
-0.0755414
-0.0565747
-0.0370194
-0.0203125
-0.00705647
0.00289522
-0.016349
-0.00915931
-0.00275374
0.00284317
0.00762882
0.0116669
0.0150095
0.0175658
0.0191195
0.0195925
0.0192197
0.0183456
0.0170344
0.0150052
0.0117044
0.00611744
-0.00323697
-0.0177942
-0.0378489
-0.0617529
-0.0843889
-0.0980544
-0.0972769
-0.083346
-0.0626982
-0.0415906
-0.0236574
-0.0095074
0.00105665
-0.020671
-0.0126378
-0.00560129
0.000452832
0.00556723
0.00985345
0.0133739
0.0160088
0.0175328
0.0179314
0.0175272
0.0166832
0.0153797
0.0132547
0.0097175
0.00372919
-0.00627987
-0.0218884
-0.0434287
-0.0690153
-0.0930284
-0.107251
-0.106007
-0.0908211
-0.0686115
-0.0460521
-0.026965
-0.0119734
-0.000834893
-0.0252098
-0.0162825
-0.00859096
-0.00207262
0.00337108
0.00790185
0.011586
0.0142734
0.0157435
0.0160628
0.0156394
0.0148456
0.0135626
0.0113497
0.00758525
0.00121141
-0.00941545
-0.0259941
-0.0488774
-0.0759549
-0.101167
-0.115862
-0.114188
-0.0978713
-0.0742453
-0.0503582
-0.0302079
-0.01444
-0.00277193
-0.0299428
-0.0200777
-0.0117126
-0.00472697
0.00104361
0.00581097
0.00963922
0.0123492
0.013741
0.0139771
0.0135443
0.0128206
0.0115722
0.00928379
0.00530861
-0.00142425
-0.0126185
-0.0300706
-0.0541384
-0.0824992
-0.108717
-0.123788
-0.121725
-0.104416
-0.0795389
-0.0544675
-0.0333611
-0.0168929
-0.00474658
-0.0348417
-0.0240042
-0.0149538
-0.0075021
-0.00141068
0.00358042
0.00752792
0.0102272
0.0115168
0.0116657
0.0112297
0.0105975
0.00940002
0.00705297
0.00289088
-0.00416476
-0.0158642
-0.03408
-0.0591608
-0.0885872
-0.115607
-0.130956
-0.128544
-0.110391
-0.0844413
-0.0583445
-0.0364022
-0.0193188
-0.00675074
-0.0398739
-0.0280402
-0.0183001
-0.0103881
-0.00398605
0.00121072
0.00524762
0.00790057
0.00906437
0.00912124
0.00868354
0.00816767
0.00704071
0.00465659
0.00033815
-0.00699515
-0.0191277
-0.0379889
-0.0639037
-0.0941713
-0.121789
-0.137313
-0.134592
-0.115746
-0.0889118
-0.0619594
-0.0393118
-0.0217052
-0.00877619
-0.0450022
-0.0321612
-0.0217348
-0.0133732
-0.00667564
-0.00129661
0.00279528
0.00536428
0.0063793
0.00633836
0.00589429
0.00552545
0.00449216
0.00209737
-0.00234034
-0.00989779
-0.0223823
-0.0417658
-0.0683372
-0.0992222
-0.127231
-0.142826
-0.139835
-0.120446
-0.0929199
-0.0652887
-0.0420733
-0.0240406
-0.0108148
-0.0501857
-0.0363403
-0.0252393
-0.0164441
-0.00947146
-0.00393885
0.000169534
0.00261571
0.00345937
0.00331376
0.00285083
0.0026689
0.00175579
-0.000618885
-0.00513312
-0.0128537
-0.0256003
-0.0453764
-0.0724332
-0.103728
-0.131925
-0.147485
-0.144256
-0.124472
-0.0964457
-0.0683152
-0.0446735
-0.0263144
-0.0128587
-0.0553815
-0.0405489
-0.0287933
-0.0195863
-0.0123644
-0.00671206
-0.00262924
-0.00034549
0.000304977
4.7295e-05
-0.000458019
-0.000399831
-0.00116434
-0.0034855
-0.00803059
-0.0158493
-0.0287612
-0.0487896
-0.0761557
-0.107672
-0.135882
-0.1513
-0.147857
-0.127819
-0.0994785
-0.0710276
-0.0471019
-0.0285174
-0.0149003
-0.0605449
-0.0447569
-0.0323754
-0.022784
-0.0153445
-0.00961105
-0.00559897
-0.00351782
-0.00308105
-0.0034562
-0.00404469
-0.00367728
-0.00426604
-0.00649984
-0.0110308
-0.018884
-0.0318631
-0.0519946
-0.0794744
-0.111015
-0.139097
-0.154297
-0.150655
-0.130491
-0.102017
-0.0734201
-0.0493509
-0.0306413
-0.0169325
-0.0656311
-0.0489338
-0.0359626
-0.0260203
-0.0184006
-0.0126293
-0.00873586
-0.00689866
-0.00669678
-0.00719063
-0.00792447
-0.00716364
-0.00755416
-0.00966276
-0.0141316
-0.0219567
-0.0349105
-0.0550057
-0.0824046
-0.113742
-0.141533
-0.156485
-0.152673
-0.132507
-0.104067
-0.0754922
-0.0514157
-0.0326791
-0.0189489
-0.0705957
-0.0530485
-0.039532
-0.0292779
-0.0215206
-0.0157587
-0.0120337
-0.0104827
-0.0105415
-0.0111612
-0.0121281
-0.0108446
-0.0110151
-0.0129441
-0.0172829
-0.0250033
-0.0378459
-0.057812
-0.0850174
-0.11598
-0.143255
-0.157857
-0.153923
-0.133882
-0.10564
-0.0772475
-0.0532936
-0.0346252
-0.0209433
-0.0754001
-0.0570715
-0.0430597
-0.0325389
-0.024692
-0.0189889
-0.0154799
-0.0142515
-0.0145804
-0.0153189
-0.0167834
-0.0146046
-0.0145237
-0.0162091
-0.0203257
-0.0278381
-0.0404887
-0.0603062
-0.0873638
-0.117993
-0.144645
-0.158623
-0.154487
-0.134653
-0.106749
-0.078691
-0.0549835
-0.0364742
-0.0229091
-0.0799912
-0.0609712
-0.0465209
-0.0357801
-0.0278967
-0.0223052
-0.0190503
-0.018146
-0.0186639
-0.0193135
-0.0218688
-0.0182024
-0.0178686
-0.0193081
-0.0231485
-0.0303646
-0.0427486
-0.0623992
-0.0893731
-0.119826
-0.146032
-0.159318
-0.154747
-0.135015
-0.107471
-0.0798432
-0.0564866
-0.0382199
-0.0248353
-0.0844485
-0.0647533
-0.0498894
-0.0389608
-0.0311047
-0.0257237
-0.0228153
-0.022266
-0.0229233
-0.02321
-0.0187242
-0.0219085
-0.0215549
-0.0227725
-0.0263706
-0.0332992
-0.0453063
-0.0644801
-0.0908823
-0.120699
-0.146313
-0.159195
-0.15473
-0.13491
-0.107865
-0.0807778
-0.0578469
-0.0398844
-0.0267447
-0.0873983
-0.0676105
-0.0526532
-0.0416656
-0.0337612
-0.0284959
-0.0261509
-0.0266266
-0.028387
-0.0294335
-0.0270578
-0.0274109
-0.0261818
-0.0268234
-0.0301898
-0.0369744
-0.0484845
-0.0665352
-0.0912293
-0.11905
-0.142917
-0.154862
-0.150648
-0.132148
-0.106516
-0.0806246
-0.0585164
-0.0410486
-0.0878927
-0.0682058
-0.0533465
-0.0424584
-0.0346781
-0.0296072
-0.0275438
-0.0283014
-0.0302258
-0.0312716
-0.0290119
-0.0288941
-0.0274582
-0.0279961
-0.0313257
-0.0381012
-0.0495896
-0.0675625
-0.0920557
-0.11949
-0.142817
-0.154237
-0.149725
-0.13125
-0.105866
-0.0803147
-0.0585253
-0.0413126
-0.0875955
-0.0681137
-0.0534625
-0.0427704
-0.0352016
-0.0303944
-0.0286161
-0.0295655
-0.0315303
-0.0325027
-0.0302628
-0.0299974
-0.0284991
-0.0290138
-0.0323319
-0.0391121
-0.0506293
-0.0686197
-0.0930382
-0.120237
-0.143175
-0.154159
-0.149269
-0.130588
-0.105225
-0.0798651
-0.0583317
-0.0413718
-0.0874604
-0.0681405
-0.0536631
-0.0431423
-0.0357632
-0.0311977
-0.0296882
-0.0308333
-0.0328703
-0.0338161
-0.0316416
-0.0311964
-0.0296203
-0.030089
-0.0333764
-0.0401419
-0.0516595
-0.0696264
-0.0939223
-0.120843
-0.143376
-0.153949
-0.148749
-0.129942
-0.104646
-0.079486
-0.0581971
-0.0414734
-0.0874939
-0.0683142
-0.0539883
-0.0436219
-0.0364192
-0.0320851
-0.030841
-0.0321934
-0.0343246
-0.0352587
-0.0331368
-0.0324761
-0.0307959
-0.0311973
-0.0344393
-0.041176
-0.052675
-0.0705938
-0.0947398
-0.121355
-0.14346
-0.15361
-0.148121
-0.129241
-0.104066
-0.0791398
-0.0581077
-0.0416201
-0.087545
-0.0685129
-0.0543429
-0.0441355
-0.0371152
-0.0330185
-0.0320432
-0.0336043
-0.0358315
-0.036753
-0.0346637
-0.0337833
-0.0319903
-0.0323148
-0.0355027
-0.0422009
-0.0536695
-0.071527
-0.0955106
-0.121812
-0.143485
-0.153213
-0.147441
-0.128501
-0.103465
-0.0787887
-0.0580237
-0.041778
-0.0875817
-0.0687071
-0.0547011
-0.0446612
-0.0378317
-0.0339804
-0.0332768
-0.0350462
-0.0373698
-0.0382797
-0.0362096
-0.035111
-0.0331998
-0.0334396
-0.0365648
-0.0432147
-0.0546416
-0.0724245
-0.0962333
-0.122214
-0.143455
-0.152768
-0.146722
-0.127735
-0.102847
-0.0784296
-0.0579379
-0.041939
-0.0876212
-0.0689095
-0.0550725
-0.0452053
-0.0385731
-0.0349726
-0.0345429
-0.0365217
-0.0389443
-0.0398447
-0.0377806
-0.0364624
-0.0344261
-0.0345721
-0.0376256
-0.0442171
-0.0555901
-0.0732846
-0.0969055
-0.122557
-0.143366
-0.152269
-0.145963
-0.126943
-0.102217
-0.0780673
-0.0578543
-0.042106
-0.0876717
-0.0691271
-0.0554627
-0.0457727
-0.0393427
-0.0359979
-0.0358442
-0.0380343
-0.0405589
-0.0414502
-0.0393784
-0.0378376
-0.0356683
-0.0357115
-0.038684
-0.0452068
-0.0565138
-0.0741061
-0.0975263
-0.122841
-0.143217
-0.151717
-0.145162
-0.126125
-0.101575
-0.0777032
-0.0577745
-0.0422805
-0.0877318
-0.0693591
-0.0558712
-0.0463628
-0.0401405
-0.0370564
-0.0371811
-0.0395848
-0.0422137
-0.0430955
-0.0410019
-0.0392353
-0.0369252
-0.0368565
-0.0397388
-0.0461826
-0.0574115
-0.0748879
-0.0980948
-0.123065
-0.143007
-0.151111
-0.14432
-0.12528
-0.100922
-0.0773371
-0.0576983
-0.0424625
-0.0877994
-0.0696037
-0.0562967
-0.0469748
-0.0409657
-0.0381474
-0.0385533
-0.041173
-0.0439082
-0.0447792
-0.0426502
-0.0406545
-0.0381956
-0.0380061
-0.0407888
-0.0471432
-0.058282
-0.0756289
-0.0986103
-0.123229
-0.142738
-0.150452
-0.143437
-0.124411
-0.100257
-0.0769687
-0.0576253
-0.0426515
-0.0878739
-0.0698603
-0.0567387
-0.0476082
-0.0418178
-0.0392705
-0.0399605
-0.0427991
-0.0456422
-0.0465004
-0.0443227
-0.0420942
-0.0394786
-0.0391592
-0.041833
-0.0480877
-0.0591242
-0.0763282
-0.0990721
-0.123333
-0.14241
-0.14974
-0.142514
-0.123517
-0.0995801
-0.0765979
-0.0575552
-0.0428473
-0.087955
-0.0701286
-0.057197
-0.0482626
-0.0426966
-0.0404253
-0.0414027
-0.0444632
-0.0474155
-0.0482584
-0.0460189
-0.0435538
-0.0407732
-0.0403148
-0.0428702
-0.0490147
-0.0599369
-0.0769848
-0.0994796
-0.123376
-0.142022
-0.148977
-0.141553
-0.122599
-0.0988927
-0.0762248
-0.0574878
-0.0430498
-0.0880421
-0.0704081
-0.0576711
-0.0489376
-0.0436015
-0.0416115
-0.0428797
-0.0461651
-0.0492278
-0.0500522
-0.0477382
-0.0450324
-0.0420785
-0.0414719
-0.0438994
-0.0499234
-0.0607192
-0.0775979
-0.0998322
-0.123359
-0.141575
-0.148163
-0.140554
-0.121658
-0.0981946
-0.0758493
-0.057423
-0.0432589
-0.0881346
-0.0706983
-0.0581606
-0.0496327
-0.0445321
-0.0428286
-0.0443913
-0.0479049
-0.0510785
-0.0518812
-0.04948
-0.0465293
-0.0433936
-0.0426296
-0.0449196
-0.0508126
-0.0614702
-0.0781667
-0.100129
-0.12328
-0.141069
-0.147298
-0.139517
-0.120694
-0.097486
-0.0754713
-0.0573606
-0.0434743
-0.0882318
-0.0709985
-0.0586647
-0.0503473
-0.0454879
-0.0440761
-0.0459373
-0.0496823
-0.0529673
-0.0537443
-0.0512439
-0.0480437
-0.0447175
-0.0437869
-0.0459296
-0.0516813
-0.0621888
-0.0786906
-0.100371
-0.123141
-0.140504
-0.146384
-0.138445
-0.119709
-0.0967673
-0.0750908
-0.0573003
-0.0436958
-0.088333
-0.0713081
-0.059183
-0.0510808
-0.0464682
-0.0453535
-0.0475172
-0.0514969
-0.0548935
-0.0556409
-0.0530292
-0.0495748
-0.0460494
-0.0449427
-0.0469287
-0.0525287
-0.0628744
-0.0791689
-0.100557
-0.122941
-0.139882
-0.145421
-0.137337
-0.118702
-0.0960387
-0.0747076
-0.0572419
-0.0439233
-0.0884376
-0.0716264
-0.0597148
-0.0518326
-0.0474725
-0.0466602
-0.0491308
-0.0533484
-0.0568565
-0.0575699
-0.0548354
-0.0511218
-0.0473883
-0.0460961
-0.0479157
-0.0533537
-0.0635261
-0.0796012
-0.100686
-0.122681
-0.139201
-0.14441
-0.136194
-0.117675
-0.0953004
-0.0743217
-0.0571852
-0.0441565
-0.11098
-0.0885446
-0.0719526
-0.0602593
-0.052602
-0.0484999
-0.0479954
-0.0507774
-0.0552361
-0.0588555
-0.0595306
-0.0566618
-0.052684
-0.0487333
-0.0472461
-0.0488896
-0.0541556
-0.0641432
-0.0799869
-0.10076
-0.122361
-0.138465
-0.143351
-0.135017
-0.116627
-0.0945526
-0.0739329
-0.0571298
-0.0443952
-0.110861
-0.0886534
-0.0722861
-0.0608158
-0.053388
-0.0495499
-0.0493586
-0.0524566
-0.0571595
-0.0608898
-0.061522
-0.0585081
-0.0542605
-0.0500835
-0.0483919
-0.0498497
-0.0549335
-0.0647251
-0.0803259
-0.100777
-0.121981
-0.137672
-0.142246
-0.133808
-0.11556
-0.0937954
-0.073541
-0.0570756
-0.0446392
-0.110735
-0.0887631
-0.0726259
-0.0613834
-0.05419
-0.0506214
-0.0507489
-0.0541676
-0.0591178
-0.0629585
-0.0635428
-0.0603734
-0.0558505
-0.0514379
-0.0495323
-0.050795
-0.0556866
-0.0652713
-0.0806177
-0.100738
-0.121541
-0.136823
-0.141096
-0.132567
-0.114474
-0.0930291
-0.0731459
-0.0570222
-0.0448881
-0.110602
-0.0888728
-0.0729713
-0.0619613
-0.055007
-0.0517137
-0.0521654
-0.0559098
-0.0611102
-0.0650607
-0.0655929
-0.0622571
-0.0574532
-0.0527957
-0.0506666
-0.0517247
-0.0564143
-0.0657813
-0.0808623
-0.100644
-0.121043
-0.135921
-0.139901
-0.131295
-0.11337
-0.0922539
-0.0727475
-0.0569693
-0.0451416
-0.11046
-0.0889816
-0.0733212
-0.0625485
-0.055838
-0.0528257
-0.0536074
-0.0576822
-0.0631358
-0.0671954
-0.0676741
-0.0641586
-0.0590677
-0.0541559
-0.0517938
-0.0526378
-0.0571159
-0.0662546
-0.0810596
-0.100494
-0.120487
-0.134964
-0.138664
-0.129993
-0.112249
-0.0914698
-0.0723455
-0.0569167
-0.0453996
-0.11031
-0.0890885
-0.0736748
-0.0631439
-0.0566821
-0.0539565
-0.0550737
-0.0594839
-0.0651935
-0.0693612
-0.0697857
-0.0660775
-0.0606931
-0.0555177
-0.052913
-0.0535338
-0.0577908
-0.0666909
-0.0812095
-0.100289
-0.119874
-0.133956
-0.137384
-0.128662
-0.11111
-0.090677
-0.0719397
-0.0568639
-0.0456617
-0.110149
-0.0891926
-0.074031
-0.0637467
-0.0575382
-0.055105
-0.0565633
-0.0613139
-0.0672822
-0.071557
-0.0719237
-0.068013
-0.0623286
-0.05688
-0.0540234
-0.0544118
-0.0584385
-0.06709
-0.0813123
-0.100029
-0.119204
-0.132895
-0.136063
-0.127303
-0.109954
-0.0898756
-0.0715299
-0.0568108
-0.0459275
-0.109978
-0.0892929
-0.0743889
-0.0643556
-0.0584052
-0.05627
-0.0580751
-0.0631709
-0.0694008
-0.0737816
-0.0740809
-0.0699638
-0.0639733
-0.0582421
-0.0551242
-0.0552711
-0.0590585
-0.0674517
-0.081368
-0.0997153
-0.118478
-0.131785
-0.134702
-0.125917
-0.108783
-0.0890657
-0.071116
-0.0567569
-0.0461968
-0.109795
-0.0893883
-0.0747472
-0.0649695
-0.0592818
-0.0574503
-0.0596078
-0.0650539
-0.071548
-0.0760338
-0.0762417
-0.0719291
-0.0656262
-0.0596031
-0.0562145
-0.0561111
-0.0596505
-0.067776
-0.0813771
-0.0993484
-0.117698
-0.130626
-0.133304
-0.124506
-0.107597
-0.0882475
-0.0706976
-0.0567019
-0.0464691
-0.109599
-0.0894778
-0.0751049
-0.0655872
-0.060167
-0.0586446
-0.0611602
-0.0669613
-0.0737224
-0.0783124
-0.0784368
-0.0739081
-0.0672865
-0.060962
-0.0572935
-0.0569312
-0.0602139
-0.0680627
-0.0813398
-0.0989289
-0.116865
-0.129419
-0.131867
-0.123069
-0.106396
-0.087421
-0.0702746
-0.0566455
-0.0467442
-0.109389
-0.0895602
-0.0754608
-0.0662074
-0.0610593
-0.0598516
-0.0627307
-0.0688917
-0.0759225
-0.0806159
-0.0806527
-0.0759
-0.0689532
-0.0623181
-0.0583606
-0.0577309
-0.0607487
-0.068312
-0.0812566
-0.0984578
-0.11598
-0.128165
-0.130396
-0.121608
-0.10518
-0.0865863
-0.0698466
-0.0565872
-0.0470215
-0.109165
-0.0896345
-0.0758137
-0.066829
-0.0619574
-0.0610699
-0.064318
-0.0708437
-0.0781468
-0.0829429
-0.0828882
-0.0779039
-0.0706255
-0.0636705
-0.0594151
-0.0585097
-0.0612545
-0.0685239
-0.0811281
-0.097936
-0.115044
-0.126867
-0.128889
-0.120125
-0.103951
-0.0857434
-0.0694135
-0.0565267
-0.0473008
-0.108925
-0.0896994
-0.0761624
-0.0674505
-0.06286
-0.0622979
-0.0659205
-0.0728155
-0.0803936
-0.0852919
-0.0851423
-0.079919
-0.0723023
-0.0650183
-0.0604562
-0.059267
-0.0617312
-0.0686988
-0.0809549
-0.0973645
-0.114058
-0.125525
-0.12735
-0.11862
-0.102709
-0.0848925
-0.068975
-0.0564636
-0.0475815
-0.108668
-0.0897539
-0.0765055
-0.0680705
-0.0637656
-0.0635341
-0.0675364
-0.0748054
-0.0826613
-0.0876614
-0.0874135
-0.0819442
-0.0739829
-0.0663609
-0.0614833
-0.0600026
-0.0621787
-0.0688369
-0.0807378
-0.0967446
-0.113024
-0.124141
-0.12578
-0.117094
-0.101454
-0.0840335
-0.0685308
-0.0563975
-0.0478633
-0.108393
-0.0897967
-0.0768418
-0.0686877
-0.0646726
-0.0647768
-0.069164
-0.0768116
-0.084948
-0.0900496
-0.0897006
-0.0839786
-0.0756662
-0.0676974
-0.062496
-0.060716
-0.062597
-0.0689385
-0.0804774
-0.0960773
-0.111944
-0.122717
-0.12418
-0.115548
-0.100187
-0.0831665
-0.0680807
-0.056328
-0.0481456
-0.108099
-0.0898266
-0.0771699
-0.0693006
-0.0655796
-0.0660243
-0.0708015
-0.078832
-0.0872517
-0.092455
-0.0920021
-0.0860211
-0.0773513
-0.0690271
-0.0634935
-0.061407
-0.0629861
-0.0690042
-0.0801748
-0.0953641
-0.110818
-0.121255
-0.122551
-0.113984
-0.0989092
-0.0822915
-0.0676244
-0.0562547
-0.0484281
-0.107786
-0.0898424
-0.0774884
-0.0699077
-0.0664849
-0.0672749
-0.0724469
-0.0808647
-0.0895706
-0.0948758
-0.0943166
-0.0880707
-0.0790374
-0.0703493
-0.0644755
-0.0620753
-0.0633462
-0.0690343
-0.0798308
-0.0946061
-0.109649
-0.119755
-0.120894
-0.112402
-0.09762
-0.0814087
-0.0671616
-0.0561771
-0.0487102
-0.107452
-0.0898429
-0.077796
-0.0705074
-0.0673868
-0.0685268
-0.0740981
-0.0829075
-0.0919026
-0.0973103
-0.0966427
-0.0901264
-0.0807234
-0.0716633
-0.0654414
-0.0627208
-0.0636773
-0.0690295
-0.0794465
-0.0938049
-0.108439
-0.11822
-0.119211
-0.110804
-0.0963204
-0.080518
-0.066692
-0.0560949
-0.0489914
-0.107095
-0.0898268
-0.0780913
-0.0710983
-0.0682837
-0.0697779
-0.0757532
-0.0849583
-0.0942454
-0.0997564
-0.0989788
-0.092187
-0.0824086
-0.0729685
-0.0663908
-0.0633433
-0.0639797
-0.0689904
-0.079023
-0.0929619
-0.107188
-0.116652
-0.117504
-0.10919
-0.0950108
-0.0796194
-0.0662154
-0.0560076
-0.0492712
-0.106716
-0.089793
-0.0783728
-0.0716788
-0.0691739
-0.0710265
-0.0774098
-0.0870146
-0.0965969
-0.102212
-0.101323
-0.0942515
-0.084092
-0.0742642
-0.0673235
-0.0639427
-0.0642537
-0.0689177
-0.0785614
-0.0920787
-0.105899
-0.115052
-0.115774
-0.107562
-0.0936919
-0.078713
-0.0657315
-0.0559148
-0.049549
-0.106313
-0.0897401
-0.0786391
-0.0722472
-0.0700555
-0.0722703
-0.0790658
-0.0890741
-0.0989548
-0.104676
-0.103675
-0.0963187
-0.0857727
-0.0755498
-0.0682389
-0.0645191
-0.0644996
-0.0688122
-0.0780629
-0.0911569
-0.104574
-0.113422
-0.114023
-0.105921
-0.092364
-0.0777988
-0.0652401
-0.055816
-0.0498243
-0.105885
-0.0896669
-0.0788887
-0.072802
-0.0709267
-0.0735074
-0.0807187
-0.0911344
-0.101317
-0.107146
-0.106032
-0.0983874
-0.08745
-0.0768248
-0.069137
-0.0650723
-0.0647178
-0.0686747
-0.0775288
-0.0901981
-0.103214
-0.111764
-0.112253
-0.104268
-0.0910278
-0.0768769
-0.0647408
-0.0557108
-0.0500965
-0.105431
-0.0895723
-0.0791202
-0.0733415
-0.0717858
-0.0747357
-0.0823662
-0.0931927
-0.10368
-0.109619
-0.108393
-0.100456
-0.0891228
-0.0780887
-0.0700174
-0.0656026
-0.0649087
-0.068506
-0.0769604
-0.0892041
-0.101822
-0.110079
-0.110464
-0.102603
-0.0896837
-0.0759473
-0.0642334
-0.0555987
-0.050365
-0.10495
-0.0894549
-0.0793322
-0.0738641
-0.0726307
-0.0759528
-0.0840057
-0.0952466
-0.106042
-0.112094
-0.110756
-0.102525
-0.0907905
-0.0793409
-0.0708799
-0.0661101
-0.0650729
-0.0683072
-0.0763592
-0.0881765
-0.100398
-0.108371
-0.108659
-0.100929
-0.0883322
-0.0750099
-0.0637177
-0.0554792
-0.0506292
-0.104441
-0.0893136
-0.0795232
-0.0743681
-0.0734597
-0.0771567
-0.0856347
-0.0972932
-0.108401
-0.114569
-0.113119
-0.104591
-0.0924521
-0.0805811
-0.0717245
-0.0665948
-0.0652108
-0.0680791
-0.0757264
-0.0871171
-0.0989462
-0.10664
-0.106839
-0.0992455
-0.0869738
-0.074065
-0.0631934
-0.055352
-0.0508885
-0.103904
-0.0891472
-0.0796918
-0.0748519
-0.0742708
-0.078345
-0.0872506
-0.0993298
-0.110753
-0.11704
-0.11548
-0.106654
-0.0941069
-0.0818088
-0.072551
-0.0670571
-0.0653231
-0.0678227
-0.0750636
-0.0860278
-0.0974674
-0.104888
-0.105006
-0.0975541
-0.0856091
-0.0731125
-0.0626602
-0.0552165
-0.0511422
-0.103338
-0.0889545
-0.0798365
-0.0753139
-0.0750621
-0.0795154
-0.0888508
-0.101354
-0.113096
-0.119506
-0.117839
-0.108713
-0.0957541
-0.0830236
-0.0733593
-0.0674971
-0.0654104
-0.0675392
-0.0743723
-0.0849104
-0.0959637
-0.103117
-0.103161
-0.0958557
-0.0842385
-0.0721525
-0.062118
-0.0550723
-0.0513897
-0.102741
-0.0887345
-0.079956
-0.0757524
-0.0758316
-0.0806657
-0.0904325
-0.103362
-0.115428
-0.121964
-0.120192
-0.110766
-0.0973928
-0.0842251
-0.0741495
-0.0679153
-0.0654733
-0.0672297
-0.0736539
-0.0837667
-0.0944373
-0.10133
-0.101306
-0.0941515
-0.0828625
-0.071185
-0.0615664
-0.0549189
-0.0516304
-0.102113
-0.088486
-0.0800488
-0.0761657
-0.0765774
-0.0817934
-0.0919929
-0.105351
-0.117744
-0.124412
-0.122539
-0.112812
-0.0990225
-0.0854131
-0.0749216
-0.0683119
-0.0655126
-0.0668951
-0.07291
-0.0825986
-0.09289
-0.0995282
-0.0994432
-0.0924425
-0.0814816
-0.0702102
-0.0610053
-0.0547558
-0.0518636
-0.101453
-0.088208
-0.0801137
-0.0765523
-0.0772976
-0.0828962
-0.0935294
-0.107318
-0.120043
-0.126848
-0.124876
-0.114851
-0.100642
-0.0865872
-0.0756756
-0.0686873
-0.065529
-0.0665368
-0.0721422
-0.081408
-0.091324
-0.0977132
-0.0975727
-0.0907296
-0.0800963
-0.069228
-0.0604344
-0.0545827
-0.0520885
-0.100761
-0.0878994
-0.0801493
-0.0769106
-0.0779902
-0.0839717
-0.0950391
-0.109261
-0.122322
-0.129268
-0.127203
-0.11688
-0.102251
-0.0877473
-0.0764117
-0.0690421
-0.0655233
-0.0661558
-0.071352
-0.0801968
-0.0897411
-0.095887
-0.0956964
-0.0890139
-0.0787072
-0.0682387
-0.0598537
-0.0543991
-0.0523046
-0.100037
-0.0875594
-0.0801544
-0.077239
-0.0786533
-0.0850175
-0.0965192
-0.111176
-0.124577
-0.131671
-0.129518
-0.118898
-0.103849
-0.0888931
-0.0771301
-0.0693765
-0.0654963
-0.0657533
-0.0705411
-0.0789668
-0.0881434
-0.0940515
-0.093816
-0.0872963
-0.0773147
-0.0672424
-0.0592628
-0.0542045
-0.0525111
)
;

boundaryField
{
    inlet
    {
        type            zeroGradient;
    }
    outlet
    {
        type            fixedValue;
        value           nonuniform 0();
    }
    cylinder
    {
        type            zeroGradient;
    }
    top
    {
        type            symmetryPlane;
    }
    bottom
    {
        type            symmetryPlane;
    }
    frontAndBack
    {
        type            empty;
    }
    procBoundary6to5
    {
        type            processor;
        value           nonuniform List<scalar> 
252
(
-0.116461
-0.115215
-0.113933
-0.112617
-0.111267
-0.109884
-0.108466
-0.107016
-0.105534
-0.104019
-0.102474
-0.100899
-0.0992953
-0.0976631
-0.096004
-0.094319
-0.0926093
-0.0908764
-0.0891214
-0.0873459
-0.0855513
-0.0837392
-0.0819111
-0.0800686
-0.0782133
-0.0763471
-0.0744714
-0.0725881
-0.0706989
-0.0688055
-0.0669097
-0.0650132
-0.0583901
-0.0583901
-0.056756
-0.0551168
-0.0534743
-0.0518305
-0.0501868
-0.0485451
-0.0469072
-0.0452748
-0.0436497
-0.0420337
-0.0404291
-0.0388374
-0.0372576
-0.0356906
-0.0341787
-0.0327885
-0.0311715
-0.0248625
-0.0196269
-0.0148465
-0.00983184
-0.00490943
-0.000274211
0.0040507
0.00807086
0.011785
0.015196
0.0183162
0.021165
0.0237639
0.0261319
0.0282807
0.030212
0.0319181
0.033387
0.0346099
0.0355865
0.0363273
0.0368503
0.0371767
0.0373268
0.0373186
0.0371686
0.0368923
0.0365049
0.0360213
0.0354563
0.0348245
0.0341399
0.0334157
0.0326639
0.0318954
0.0311199
0.0303456
0.0295796
0.0288275
0.0280943
0.0273837
0.0266986
0.0260412
0.025413
0.0248149
0.0242474
0.0237107
0.0232046
0.0227283
0.0222812
0.0218663
0.0214762
0.0211136
0.0207769
0.020465
0.0201769
0.0199113
0.0196671
0.0194433
0.0192387
0.0190524
0.0188832
0.0187303
0.0185926
0.0184694
0.0183597
0.0182628
0.0181781
0.0181049
0.0180428
0.0179912
0.01795
0.0179189
0.0178979
0.0178873
0.0186294
0.018639
0.0186577
0.0186853
0.0187217
0.0187667
0.0188205
0.018883
0.0189545
0.0190349
0.0191245
0.0192233
0.0193315
0.0194492
0.0195762
0.0197127
0.0198584
0.0200131
0.0201765
0.0203481
0.0205272
0.020713
0.0209046
0.0211007
0.0212998
0.0215001
0.0216997
0.0218961
0.0220866
0.0222679
0.0224365
0.0225882
0.0227184
0.0228218
0.0228927
0.0229243
0.0229096
0.0228403
0.0227077
0.0225019
0.0222122
0.0218271
0.0213339
0.0207189
0.0199677
0.0190646
0.0179934
0.0167367
0.0152766
0.0135949
0.0116728
0.00949189
0.00703388
0.00428142
0.00121845
-0.0021692
-0.00589318
-0.00996182
-0.0143793
-0.0191445
-0.0242501
-0.0296815
-0.0354157
-0.0414208
-0.0476559
-0.0540717
-0.0606115
-0.0672126
-0.0738084
-0.0803307
-0.0867115
-0.0928855
-0.0987973
-0.104356
-0.10978
-0.112616
-0.113007
-0.112574
-0.112342
-0.112282
-0.112224
-0.112138
-0.112047
-0.111958
-0.11187
-0.111781
-0.11169
-0.111598
-0.111504
-0.111407
-0.111306
-0.111202
-0.111094
-0.111094
-0.13984
-0.139501
-0.139143
-0.138766
-0.138368
-0.13795
-0.13751
-0.137048
-0.136563
-0.136056
-0.135524
-0.134968
-0.134386
-0.133779
-0.133145
-0.132483
-0.131793
-0.131075
-0.130327
-0.129549
-0.12874
-0.1279
-0.127028
-0.126123
-0.125186
-0.124215
-0.123211
-0.122172
-0.1211
-0.119992
-0.11885
-0.117673
)
;
    }
    procBoundary6to7
    {
        type            processor;
        value           nonuniform List<scalar> 
253
(
-0.0548779
-0.0554745
-0.0560621
-0.0566397
-0.0572064
-0.0577612
-0.0583031
-0.0588312
-0.0593444
-0.0598419
-0.0603226
-0.0607855
-0.0612297
-0.0616543
-0.0620583
-0.0624409
-0.062801
-0.0631379
-0.0634508
-0.0637387
-0.064001
-0.0642368
-0.0644454
-0.0646262
-0.0647784
-0.0649016
-0.0649951
-0.0650584
-0.0650911
-0.0650927
-0.0650628
-0.0650012
-0.0649075
-0.0647816
-0.0646232
-0.0644323
-0.0642087
-0.0639526
-0.0636639
-0.0633427
-0.0629892
-0.0626036
-0.0621862
-0.0617372
-0.0612571
-0.0607469
-0.0602071
-0.0596293
-0.0589997
-0.05842
-0.05842
-0.0832223
-0.0830414
-0.0824069
-0.0815738
-0.0805315
-0.0791819
-0.0774626
-0.0753628
-0.0728906
-0.0700502
-0.0668436
-0.0632794
-0.0593755
-0.0551587
-0.0506636
-0.0459324
-0.0410154
-0.0359702
-0.0308602
-0.0257526
-0.0207165
-0.0158202
-0.0111285
-0.00669926
-0.0025806
0.00119215
0.00459884
0.00763595
0.0103157
0.0126612
0.0146977
0.0164441
0.0179111
0.0191073
0.0200478
0.0207587
0.0212743
0.0216317
0.0218654
0.0220045
0.0220721
0.0220864
0.0220608
0.0220054
0.0219277
0.0218337
0.0217276
0.0216126
0.0214912
0.0213655
0.0212369
0.0211067
0.0209758
0.0208451
0.0207153
0.0205869
0.0204605
0.0203365
0.0202154
0.0200977
0.0199837
0.019874
0.0197688
0.0196687
0.0195741
0.0194854
0.0194031
0.0193278
0.0192599
0.0191999
0.0191485
0.0191061
0.0190734
0.019051
0.0190394
0.0215832
0.0215943
0.0216159
0.0216472
0.0216877
0.0217368
0.0217937
0.0218579
0.0219289
0.0220059
0.0220883
0.0221756
0.0222672
0.0223625
0.022461
0.0225618
0.0226645
0.0227684
0.0228727
0.0229768
0.0230798
0.0231809
0.0232792
0.0233737
0.0234633
0.0235468
0.0236229
0.0236901
0.0237469
0.0237915
0.0238219
0.0238361
0.0238316
0.0238059
0.0237561
0.0236789
0.0235709
0.0234282
0.0232465
0.023021
0.0227466
0.0224178
0.0220287
0.0215737
0.0210469
0.0204432
0.0197578
0.018987
0.0181278
0.0171784
0.0161379
0.0150061
0.0137837
0.0124722
0.0110736
0.00959066
0.00802685
0.00638629
0.00638629
0.0118154
0.0104438
0.00898875
0.0074537
0.00584296
0.00416136
0.00241415
0.000606792
-0.00125519
-0.00316629
-0.00512118
-0.00711479
-0.00914239
-0.0111993
-0.0132782
-0.0153587
-0.0174801
-0.0282769
-0.0282769
-0.0287475
-0.0290253
-0.0293321
-0.0296816
-0.0300465
-0.0304188
-0.0308006
-0.0311932
-0.0315967
-0.0320109
-0.0324358
-0.0328712
-0.0333171
-0.0337735
-0.0342402
-0.0347172
-0.0352042
-0.0357013
-0.0362081
-0.0367247
-0.0372506
-0.0377859
-0.0383301
-0.0388832
-0.0394447
-0.0400144
-0.0405919
-0.0411769
-0.0417691
-0.042368
-0.0429731
-0.043584
-0.0442003
-0.0448213
-0.0454466
-0.0460756
-0.0467076
-0.047342
-0.0479782
-0.0486155
-0.0492532
-0.0498904
-0.0505265
-0.0511607
-0.0517921
-0.05242
-0.0530433
-0.0536614
-0.0542732
)
;
    }
}


// ************************************************************************* //
