/*--------------------------------*- C++ -*----------------------------------*\
  =========                 |
  \\      /  F ield         | OpenFOAM: The Open Source CFD Toolbox
   \\    /   O peration     | Website:  https://openfoam.org
    \\  /    A nd           | Version:  7
     \\/     M anipulation  |
\*---------------------------------------------------------------------------*/
FoamFile
{
    version     2.0;
    format      ascii;
    class       volScalarField;
    location    "260";
    object      p;
}
// * * * * * * * * * * * * * * * * * * * * * * * * * * * * * * * * * * * * * //

dimensions      [0 2 -2 0 0 0 0];

internalField   nonuniform List<scalar> 
7156
(
-0.657008
-0.649662
-0.662571
-0.655005
-0.649281
-0.643266
-0.668085
-0.660306
-0.654441
-0.648261
-0.641548
-0.634185
-0.625927
-0.673531
-0.665546
-0.659543
-0.653196
-0.646256
-0.638584
-0.629918
-0.620043
-0.608809
-0.596159
-0.678889
-0.670707
-0.66457
-0.658054
-0.650876
-0.642879
-0.633784
-0.623375
-0.611516
-0.598174
-0.583429
-0.567462
-0.550529
-0.684138
-0.675768
-0.669501
-0.662813
-0.655389
-0.647049
-0.637504
-0.626537
-0.614029
-0.599978
-0.584497
-0.567805
-0.550186
-0.531957
-0.513425
-0.49486
-0.476483
-0.689257
-0.68071
-0.674315
-0.667452
-0.659772
-0.651073
-0.641055
-0.629506
-0.61633
-0.601554
-0.58533
-0.567912
-0.549616
-0.530776
-0.51171
-0.492691
-0.473933
-0.455591
-0.437765
-0.420511
-0.403853
-0.694225
-0.68551
-0.678992
-0.671951
-0.664003
-0.654928
-0.644415
-0.632264
-0.6184
-0.602886
-0.585914
-0.567774
-0.548809
-0.529373
-0.509791
-0.490336
-0.471214
-0.452573
-0.434502
-0.41705
-0.400231
-0.384043
-0.36846
-0.353469
-0.339175
-0.699017
-0.690146
-0.683508
-0.676286
-0.668061
-0.658591
-0.647563
-0.634788
-0.620219
-0.603957
-0.586235
-0.567378
-0.547757
-0.527741
-0.507661
-0.487787
-0.46832
-0.449396
-0.431095
-0.413457
-0.396489
-0.380182
-0.364506
-0.349451
-0.33508
-0.703612
-0.694597
-0.687842
-0.680435
-0.67192
-0.66204
-0.650476
-0.637057
-0.621769
-0.604752
-0.58628
-0.566714
-0.546451
-0.525873
-0.505314
-0.485041
-0.465246
-0.446055
-0.427538
-0.409726
-0.39262
-0.376204
-0.360445
-0.345333
-0.330892
-0.707985
-0.698838
-0.69197
-0.684374
-0.675559
-0.66525
-0.653132
-0.639052
-0.623032
-0.605255
-0.586036
-0.565772
-0.544883
-0.523761
-0.502744
-0.482092
-0.461986
-0.442544
-0.423826
-0.405853
-0.388619
-0.372104
-0.356271
-0.34111
-0.326607
-0.712112
-0.702846
-0.695868
-0.688079
-0.678953
-0.6682
-0.655509
-0.640753
-0.623991
-0.605451
-0.585492
-0.564543
-0.543044
-0.5214
-0.499945
-0.478933
-0.458536
-0.438859
-0.419953
-0.401832
-0.384483
-0.367878
-0.35198
-0.336778
-0.32222
-0.71597
-0.706598
-0.699514
-0.691528
-0.682078
-0.670864
-0.657584
-0.642138
-0.624627
-0.605327
-0.584636
-0.563017
-0.540929
-0.518783
-0.496911
-0.475559
-0.454889
-0.434994
-0.415916
-0.397659
-0.380205
-0.363522
-0.347568
-0.332333
-0.317729
-0.719535
-0.71007
-0.702882
-0.694694
-0.684911
-0.673222
-0.659337
-0.643189
-0.624925
-0.604867
-0.583456
-0.561184
-0.538528
-0.515903
-0.493637
-0.471966
-0.451041
-0.430944
-0.411708
-0.393329
-0.375782
-0.359031
-0.343032
-0.327772
-0.313128
-0.722781
-0.713237
-0.705949
-0.697555
-0.687427
-0.675248
-0.660746
-0.643888
-0.624869
-0.60406
-0.581943
-0.559038
-0.535836
-0.512754
-0.490116
-0.468147
-0.446986
-0.426705
-0.407326
-0.388837
-0.371209
-0.354401
-0.338366
-0.323089
-0.308416
-0.725686
-0.716077
-0.708691
-0.700087
-0.689604
-0.676923
-0.66179
-0.644216
-0.624444
-0.602893
-0.580086
-0.556569
-0.532844
-0.509331
-0.486345
-0.464098
-0.442721
-0.422271
-0.402764
-0.384179
-0.366483
-0.349628
-0.333568
-0.318283
-0.303589
-0.728224
-0.718564
-0.711084
-0.702265
-0.691417
-0.678222
-0.66245
-0.644156
-0.623635
-0.601355
-0.577876
-0.55377
-0.529548
-0.505628
-0.482316
-0.459815
-0.438239
-0.417639
-0.398018
-0.379352
-0.361599
-0.344708
-0.328633
-0.31335
-0.298644
-0.730372
-0.720675
-0.713104
-0.704066
-0.692844
-0.679124
-0.662707
-0.643692
-0.622428
-0.599433
-0.575305
-0.550634
-0.525942
-0.50164
-0.478027
-0.455291
-0.433537
-0.412803
-0.393085
-0.37435
-0.356553
-0.339638
-0.32356
-0.308287
-0.293579
-0.732106
-0.722387
-0.714727
-0.705466
-0.693863
-0.67961
-0.662542
-0.642807
-0.620811
-0.597119
-0.572364
-0.547155
-0.522018
-0.497362
-0.473471
-0.450524
-0.428611
-0.407761
-0.38796
-0.36917
-0.351342
-0.334416
-0.318344
-0.303091
-0.28839
-0.733404
-0.723677
-0.715932
-0.706445
-0.694452
-0.679659
-0.661937
-0.641488
-0.618772
-0.594403
-0.569045
-0.543326
-0.517773
-0.492788
-0.468645
-0.445508
-0.423456
-0.402507
-0.382639
-0.36381
-0.345963
-0.329037
-0.312984
-0.29776
-0.283075
-0.734244
-0.724524
-0.716696
-0.706978
-0.694591
-0.679253
-0.660876
-0.63972
-0.6163
-0.591275
-0.565342
-0.539142
-0.513202
-0.487916
-0.463545
-0.440241
-0.418069
-0.397039
-0.37712
-0.358265
-0.340413
-0.323499
-0.307475
-0.292291
-0.277633
-0.734604
-0.724904
-0.716997
-0.707047
-0.694259
-0.678373
-0.659345
-0.637491
-0.613385
-0.587729
-0.56125
-0.534598
-0.5083
-0.482741
-0.458167
-0.434718
-0.412446
-0.391352
-0.371399
-0.352533
-0.334689
-0.317799
-0.301817
-0.286683
-0.272062
-0.734464
-0.724799
-0.716814
-0.706629
-0.693438
-0.677002
-0.657327
-0.634789
-0.610017
-0.583757
-0.556761
-0.529689
-0.503064
-0.477258
-0.452508
-0.428936
-0.406585
-0.385445
-0.365474
-0.346611
-0.328789
-0.311936
-0.296007
-0.280932
-0.266359
-0.733803
-0.724187
-0.716128
-0.705707
-0.69211
-0.675125
-0.654811
-0.631604
-0.606188
-0.579353
-0.551872
-0.524411
-0.497489
-0.471467
-0.446564
-0.422892
-0.400482
-0.379315
-0.359341
-0.340497
-0.32271
-0.305907
-0.290043
-0.275039
-0.260524
-0.732603
-0.723049
-0.714919
-0.704261
-0.690257
-0.672727
-0.651783
-0.627925
-0.601892
-0.574512
-0.546577
-0.518761
-0.491573
-0.465362
-0.440333
-0.416584
-0.394135
-0.372959
-0.353
-0.334188
-0.316451
-0.299711
-0.283924
-0.269
-0.254555
-0.730846
-0.721368
-0.713171
-0.702275
-0.687865
-0.669794
-0.648233
-0.623744
-0.597121
-0.569228
-0.540875
-0.512736
-0.485314
-0.458943
-0.433813
-0.410009
-0.387542
-0.366375
-0.346447
-0.327684
-0.31001
-0.293345
-0.277647
-0.262817
-0.248456
-0.728516
-0.719127
-0.710865
-0.699733
-0.684919
-0.666314
-0.644151
-0.619055
-0.591871
-0.563497
-0.534761
-0.506334
-0.478709
-0.452206
-0.427002
-0.403167
-0.380701
-0.359562
-0.339681
-0.320983
-0.303386
-0.286809
-0.271211
-0.256489
-0.242225
-0.725596
-0.71631
-0.707987
-0.69662
-0.681405
-0.662277
-0.639529
-0.61385
-0.586136
-0.557318
-0.528233
-0.499553
-0.471758
-0.445152
-0.419898
-0.396055
-0.373612
-0.352518
-0.332702
-0.314083
-0.296577
-0.2801
-0.264615
-0.250012
-0.235844
-0.722073
-0.712902
-0.704522
-0.692923
-0.677313
-0.657672
-0.634358
-0.608125
-0.579914
-0.550687
-0.521291
-0.492392
-0.464458
-0.437779
-0.412502
-0.388673
-0.366273
-0.345244
-0.325509
-0.306985
-0.289584
-0.27322
-0.257859
-0.243376
-0.229266
-0.717934
-0.708891
-0.700458
-0.688629
-0.672631
-0.652491
-0.628634
-0.601875
-0.573203
-0.543604
-0.513933
-0.48485
-0.45681
-0.430086
-0.404811
-0.381019
-0.358683
-0.337738
-0.318101
-0.299687
-0.282406
-0.266169
-0.250946
-0.236582
-0.22248
-0.713167
-0.704263
-0.695782
-0.683728
-0.66735
-0.646728
-0.622352
-0.595097
-0.566
-0.536067
-0.506159
-0.476928
-0.448813
-0.422073
-0.396827
-0.373095
-0.350843
-0.33
-0.310479
-0.292191
-0.275044
-0.258948
-0.243877
-0.229655
-0.215681
-0.707763
-0.69901
-0.690484
-0.678211
-0.661464
-0.640376
-0.615507
-0.587791
-0.558304
-0.528077
-0.49797
-0.468626
-0.440469
-0.413742
-0.388549
-0.364901
-0.342753
-0.322031
-0.302643
-0.284497
-0.267499
-0.251558
-0.236649
-0.222565
-0.208785
-0.701711
-0.693121
-0.684557
-0.67207
-0.654966
-0.633433
-0.608098
-0.579954
-0.550118
-0.519635
-0.489367
-0.459945
-0.431779
-0.405093
-0.379979
-0.356437
-0.334415
-0.313831
-0.294593
-0.276605
-0.259771
-0.243999
-0.229265
-0.215337
-0.201745
-0.695006
-0.68659
-0.677991
-0.665299
-0.647851
-0.625894
-0.600123
-0.571588
-0.541441
-0.510742
-0.480352
-0.450888
-0.422743
-0.396128
-0.371118
-0.347705
-0.325828
-0.305403
-0.286332
-0.268517
-0.251861
-0.236272
-0.221726
-0.20797
-0.194563
-0.687641
-0.679409
-0.670782
-0.657893
-0.640117
-0.617759
-0.591583
-0.562693
-0.532276
-0.501402
-0.470927
-0.441457
-0.413366
-0.386848
-0.361968
-0.338706
-0.316996
-0.296747
-0.27786
-0.260235
-0.243771
-0.228378
-0.214033
-0.200462
-0.187242
-0.679612
-0.671575
-0.662926
-0.649849
-0.63176
-0.609027
-0.582479
-0.553273
-0.522626
-0.491618
-0.461097
-0.431654
-0.403649
-0.377257
-0.352532
-0.329443
-0.30792
-0.287866
-0.26918
-0.251759
-0.235503
-0.220319
-0.206188
-0.192812
-0.179785
-0.670917
-0.663084
-0.654419
-0.641165
-0.622782
-0.599699
-0.572813
-0.543331
-0.512495
-0.481393
-0.450865
-0.421485
-0.393595
-0.367358
-0.342812
-0.319919
-0.298602
-0.278762
-0.260293
-0.243093
-0.227059
-0.212097
-0.198192
-0.185022
-0.172197
-0.661554
-0.653935
-0.645261
-0.631841
-0.613183
-0.589779
-0.56259
-0.532872
-0.501889
-0.470733
-0.440235
-0.410953
-0.38321
-0.357154
-0.332812
-0.310137
-0.289047
-0.269438
-0.251203
-0.234239
-0.21844
-0.203715
-0.190047
-0.177094
-0.164478
-0.651523
-0.644127
-0.635451
-0.621878
-0.602965
-0.579269
-0.551815
-0.5219
-0.490812
-0.459644
-0.429214
-0.400063
-0.372498
-0.34665
-0.322536
-0.300101
-0.279256
-0.259897
-0.241913
-0.2252
-0.209651
-0.195174
-0.181757
-0.16903
-0.156633
-0.640827
-0.633662
-0.624991
-0.611278
-0.592133
-0.568176
-0.540492
-0.510423
-0.479272
-0.448131
-0.417807
-0.388821
-0.361463
-0.335851
-0.311988
-0.289814
-0.269235
-0.250143
-0.232427
-0.215979
-0.200693
-0.186478
-0.173323
-0.160833
-0.629468
-0.622543
-0.613886
-0.600047
-0.580692
-0.556505
-0.528631
-0.498447
-0.467276
-0.436203
-0.40602
-0.377233
-0.350112
-0.324761
-0.301174
-0.279282
-0.258988
-0.240181
-0.222747
-0.20658
-0.191572
-0.177631
-0.617451
-0.610774
-0.602138
-0.588189
-0.568649
-0.544264
-0.516237
-0.485983
-0.454832
-0.423866
-0.393862
-0.365306
-0.338451
-0.313387
-0.290098
-0.26851
-0.24852
-0.230014
-0.21288
-0.197008
-0.18229
-0.604783
-0.598362
-0.589756
-0.575711
-0.556011
-0.531462
-0.503322
-0.473038
-0.441949
-0.41113
-0.381341
-0.353047
-0.326487
-0.301735
-0.278767
-0.257502
-0.237835
-0.219648
-0.202829
-0.187266
-0.591471
-0.585313
-0.576746
-0.562623
-0.542788
-0.518108
-0.489895
-0.459622
-0.428637
-0.398004
-0.368464
-0.340464
-0.314226
-0.289811
-0.267187
-0.246266
-0.226939
-0.209089
-0.192599
-0.577525
-0.571636
-0.563117
-0.548933
-0.528989
-0.504214
-0.475967
-0.445748
-0.414907
-0.384497
-0.35524
-0.327566
-0.301677
-0.277624
-0.255365
-0.234808
-0.21584
-0.562954
-0.557341
-0.54888
-0.534652
-0.514628
-0.489792
-0.461551
-0.431427
-0.400771
-0.370618
-0.34168
-0.314361
-0.288848
-0.26518
-0.243308
-0.223134
-0.547771
-0.542441
-0.534046
-0.519793
-0.499716
-0.474854
-0.446659
-0.416671
-0.386237
-0.356383
-0.327795
-0.300859
-0.275748
-0.252489
-0.231024
-0.531988
-0.526946
-0.518629
-0.50437
-0.484267
-0.459415
-0.431306
-0.401493
-0.371321
-0.341801
-0.313594
-0.28707
-0.262386
-0.239558
-0.515621
-0.510873
-0.502642
-0.488396
-0.468296
-0.44349
-0.415506
-0.385907
-0.356036
-0.326883
-0.299089
-0.273005
-0.248773
-0.498684
-0.494235
-0.486102
-0.471888
-0.45182
-0.427096
-0.399272
-0.369929
-0.340396
-0.311644
-0.284292
-0.258675
-0.481195
-0.477049
-0.469024
-0.454862
-0.434857
-0.410252
-0.382619
-0.353574
-0.324414
-0.296095
-0.269216
-0.463172
-0.459333
-0.451426
-0.437337
-0.417422
-0.392962
-0.365576
-0.336858
-0.308106
-0.280252
-0.253874
-0.444632
-0.441105
-0.433326
-0.419332
-0.399534
-0.375257
-0.34815
-0.319798
-0.291488
-0.264129
-0.425595
-0.422385
-0.414746
-0.400866
-0.381209
-0.357155
-0.33036
-0.30241
-0.274575
-0.406081
-0.403195
-0.395704
-0.381955
-0.362476
-0.338675
-0.312227
-0.284713
-0.386113
-0.383556
-0.376225
-0.362622
-0.343352
-0.319836
-0.29377
-0.365709
-0.36349
-0.356322
-0.342899
-0.323858
-0.300659
-0.344887
-0.343028
-0.336027
-0.3228
-0.304017
-0.281167
-0.323668
-0.322202
-0.315364
-0.30235
-0.283852
-0.302116
-0.301003
-0.294358
-0.281574
-0.28026
-0.279452
-0.273031
-0.260498
-0.258091
-0.2576
-0.251411
-0.235637
-0.235475
-0.21293
-0.2131
-0.189999
-0.166872
-0.0543613
-0.074858
-0.0951491
-0.0952931
-0.115205
-0.115019
-0.134996
-0.134489
-0.129372
-0.154496
-0.153677
-0.148343
-0.137946
-0.173711
-0.172535
-0.167013
-0.1564
-0.192605
-0.191047
-0.185361
-0.174546
-0.159126
-0.211124
-0.209217
-0.203358
-0.192361
-0.176708
-0.157586
-0.229252
-0.22701
-0.220985
-0.209822
-0.193961
-0.17456
-0.153017
-0.246969
-0.244401
-0.238215
-0.226909
-0.210863
-0.191213
-0.169339
-0.264256
-0.261366
-0.25503
-0.243596
-0.227396
-0.207523
-0.185352
-0.162195
-0.281094
-0.277887
-0.271409
-0.259864
-0.243541
-0.223469
-0.201037
-0.177536
-0.154063
-0.297462
-0.293944
-0.287333
-0.275695
-0.259262
-0.239047
-0.216376
-0.192563
-0.168711
-0.145622
-0.313343
-0.309517
-0.302783
-0.291071
-0.274557
-0.254221
-0.231352
-0.20726
-0.183062
-0.159572
-0.137317
-0.328718
-0.324589
-0.317741
-0.305975
-0.289407
-0.268978
-0.245949
-0.221612
-0.1971
-0.17324
-0.150577
-0.129411
-0.343572
-0.339145
-0.332192
-0.320388
-0.303793
-0.283302
-0.260145
-0.235606
-0.210813
-0.186614
-0.163571
-0.142
-0.357888
-0.353168
-0.34612
-0.334296
-0.317699
-0.29718
-0.27393
-0.249224
-0.224185
-0.199679
-0.176285
-0.154336
-0.13398
-0.371654
-0.366647
-0.359512
-0.347684
-0.331111
-0.310596
-0.28729
-0.262451
-0.237204
-0.212424
-0.188709
-0.166408
-0.145683
-0.126567
-0.384855
-0.379567
-0.372355
-0.360539
-0.344016
-0.323536
-0.30021
-0.275276
-0.249857
-0.224838
-0.200832
-0.178206
-0.157136
-0.137667
-0.119763
-0.39748
-0.391918
-0.384637
-0.37285
-0.3564
-0.335987
-0.312678
-0.287686
-0.262132
-0.236908
-0.212643
-0.189721
-0.168331
-0.148531
-0.130293
-0.11354
-0.409519
-0.40369
-0.396349
-0.384606
-0.368252
-0.347937
-0.324681
-0.29967
-0.274018
-0.248624
-0.224133
-0.200942
-0.17926
-0.159151
-0.140598
-0.123531
-0.107856
-0.0934741
-0.420963
-0.414874
-0.407481
-0.395797
-0.379563
-0.359377
-0.336209
-0.311217
-0.285505
-0.259977
-0.235291
-0.211863
-0.189913
-0.16952
-0.150673
-0.13331
-0.11734
-0.102666
-0.0891884
-0.431805
-0.425464
-0.418027
-0.406416
-0.390324
-0.370296
-0.347252
-0.322317
-0.296583
-0.270958
-0.246111
-0.222474
-0.200283
-0.17963
-0.160512
-0.142872
-0.126625
-0.111675
-0.0979237
-0.0852783
-0.442039
-0.435455
-0.42798
-0.416455
-0.400527
-0.380686
-0.3578
-0.332961
-0.307243
-0.281557
-0.256583
-0.232769
-0.210365
-0.189475
-0.170107
-0.15221
-0.135704
-0.120494
-0.106485
-0.093584
-0.0816972
-0.45166
-0.44484
-0.437337
-0.425911
-0.410166
-0.39054
-0.367847
-0.34314
-0.317477
-0.291767
-0.266701
-0.24274
-0.22015
-0.199049
-0.179453
-0.16132
-0.144572
-0.129119
-0.114868
-0.101725
-0.0895989
-0.0784088
-0.460665
-0.45362
-0.446094
-0.434779
-0.419237
-0.399853
-0.377386
-0.352848
-0.327278
-0.301582
-0.276457
-0.252381
-0.229634
-0.208346
-0.188546
-0.170196
-0.153225
-0.137546
-0.123067
-0.109697
-0.0973447
-0.0859293
-0.0754399
-0.0655692
-0.469053
-0.461791
-0.454249
-0.443056
-0.427736
-0.408619
-0.38641
-0.362079
-0.33664
-0.310994
-0.285847
-0.261687
-0.238811
-0.217362
-0.197379
-0.178833
-0.161659
-0.145771
-0.13108
-0.117496
-0.104931
-0.0933026
-0.0825982
-0.0725319
-0.062728
-0.476824
-0.469356
-0.461804
-0.450743
-0.435661
-0.416836
-0.394916
-0.370827
-0.345557
-0.319999
-0.294863
-0.270652
-0.247676
-0.226092
-0.20595
-0.187229
-0.169869
-0.153789
-0.138902
-0.12512
-0.112355
-0.100526
-0.0896178
-0.0793659
-0.0693819
-0.483979
-0.476314
-0.46876
-0.45784
-0.443011
-0.424502
-0.402901
-0.379089
-0.354024
-0.328591
-0.303503
-0.279272
-0.256225
-0.234532
-0.214254
-0.195379
-0.177852
-0.161598
-0.14653
-0.132564
-0.119613
-0.107596
-0.0964964
-0.0860692
-0.0759117
-0.490521
-0.482671
-0.47512
-0.464349
-0.449788
-0.431615
-0.410362
-0.38686
-0.362039
-0.336767
-0.311761
-0.287544
-0.264455
-0.242679
-0.222289
-0.20328
-0.185606
-0.169194
-0.153962
-0.139826
-0.126702
-0.11451
-0.103232
-0.0926408
-0.0823136
-0.496456
-0.488432
-0.480888
-0.470275
-0.455993
-0.438177
-0.417299
-0.39414
-0.369597
-0.344523
-0.319634
-0.295463
-0.272362
-0.25053
-0.23005
-0.21093
-0.193128
-0.176576
-0.161195
-0.146905
-0.133622
-0.121266
-0.109821
-0.0990812
-0.0885833
-0.501788
-0.493601
-0.486071
-0.475621
-0.461631
-0.44419
-0.423712
-0.400927
-0.376697
-0.351857
-0.327121
-0.303028
-0.279944
-0.258082
-0.237538
-0.218326
-0.200415
-0.18374
-0.168227
-0.153797
-0.140369
-0.127863
-0.116262
-0.105394
-0.0947156
-0.506526
-0.498188
-0.490676
-0.480396
-0.466707
-0.449657
-0.429602
-0.407222
-0.383339
-0.358768
-0.334219
-0.310237
-0.2872
-0.265334
-0.244748
-0.225468
-0.207466
-0.190686
-0.175057
-0.160501
-0.146942
-0.134298
-0.122552
-0.111582
-0.100711
-0.510678
-0.502202
-0.494713
-0.484606
-0.471228
-0.454583
-0.434974
-0.413026
-0.389522
-0.365255
-0.340926
-0.317088
-0.294128
-0.272285
-0.251682
-0.232353
-0.21428
-0.197413
-0.181683
-0.167017
-0.153339
-0.140571
-0.128686
-0.117564
-0.106682
-0.514256
-0.505653
-0.498192
-0.488263
-0.475201
-0.458974
-0.43983
-0.418342
-0.395248
-0.371318
-0.347244
-0.323581
-0.300727
-0.278934
-0.258336
-0.238981
-0.220857
-0.203919
-0.188104
-0.173342
-0.15956
-0.146682
-0.134675
-0.123434
-0.112524
-0.517269
-0.508554
-0.501125
-0.491376
-0.478636
-0.462839
-0.444178
-0.423172
-0.400519
-0.376958
-0.353172
-0.329715
-0.306997
-0.28528
-0.264713
-0.245352
-0.227195
-0.210204
-0.194321
-0.179477
-0.165604
-0.152628
-0.140516
-0.129168
-0.118183
-0.519733
-0.510918
-0.503525
-0.493959
-0.481545
-0.466185
-0.448022
-0.427522
-0.405337
-0.382177
-0.35871
-0.335492
-0.312938
-0.291325
-0.270811
-0.251465
-0.233295
-0.216269
-0.200332
-0.185422
-0.17147
-0.158408
-0.146201
-0.134754
-0.123682
-0.52166
-0.51276
-0.505407
-0.496025
-0.48394
-0.469024
-0.451373
-0.431399
-0.409707
-0.386978
-0.363862
-0.340913
-0.318552
-0.297068
-0.276631
-0.257322
-0.239158
-0.222112
-0.206138
-0.191175
-0.177159
-0.164022
-0.15173
-0.140194
-0.129044
-0.523067
-0.514094
-0.506786
-0.497589
-0.485834
-0.471366
-0.454238
-0.434808
-0.413635
-0.391364
-0.368629
-0.345979
-0.32384
-0.302511
-0.282175
-0.262924
-0.244783
-0.227736
-0.21174
-0.196738
-0.18267
-0.169471
-0.157104
-0.145491
-0.134273
-0.52397
-0.51494
-0.507679
-0.498668
-0.487241
-0.473226
-0.456629
-0.437758
-0.417125
-0.39534
-0.373015
-0.350693
-0.328804
-0.307656
-0.287444
-0.268271
-0.250174
-0.233142
-0.217138
-0.202112
-0.188005
-0.174754
-0.162324
-0.150644
-0.139371
-0.524387
-0.515313
-0.508104
-0.499278
-0.488179
-0.474616
-0.458557
-0.440259
-0.420186
-0.398911
-0.377024
-0.355058
-0.333446
-0.312505
-0.29244
-0.273367
-0.25533
-0.23833
-0.222334
-0.207297
-0.193163
-0.179874
-0.167391
-0.155654
-0.144335
-0.524337
-0.515234
-0.508081
-0.499437
-0.488663
-0.475553
-0.460035
-0.44232
-0.422825
-0.402084
-0.380661
-0.359079
-0.337771
-0.317061
-0.297166
-0.278212
-0.260255
-0.243302
-0.22733
-0.212295
-0.198147
-0.18483
-0.172306
-0.160522
-0.149166
-0.523839
-0.514721
-0.507627
-0.499166
-0.488713
-0.476052
-0.461077
-0.443954
-0.425052
-0.404865
-0.38393
-0.362758
-0.34178
-0.321326
-0.301624
-0.282809
-0.26495
-0.248062
-0.232126
-0.217107
-0.202958
-0.189624
-0.17707
-0.165248
-0.153864
-0.522913
-0.513796
-0.506765
-0.498484
-0.488347
-0.476131
-0.461699
-0.445173
-0.426876
-0.407262
-0.386839
-0.366102
-0.345479
-0.325305
-0.305817
-0.287163
-0.269419
-0.25261
-0.236727
-0.221736
-0.207597
-0.194259
-0.181683
-0.169833
-0.158432
-0.521581
-0.512479
-0.505515
-0.497411
-0.487586
-0.475808
-0.461916
-0.44599
-0.428309
-0.409284
-0.389394
-0.369116
-0.348872
-0.329002
-0.30975
-0.291275
-0.273664
-0.256951
-0.241133
-0.226184
-0.212067
-0.198734
-0.186149
-0.174279
-0.162869
-0.519865
-0.510792
-0.503899
-0.495971
-0.486449
-0.475102
-0.461745
-0.446421
-0.429362
-0.41094
-0.391602
-0.371805
-0.351964
-0.33242
-0.313426
-0.295149
-0.277688
-0.261086
-0.245348
-0.230454
-0.216369
-0.203053
-0.190467
-0.178587
-0.167177
-0.517786
-0.508758
-0.501939
-0.494183
-0.484959
-0.474034
-0.461205
-0.44648
-0.430049
-0.412241
-0.393472
-0.374177
-0.354761
-0.335565
-0.316849
-0.29879
-0.281496
-0.26502
-0.249375
-0.234547
-0.220507
-0.207217
-0.194641
-0.182759
-0.171357
-0.515368
-0.506398
-0.499657
-0.492072
-0.483137
-0.472624
-0.460315
-0.446184
-0.430382
-0.413199
-0.395013
-0.376238
-0.357268
-0.338442
-0.320024
-0.302201
-0.285091
-0.268756
-0.253217
-0.238467
-0.224482
-0.211229
-0.198672
-0.186796
-0.17541
-0.512632
-0.503736
-0.497078
-0.48966
-0.481005
-0.470893
-0.459093
-0.44555
-0.430378
-0.413824
-0.396235
-0.377997
-0.359492
-0.341056
-0.322955
-0.305386
-0.288476
-0.272297
-0.256877
-0.242217
-0.228298
-0.215091
-0.202562
-0.1907
-0.179338
-0.509603
-0.500794
-0.494223
-0.486969
-0.478587
-0.468863
-0.45756
-0.444597
-0.43005
-0.41413
-0.397147
-0.379462
-0.36144
-0.343413
-0.325649
-0.308351
-0.291657
-0.275648
-0.26036
-0.245801
-0.231958
-0.218806
-0.206314
-0.194473
-0.183143
-0.506304
-0.497595
-0.491115
-0.484023
-0.475905
-0.466557
-0.455736
-0.443341
-0.429415
-0.41413
-0.397761
-0.380641
-0.36312
-0.345518
-0.328109
-0.311101
-0.294638
-0.278812
-0.263668
-0.249221
-0.235465
-0.222377
-0.20993
-0.198118
-0.186827
-0.502757
-0.494163
-0.487777
-0.480846
-0.472981
-0.463996
-0.453643
-0.441803
-0.42849
-0.413838
-0.398088
-0.381545
-0.364538
-0.34738
-0.330343
-0.31364
-0.297424
-0.281794
-0.266807
-0.252483
-0.238821
-0.225806
-0.213413
-0.201636
-0.190392
-0.498986
-0.49052
-0.484233
-0.477458
-0.46984
-0.461203
-0.451301
-0.440003
-0.427291
-0.413269
-0.39814
-0.382182
-0.365702
-0.349004
-0.332355
-0.315973
-0.300018
-0.284599
-0.26978
-0.255588
-0.242031
-0.229098
-0.216765
-0.205031
-0.193839
-0.495015
-0.486688
-0.480505
-0.473885
-0.466503
-0.4582
-0.448734
-0.43796
-0.425837
-0.412437
-0.397931
-0.382564
-0.366623
-0.350397
-0.334152
-0.318106
-0.302427
-0.287231
-0.272591
-0.258542
-0.245099
-0.232254
-0.219991
-0.208305
-0.197171
-0.490864
-0.482688
-0.476613
-0.470147
-0.462993
-0.45501
-0.445961
-0.435694
-0.424147
-0.41136
-0.397472
-0.382701
-0.367307
-0.351568
-0.33574
-0.320045
-0.304655
-0.289695
-0.275244
-0.261349
-0.248027
-0.235279
-0.223091
-0.21146
-0.20039
-0.486556
-0.478544
-0.472581
-0.466266
-0.459332
-0.451655
-0.443006
-0.433226
-0.422237
-0.410053
-0.396779
-0.382604
-0.367766
-0.352523
-0.337126
-0.321795
-0.306707
-0.291995
-0.277745
-0.264012
-0.25082
-0.238176
-0.226071
-0.2145
-0.203499
-0.482114
-0.474274
-0.468428
-0.462263
-0.455542
-0.448156
-0.439888
-0.430577
-0.420128
-0.408532
-0.395866
-0.382286
-0.368007
-0.35327
-0.338316
-0.323362
-0.308589
-0.294136
-0.280098
-0.266535
-0.253482
-0.240949
-0.228932
-0.217427
-0.206501
-0.477557
-0.469901
-0.464176
-0.45816
-0.451643
-0.444535
-0.43663
-0.427766
-0.417839
-0.406815
-0.394746
-0.381758
-0.368042
-0.353818
-0.339317
-0.324752
-0.310306
-0.296123
-0.282306
-0.268924
-0.256016
-0.243601
-0.231678
-0.220244
-0.209396
-0.472907
-0.465443
-0.459843
-0.453975
-0.447656
-0.440813
-0.433252
-0.424815
-0.415388
-0.40492
-0.393435
-0.381034
-0.36788
-0.354175
-0.340136
-0.325971
-0.311863
-0.297961
-0.284375
-0.271182
-0.468182
-0.460919
-0.455448
-0.449728
-0.443601
-0.437009
-0.429775
-0.421743
-0.412795
-0.402863
-0.391948
-0.380126
-0.367533
-0.35435
-0.34078
-0.327025
-0.463402
-0.456347
-0.45101
-0.445437
-0.439495
-0.433143
-0.426217
-0.41857
-0.410078
-0.400662
-0.390302
-0.379047
-0.367011
-0.458584
-0.451745
-0.446544
-0.441118
-0.435356
-0.429233
-0.422599
-0.415315
-0.407257
-0.453746
-0.447127
-0.442067
-0.436789
-0.431202
-0.425296
-0.448903
-0.442511
-0.437594
-0.432464
-0.444072
-0.29088
-0.295405
-0.299835
-0.304173
-0.308424
-0.312589
-0.316673
-0.32068
-0.271738
-0.276032
-0.280251
-0.284397
-0.288474
-0.292484
-0.296429
-0.300314
-0.254206
-0.258257
-0.262248
-0.266182
-0.270062
-0.273888
-0.277665
-0.281393
-0.238115
-0.241928
-0.245694
-0.249414
-0.25309
-0.256725
-0.260321
-0.263879
-0.223277
-0.226858
-0.230401
-0.233908
-0.23738
-0.240819
-0.244227
-0.247605
-0.209544
-0.2129
-0.216225
-0.219522
-0.222791
-0.226034
-0.229252
-0.232447
-0.196789
-0.199929
-0.203044
-0.206136
-0.209206
-0.212255
-0.215285
-0.218296
-0.184914
-0.187847
-0.190759
-0.193653
-0.19653
-0.19939
-0.202234
-0.205064
-0.173828
-0.176563
-0.179282
-0.181986
-0.184676
-0.187353
-0.190017
-0.19267
-0.163459
-0.166007
-0.168541
-0.171064
-0.173575
-0.176075
-0.178566
-0.181047
-0.153738
-0.156109
-0.158469
-0.160819
-0.16316
-0.165492
-0.167816
-0.170133
-0.144614
-0.146818
-0.149012
-0.151199
-0.153378
-0.15555
-0.157716
-0.159876
-0.136032
-0.138079
-0.140118
-0.142151
-0.144177
-0.146198
-0.148214
-0.150225
-0.127953
-0.129852
-0.131746
-0.133633
-0.135516
-0.137394
-0.139268
-0.141138
-0.120336
-0.122098
-0.123854
-0.125606
-0.127354
-0.129098
-0.130838
-0.132575
-0.113148
-0.114781
-0.11641
-0.118035
-0.119656
-0.121274
-0.122889
-0.124502
-0.106359
-0.107873
-0.109382
-0.110888
-0.112391
-0.113891
-0.115389
-0.116885
-0.0999426
-0.101344
-0.102742
-0.104138
-0.10553
-0.106921
-0.108309
-0.109696
-0.0938734
-0.0951708
-0.0964656
-0.0977579
-0.099048
-0.100336
-0.101622
-0.102907
-0.0881297
-0.0893307
-0.0905293
-0.0917258
-0.0929203
-0.0941131
-0.0953042
-0.096494
-0.0826923
-0.0838037
-0.084913
-0.0860205
-0.0871262
-0.0882303
-0.0893331
-0.0904346
-0.0775425
-0.0785709
-0.0795974
-0.0806222
-0.0816455
-0.0826674
-0.0836881
-0.0847077
-0.0726634
-0.0736149
-0.0745647
-0.075513
-0.07646
-0.0774056
-0.0783502
-0.0792938
-0.0680413
-0.0689214
-0.0698
-0.0706773
-0.0715534
-0.0724284
-0.0733023
-0.0741754
-0.0636596
-0.0644738
-0.0652868
-0.0660986
-0.0669092
-0.0677188
-0.0685275
-0.0693353
-0.0595074
-0.0602607
-0.0610128
-0.0617639
-0.0625139
-0.0632629
-0.0640111
-0.0647586
-0.0555715
-0.0562685
-0.0569644
-0.0576594
-0.0583533
-0.0590464
-0.0597387
-0.0604303
-0.0518411
-0.0524861
-0.0531301
-0.0537732
-0.0544154
-0.0550567
-0.0556973
-0.0563373
-0.0483057
-0.0489026
-0.0494986
-0.0500938
-0.0506881
-0.0512817
-0.0518746
-0.0524668
-0.0449551
-0.0455077
-0.0460595
-0.0466104
-0.0471605
-0.0477099
-0.0482587
-0.0488068
-0.0417808
-0.0422924
-0.0428032
-0.0433132
-0.0438225
-0.0443311
-0.0448391
-0.0453465
-0.0387731
-0.0392469
-0.0397199
-0.0401922
-0.0406639
-0.0411348
-0.0416052
-0.042075
-0.0359245
-0.0363633
-0.0368015
-0.037239
-0.0376758
-0.038112
-0.0385477
-0.0389828
-0.0332269
-0.0336335
-0.0340395
-0.0344448
-0.0348495
-0.0352536
-0.0356572
-0.0360602
-0.0306731
-0.0310499
-0.0314262
-0.0318018
-0.0321769
-0.0325514
-0.0329253
-0.0332987
-0.0282561
-0.0286055
-0.0289543
-0.0293025
-0.0296502
-0.0299973
-0.0303439
-0.0306899
-0.0259693
-0.0262933
-0.0266168
-0.0269397
-0.027262
-0.0275839
-0.0279052
-0.028226
-0.0238065
-0.0241071
-0.0244071
-0.0247066
-0.0250056
-0.0253041
-0.0256021
-0.0258995
-0.0217617
-0.0220406
-0.022319
-0.0225969
-0.0228743
-0.0231512
-0.0234276
-0.0237035
-0.0198292
-0.0200881
-0.0203465
-0.0206044
-0.0208619
-0.0211188
-0.0213753
-0.0216313
-0.0180037
-0.0182441
-0.018484
-0.0187235
-0.0189624
-0.0192009
-0.0194389
-0.0196765
-0.0162801
-0.0165034
-0.0167262
-0.0169485
-0.0171704
-0.0173918
-0.0176128
-0.0178333
-0.0146533
-0.0148608
-0.0150678
-0.0152743
-0.0154804
-0.015686
-0.0158912
-0.0160959
-0.013119
-0.0133118
-0.0135041
-0.013696
-0.0138874
-0.0140784
-0.014269
-0.0144591
-0.0116725
-0.0118517
-0.0120305
-0.0122088
-0.0123867
-0.0125641
-0.0127412
-0.0129178
-0.0103097
-0.0104763
-0.0106425
-0.0108082
-0.0109736
-0.0111385
-0.011303
-0.0114671
-0.00902653
-0.00918146
-0.00933598
-0.00949009
-0.00964379
-0.00979708
-0.00994996
-0.0101024
-0.00781918
-0.00796329
-0.008107
-0.00825031
-0.00839322
-0.00853573
-0.00867784
-0.00881955
-0.00668401
-0.00681808
-0.00695177
-0.00708506
-0.00721796
-0.00735047
-0.00748258
-0.00761431
-0.00561754
-0.0057423
-0.00586669
-0.00599068
-0.0061143
-0.00623753
-0.00636037
-0.00648283
-0.00461647
-0.00473259
-0.00484834
-0.00496371
-0.00507871
-0.00519333
-0.00530757
-0.00542143
-0.00367766
-0.00378576
-0.00389349
-0.00400085
-0.00410785
-0.00421448
-0.00432074
-0.00442662
-0.00279812
-0.00289877
-0.00299906
-0.00309899
-0.00319856
-0.00329777
-0.00339662
-0.00349511
-0.00197502
-0.00206875
-0.00216213
-0.00225517
-0.00234785
-0.00244017
-0.00253214
-0.00262376
-0.00120567
-0.00129298
-0.00137995
-0.00146658
-0.00155286
-0.0016388
-0.00172439
-0.00180963
-0.000487514
-0.00056887
-0.000649893
-0.000730581
-0.000810933
-0.000890945
-0.000970617
-0.00104995
0.000181837
0.000106005
3.04985e-05
-4.4681e-05
-0.000119531
-0.00019405
-0.000268235
-0.000342085
0.000804656
0.000733943
0.000663548
0.000593473
0.000523719
0.00045429
0.000385188
0.000316414
0.00138307
0.0013171
0.00125143
0.00118608
0.00112105
0.00105633
0.000991927
0.000927849
0.00191908
0.00185748
0.0017962
0.00173521
0.00167453
0.00161417
0.00155412
0.00149438
0.00241453
0.00235698
0.00229973
0.00224277
0.00218612
0.00212977
0.00207372
0.00201799
0.00287115
0.00281732
0.00276379
0.00271054
0.00265759
0.00260494
0.00255259
0.00250053
0.00329051
0.00324011
0.00318999
0.00314015
0.0030906
0.00304134
0.00299237
0.0029437
0.00367408
0.0036268
0.0035798
0.00353307
0.00348663
0.00344048
0.00339461
0.00334903
0.0040231
0.00397867
0.00393451
0.00389063
0.00384702
0.00380369
0.00376064
0.00371788
0.0036754
0.00433874
0.0042969
0.00425532
0.00421401
0.00417296
0.00413219
0.0040917
0.00405148
0.00401155
0.00462193
0.00458241
0.00454315
0.00450415
0.00446542
0.00442695
0.00438875
0.00435083
0.00431317
0.00487355
0.0048361
0.0047989
0.00476197
0.00472529
0.00468887
0.00465272
0.00461683
0.00458121
0.00509407
0.00505845
0.00502307
0.00498795
0.00495308
0.00491847
0.00488412
0.00485003
0.0048162
0.0052841
0.00525005
0.00521625
0.00518269
0.00514939
0.00511634
0.00508355
0.00505101
0.00501873
0.00544353
0.00541082
0.00537835
0.00534613
0.00531416
0.00528243
0.00525096
0.00521974
0.00518878
0.00557268
0.00554106
0.00550968
0.00547854
0.00544765
0.005417
0.0053866
0.00535645
0.00532655
0.00567066
0.0056399
0.00560938
0.0055791
0.00554906
0.00551926
0.0054897
0.00546039
0.00543133
0.00573749
0.00570731
0.00567737
0.00564766
0.0056182
0.00558897
0.00555998
0.00553124
0.00550274
0.0057713
0.00574151
0.00571195
0.00568263
0.00565354
0.00562468
0.00559607
0.00556769
0.00553956
-0.149221
-0.156447
-0.163562
-0.170563
-0.177449
-0.18422
-0.190876
-0.197416
-0.20384
-0.210139
-0.216259
-0.222412
-0.228405
-0.23423
-0.239928
-0.245515
-0.250992
-0.256357
-0.26161
-0.266752
-0.271786
-0.276714
-0.281538
-0.286259
-0.142147
-0.148637
-0.155033
-0.161335
-0.167541
-0.173652
-0.179667
-0.185587
-0.19141
-0.197135
-0.202748
-0.208183
-0.213636
-0.219001
-0.224249
-0.229393
-0.234447
-0.239411
-0.244286
-0.249073
-0.253772
-0.258387
-0.262918
-0.267368
-0.135329
-0.141197
-0.146984
-0.152688
-0.158311
-0.163851
-0.169309
-0.174684
-0.179977
-0.185186
-0.19031
-0.19534
-0.200282
-0.205195
-0.210029
-0.214774
-0.219439
-0.22403
-0.228548
-0.232995
-0.237371
-0.241678
-0.245919
-0.250094
-0.128972
-0.134281
-0.13952
-0.144689
-0.149788
-0.154818
-0.159779
-0.164671
-0.169494
-0.174248
-0.178933
-0.183548
-0.18808
-0.192585
-0.197036
-0.201412
-0.205719
-0.209965
-0.214153
-0.218284
-0.222358
-0.226376
-0.230341
-0.234254
-0.122895
-0.127714
-0.132474
-0.137174
-0.141814
-0.146396
-0.15092
-0.155386
-0.159794
-0.164145
-0.16844
-0.172679
-0.17686
-0.180958
-0.185066
-0.189116
-0.193101
-0.197032
-0.200916
-0.204754
-0.208545
-0.212292
-0.215995
-0.219657
-0.117157
-0.121539
-0.12587
-0.130151
-0.134381
-0.138562
-0.142694
-0.146777
-0.150813
-0.154803
-0.158746
-0.162645
-0.166499
-0.170309
-0.174048
-0.177773
-0.18146
-0.185102
-0.188703
-0.192266
-0.195792
-0.199282
-0.202736
-0.206156
-0.111687
-0.115679
-0.119628
-0.123534
-0.127397
-0.131218
-0.134997
-0.138736
-0.142433
-0.146089
-0.149706
-0.153281
-0.156816
-0.160307
-0.163751
-0.167243
-0.170672
-0.174044
-0.17738
-0.180687
-0.183964
-0.187213
-0.190432
-0.193624
-0.106482
-0.110125
-0.113732
-0.117302
-0.120836
-0.124334
-0.127798
-0.131228
-0.134624
-0.137988
-0.141321
-0.144624
-0.147899
-0.151148
-0.154372
-0.157496
-0.160632
-0.163759
-0.166857
-0.169926
-0.17297
-0.17599
-0.178987
-0.181961
-0.101509
-0.104839
-0.108137
-0.111404
-0.11464
-0.117846
-0.121022
-0.124169
-0.127287
-0.130377
-0.133439
-0.136472
-0.139478
-0.142455
-0.145404
-0.148321
-0.151264
-0.154169
-0.157039
-0.159885
-0.162711
-0.165518
-0.168306
-0.171076
-0.0967542
-0.0998012
-0.102821
-0.105814
-0.108781
-0.111723
-0.114639
-0.117531
-0.120399
-0.123244
-0.126066
-0.128866
-0.131645
-0.134405
-0.137145
-0.139867
-0.142531
-0.145199
-0.147859
-0.150501
-0.153125
-0.155731
-0.158322
-0.160897
-0.092197
-0.094988
-0.0977558
-0.100501
-0.103223
-0.105924
-0.108604
-0.111262
-0.1139
-0.116518
-0.119116
-0.121695
-0.124255
-0.126797
-0.12932
-0.131825
-0.13431
-0.13679
-0.139255
-0.141703
-0.144136
-0.146555
-0.148962
-0.151356
-0.0878233
-0.0903823
-0.0929213
-0.0954408
-0.0979412
-0.100423
-0.102886
-0.105332
-0.10776
-0.110171
-0.112566
-0.114944
-0.117307
-0.119655
-0.121988
-0.124306
-0.12661
-0.128901
-0.13118
-0.133448
-0.135703
-0.137946
-0.140179
-0.142401
-0.0836197
-0.0859677
-0.0882987
-0.0906129
-0.0929107
-0.0951926
-0.0974588
-0.0997098
-0.101946
-0.104168
-0.106375
-0.108569
-0.11075
-0.112918
-0.115074
-0.117217
-0.119349
-0.121465
-0.123574
-0.125674
-0.127764
-0.129844
-0.131915
-0.133978
-0.0795748
-0.0817308
-0.0838721
-0.0859991
-0.088112
-0.0902111
-0.0922969
-0.0943697
-0.0964297
-0.0984774
-0.100513
-0.102537
-0.10455
-0.106551
-0.108542
-0.110522
-0.112492
-0.114452
-0.116407
-0.118352
-0.120287
-0.122215
-0.124134
-0.126047
-0.0756787
-0.0776596
-0.0796279
-0.0815838
-0.0835276
-0.0854597
-0.0873802
-0.0892896
-0.0911881
-0.0930759
-0.0949536
-0.0968212
-0.0986791
-0.100528
-0.102367
-0.104198
-0.106021
-0.107835
-0.10964
-0.11144
-0.113232
-0.115017
-0.116796
-0.118569
-0.071923
-0.073744
-0.0755541
-0.0773536
-0.0791426
-0.0809215
-0.0826906
-0.08445
-0.0862
-0.087941
-0.0896731
-0.0913967
-0.093112
-0.0948193
-0.0965188
-0.0982109
-0.0998958
-0.101574
-0.103243
-0.104907
-0.106566
-0.10822
-0.109868
-0.11151
-0.0683003
-0.0699751
-0.0716405
-0.0732967
-0.0749439
-0.0765824
-0.0782123
-0.079834
-0.0814475
-0.0830533
-0.0846514
-0.0862421
-0.0878257
-0.0894023
-0.0909723
-0.0925358
-0.0940931
-0.0956444
-0.0971896
-0.0987303
-0.100266
-0.101796
-0.103321
-0.104843
-0.0648045
-0.0663455
-0.0678783
-0.0694032
-0.0709204
-0.0724299
-0.0739321
-0.0754271
-0.0769151
-0.0783963
-0.079871
-0.0813392
-0.0828012
-0.0842572
-0.0857073
-0.0871518
-0.0885908
-0.0900244
-0.0914526
-0.0928805
-0.094302
-0.0957179
-0.0971297
-0.0985379
-0.0614302
-0.0628486
-0.06426
-0.0656645
-0.0670623
-0.0684535
-0.0698384
-0.071217
-0.0725896
-0.0739564
-0.0753175
-0.0766731
-0.0780233
-0.0793685
-0.0807087
-0.0820442
-0.0833752
-0.0847019
-0.0860246
-0.0873394
-0.0886523
-0.0899627
-0.0912696
-0.0925731
-0.0581727
-0.0594788
-0.0607788
-0.0620728
-0.063361
-0.0646435
-0.0659204
-0.067192
-0.0684583
-0.0697195
-0.0709758
-0.0722272
-0.0734741
-0.0747164
-0.0759543
-0.0771881
-0.0784178
-0.0796436
-0.0808656
-0.0820834
-0.0832985
-0.0845107
-0.0857199
-0.0869262
-0.0550282
-0.0562312
-0.057429
-0.0586216
-0.0598091
-0.0609916
-0.0621694
-0.0633424
-0.0645109
-0.0656749
-0.0668346
-0.0679901
-0.0691416
-0.0702891
-0.0714329
-0.0725729
-0.0737095
-0.0748427
-0.0759725
-0.0770992
-0.0782231
-0.0793443
-0.0804628
-0.0815787
-0.0519931
-0.0531016
-0.0542055
-0.0553049
-0.0563999
-0.0574906
-0.0585771
-0.0596595
-0.0607379
-0.0618124
-0.0628832
-0.0639502
-0.0650138
-0.0660739
-0.0671306
-0.0681842
-0.0692347
-0.0702822
-0.0713269
-0.0723688
-0.0734085
-0.0744455
-0.07548
-0.0765123
-0.0490644
-0.0500862
-0.051104
-0.0521178
-0.0531277
-0.054134
-0.0551365
-0.0561354
-0.0571309
-0.0581229
-0.0591117
-0.0600972
-0.0610795
-0.0620588
-0.0630351
-0.0640085
-0.064979
-0.0659468
-0.0669118
-0.067874
-0.0688382
-0.0697984
-0.0707553
-0.0717102
-0.0462396
-0.0471817
-0.0481203
-0.0490555
-0.0499874
-0.050916
-0.0518413
-0.0527636
-0.0536828
-0.0545991
-0.0555124
-0.056423
-0.0573309
-0.0582361
-0.0591389
-0.0600393
-0.0609374
-0.0618333
-0.0627273
-0.0636194
-0.0645054
-0.0653912
-0.0662763
-0.0671597
-0.043516
-0.0443849
-0.0452509
-0.0461138
-0.0469738
-0.0478309
-0.0486853
-0.0495369
-0.0503858
-0.0512321
-0.0520758
-0.0529171
-0.0537559
-0.0545924
-0.0554266
-0.0562586
-0.0570885
-0.0579163
-0.0587421
-0.0595659
-0.0603876
-0.0612079
-0.0620267
-0.0628439
-0.0408914
-0.0416932
-0.0424923
-0.0432888
-0.0440827
-0.0448742
-0.0456631
-0.0464497
-0.0472339
-0.0480157
-0.0487954
-0.0495728
-0.0503481
-0.0511213
-0.0518925
-0.0526618
-0.0534291
-0.0541946
-0.0549583
-0.0557204
-0.0564807
-0.0572395
-0.0579968
-0.0587528
-0.0383637
-0.0391038
-0.0398415
-0.0405769
-0.0413101
-0.0420411
-0.0427699
-0.0434966
-0.0442212
-0.0449438
-0.0456643
-0.0463829
-0.0470997
-0.0478145
-0.0485276
-0.0492389
-0.0499486
-0.0506566
-0.051363
-0.0520678
-0.0527712
-0.0534732
-0.0541739
-0.0548733
-0.035931
-0.0366143
-0.0372956
-0.0379749
-0.0386522
-0.0393276
-0.0400011
-0.0406727
-0.0413424
-0.0420103
-0.0426765
-0.0433409
-0.0440037
-0.0446648
-0.0453242
-0.0459822
-0.0466386
-0.0472935
-0.047947
-0.0485992
-0.04925
-0.0498995
-0.0505479
-0.0511951
-0.0335912
-0.0342225
-0.0348519
-0.0354796
-0.0361055
-0.0367298
-0.0373523
-0.0379732
-0.0385924
-0.03921
-0.0398261
-0.0404406
-0.0410536
-0.0416651
-0.0422752
-0.0428839
-0.0434912
-0.0440972
-0.0447019
-0.0453054
-0.0459076
-0.0465088
-0.0471088
-0.0477078
-0.0313426
-0.031926
-0.0325078
-0.033088
-0.0336666
-0.0342438
-0.0348195
-0.0353936
-0.0359664
-0.0365376
-0.0371075
-0.037676
-0.0382432
-0.038809
-0.0393735
-0.0399367
-0.0404987
-0.0410595
-0.041619
-0.0421774
-0.0427347
-0.0432916
-0.0438472
-0.0444017
-0.0291833
-0.0297227
-0.0302606
-0.0307972
-0.0313324
-0.0318662
-0.0323987
-0.03293
-0.0334599
-0.0339885
-0.0345159
-0.0350421
-0.035567
-0.0360908
-0.0366134
-0.0371349
-0.0376553
-0.0381746
-0.0386929
-0.0392101
-0.0397265
-0.0402411
-0.0407551
-0.0412684
-0.0271114
-0.0276103
-0.0281079
-0.0286043
-0.0290995
-0.0295935
-0.0300863
-0.030578
-0.0310684
-0.0315578
-0.032046
-0.0325331
-0.0330191
-0.033504
-0.0339878
-0.0344707
-0.0349525
-0.0354333
-0.0359131
-0.036392
-0.03687
-0.0373469
-0.0378231
-0.0382985
-0.025125
-0.0255866
-0.0260472
-0.0265066
-0.026965
-0.0274223
-0.0278786
-0.0283338
-0.0287879
-0.0292411
-0.0296932
-0.0301443
-0.0305944
-0.0310435
-0.0314917
-0.0319389
-0.0323852
-0.0328306
-0.0332751
-0.0337187
-0.0341615
-0.0346034
-0.0350445
-0.0354849
-0.0232222
-0.0236496
-0.024076
-0.0245015
-0.024926
-0.0253495
-0.0257721
-0.0261938
-0.0266144
-0.0270342
-0.0274531
-0.027871
-0.028288
-0.0287041
-0.0291194
-0.0295338
-0.0299473
-0.03036
-0.0307719
-0.031183
-0.0315932
-0.0320028
-0.0324115
-0.0328195
-0.0214011
-0.021797
-0.022192
-0.0225862
-0.0229795
-0.0233719
-0.0237635
-0.0241542
-0.0245441
-0.0249331
-0.0253213
-0.0257086
-0.0260952
-0.0264809
-0.0268658
-0.0272499
-0.0276332
-0.0280157
-0.0283975
-0.0287786
-0.0291589
-0.0295384
-0.0299173
-0.0302955
-0.0196598
-0.0200267
-0.0203928
-0.0207581
-0.0211227
-0.0214865
-0.0218495
-0.0222117
-0.0225732
-0.0229338
-0.0232938
-0.0236529
-0.0240113
-0.0243689
-0.0247258
-0.025082
-0.0254375
-0.0257922
-0.0261462
-0.0264995
-0.0268521
-0.0272041
-0.0275554
-0.0279061
-0.0179962
-0.0183364
-0.0186759
-0.0190147
-0.0193528
-0.0196902
-0.0200268
-0.0203628
-0.0206981
-0.0210326
-0.0213665
-0.0216996
-0.022032
-0.0223638
-0.0226949
-0.0230252
-0.0233549
-0.023684
-0.0240124
-0.0243401
-0.0246672
-0.0249936
-0.0253195
-0.0256447
-0.0164084
-0.016724
-0.017039
-0.0173533
-0.017667
-0.0179801
-0.0182924
-0.0186042
-0.0189153
-0.0192257
-0.0195355
-0.0198447
-0.0201532
-0.020461
-0.0207682
-0.0210748
-0.0213808
-0.0216861
-0.0219908
-0.0222949
-0.0225984
-0.0229013
-0.0232036
-0.0235053
-0.0148944
-0.0151873
-0.0154797
-0.0157714
-0.0160626
-0.0163532
-0.0166432
-0.0169326
-0.0172214
-0.0175096
-0.0177972
-0.0180842
-0.0183706
-0.0186564
-0.0189416
-0.0192262
-0.0195103
-0.0197937
-0.0200765
-0.0203588
-0.0206405
-0.0209216
-0.0212022
-0.0214822
-0.013452
-0.013724
-0.0139955
-0.0142665
-0.0145369
-0.0148068
-0.0150762
-0.015345
-0.0156132
-0.0158808
-0.016148
-0.0164145
-0.0166805
-0.0169459
-0.0172108
-0.0174751
-0.0177388
-0.018002
-0.0182647
-0.0185268
-0.0187883
-0.0190493
-0.0193098
-0.0195698
-0.0120792
-0.012332
-0.0125843
-0.0128361
-0.0130873
-0.0133381
-0.0135884
-0.0138381
-0.0140873
-0.014336
-0.0145842
-0.0148319
-0.015079
-0.0153256
-0.0155717
-0.0158172
-0.0160622
-0.0163067
-0.0165507
-0.0167941
-0.0170371
-0.0172795
-0.0175214
-0.0177628
-0.010774
-0.011009
-0.0112435
-0.0114775
-0.0117111
-0.0119443
-0.0121769
-0.012409
-0.0126407
-0.0128719
-0.0131026
-0.0133328
-0.0135625
-0.0137917
-0.0140204
-0.0142486
-0.0144763
-0.0147035
-0.0149302
-0.0151564
-0.0153821
-0.0156074
-0.0158321
-0.0160564
-0.00953423
-0.00975277
-0.00997089
-0.0101886
-0.0104058
-0.0106226
-0.010839
-0.0110549
-0.0112703
-0.0114853
-0.0116998
-0.0119138
-0.0121274
-0.0123405
-0.0125531
-0.0127653
-0.012977
-0.0131882
-0.0133989
-0.0136092
-0.0138189
-0.0140282
-0.0142371
-0.0144454
-0.00835782
-0.00856117
-0.00876412
-0.00896666
-0.00916879
-0.00937051
-0.0095718
-0.00977266
-0.00997308
-0.0101731
-0.0103726
-0.0105717
-0.0107704
-0.0109686
-0.0111664
-0.0113637
-0.0115605
-0.0117569
-0.0119529
-0.0121484
-0.0123434
-0.012538
-0.0127321
-0.0129258
-0.00724269
-0.00743199
-0.00762092
-0.00780946
-0.00799761
-0.00818536
-0.00837272
-0.00855967
-0.0087462
-0.00893232
-0.00911803
-0.00930331
-0.00948816
-0.00967259
-0.00985658
-0.0100401
-0.0102233
-0.010406
-0.0105882
-0.01077
-0.0109514
-0.0111323
-0.0113128
-0.0114929
-0.00618676
-0.00636306
-0.006539
-0.00671458
-0.00688979
-0.00706462
-0.00723907
-0.00741314
-0.00758681
-0.00776009
-0.00793297
-0.00810544
-0.0082775
-0.00844916
-0.0086204
-0.00879123
-0.00896163
-0.00913162
-0.00930119
-0.00947033
-0.00963905
-0.00980735
-0.00997522
-0.0101427
-0.00518796
-0.00535222
-0.00551614
-0.00567972
-0.00584294
-0.00600581
-0.0061683
-0.00633043
-0.00649219
-0.00665356
-0.00681456
-0.00697516
-0.00713538
-0.0072952
-0.00745462
-0.00761364
-0.00777226
-0.00793048
-0.00808828
-0.00824568
-0.00840268
-0.00855926
-0.00871542
-0.00887118
-0.00424425
-0.00439736
-0.00455014
-0.00470259
-0.00485471
-0.00500647
-0.00515789
-0.00530896
-0.00545967
-0.00561001
-0.00575998
-0.00590959
-0.00605881
-0.00620766
-0.00635612
-0.0065042
-0.00665189
-0.00679919
-0.00694609
-0.0070926
-0.00723872
-0.00738443
-0.00752975
-0.00767466
-0.00335361
-0.00349638
-0.00363883
-0.00378097
-0.00392278
-0.00406426
-0.00420541
-0.00434621
-0.00448667
-0.00462678
-0.00476653
-0.00490593
-0.00504496
-0.00518363
-0.00532193
-0.00545985
-0.0055974
-0.00573457
-0.00587136
-0.00600777
-0.0061438
-0.00627943
-0.00641468
-0.00654954
-0.00251405
-0.00264722
-0.00278009
-0.00291266
-0.00304492
-0.00317685
-0.00330846
-0.00343975
-0.0035707
-0.00370131
-0.00383158
-0.00396151
-0.00409108
-0.0042203
-0.00434917
-0.00447767
-0.00460581
-0.00473358
-0.00486099
-0.00498802
-0.00511468
-0.00524096
-0.00536687
-0.00549239
-0.00172361
-0.00184788
-0.00197186
-0.00209554
-0.00221892
-0.002342
-0.00246476
-0.00258721
-0.00270934
-0.00283113
-0.0029526
-0.00307373
-0.00319453
-0.00331498
-0.00343509
-0.00355484
-0.00367425
-0.00379329
-0.00391198
-0.00403031
-0.00414828
-0.00426588
-0.00438311
-0.00449998
-0.000980367
-0.00109637
-0.00121209
-0.00132753
-0.00144268
-0.00155753
-0.00167207
-0.00178631
-0.00190024
-0.00201385
-0.00212715
-0.00224012
-0.00235276
-0.00246507
-0.00257704
-0.00268867
-0.00279997
-0.00291091
-0.00302151
-0.00313176
-0.00324166
-0.0033512
-0.00346038
-0.0035692
-0.000282454
-0.000390781
-0.000498835
-0.000606613
-0.000714107
-0.000821315
-0.00092823
-0.00103485
-0.00114116
-0.00124717
-0.00135288
-0.00145826
-0.00156333
-0.00166808
-0.0017725
-0.00187659
-0.00198035
-0.00208377
-0.00218686
-0.0022896
-0.002392
-0.00249406
-0.00259576
-0.00269712
0.00037196
0.000270766
0.000169836
6.91744e-05
-3.12134e-05
-0.000131323
-0.000231148
-0.000330686
-0.000429932
-0.000528881
-0.000627529
-0.000725872
-0.000823907
-0.000921629
-0.00101903
-0.00111612
-0.00121289
-0.00130932
-0.00140543
-0.00150121
-0.00159665
-0.00169175
-0.00178652
-0.00188094
0.000984655
0.000890087
0.000795775
0.000701724
0.000607938
0.000514423
0.000421182
0.00032822
0.000235543
0.000143153
5.10551e-05
-4.07469e-05
-0.000132249
-0.000223448
-0.000314339
-0.000404921
-0.000495188
-0.000585138
-0.000674768
-0.000764075
-0.000853055
-0.000941707
-0.00103003
-0.00111801
0.00155735
0.00146894
0.00138078
0.00129286
0.00120521
0.00111782
0.00103069
0.000943839
0.00085726
0.000770961
0.000684946
0.000599218
0.000513781
0.000428639
0.000343796
0.000259254
0.000175018
9.10907e-05
7.47478e-06
-7.58264e-05
-0.00015881
-0.000241473
-0.000323813
-0.000405828
0.00209172
0.00200902
0.00192656
0.00184435
0.00176239
0.00168068
0.00159923
0.00151805
0.00143713
0.00135649
0.00127612
0.00119603
0.00111622
0.0010367
0.000957469
0.000878532
0.000799892
0.000721553
0.000643517
0.000565787
0.000488367
0.00041126
0.000334467
0.000257992
0.00266697
0.00258935
0.00251195
0.00243479
0.00235787
0.00228119
0.00220475
0.00212857
0.00205265
0.00197699
0.00190158
0.00182645
0.00175159
0.001677
0.0016027
0.00152867
0.00145493
0.00138148
0.00130832
0.00123546
0.0011629
0.00109063
0.00101868
0.000947025
0.000875684
0.00312447
0.00305176
0.00297929
0.00290704
0.00283502
0.00276323
0.00269169
0.00262039
0.00254934
0.00247855
0.00240801
0.00233773
0.00226771
0.00219796
0.00212848
0.00205928
0.00199036
0.00192171
0.00185335
0.00178528
0.0017175
0.00165002
0.00158283
0.00151594
0.00144935
0.00354858
0.00348044
0.00341251
0.00334481
0.00327733
0.00321008
0.00314306
0.00307628
0.00300975
0.00294346
0.00287741
0.00281163
0.00274609
0.00268082
0.00261581
0.00255107
0.0024866
0.00242241
0.00235849
0.00229485
0.0022315
0.00216843
0.00210565
0.00204316
0.00198097
0.00394067
0.00387674
0.00381302
0.00374952
0.00368624
0.00362318
0.00356035
0.00349774
0.00343538
0.00337325
0.00331136
0.00324972
0.00318833
0.0031272
0.00306632
0.0030057
0.00294534
0.00288526
0.00282544
0.00276589
0.00270662
0.00264763
0.00258893
0.00253051
0.00247237
0.00430201
0.00424197
0.00418214
0.00412251
0.0040631
0.0040039
0.00394493
0.00388618
0.00382766
0.00376937
0.00371131
0.0036535
0.00359593
0.00353861
0.00348153
0.00342471
0.00336815
0.00331184
0.0032558
0.00320003
0.00314453
0.00308929
0.00303434
0.00297966
0.00292526
0.0046338
0.00457734
0.00452107
0.00446501
0.00440916
0.00435352
0.00429809
0.00424288
0.0041879
0.00413314
0.00407861
0.00402431
0.00397025
0.00391643
0.00386286
0.00380953
0.00375645
0.00370362
0.00365105
0.00359875
0.0035467
0.00349492
0.00344341
0.00339217
0.0033412
0.00493713
0.00488395
0.00483096
0.00477817
0.00472558
0.00467319
0.00462101
0.00456905
0.0045173
0.00446578
0.00441448
0.0043634
0.00431256
0.00426195
0.00421158
0.00416144
0.00411156
0.00406192
0.00401253
0.00396339
0.00391451
0.00386589
0.00381754
0.00376945
0.00372163
0.005213
0.0051628
0.0051128
0.00506299
0.00501338
0.00496396
0.00491475
0.00486575
0.00481696
0.00476838
0.00472003
0.00467189
0.00462398
0.0045763
0.00452885
0.00448163
0.00443465
0.00438792
0.00434143
0.00429519
0.00424919
0.00420345
0.00415797
0.00411275
0.00406779
0.00546231
0.00541483
0.00536753
0.00532043
0.00527351
0.0052268
0.00518028
0.00513396
0.00508785
0.00504195
0.00499626
0.00495079
0.00490554
0.00486051
0.00481571
0.00477114
0.0047268
0.0046827
0.00463884
0.00459522
0.00455184
0.00450871
0.00446584
0.00442321
0.00438085
0.00568578
0.00564075
0.00559589
0.00555122
0.00550674
0.00546245
0.00541835
0.00537445
0.00533075
0.00528726
0.00524398
0.00520091
0.00515805
0.00511541
0.005073
0.00503081
0.00498884
0.00494711
0.00490561
0.00486435
0.00482333
0.00478256
0.00474202
0.00470174
0.00466171
0.00588414
0.00584128
0.0057986
0.0057561
0.00571379
0.00567166
0.00562973
0.00558798
0.00554644
0.0055051
0.00546396
0.00542303
0.00538231
0.00534181
0.00530152
0.00526145
0.00522161
0.00518199
0.0051426
0.00510344
0.00506452
0.00502584
0.0049874
0.0049492
0.00491125
0.00605774
0.0060168
0.00597604
0.00593545
0.00589505
0.00585483
0.00581479
0.00577495
0.00573531
0.00569586
0.00565661
0.00561756
0.00557873
0.0055401
0.00550169
0.00546349
0.00542551
0.00538776
0.00535023
0.00531293
0.00527586
0.00523902
0.00520242
0.00516606
0.00512995
0.00620711
0.00616783
0.00612873
0.0060898
0.00605105
0.00601248
0.0059741
0.0059359
0.0058979
0.00586009
0.00582248
0.00578507
0.00574787
0.00571087
0.00567408
0.00563751
0.00560115
0.00556501
0.00552909
0.00549339
0.00545793
0.00542269
0.00538769
0.00535292
0.00531839
0.0063321
0.00629423
0.00625652
0.00621899
0.00618164
0.00614447
0.00610748
0.00607068
0.00603407
0.00599765
0.00596143
0.0059254
0.00588958
0.00585396
0.00581855
0.00578335
0.00574836
0.00571359
0.00567904
0.00564471
0.0056106
0.00557672
0.00554307
0.00550966
0.00547647
0.00643316
0.00639642
0.00635986
0.00632348
0.00628726
0.00625123
0.00621538
0.00617972
0.00614424
0.00610896
0.00607387
0.00603897
0.00600428
0.00596979
0.0059355
0.00590142
0.00586756
0.0058339
0.00580047
0.00576725
0.00573425
0.00570148
0.00566893
0.00563661
0.00560453
0.00650919
0.00647333
0.00643765
0.00640214
0.00636681
0.00633166
0.0062967
0.00626192
0.00622732
0.00619292
0.00615872
0.0061247
0.00609089
0.00605729
0.00602388
0.00599068
0.0059577
0.00592492
0.00589236
0.00586002
0.0058279
0.005796
0.00576432
0.00573287
0.00570165
0.006561
0.00652575
0.00649067
0.00645577
0.00642105
0.0063865
0.00635214
0.00631797
0.00628399
0.00625019
0.00621659
0.00618319
0.00614998
0.00611698
0.00608418
0.00605158
0.0060192
0.00598702
0.00595506
0.00592331
0.00589178
0.00586047
0.00582939
0.00579853
0.00576789
0.00658544
0.00655053
0.00651579
0.00648123
0.00644686
0.00641267
0.00637867
0.00634486
0.00631125
0.00627783
0.0062446
0.00621158
0.00617875
0.00614613
0.00611371
0.00608151
0.00604951
0.00601772
0.00598615
0.00595479
0.00592366
0.00589274
0.00586204
0.00583157
0.00580132
0.0258313
0.0257713
0.0257113
0.0256513
0.0255915
0.0255317
0.0254721
0.0254125
0.025353
0.0252936
0.0252343
0.0251751
0.0251161
0.0250571
0.0249982
0.0249395
0.0248808
0.0248223
0.0247639
0.0247056
0.0246475
0.0245894
0.0245315
0.0244738
0.0244161
0.0243586
0.0258242
0.0257637
0.0257032
0.0256429
0.0255826
0.0255223
0.0254622
0.0254021
0.0253421
0.0252823
0.0252224
0.0251627
0.0251031
0.0250436
0.0249842
0.0249249
0.0248657
0.0248066
0.0247476
0.0246888
0.0246301
0.0245715
0.024513
0.0244547
0.0243965
0.0243384
0.0258035
0.0257422
0.025681
0.0256198
0.0255587
0.0254977
0.0254367
0.0253759
0.0253151
0.0252544
0.0251938
0.0251333
0.0250728
0.0250125
0.0249523
0.0248922
0.0248322
0.0247723
0.0247125
0.0246528
0.0245933
0.0245339
0.0244746
0.0244154
0.0243564
0.0242976
0.0257733
0.0257108
0.0256485
0.0255862
0.025524
0.0254618
0.0253997
0.0253377
0.0252757
0.0252138
0.025152
0.0250904
0.0250287
0.0249672
0.0249058
0.0248445
0.0247833
0.0247222
0.0246613
0.0246004
0.0245397
0.0244791
0.0244186
0.0243583
0.0242981
0.024238
0.0257316
0.0256677
0.0256039
0.0255401
0.0254764
0.0254127
0.0253491
0.0252856
0.0252222
0.0251588
0.0250955
0.0250323
0.0249692
0.0249062
0.0248433
0.0247805
0.0247178
0.0246553
0.0245928
0.0245304
0.0244682
0.0244061
0.0243442
0.0242823
0.0242206
0.0241591
0.0256798
0.0256141
0.0255484
0.0254828
0.0254173
0.0253518
0.0252864
0.0252211
0.0251558
0.0250906
0.0250255
0.0249605
0.0248956
0.0248307
0.024766
0.0247014
0.0246369
0.0245724
0.0245082
0.024444
0.0243799
0.024316
0.0242522
0.0241886
0.0241251
0.0240617
0.0256169
0.0255491
0.0254813
0.0254135
0.0253459
0.0252782
0.0252107
0.0251432
0.0250758
0.0250085
0.0249412
0.024874
0.024807
0.02474
0.0246731
0.0246063
0.0245397
0.0244731
0.0244067
0.0243404
0.0242742
0.0242081
0.0241422
0.0240764
0.0240108
0.0239453
0.0255433
0.025473
0.0254027
0.0253325
0.0252624
0.0251923
0.0251223
0.0250523
0.0249824
0.0249126
0.0248429
0.0247733
0.0247037
0.0246343
0.0245649
0.0244957
0.0244266
0.0243575
0.0242886
0.0242199
0.0241512
0.0240827
0.0240143
0.0239461
0.023878
0.0238101
0.0254584
0.0253853
0.0253123
0.0252393
0.0251663
0.0250935
0.0250206
0.0249479
0.0248752
0.0248026
0.0247301
0.0246576
0.0245853
0.024513
0.0244409
0.0243689
0.0242969
0.0242251
0.0241535
0.0240819
0.0240105
0.0239392
0.023868
0.023797
0.0237262
0.0236555
0.0253622
0.0252859
0.0252098
0.0251336
0.0250575
0.0249815
0.0249056
0.0248297
0.0247539
0.0246781
0.0246025
0.0245269
0.0244515
0.0243761
0.0243008
0.0242257
0.0241506
0.0240757
0.0240009
0.0239262
0.0238517
0.0237773
0.0237031
0.0236289
0.023555
0.0234812
0.025254
0.0251743
0.0250946
0.025015
0.0249355
0.024856
0.0247766
0.0246972
0.0246179
0.0245387
0.0244596
0.0243806
0.0243017
0.0242229
0.0241441
0.0240655
0.023987
0.0239087
0.0238304
0.0237523
0.0236743
0.0235965
0.0235188
0.0234412
0.0233638
0.0232866
0.0251336
0.02505
0.0249666
0.0248832
0.0247998
0.0247165
0.0246333
0.0245501
0.024467
0.024384
0.0243011
0.0242182
0.0241355
0.0240529
0.0239704
0.0238879
0.0238057
0.0237235
0.0236414
0.0235595
0.0234778
0.0233961
0.0233147
0.0232333
0.0231522
0.0230712
0.0250004
0.0249127
0.024825
0.0247375
0.0246499
0.0245625
0.0244751
0.0243877
0.0243005
0.0242133
0.0241262
0.0240392
0.0239523
0.0238655
0.0237789
0.0236923
0.0236059
0.0235195
0.0234333
0.0233473
0.0232614
0.0231756
0.02309
0.0230045
0.0229192
0.0228341
0.0247617
0.0246695
0.0245774
0.0244854
0.0243934
0.0243014
0.0242096
0.0241178
0.0240261
0.0239345
0.0238429
0.0237515
0.0236602
0.023569
0.0234779
0.023387
0.0232961
0.0232054
0.0231149
0.0230244
0.0229341
0.022844
0.0227541
0.0226643
0.0225746
0.0245966
0.0244995
0.0244025
0.0243055
0.0242086
0.0241117
0.024015
0.0239183
0.0238217
0.0237251
0.0236287
0.0235324
0.0234362
0.0233401
0.0232441
0.0231482
0.0230525
0.0229569
0.0228614
0.0227661
0.0226709
0.0225759
0.0224811
0.0223864
0.0222919
0.0244167
0.0243144
0.024212
0.0241098
0.0240075
0.0239054
0.0238033
0.0237013
0.0235994
0.0234976
0.0233959
0.0232943
0.0231927
0.0230913
0.0229901
0.0228889
0.0227879
0.022687
0.0225862
0.0224856
0.0223851
0.0222848
0.0221847
0.0220847
0.0219849
0.0242216
0.0241135
0.0240055
0.0238975
0.0237896
0.0236817
0.0235739
0.0234662
0.0233586
0.0232511
0.0231437
0.0230363
0.0229291
0.022822
0.022715
0.0226081
0.0225014
0.0223948
0.0222883
0.022182
0.0220758
0.0219698
0.021864
0.0217583
0.0216528
0.0240106
0.0238964
0.0237822
0.0236681
0.0235541
0.0234401
0.0233261
0.0232123
0.0230985
0.0229849
0.0228713
0.0227578
0.0226444
0.0225312
0.0224181
0.022305
0.0221922
0.0220794
0.0219668
0.0218544
0.0217421
0.0216299
0.0215179
0.0214061
0.0212945
0.0237832
0.0236624
0.0235416
0.0234209
0.0233003
0.0231797
0.0230592
0.0229387
0.0228184
0.0226981
0.022578
0.0224579
0.0223379
0.0222181
0.0220984
0.0219787
0.0218593
0.0217399
0.0216207
0.0215017
0.0213828
0.021264
0.0211454
0.021027
0.0209088
0.0235387
0.0234108
0.023283
0.0231553
0.0230276
0.0228999
0.0227723
0.0226448
0.0225174
0.0223901
0.0222629
0.0221357
0.0220087
0.0218818
0.021755
0.0216283
0.0215017
0.0213753
0.021249
0.0211229
0.0209969
0.0208711
0.0207454
0.0206199
0.0204946
0.0232766
0.0231411
0.0230058
0.0228705
0.0227352
0.0226
0.0224649
0.0223298
0.0221948
0.0220599
0.0219251
0.0217904
0.0216558
0.0215213
0.0213869
0.0212527
0.0211186
0.0209846
0.0208507
0.020717
0.0205834
0.02045
0.0203167
0.0201836
0.0200507
0.0229961
0.0228527
0.0227092
0.0225658
0.0224225
0.0222792
0.022136
0.0219928
0.0218498
0.0217068
0.0215639
0.0214211
0.0212784
0.0211358
0.0209933
0.0208509
0.0207087
0.0205666
0.0204246
0.0202828
0.0201411
0.0199995
0.0198581
0.0197169
0.0195758
0.0226969
0.0225448
0.0223927
0.0222407
0.0220887
0.0219368
0.0217849
0.0216331
0.0214814
0.0213298
0.0211782
0.0210268
0.0208754
0.0207241
0.020573
0.020422
0.020271
0.0201202
0.0199696
0.0198191
0.0196687
0.0195184
0.0193683
0.0192184
0.0190686
0.0223781
0.0222168
0.0220555
0.0218943
0.0217331
0.021572
0.0214109
0.0212498
0.0210889
0.020928
0.0207672
0.0206065
0.0204459
0.0202854
0.020125
0.0199647
0.0198045
0.0196444
0.0194845
0.0193247
0.019165
0.0190055
0.0188461
0.0186868
0.0185277
0.0220393
0.0218682
0.0216971
0.021526
0.021355
0.021184
0.021013
0.0208422
0.0206714
0.0205006
0.02033
0.0201594
0.0199889
0.0198185
0.0196482
0.019478
0.0193079
0.0191379
0.0189681
0.0187984
0.0186288
0.0184593
0.0182899
0.0181208
0.0179517
0.0216799
0.0214983
0.0213167
0.0211351
0.0209535
0.0207721
0.0205906
0.0204092
0.0202279
0.0200466
0.0198654
0.0196843
0.0195033
0.0193223
0.0191415
0.0189607
0.0187801
0.0185995
0.0184191
0.0182388
0.0180586
0.0178785
0.0176985
0.0175187
0.017339
0.0212992
0.0211064
0.0209136
0.0207208
0.0205281
0.0203354
0.0201427
0.0199501
0.0197576
0.0195651
0.0193726
0.0191803
0.018988
0.0187958
0.0186037
0.0184117
0.0182197
0.0180279
0.0178362
0.0176445
0.017453
0.0172616
0.0170703
0.0168792
0.0166881
0.0208968
0.020692
0.0204873
0.0202826
0.0200779
0.0198732
0.0196686
0.019464
0.0192595
0.019055
0.0188506
0.0186462
0.018442
0.0182377
0.0180336
0.0178296
0.0176256
0.0174217
0.0172179
0.0170142
0.0168106
0.0166072
0.0164038
0.0162005
0.0159973
0.0204719
0.0202544
0.020037
0.0198195
0.0196021
0.0193847
0.0191673
0.0189499
0.0187326
0.0185154
0.0182982
0.018081
0.017864
0.0176469
0.01743
0.0172131
0.0169963
0.0167796
0.0165629
0.0163464
0.0161299
0.0159135
0.0156972
0.015481
0.0152649
0.0200242
0.0197931
0.019562
0.019331
0.0190999
0.0188689
0.018638
0.018407
0.0181761
0.0179452
0.0177144
0.0174836
0.0172529
0.0170222
0.0167916
0.016561
0.0163306
0.0161002
0.0158698
0.0156395
0.0154093
0.0151792
0.0149492
0.0147191
0.0144892
0.0195529
0.0193073
0.0190618
0.0188162
0.0185707
0.0183252
0.0180797
0.0178342
0.0175888
0.0173433
0.017098
0.0168527
0.0166074
0.0163621
0.016117
0.0158718
0.0156267
0.0153817
0.0151367
0.0148918
0.014647
0.0144021
0.0141574
0.0139127
0.0136681
0.0190575
0.0187965
0.0185355
0.0182744
0.0180134
0.0177525
0.0174915
0.0172305
0.0169696
0.0167087
0.0164478
0.016187
0.0159262
0.0156654
0.0154047
0.015144
0.0148834
0.0146228
0.0143622
0.0141017
0.0138412
0.0135808
0.0133204
0.01306
0.0127997
0.0185375
0.01826
0.0179824
0.0177049
0.0174274
0.0171499
0.0168724
0.016595
0.0163175
0.0160401
0.0157627
0.0154853
0.015208
0.0149307
0.0146534
0.0143761
0.0140989
0.0138217
0.0135445
0.0132673
0.0129902
0.0127131
0.012436
0.0121589
0.0118819
0.0179922
0.0176971
0.017402
0.0171068
0.0168117
0.0165166
0.0162215
0.0159264
0.0156314
0.0153363
0.0150413
0.0147463
0.0144513
0.0141563
0.0138614
0.0135664
0.0132715
0.0129766
0.0126817
0.0123868
0.0120919
0.0117971
0.0115022
0.0112073
0.0109124
0.0174211
0.0171072
0.0167933
0.0164793
0.0161654
0.0158515
0.0155376
0.0152238
0.0149099
0.0145961
0.0142823
0.0139684
0.0136546
0.0133408
0.0130271
0.0127133
0.0123995
0.0120857
0.011772
0.0114582
0.0111444
0.0108305
0.0105167
0.0102028
0.00988888
0.0168236
0.0164896
0.0161556
0.0158216
0.0154876
0.0151537
0.0148197
0.0144858
0.0141519
0.013818
0.0134841
0.0131503
0.0128164
0.0124825
0.0121487
0.0118148
0.0114809
0.011147
0.0108131
0.0104792
0.0101452
0.0098112
0.00947715
0.00914304
0.00880885
0.016199
0.0158436
0.0154881
0.0151327
0.0147773
0.0144219
0.0140666
0.0137113
0.0133559
0.0130007
0.0126454
0.0122901
0.0119349
0.0115796
0.0112243
0.010869
0.0105137
0.0101584
0.00980302
0.0094476
0.00909212
0.00873658
0.00838103
0.00802537
0.00766959
0.0155467
0.0151683
0.0147899
0.0144116
0.0140334
0.0136551
0.0132769
0.0128987
0.0125206
0.0121425
0.0117644
0.0113863
0.0110082
0.0106301
0.0102521
0.00987394
0.0094958
0.00911761
0.00873938
0.0083611
0.00798274
0.0076043
0.00722573
0.00684707
0.00646828
0.014463
0.0140602
0.0136574
0.0132547
0.012852
0.0124494
0.0120468
0.0116443
0.0112418
0.0108394
0.010437
0.0100345
0.0096321
0.00922965
0.00882719
0.00842468
0.00802213
0.00761952
0.00721683
0.00681406
0.00641118
0.00600816
0.00560501
0.00520173
0.0137269
0.0132978
0.0128689
0.01244
0.0120112
0.0115826
0.011154
0.0107254
0.0102969
0.00986846
0.00944004
0.00901163
0.00858323
0.00815482
0.00772639
0.00729792
0.00686939
0.0064408
0.00601212
0.00558334
0.00515444
0.00472539
0.00429618
0.00386679
0.0129588
0.0125018
0.0120448
0.0115881
0.0111314
0.0106748
0.0102184
0.00976206
0.00930579
0.00884958
0.00839342
0.0079373
0.00748119
0.00702508
0.00656896
0.0061128
0.00565658
0.0052003
0.00474391
0.00428742
0.0038308
0.003374
0.00291702
0.00245983
0.0121579
0.0116708
0.011184
0.0106973
0.0102108
0.0097245
0.00923832
0.00875227
0.00826632
0.00778047
0.0072947
0.00680899
0.00632331
0.00583766
0.00535199
0.00486631
0.00438057
0.00389476
0.00340886
0.00292283
0.00243669
0.00195034
0.00146379
0.000976996
0.011323
0.0108038
0.0102849
0.00976627
0.00924787
0.00872968
0.0082117
0.0076939
0.00717625
0.00665874
0.00614135
0.00562405
0.00510682
0.00458962
0.00407244
0.00355526
0.00303803
0.00252074
0.00200334
0.00148582
0.000968301
0.000450506
-6.75607e-05
-0.000585879
0.0104527
0.00989917
0.00934596
0.0087931
0.00824054
0.00768828
0.00713629
0.00658454
0.00603301
0.00548168
0.00493052
0.00437949
0.00382858
0.00327774
0.00272696
0.0021762
0.00162543
0.00107461
0.000523724
-2.72727e-05
-0.000578424
-0.00112978
-0.00168138
-0.00223324
0.00954586
0.00895541
0.00836543
0.0077759
0.00718677
0.00659803
0.00600965
0.00542159
0.00483384
0.00424635
0.00365909
0.00307204
0.00248515
0.0018984
0.00131174
0.000725143
0.000138568
-0.000448022
-0.00103466
-0.00162139
-0.0022084
-0.00279552
-0.00338281
-0.00397035
0.00860075
0.00797074
0.00734133
0.00671249
0.00608418
0.00545637
0.00482903
0.00420212
0.00357561
0.00294945
0.00232361
0.00169806
0.00107275
0.000447636
-0.000177317
-0.000802152
-0.00142691
-0.00205165
-0.0026764
-0.00330118
-0.00392613
-0.00455124
-0.00517654
-0.0058021
0.00761569
0.00694322
0.0062715
0.00560051
0.0049302
0.00426053
0.00359146
0.00292295
0.00225496
0.00158744
0.000920352
0.000253648
-0.000412719
-0.00107879
-0.00174463
-0.00241027
-0.00307577
-0.00374117
-0.00440653
-0.00507183
-0.00573728
-0.0064029
-0.00706869
-0.00773472
0.00658875
0.00587065
0.00515351
0.00443728
0.00372191
0.00300735
0.00229356
0.00158049
0.000868082
0.000156292
-0.000554934
-0.00126565
-0.00197591
-0.00268577
-0.00339529
-0.00410452
-0.00481353
-0.00552238
-0.00623113
-0.00693939
-0.00764792
-0.00835667
-0.00906557
-0.00977465
0.00551775
0.0047506
0.00398465
0.00321983
0.00245609
0.00169337
0.000931627
0.000170794
-0.000589185
-0.00134837
-0.00210681
-0.00286458
-0.00362174
-0.00437834
-0.00513446
-0.00589014
-0.00664547
-0.00740049
-0.00815526
-0.00891002
-0.00966469
-0.0104193
-0.0111741
-0.0119289
0.00440024
0.00358032
0.00276186
0.00194482
0.00112911
0.00031468
-0.000498534
-0.0013106
-0.00212159
-0.00293156
-0.00374059
-0.00454874
-0.00535609
-0.0061627
-0.00696865
-0.00777402
-0.00857888
-0.00938329
-0.0101873
-0.0109914
-0.0117951
-0.0125986
-0.0134021
-0.0142057
0.00323347
0.00235668
0.00148171
0.00060846
-0.000263133
-0.00113315
-0.00200165
-0.00286872
-0.00373444
-0.00459889
-0.00546213
-0.00632426
-0.00718535
-0.00804548
-0.00890475
-0.00976321
-0.010621
-0.0114781
-0.0123346
-0.0131908
-0.0140467
-0.0149023
-0.0157578
-0.0166131
0.00201439
0.00107631
0.000140425
-0.00079334
-0.00172508
-0.00265486
-0.00358279
-0.00450895
-0.00543342
-0.0063563
-0.00727767
-0.00819763
-0.00911627
-0.0100337
-0.01095
-0.0118652
-0.0127795
-0.013693
-0.0146051
-0.015517
-0.0164287
-0.0173398
-0.0182506
-0.0191611
0.000739511
-0.000264756
-0.00126635
-0.00226536
-0.0032619
-0.00425606
-0.00524794
-0.00623763
-0.00722524
-0.00821087
-0.00919462
-0.0101766
-0.0111569
-0.0121356
-0.0131129
-0.0140889
-0.0150635
-0.0160371
-0.017009
-0.0179804
-0.0189513
-0.0199215
-0.0208911
-0.0218602
-0.000594998
-0.00167079
-0.00274335
-0.00381278
-0.0048792
-0.00594273
-0.00700346
-0.00806151
-0.00911701
-0.01017
-0.0112208
-0.0122692
-0.0133156
-0.01436
-0.0154025
-0.0164432
-0.0174823
-0.0185196
-0.0195569
-0.0205924
-0.0216264
-0.0226593
-0.0236914
-0.0247228
-0.00199356
-0.00314678
-0.00429609
-0.00544164
-0.00658355
-0.00772195
-0.00885697
-0.00998872
-0.0111173
-0.012243
-0.0133657
-0.0144857
-0.0156031
-0.016718
-0.0178305
-0.0189408
-0.020049
-0.0211547
-0.0222594
-0.0233625
-0.024464
-0.0255641
-0.0266629
-0.0277607
-0.00346097
-0.00469809
-0.00593053
-0.00715844
-0.00838198
-0.00960127
-0.0108165
-0.0120277
-0.0132352
-0.014439
-0.0156393
-0.0168363
-0.0180302
-0.019221
-0.020409
-0.0215943
-0.0227772
-0.0239542
-0.0251309
-0.0263064
-0.02748
-0.0286515
-0.0298213
-0.0309895
-0.00500271
-0.00633089
-0.00765346
-0.00897061
-0.0102825
-0.0115892
-0.0128911
-0.0141881
-0.0154804
-0.0167683
-0.0180519
-0.0193313
-0.0206067
-0.0218783
-0.0231461
-0.0244102
-0.0256707
-0.0269308
-0.028187
-0.0294395
-0.0306894
-0.0319368
-0.0331821
-0.0344253
-0.00662495
-0.00805215
-0.00947267
-0.0108867
-0.0122944
-0.013696
-0.0150917
-0.0164816
-0.0178659
-0.0192448
-0.0206184
-0.0219871
-0.0233508
-0.0247099
-0.0260644
-0.0274145
-0.0287599
-0.030103
-0.0314421
-0.0327773
-0.034109
-0.0354376
-0.0367632
-0.0380861
-0.00833444
-0.00986949
-0.0113966
-0.012916
-0.0144278
-0.0159324
-0.0174298
-0.0189202
-0.020404
-0.0218813
-0.0233523
-0.0248172
-0.0262762
-0.0277296
-0.0291776
-0.0306202
-0.0320547
-0.0334866
-0.0349149
-0.0363386
-0.0377578
-0.0391728
-0.0405841
-0.0419917
-0.0101388
-0.0117915
-0.0134348
-0.0150689
-0.016694
-0.0183104
-0.0199182
-0.0215177
-0.0231091
-0.0246927
-0.0262686
-0.0278371
-0.0293984
-0.0309527
-0.0325002
-0.0340407
-0.0355759
-0.0371053
-0.0386286
-0.0401463
-0.0416586
-0.0431658
-0.0446681
-0.0461657
-0.0120464
-0.0138279
-0.0155981
-0.0173574
-0.019106
-0.0208442
-0.0225722
-0.0242902
-0.0259986
-0.0276975
-0.0293871
-0.0310678
-0.0327396
-0.0344028
-0.0360574
-0.0377028
-0.0393447
-0.0409786
-0.0426043
-0.0442228
-0.0458346
-0.0474401
-0.0490394
-0.0506328
-0.0140669
-0.0159894
-0.0178986
-0.0197948
-0.0216784
-0.0235496
-0.0254087
-0.027256
-0.0290918
-0.0309163
-0.03273
-0.034533
-0.0363258
-0.0381087
-0.0398819
-0.041637
-0.0433883
-0.045133
-0.0468687
-0.0485953
-0.0503135
-0.0520238
-0.0537263
-0.0554214
-0.0162106
-0.0182878
-0.0203494
-0.0223957
-0.0244269
-0.0264434
-0.0284453
-0.0304331
-0.032407
-0.0343672
-0.036314
-0.0382477
-0.0401684
-0.0420763
-0.0439708
-0.0458609
-0.0477378
-0.0496014
-0.0514536
-0.0532955
-0.0551273
-0.0569493
-0.0587616
-0.0605646
-0.0184893
-0.0207371
-0.0229664
-0.0251777
-0.0273711
-0.029547
-0.0317057
-0.0338475
-0.0359728
-0.0380819
-0.0401749
-0.0422522
-0.0443141
-0.0463605
-0.0483883
-0.0504091
-0.0524167
-0.0544094
-0.0563882
-0.0583542
-0.0603077
-0.062249
-0.0641784
-0.0660961
-0.0209156
-0.0233517
-0.025766
-0.028159
-0.0305309
-0.0328821
-0.035213
-0.0375239
-0.0398153
-0.0420875
-0.044341
-0.0465763
-0.0487938
-0.0509933
-0.0531626
-0.0553239
-0.0574722
-0.0596034
-0.0617178
-0.0638163
-0.0658994
-0.0679676
-0.0700211
-0.0720603
-0.023504
-0.0261484
-0.0287671
-0.0313606
-0.0339291
-0.036473
-0.0389925
-0.041488
-0.0439595
-0.0464072
-0.048831
-0.0512304
-0.0536053
-0.055953
-0.0583042
-0.0606327
-0.0629351
-0.0652152
-0.0674756
-0.0697171
-0.0719399
-0.0741441
-0.0763302
-0.0784986
-0.0262699
-0.0291457
-0.0319915
-0.0348076
-0.0375946
-0.0403529
-0.0430832
-0.045786
-0.0484622
-0.0511128
-0.0537394
-0.0563435
-0.0589258
-0.0614087
-0.0639071
-0.0664008
-0.0688691
-0.07131
-0.0737264
-0.0761197
-0.0784904
-0.0808386
-0.0831647
-0.0854692
-0.0292312
-0.0323641
-0.0354614
-0.0385233
-0.0415502
-0.0445421
-0.0474994
-0.0504219
-0.0533094
-0.0561612
-0.0589764
-0.0617533
-0.0644871
-0.0672768
-0.0700054
-0.0726782
-0.0753172
-0.0779297
-0.0805152
-0.0830725
-0.0856019
-0.0881037
-0.0905787
-0.0930272
-0.0324058
-0.035827
-0.0392067
-0.0425451
-0.0458428
-0.0491003
-0.0523182
-0.0554973
-0.0586387
-0.0617438
-0.0648144
-0.0678503
-0.070784
-0.0737218
-0.0766361
-0.0795103
-0.0823463
-0.0851472
-0.087914
-0.0906465
-0.0933452
-0.0960106
-0.0986432
-0.101244
-0.0358218
-0.0395651
-0.0432592
-0.0469043
-0.0505006
-0.054048
-0.0575466
-0.0609963
-0.0643967
-0.0677471
-0.0710456
-0.0742799
-0.0775536
-0.080757
-0.0838924
-0.0869799
-0.0900265
-0.0930317
-0.0959948
-0.0989159
-0.101796
-0.104635
-0.107435
-0.110195
-0.0394819
-0.0435898
-0.0476404
-0.0516336
-0.0555696
-0.0594485
-0.0632703
-0.0670351
-0.0707426
-0.074393
-0.077982
-0.0815117
-0.0850122
-0.0884566
-0.0918403
-0.0951694
-0.0984468
-0.101673
-0.104848
-0.107972
-0.111045
-0.11407
-0.117046
-0.119974
-0.0434564
-0.0479739
-0.0524243
-0.0568077
-0.0611241
-0.0653737
-0.0695568
-0.073674
-0.0777259
-0.0817097
-0.0855554
-0.0894133
-0.0932153
-0.0969395
-0.100594
-0.104184
-0.107712
-0.111177
-0.11458
-0.117921
-0.121202
-0.124423
-0.127585
-0.130688
-0.047671
-0.0526587
-0.0575673
-0.0623962
-0.0671447
-0.0718121
-0.0763971
-0.0808984
-0.085312
-0.0896091
-0.09393
-0.0981568
-0.102274
-0.106304
-0.110258
-0.114137
-0.11794
-0.121666
-0.125316
-0.128892
-0.132394
-0.135823
-0.13918
-0.142466
-0.052346
-0.0578586
-0.0632806
-0.0686113
-0.07385
-0.0789957
-0.0840467
-0.0889975
-0.0938173
-0.0985744
-0.103265
-0.107845
-0.112319
-0.116699
-0.120987
-0.125183
-0.129286
-0.133296
-0.137215
-0.141043
-0.144782
-0.148432
-0.151994
-0.155469
-0.0571479
-0.063286
-0.0693161
-0.075237
-0.0810479
-0.0867485
-0.0923372
-0.0977987
-0.103169
-0.108457
-0.113599
-0.118605
-0.123493
-0.128269
-0.132931
-0.137478
-0.141912
-0.146232
-0.15044
-0.154536
-0.158523
-0.1624
-0.166169
-0.169832
0.0243013
0.0242441
0.024187
0.0241301
0.0240733
0.0240167
0.0239603
0.023904
0.0242805
0.0242227
0.0241651
0.0241076
0.0240502
0.0239931
0.0239361
0.0238792
0.0242388
0.0241803
0.0241218
0.0240635
0.0240054
0.0239474
0.0238896
0.023832
0.0241781
0.0241183
0.0240587
0.0239993
0.02394
0.0238808
0.0238218
0.023763
0.0240977
0.0240365
0.0239754
0.0239144
0.0238537
0.0237931
0.0237326
0.0236724
0.0239985
0.0239355
0.0238726
0.0238098
0.0237473
0.0236849
0.0236226
0.0235606
0.02388
0.0238148
0.0237498
0.023685
0.0236203
0.0235558
0.0234914
0.0234273
0.0237423
0.0236747
0.0236073
0.02354
0.0234729
0.0234059
0.0233392
0.0232726
0.0235849
0.0235146
0.0234443
0.0233743
0.0233044
0.0232348
0.0231653
0.0230959
0.0234076
0.0233341
0.0232608
0.0231877
0.0231147
0.023042
0.0229694
0.022897
0.0232095
0.0231326
0.0230559
0.0229794
0.022903
0.0228269
0.0227509
0.0226751
0.0229903
0.0229097
0.0228292
0.0227489
0.0226687
0.0225888
0.0225091
0.0224296
0.0227491
0.0226643
0.0225797
0.0224953
0.022411
0.022327
0.0222432
0.0221595
0.0224852
0.0223959
0.0223068
0.0222178
0.0221291
0.0220406
0.0219523
0.0218642
0.0221975
0.0221034
0.0220094
0.0219156
0.021822
0.0217286
0.0216354
0.0215424
0.0218853
0.0217858
0.0216866
0.0215875
0.0214887
0.02139
0.0212915
0.0211933
0.0215475
0.0214423
0.0213374
0.0212326
0.021128
0.0210237
0.0209195
0.0208156
0.021183
0.0210717
0.0209606
0.0208497
0.020739
0.0206285
0.0205182
0.0204081
0.0207907
0.0206728
0.0205551
0.0204376
0.0203203
0.0202032
0.0200863
0.0199696
0.0203694
0.0202445
0.0201197
0.0199951
0.0198707
0.0197464
0.0196224
0.0194986
0.0199179
0.0197854
0.019653
0.0195207
0.0193887
0.0192569
0.0191253
0.0189938
0.0194349
0.0192942
0.0191536
0.0190133
0.0188731
0.0187331
0.0185933
0.0184537
0.018919
0.0187696
0.0186203
0.0184712
0.0183222
0.0181735
0.018025
0.0178766
0.0183688
0.01821
0.0180514
0.0178929
0.0177347
0.0175766
0.0174186
0.0172609
0.0177828
0.017614
0.0174454
0.017277
0.0171087
0.0169406
0.0167726
0.0166049
0.0171595
0.0169801
0.0168008
0.0166217
0.0164427
0.0162639
0.0160852
0.0159067
0.0164972
0.0163064
0.0161157
0.0159252
0.0157348
0.0155445
0.0153544
0.0151644
0.0157943
0.0155913
0.0153885
0.0151858
0.0149832
0.0147807
0.0145783
0.0143761
0.0150489
0.014833
0.0146172
0.0144015
0.0141858
0.0139703
0.0137549
0.0135396
0.0142594
0.0140296
0.0137999
0.0135703
0.0133408
0.0131114
0.012882
0.0126527
0.0134235
0.013179
0.0129345
0.0126901
0.0124458
0.0122015
0.0119572
0.011713
0.0125394
0.0122791
0.0120189
0.0117587
0.0114985
0.0112384
0.0109782
0.0107181
0.0116048
0.0113278
0.0110507
0.0107737
0.0104966
0.0102196
0.00994249
0.00966539
0.0106175
0.0103225
0.0100275
0.00973255
0.00943751
0.00914243
0.00884729
0.00855209
0.00957492
0.00926091
0.00894683
0.0086327
0.00831848
0.00800418
0.0076898
0.0073753
0.00847459
0.00814025
0.00780582
0.00747129
0.00713664
0.00680187
0.00646696
0.0061319
0.00731371
0.00695771
0.00660158
0.00624532
0.0058889
0.00553231
0.00517554
0.00481857
0.00608937
0.0057103
0.00533106
0.00495164
0.00457203
0.0041922
0.00381214
0.00343183
0.00479828
0.00439464
0.0039908
0.00358673
0.00318242
0.00277784
0.00237298
0.00196782
0.00343721
0.0030074
0.00257735
0.00214703
0.00171642
0.0012855
0.000854238
0.00200242
0.00154474
0.00108679
0.000628525
0.000169924
-0.000289041
-0.0007484
0.00048995
2.61596e-06
-0.000485037
-0.000973041
-0.00146143
-0.00195023
-0.00243948
-0.00110447
-0.00162338
-0.00214263
-0.00266228
-0.00318236
-0.0037029
-0.00422394
-0.0027854
-0.00333791
-0.00389079
-0.0044441
-0.00499788
-0.00555217
-0.00610702
-0.00455822
-0.00514645
-0.00573509
-0.00632419
-0.00691379
-0.00750394
-0.0080947
-0.00642799
-0.00705424
-0.00768091
-0.00830806
-0.00893575
-0.00956402
-0.0101929
-0.00840105
-0.00906774
-0.00973485
-0.0104024
-0.0110706
-0.0117394
-0.0124088
-0.010484
-0.0111937
-0.0119037
-0.0126143
-0.0133254
-0.0140372
-0.0147496
-0.012684
-0.0134394
-0.0141951
-0.0149513
-0.0157081
-0.0164654
-0.0172235
-0.0150094
-0.0158133
-0.0166175
-0.0174222
-0.0182273
-0.0190331
-0.0198395
-0.0174685
-0.0183241
-0.0191798
-0.0200359
-0.0208924
-0.0217495
-0.0226071
-0.0200715
-0.0209819
-0.0218923
-0.022803
-0.023714
-0.0246254
-0.0255373
-0.022829
-0.0237976
-0.0247661
-0.0257346
-0.0267033
-0.0276723
-0.0286417
-0.0257536
-0.026784
-0.027814
-0.0288439
-0.0298737
-0.0309036
-0.0319337
-0.0288575
-0.0299535
-0.0310489
-0.0321438
-0.0332383
-0.0343327
-0.035427
-0.0321564
-0.0333221
-0.0344867
-0.0356505
-0.0368135
-0.037976
-0.0391381
-0.0356666
-0.0369061
-0.0381441
-0.0393807
-0.0406161
-0.0418506
-0.0430842
-0.0394064
-0.0407243
-0.04204
-0.0433537
-0.0446656
-0.0459759
-0.0472848
-0.043396
-0.044797
-0.046195
-0.0475902
-0.0489829
-0.0503733
-0.0517615
-0.0476589
-0.049148
-0.050633
-0.0521143
-0.0535921
-0.0550667
-0.0565382
-0.0522205
-0.0538028
-0.0553798
-0.056952
-0.0585195
-0.0600826
-0.0616415
-0.0571093
-0.0587902
-0.0604645
-0.0621324
-0.0637943
-0.0654503
-0.0671008
-0.0623585
-0.0641438
-0.0659205
-0.0676892
-0.06945
-0.0712033
-0.0729493
-0.0680026
-0.0698981
-0.071783
-0.0736576
-0.0755222
-0.0773772
-0.0792229
-0.0740856
-0.0760972
-0.0780956
-0.0800811
-0.082054
-0.0840147
-0.0859637
-0.0806497
-0.0827839
-0.0849016
-0.0870033
-0.0890892
-0.0911599
-0.0932156
-0.0877525
-0.0900151
-0.0922573
-0.0944797
-0.0966826
-0.0988664
-0.101032
-0.0954499
-0.097847
-0.100219
-0.102567
-0.10489
-0.107191
-0.109468
-0.103812
-0.10635
-0.108857
-0.111334
-0.113781
-0.116199
-0.118589
-0.112917
-0.1156
-0.118246
-0.120856
-0.123429
-0.125966
-0.128469
-0.122855
-0.12569
-0.128478
-0.131222
-0.133921
-0.136577
-0.13919
-0.133734
-0.136723
-0.139657
-0.142535
-0.14536
-0.148132
-0.150851
-0.145682
-0.148829
-0.151907
-0.154919
-0.157865
-0.160747
-0.163564
-0.158859
-0.162164
-0.165386
-0.168527
-0.171586
-0.174567
-0.17747
-0.17339
-0.176845
-0.180198
-0.183451
-0.186606
-0.189664
-0.192628
)
;

boundaryField
{
    inlet
    {
        type            zeroGradient;
    }
    outlet
    {
        type            fixedValue;
        value           nonuniform 0();
    }
    cylinder
    {
        type            zeroGradient;
    }
    top
    {
        type            symmetryPlane;
    }
    bottom
    {
        type            symmetryPlane;
    }
    frontAndBack
    {
        type            empty;
    }
    procBoundary2to1
    {
        type            processor;
        value           nonuniform List<scalar> 
257
(
-0.148663
-0.164749
-0.148663
-0.152505
-0.164749
-0.168635
-0.168635
-0.172851
-0.172851
-0.17736
-0.198341
-0.17736
-0.182197
-0.198341
-0.204542
-0.204542
-0.211252
-0.211252
-0.218521
-0.218521
-0.226398
-0.226398
-0.234918
-0.234918
-0.244091
-0.244091
-0.229265
-0.238278
-0.238278
-0.247741
-0.247741
-0.257383
-0.257383
-0.266724
-0.266724
-0.275008
-0.275008
-0.255962
-0.261381
-0.261381
-0.263387
-0.263387
-0.242645
-0.239145
-0.239145
-0.229523
-0.229523
-0.207393
-0.190505
-0.190505
-0.167715
-0.143577
-0.0336843
-0.0551763
-0.0753367
-0.0753367
-0.0906291
-0.110126
-0.110126
-0.119208
-0.119208
-0.123064
-0.141237
-0.141237
-0.140312
-0.140312
-0.136405
-0.136405
-0.130646
-0.14656
-0.14656
-0.139134
-0.139134
-0.131404
-0.131404
-0.123802
-0.123802
-0.116581
-0.116581
-0.109863
-0.122036
-0.122036
-0.115239
-0.115239
-0.109018
-0.109018
-0.103345
-0.103345
-0.0981781
-0.0981781
-0.084104
-0.0802843
-0.0802843
-0.0768124
-0.0768124
-0.0736437
-0.0736437
-0.0707446
-0.0707446
-0.0681458
-0.0681458
-0.0584805
-0.0559532
-0.0559532
-0.141884
-0.135564
-0.129379
-0.123593
-0.118016
-0.112724
-0.10765
-0.1028
-0.0981471
-0.0936796
-0.0893823
-0.085244
-0.0812541
-0.0774037
-0.0736848
-0.0700908
-0.0666158
-0.0632551
-0.0600045
-0.0568604
-0.0538197
-0.0508798
-0.0480386
-0.0452939
-0.0426439
-0.0400869
-0.0376213
-0.0352455
-0.0329582
-0.0307577
-0.0286426
-0.0266113
-0.0246623
-0.0227938
-0.0210044
-0.0192921
-0.0176553
-0.0160922
-0.0146008
-0.0131794
-0.011826
-0.0105386
-0.00931528
-0.00815408
-0.00705302
-0.00601011
-0.00502336
-0.00409082
-0.00321053
-0.00238058
-0.00159905
-0.000864087
-0.000173862
0.000473413
0.00107947
0.00164601
0.00217465
0.00217465
0.00274482
0.00319739
0.00361694
0.0040048
0.00436225
0.00469046
0.00499051
0.00526338
0.00550997
0.005731
0.00592717
0.00609885
0.00624656
0.00637014
0.00647006
0.00654521
0.00659641
0.00662053
0.0258915
0.0258847
0.0258648
0.0258357
0.0257955
0.0257455
0.0256848
0.0256136
0.0255316
0.0254384
0.0253337
0.0252171
0.0250881
0.0248539
0.0248539
0.0246937
0.0245192
0.0243297
0.0241249
0.023904
0.0236666
0.023412
0.0231397
0.022849
0.0225395
0.0222105
0.0218615
0.021492
0.0211015
0.0206894
0.0202552
0.0197984
0.0193185
0.018815
0.0182873
0.0177351
0.0171577
0.0165546
0.0159252
0.014866
0.014866
0.014156
0.0134161
0.0126452
0.0118424
0.0110067
0.0101368
0.00923138
0.00828896
0.00730784
0.00628613
0.00522169
0.00411212
0.00295476
0.00174655
0.000484136
-0.000836333
-0.00221905
-0.00366878
-0.00519089
-0.00679124
-0.00847637
-0.0102536
-0.012131
-0.0141173
-0.0162227
-0.0184574
-0.0208336
-0.0233636
-0.0260624
-0.0289427
-0.0320291
-0.0353164
-0.038872
-0.042605
-0.0467436
-0.0509034
)
;
    }
    procBoundary2to3
    {
        type            processor;
        value           nonuniform List<scalar> 
217
(
-0.651414
-0.644294
-0.644082
-0.644082
-0.638231
-0.636772
-0.636772
-0.629703
-0.62183
-0.61656
-0.61656
-0.605928
-0.59395
-0.582139
-0.582139
-0.566895
-0.550654
-0.532924
-0.532924
-0.514941
-0.496848
-0.478868
-0.458455
-0.458455
-0.440888
-0.423845
-0.407358
-0.387792
-0.387792
-0.37231
-0.357391
-0.34318
-0.258426
-0.246135
-0.234313
-0.222954
-0.212189
-0.195499
-0.313266
-0.299655
-0.28631
-0.258426
-0.273312
-0.354351
-0.341257
-0.313266
-0.327919
-0.398334
-0.388511
-0.377812
-0.354351
-0.366325
-0.418938
-0.411997
-0.398334
-0.404349
-0.427048
-0.418938
-0.42135
-0.437909
-0.43314
-0.427048
-0.428157
-0.437909
-0.439265
-0.324612
-0.304139
-0.285077
-0.267401
-0.250956
-0.23562
-0.22129
-0.20788
-0.195312
-0.18352
-0.172443
-0.16203
-0.152231
-0.143004
-0.13431
-0.126112
-0.118379
-0.111081
-0.10419
-0.0976826
-0.0915352
-0.0857264
-0.0802365
-0.0750477
-0.0701424
-0.0655053
-0.0611212
-0.0569766
-0.0530584
-0.0493544
-0.0458534
-0.0425443
-0.0394173
-0.0364627
-0.0336716
-0.0310355
-0.0285464
-0.0261966
-0.023979
-0.0218868
-0.0199136
-0.0180534
-0.0163002
-0.0146488
-0.013094
-0.0116307
-0.0102545
-0.00896086
-0.00774564
-0.00660491
-0.00553492
-0.00453214
-0.00359323
-0.00271502
-0.00189452
-0.00112893
-0.000415597
0.00024797
0.000864095
0.00143495
0.00196256
0.00244878
0.00289532
0.00330374
0.00330374
0.0036332
0.00397189
0.0042758
0.00454587
0.00478264
0.00498672
0.00515807
0.0052969
0.00540252
0.00547449
0.00551167
0.0238479
0.0238225
0.0237745
0.0237044
0.0236123
0.0234987
0.0233633
0.0232062
0.0230268
0.0228248
0.0225995
0.0223502
0.0220761
0.0217763
0.0214497
0.0210952
0.0207118
0.0202982
0.0198531
0.0193751
0.0188626
0.0183143
0.0177284
0.0171033
0.0164373
0.0157283
0.0149746
0.014174
0.0133243
0.0124234
0.0114688
0.010458
0.00938826
0.00825683
0.0070607
0.00579668
0.00446139
0.00305125
0.00156233
0.000422614
0.000422614
-0.00120818
-0.00292922
-0.00474553
-0.00666248
-0.00868612
-0.0108226
-0.013079
-0.0154628
-0.0179824
-0.0206467
-0.0234656
-0.02645
-0.0296117
-0.0329642
-0.0365215
-0.0403
-0.0443171
-0.0485926
-0.0531478
-0.0580069
-0.0631966
-0.068746
-0.0746884
-0.0810595
-0.0879011
-0.0952568
-0.103179
-0.111722
-0.120951
-0.130937
-0.141761
-0.153519
-0.16632
-0.180296
-0.195499
)
;
    }
}


// ************************************************************************* //
