/*--------------------------------*- C++ -*----------------------------------*\
  =========                 |
  \\      /  F ield         | OpenFOAM: The Open Source CFD Toolbox
   \\    /   O peration     | Website:  https://openfoam.org
    \\  /    A nd           | Version:  7
     \\/     M anipulation  |
\*---------------------------------------------------------------------------*/
FoamFile
{
    version     2.0;
    format      ascii;
    class       volScalarField;
    location    "160";
    object      p;
}
// * * * * * * * * * * * * * * * * * * * * * * * * * * * * * * * * * * * * * //

dimensions      [0 2 -2 0 0 0 0];

internalField   nonuniform List<scalar> 
7156
(
-0.109201
-0.124218
-0.112832
-0.101739
-0.127969
-0.116188
-0.105031
-0.0941569
-0.132085
-0.119537
-0.108023
-0.0971053
-0.086459
-0.136532
-0.12323
-0.110963
-0.0997274
-0.0890579
-0.0786483
-0.156684
-0.141345
-0.127228
-0.114225
-0.102251
-0.0913045
-0.0808932
-0.0707287
-0.162907
-0.146575
-0.131564
-0.117767
-0.105075
-0.0934054
-0.0827594
-0.0726154
-0.062704
-0.169675
-0.152267
-0.136286
-0.121617
-0.108153
-0.0957859
-0.0844325
-0.0740972
-0.0642295
-0.0545788
-0.177037
-0.158469
-0.141437
-0.125822
-0.111511
-0.0983944
-0.0863633
-0.0753376
-0.0653231
-0.0557404
-0.0463576
-0.185038
-0.165228
-0.147062
-0.130424
-0.115192
-0.101252
-0.0884963
-0.0768138
-0.0661268
-0.0564432
-0.0471538
-0.0380455
-0.193713
-0.172589
-0.153209
-0.135464
-0.119236
-0.104403
-0.0908486
-0.078466
-0.0671439
-0.0568066
-0.0474635
-0.0384758
-0.0296485
-0.203066
-0.180588
-0.159921
-0.140989
-0.123683
-0.107881
-0.093461
-0.0803069
-0.0683105
-0.0573607
-0.0473838
-0.0383909
-0.029713
-0.0211727
-0.18923
-0.167232
-0.147042
-0.128578
-0.111728
-0.0963682
-0.0823757
-0.069635
-0.0580374
-0.0474715
-0.0378659
-0.0292326
-0.0208724
-0.0126255
-0.198474
-0.175153
-0.153657
-0.133964
-0.115986
-0.0996079
-0.0847053
-0.0711548
-0.0588408
-0.0476544
-0.0374839
-0.0282603
-0.0199961
-0.0119622
-0.00401544
-0.208186
-0.183645
-0.160848
-0.139875
-0.120697
-0.103222
-0.0873322
-0.0729015
-0.0598068
-0.0479323
-0.0371692
-0.0274057
-0.0185752
-0.0106897
-0.00299102
0.00464752
-0.218089
-0.192583
-0.168578
-0.146326
-0.125897
-0.107253
-0.0902974
-0.0749106
-0.060966
-0.0483402
-0.0369177
-0.0265899
-0.0172449
-0.00881866
-0.00132195
0.00603154
0.0133513
-0.227702
-0.2017
-0.176731
-0.153286
-0.131602
-0.111736
-0.0936426
-0.0772224
-0.0623533
-0.0489081
-0.0367638
-0.0258054
-0.0159244
-0.00700944
0.00100083
0.00809829
0.0150951
0.0220818
-0.236276
-0.210532
-0.185052
-0.160645
-0.137785
-0.116689
-0.097404
-0.0798783
-0.0640082
-0.0496703
-0.0367373
-0.0250865
-0.0146035
-0.00518065
0.00329281
0.0108749
0.0175621
0.0241883
0.0308211
-0.218348
-0.193092
-0.168162
-0.144344
-0.12209
-0.101601
-0.0829147
-0.0659719
-0.050666
-0.0368722
-0.0244633
-0.0133171
-0.00332042
0.0056337
0.0136543
0.0207957
0.0270609
0.033299
0.0395449
-0.224117
-0.200139
-0.1754
-0.151047
-0.127842
-0.106215
-0.0863527
-0.0682813
-0.0519359
-0.0372073
-0.0239696
-0.0120957
-0.0014646
0.00803578
0.0165112
0.024068
0.0307558
0.0365868
0.0424136
0.0482222
-0.226542
-0.205181
-0.181669
-0.157477
-0.133727
-0.111157
-0.0901776
-0.0709587
-0.0535173
-0.037783
-0.0236438
-0.0109733
0.000355274
0.0104619
0.019457
0.0274449
0.0345276
0.040749
0.0461338
0.0515217
0.0568246
-0.206938
-0.185977
-0.162959
-0.139342
-0.11622
-0.0943069
-0.073993
-0.0554338
-0.0386367
-0.023526
-0.00998765
0.00210552
0.0128796
0.0224533
0.0309353
0.0384281
0.0450276
0.0507701
0.0556996
0.060622
0.0653273
-0.203988
-0.18706
-0.166527
-0.144033
-0.121015
-0.0985443
-0.0773087
-0.057678
-0.0397935
-0.0236537
-0.00917833
0.00374894
0.0152555
0.0254669
0.0345003
0.0424628
0.0494545
0.0555628
0.060816
0.06529
0.0697202
0.0736602
-0.195092
-0.183509
-0.166935
-0.146856
-0.124912
-0.102518
-0.0807202
-0.0601806
-0.0412491
-0.0240531
-0.00858283
0.00524664
0.0175534
0.0284651
0.0381064
0.0465933
0.0540314
0.0605181
0.0661293
0.07089
0.074926
0.0788067
0.0816312
-0.174085
-0.162784
-0.146586
-0.126987
-0.105618
-0.0838719
-0.062767
-0.0429408
-0.0247232
-0.0082286
0.00656124
0.0197352
0.0314129
0.0417223
0.0507873
0.0587227
0.0656328
0.0716123
0.0767251
0.0810066
0.0846453
0.0878535
0.0890152
-0.158147
-0.152841
-0.141839
-0.12604
-0.106945
-0.0861739
-0.0650975
-0.0447044
-0.0256076
-0.00811762
0.00766418
0.0217636
0.0342733
0.0453145
0.055015
0.0634982
0.0708778
0.0772575
0.0827289
0.0873483
0.0911819
0.0944654
0.0968445
0.0961484
-0.136444
-0.131388
-0.120702
-0.105322
-0.0867535
-0.0666035
-0.0462164
-0.0265526
-0.00819972
0.00855043
0.023609
0.037009
0.0488468
0.0592447
0.0683307
0.0762274
0.0830477
0.088895
0.0938582
0.0979931
0.101407
0.104317
0.105696
0.105079
-0.113553
-0.114551
-0.109753
-0.0993976
-0.0844579
-0.0664376
-0.0469294
-0.0272503
-0.00833156
0.00926406
0.0252633
0.0395894
0.0522822
0.0634413
0.0731902
0.0816566
0.0889626
0.0952207
0.100534
0.104989
0.108646
0.111639
0.114144
0.115016
0.114908
-0.091159
-0.0924973
-0.087965
-0.0779549
-0.0634738
-0.0460223
-0.0271751
-0.00822104
0.00993824
0.0267648
0.0420035
0.055589
0.0675677
0.0780422
0.087137
0.0949797
0.101692
0.107385
0.112162
0.116109
0.11929
0.121852
0.123931
0.124409
0.124403
-0.0686328
-0.0703114
-0.0660517
-0.0564011
-0.0423964
-0.0255324
-0.00736415
0.0108494
0.0282364
0.0442834
0.058753
0.071591
0.0828499
0.0926349
0.101071
0.108287
0.114402
0.119528
0.123767
0.127205
0.12991
0.132034
0.133685
0.133808
0.133706
-0.0460038
-0.0480224
-0.0440418
-0.0347638
-0.0212521
-0.00499318
0.01248
0.0299392
0.0465424
0.0618009
0.0754942
0.0875788
0.098113
0.107205
0.11498
0.121565
0.127081
0.131638
0.135337
0.138266
0.140494
0.142173
0.143396
0.143168
0.142882
-0.0233016
-0.0256591
-0.021964
-0.0130708
-6.76343e-05
0.0155703
0.0323337
0.0490261
0.0648358
0.079298
0.092209
0.103536
0.113341
0.121737
0.128847
0.134801
0.139716
0.143702
0.146861
0.149279
0.151027
0.152258
0.153051
0.152463
0.151937
-0.000555708
-0.00325089
0.000153098
0.00865006
0.0211304
0.0361327
0.0521733
0.0680881
0.0830959
0.0967554
0.10888
0.119445
0.128519
0.136216
0.142661
0.147981
0.152294
0.155709
0.158326
0.160232
0.161499
0.162277
0.162636
0.161679
0.160876
0.0222042
0.0191731
0.0222806
0.0303708
0.0423154
0.056669
0.0719752
0.0871032
0.101302
0.114154
0.125488
0.135289
0.143631
0.150627
0.156406
0.161092
0.164802
0.167646
0.169721
0.171114
0.171899
0.172221
0.172142
0.170807
0.169704
0.0449485
0.0415834
0.0443896
0.0520635
0.0634607
0.0771539
0.0917158
0.106049
0.119434
0.131475
0.142016
0.151052
0.15866
0.164957
0.170069
0.17412
0.177229
0.179501
0.181035
0.181915
0.182215
0.182079
0.181559
0.179841
0.178419
0.0676474
0.0639508
0.0664515
0.0737004
0.0845397
0.0975625
0.111372
0.124905
0.137471
0.148699
0.158446
0.166716
0.173592
0.179189
0.183635
0.187054
0.189561
0.191263
0.192256
0.192623
0.192439
0.191843
0.190881
0.188774
0.187021
0.0902715
0.086246
0.0884375
0.0952538
0.105526
0.11787
0.13092
0.143648
0.155393
0.165807
0.17476
0.182266
0.18841
0.193309
0.197091
0.199879
0.201787
0.20292
0.203373
0.203228
0.20256
0.201504
0.200099
0.1976
0.195508
0.112791
0.10844
0.110319
0.116696
0.126393
0.138051
0.150336
0.162256
0.17318
0.182779
0.190941
0.197685
0.203099
0.207303
0.210424
0.212583
0.213894
0.21446
0.214375
0.213721
0.212569
0.211054
0.209205
0.206316
0.203877
0.135177
0.130503
0.132068
0.138
0.147115
0.158082
0.169599
0.180709
0.190811
0.199599
0.206971
0.212955
0.217644
0.221156
0.223619
0.225153
0.22587
0.225872
0.225253
0.224091
0.222458
0.220485
0.218194
0.214914
0.212124
0.1574
0.152408
0.153655
0.159137
0.167667
0.177937
0.188684
0.198984
0.208267
0.216245
0.222832
0.228062
0.232028
0.234854
0.236663
0.237576
0.237703
0.237146
0.235995
0.234328
0.232218
0.229788
0.227058
0.223389
0.220245
0.179432
0.174125
0.175054
0.180082
0.188021
0.197594
0.207569
0.217062
0.225528
0.232702
0.238508
0.242988
0.246238
0.248382
0.249543
0.24984
0.249382
0.24827
0.246591
0.244424
0.241839
0.238956
0.23579
0.231735
0.228234
0.201243
0.195625
0.196235
0.200808
0.208154
0.217027
0.226233
0.23492
0.242574
0.248949
0.253981
0.257717
0.260259
0.261727
0.262245
0.261932
0.260896
0.259233
0.257032
0.254369
0.251313
0.247982
0.244383
0.239947
0.222806
0.216882
0.217173
0.221288
0.22804
0.236214
0.244652
0.252539
0.259387
0.264969
0.269235
0.272235
0.274074
0.274874
0.274757
0.273841
0.272231
0.270024
0.267307
0.264154
0.260633
0.256857
0.252831
0.248018
0.244092
0.237867
0.23784
0.241496
0.247655
0.255131
0.262806
0.269898
0.275947
0.280745
0.284252
0.286525
0.287671
0.28781
0.287066
0.285554
0.283379
0.280635
0.277408
0.27377
0.269789
0.265574
0.261127
0.255942
0.265074
0.258554
0.258208
0.261408
0.266973
0.273756
0.280673
0.286977
0.292236
0.296259
0.299017
0.300573
0.301034
0.300522
0.299159
0.29706
0.294326
0.291053
0.287323
0.283208
0.278773
0.274125
0.269264
0.285725
0.278914
0.278254
0.280996
0.285972
0.292066
0.298231
0.303757
0.308235
0.311494
0.313514
0.314362
0.314149
0.312996
0.311024
0.308346
0.305064
0.301269
0.297044
0.292459
0.287578
0.282504
0.277234
0.306018
0.298923
0.297949
0.300238
0.304628
0.310039
0.315461
0.320218
0.323927
0.326433
0.327726
0.327879
0.327003
0.325219
0.322649
0.319402
0.31558
0.311272
0.306561
0.301514
0.296195
0.290702
0.285032
0.325927
0.318555
0.31727
0.319108
0.322918
0.327653
0.332343
0.336341
0.339293
0.341059
0.341638
0.341108
0.339581
0.337179
0.334021
0.330216
0.325864
0.321054
0.315866
0.310366
0.304617
0.298713
0.29265
0.345427
0.337783
0.336191
0.337584
0.340819
0.344888
0.348855
0.352109
0.354317
0.355357
0.355236
0.354036
0.351872
0.348863
0.345129
0.340778
0.335907
0.330605
0.324949
0.319005
0.312835
0.306529
0.364493
0.356583
0.354689
0.355641
0.35831
0.361723
0.36498
0.367502
0.368982
0.36931
0.368504
0.366649
0.36386
0.360259
0.355962
0.351076
0.345698
0.339914
0.333801
0.327424
0.320842
0.314143
0.383099
0.374931
0.37274
0.373258
0.37537
0.378137
0.380698
0.382504
0.38327
0.382903
0.381428
0.378933
0.375535
0.371355
0.366508
0.361101
0.355228
0.348974
0.342415
0.335614
0.328631
0.321549
0.401223
0.392804
0.390321
0.390412
0.391976
0.394112
0.395991
0.397097
0.397167
0.396122
0.393994
0.390875
0.386884
0.382139
0.376757
0.370841
0.364486
0.357775
0.350781
0.343569
0.336194
0.328739
0.418841
0.410179
0.407409
0.407082
0.408111
0.409628
0.410842
0.411265
0.410657
0.408951
0.406187
0.402463
0.397893
0.392601
0.386697
0.380288
0.373464
0.366308
0.358892
0.351279
0.343525
0.43593
0.427033
0.423984
0.423248
0.423752
0.424667
0.425232
0.424991
0.423724
0.421376
0.417996
0.413682
0.408553
0.402728
0.39632
0.389431
0.382152
0.374565
0.36674
0.358738
0.350616
0.45247
0.443346
0.440024
0.438889
0.438883
0.43921
0.439146
0.43826
0.436354
0.433385
0.429407
0.424523
0.418851
0.412511
0.405614
0.398261
0.390542
0.382537
0.374317
0.365939
0.35746
0.468439
0.459095
0.455509
0.453986
0.453484
0.453242
0.452567
0.451057
0.448532
0.444963
0.440408
0.434973
0.428777
0.421939
0.41457
0.406769
0.398626
0.390218
0.381615
0.372875
0.364052
0.483816
0.474262
0.47042
0.46852
0.467538
0.466745
0.46548
0.463368
0.460246
0.456097
0.450986
0.445021
0.43832
0.431003
0.423179
0.414947
0.406394
0.397598
0.388627
0.379538
0.370384
0.498583
0.488827
0.484738
0.482474
0.481028
0.479703
0.47787
0.475178
0.471483
0.466776
0.461131
0.454655
0.44747
0.439692
0.431431
0.422785
0.41384
0.404672
0.395347
0.385923
0.512721
0.502772
0.498444
0.49583
0.493937
0.492101
0.489722
0.486474
0.482229
0.476989
0.470831
0.463867
0.456217
0.447998
0.439319
0.430277
0.420955
0.41143
0.401768
0.392023
0.526212
0.516079
0.511523
0.508572
0.506251
0.503926
0.501024
0.497243
0.492472
0.486722
0.480075
0.472645
0.464552
0.455913
0.446835
0.437413
0.427733
0.417868
0.407883
0.397832
0.539038
0.528732
0.523957
0.520684
0.517954
0.515162
0.511762
0.507474
0.502202
0.495967
0.488855
0.480981
0.472466
0.463427
0.453969
0.444188
0.434167
0.423978
0.413686
0.403345
0.551185
0.540714
0.535731
0.532153
0.529033
0.525796
0.521924
0.517155
0.511408
0.504713
0.497159
0.488865
0.479951
0.470532
0.460715
0.450594
0.440249
0.429755
0.419172
0.408556
0.562636
0.55201
0.546831
0.542963
0.539475
0.535818
0.531497
0.526274
0.520079
0.512949
0.50498
0.496289
0.486998
0.477223
0.467067
0.456624
0.445975
0.435191
0.424335
0.41346
0.573379
0.562608
0.557243
0.553101
0.549266
0.545214
0.540473
0.534822
0.528206
0.520669
0.512309
0.503245
0.493601
0.48349
0.473016
0.462272
0.451337
0.440283
0.429171
0.418051
0.583398
0.572492
0.566955
0.562556
0.558396
0.553973
0.548839
0.542789
0.53578
0.527862
0.519137
0.509727
0.499752
0.489328
0.478558
0.467532
0.456331
0.445025
0.433673
0.592682
0.581651
0.575953
0.571317
0.566854
0.562087
0.556588
0.550167
0.542792
0.534521
0.525458
0.515726
0.505445
0.494731
0.483686
0.4724
0.460952
0.449412
0.437838
0.601219
0.590075
0.584228
0.579371
0.57463
0.569545
0.563709
0.556947
0.549236
0.540639
0.531265
0.521236
0.510674
0.499694
0.488395
0.47687
0.465195
0.453439
0.441662
0.608999
0.597751
0.591769
0.586711
0.581714
0.576339
0.570195
0.563121
0.555103
0.54621
0.536551
0.526252
0.515434
0.50421
0.492681
0.480937
0.469055
0.457103
0.44514
0.616013
0.604672
0.598567
0.593327
0.588099
0.582462
0.576039
0.568683
0.560388
0.551226
0.541312
0.530768
0.519718
0.508275
0.496538
0.484597
0.472529
0.4604
0.44827
0.622252
0.610829
0.604614
0.599212
0.593777
0.587906
0.581234
0.573627
0.565084
0.555684
0.545541
0.53478
0.523524
0.511885
0.499963
0.487847
0.475613
0.463327
0.451048
0.627708
0.616213
0.609903
0.604358
0.598742
0.592665
0.585775
0.577947
0.569188
0.559578
0.549235
0.538283
0.526847
0.515037
0.502953
0.490683
0.478304
0.465881
0.453471
0.632374
0.62082
0.614428
0.608759
0.602988
0.596734
0.589657
0.581639
0.572694
0.562904
0.552389
0.541274
0.529683
0.517726
0.505504
0.493103
0.480599
0.468058
0.455538
0.636247
0.624643
0.618182
0.612412
0.60651
0.600108
0.592875
0.584699
0.575598
0.565659
0.555
0.54375
0.53203
0.519951
0.507613
0.495103
0.482496
0.469858
0.457245
0.63932
0.627677
0.621163
0.615311
0.609305
0.602784
0.595426
0.587123
0.577898
0.567839
0.557067
0.545708
0.533885
0.521709
0.50928
0.496683
0.483994
0.471279
0.458592
0.64159
0.629921
0.623366
0.617453
0.611369
0.60476
0.597307
0.58891
0.579592
0.569443
0.558586
0.547146
0.535247
0.522999
0.510501
0.49784
0.485091
0.472318
0.459578
0.643056
0.63137
0.62479
0.618836
0.6127
0.606032
0.598517
0.590057
0.580677
0.57047
0.559556
0.548063
0.536114
0.523819
0.511277
0.498574
0.485785
0.472975
0.4602
0.643715
0.632025
0.625432
0.619459
0.613298
0.6066
0.599054
0.590563
0.581153
0.570917
0.559976
0.548458
0.536485
0.524168
0.511605
0.498883
0.486077
0.47325
0.46046
0.643567
0.631883
0.625294
0.619322
0.613161
0.606464
0.598919
0.590429
0.58102
0.570785
0.559846
0.548331
0.536361
0.524047
0.511487
0.498768
0.485965
0.473143
0.460356
0.642614
0.630947
0.624375
0.618425
0.612291
0.605624
0.598111
0.589654
0.580278
0.570075
0.559167
0.547682
0.535741
0.523455
0.510922
0.49823
0.485451
0.472652
0.459888
0.640856
0.629218
0.622676
0.616769
0.610689
0.604082
0.596633
0.58824
0.578928
0.568788
0.55794
0.546512
0.534627
0.522394
0.509912
0.497267
0.484535
0.47178
0.459058
0.638297
0.626698
0.620201
0.614358
0.608357
0.60184
0.594485
0.586188
0.576972
0.566924
0.556166
0.544823
0.533019
0.520864
0.508456
0.495883
0.483218
0.470528
0.457867
0.63494
0.623392
0.616954
0.611195
0.605299
0.5989
0.591671
0.583503
0.574412
0.564487
0.553846
0.542617
0.530921
0.518868
0.506558
0.494078
0.481502
0.468896
0.456315
0.630789
0.619303
0.612938
0.607283
0.601518
0.595267
0.588195
0.580186
0.571252
0.56148
0.550986
0.539896
0.528333
0.516408
0.504219
0.491854
0.479388
0.466886
0.454405
0.625852
0.614438
0.60816
0.602629
0.59702
0.590946
0.584061
0.576242
0.567496
0.557905
0.547586
0.536664
0.525261
0.513487
0.501443
0.489214
0.476879
0.464501
0.452138
0.620134
0.608804
0.602625
0.597239
0.591811
0.585942
0.579275
0.571676
0.563148
0.553769
0.543652
0.532924
0.521706
0.510108
0.498231
0.486162
0.473977
0.461743
0.449517
0.613643
0.602407
0.596342
0.591119
0.585897
0.580261
0.573841
0.566493
0.558213
0.549074
0.539189
0.528681
0.517673
0.506275
0.494588
0.482699
0.470687
0.458616
0.446545
0.606389
0.595258
0.589318
0.584278
0.579286
0.573911
0.567768
0.560701
0.552698
0.543828
0.534201
0.52394
0.513166
0.501992
0.490517
0.478831
0.46701
0.455122
0.443224
0.59838
0.587364
0.581564
0.576725
0.571987
0.566899
0.561061
0.554305
0.546608
0.538035
0.528694
0.518705
0.508191
0.497264
0.486024
0.474561
0.462952
0.451266
0.439559
0.589628
0.578738
0.573089
0.56847
0.564008
0.559234
0.55373
0.547313
0.539951
0.531704
0.522674
0.512984
0.502754
0.492096
0.481113
0.469894
0.458517
0.44705
0.435553
0.424076
0.580145
0.56939
0.563905
0.559523
0.55536
0.550926
0.545784
0.539734
0.532736
0.52484
0.516149
0.506782
0.49686
0.486495
0.47579
0.464835
0.453709
0.442481
0.431211
0.419949
0.569942
0.559334
0.554023
0.549896
0.546054
0.541986
0.537232
0.531577
0.524969
0.517453
0.509126
0.500106
0.490515
0.480466
0.47006
0.45939
0.448534
0.437563
0.426536
0.415506
0.559034
0.548581
0.543458
0.539601
0.536102
0.532423
0.528084
0.522852
0.516661
0.50955
0.501612
0.492965
0.483728
0.474015
0.46393
0.453564
0.442997
0.4323
0.421534
0.410752
0.547435
0.537148
0.532222
0.528652
0.525516
0.52225
0.518352
0.513568
0.507821
0.501141
0.493617
0.485365
0.476505
0.467151
0.457406
0.447363
0.437104
0.426699
0.41621
0.405691
0.53516
0.525048
0.520331
0.517063
0.514309
0.51148
0.508047
0.503738
0.49846
0.492236
0.48515
0.477317
0.468855
0.45988
0.450495
0.440795
0.430861
0.420765
0.41057
0.40033
0.522226
0.512299
0.5078
0.504849
0.502496
0.500125
0.497182
0.493371
0.488588
0.482844
0.47622
0.468827
0.460786
0.45221
0.443205
0.433866
0.424274
0.414504
0.404619
0.394672
0.50865
0.498916
0.494645
0.492025
0.490092
0.4882
0.485769
0.482482
0.478217
0.472976
0.466837
0.459907
0.452307
0.44415
0.435544
0.426583
0.417352
0.407923
0.398363
0.388725
0.379059
0.494449
0.484918
0.480885
0.478608
0.477111
0.47572
0.473823
0.471082
0.467358
0.462645
0.457012
0.450566
0.443427
0.435709
0.42752
0.418955
0.4101
0.401029
0.391808
0.382493
0.373134
0.479643
0.470323
0.466536
0.464616
0.463572
0.462699
0.461358
0.459185
0.456025
0.45186
0.446755
0.440815
0.434156
0.426896
0.419141
0.41099
0.402527
0.393829
0.384962
0.375984
0.366945
0.464251
0.45515
0.451617
0.450066
0.44949
0.449153
0.448389
0.446806
0.444231
0.440636
0.436079
0.430663
0.424504
0.41772
0.410417
0.402695
0.39464
0.38633
0.377832
0.369203
0.360497
0.448293
0.43942
0.436149
0.434976
0.434882
0.4351
0.434931
0.433958
0.431989
0.428984
0.424996
0.420123
0.414483
0.40819
0.401356
0.394079
0.386448
0.378539
0.370423
0.362158
0.353796
0.431791
0.423153
0.420151
0.419367
0.419769
0.420557
0.421
0.420657
0.419313
0.416918
0.413517
0.409207
0.404101
0.398319
0.391969
0.385153
0.377958
0.370466
0.362745
0.354854
0.34685
0.338805
0.414765
0.406371
0.403645
0.403259
0.404168
0.405541
0.406614
0.406918
0.406219
0.404452
0.401657
0.397925
0.393372
0.388115
0.382265
0.375924
0.369181
0.362117
0.354804
0.347301
0.339665
0.331972
0.39724
0.389096
0.386652
0.386671
0.388099
0.390071
0.39179
0.392757
0.39272
0.391599
0.389427
0.386291
0.382307
0.377591
0.372255
0.366402
0.360124
0.353502
0.346608
0.339504
0.332247
0.324917
0.379236
0.371351
0.369193
0.369626
0.371583
0.374165
0.376544
0.378192
0.378833
0.378375
0.376842
0.374318
0.370917
0.366757
0.361949
0.356599
0.350797
0.344629
0.338166
0.331472
0.324604
0.317647
0.36078
0.353159
0.351293
0.352146
0.35464
0.357844
0.360897
0.363239
0.364574
0.364794
0.363915
0.362019
0.359216
0.355625
0.351359
0.346522
0.34121
0.335507
0.329486
0.323212
0.316744
0.310168
0.303478
0.341894
0.334545
0.332975
0.334252
0.337291
0.341128
0.344866
0.347916
0.349959
0.350872
0.350662
0.349406
0.347215
0.344206
0.340494
0.336184
0.331373
0.326145
0.320577
0.314733
0.308673
0.302488
0.296172
0.322604
0.315532
0.314262
0.315969
0.319559
0.324036
0.32847
0.332241
0.335005
0.336624
0.337096
0.336495
0.334928
0.332514
0.329367
0.325595
0.321294
0.316552
0.311446
0.306041
0.300399
0.294614
0.28868
0.302935
0.296147
0.295179
0.297319
0.301465
0.30659
0.31173
0.316232
0.319729
0.322067
0.323234
0.323299
0.322368
0.320559
0.317989
0.314765
0.310986
0.306739
0.302103
0.297146
0.29193
0.286552
0.281008
0.282913
0.276415
0.275752
0.278327
0.283033
0.288812
0.294665
0.299908
0.304149
0.307216
0.30909
0.309832
0.309548
0.308356
0.306372
0.303706
0.300457
0.296714
0.292558
0.288057
0.283273
0.27831
0.273164
0.267371
0.262564
0.256361
0.256005
0.259017
0.264285
0.270723
0.277296
0.283288
0.288282
0.29209
0.294679
0.29611
0.296483
0.295917
0.294529
0.292429
0.289718
0.286488
0.282819
0.27878
0.274437
0.269894
0.265153
0.259718
0.241916
0.236013
0.235965
0.239414
0.245246
0.252345
0.259643
0.266392
0.272147
0.276704
0.280019
0.282147
0.283186
0.283255
0.282471
0.280946
0.278781
0.27607
0.272895
0.269326
0.26543
0.261314
0.256983
0.251911
0.220996
0.215398
0.215658
0.219543
0.22594
0.233702
0.241729
0.249239
0.255762
0.261076
0.265125
0.267958
0.269671
0.270383
0.270211
0.269268
0.267657
0.265471
0.262796
0.259703
0.256259
0.252575
0.24866
0.243956
0.239855
0.199831
0.194542
0.195111
0.199431
0.206391
0.214816
0.223573
0.23185
0.239147
0.245223
0.250014
0.253559
0.255954
0.257315
0.257761
0.257407
0.256355
0.254702
0.252533
0.249921
0.246933
0.243685
0.240192
0.23586
0.232108
0.178449
0.173474
0.17435
0.179103
0.186623
0.19571
0.205199
0.214244
0.222319
0.229164
0.234701
0.238965
0.242048
0.244065
0.245136
0.245375
0.244889
0.243772
0.242114
0.239987
0.23746
0.234652
0.231583
0.227628
0.224223
0.156879
0.152221
0.153404
0.158585
0.166662
0.176408
0.186629
0.196443
0.205299
0.212917
0.219205
0.224193
0.227968
0.230646
0.232347
0.233185
0.233268
0.232693
0.231549
0.229911
0.227848
0.225484
0.222843
0.219266
0.216206
0.135149
0.130812
0.132299
0.137904
0.146533
0.156935
0.167884
0.178467
0.188106
0.196499
0.203542
0.209258
0.21373
0.217073
0.219407
0.220849
0.221505
0.221476
0.220849
0.219703
0.218107
0.216188
0.213976
0.21078
0.208061
0.113287
0.109274
0.111063
0.117087
0.126261
0.137313
0.148987
0.160338
0.170759
0.179928
0.18773
0.194176
0.199349
0.20336
0.206331
0.208379
0.209612
0.21013
0.210025
0.209373
0.208245
0.206771
0.20499
0.202175
0.199792
0.0913228
0.0876368
0.0897252
0.0961615
0.105872
0.117567
0.12996
0.142076
0.153279
0.163225
0.171785
0.178963
0.184839
0.189521
0.193132
0.195788
0.1976
0.198669
0.199085
0.198929
0.19827
0.197243
0.195892
0.193456
0.1914
0.0692848
0.0659283
0.0683123
0.0751534
0.0853926
0.0977213
0.110828
0.123703
0.135684
0.146406
0.155725
0.163637
0.170216
0.175571
0.179823
0.183089
0.185482
0.187102
0.188043
0.188383
0.188193
0.187611
0.186689
0.184627
0.182889
0.0472022
0.0441774
0.0468528
0.0540904
0.0648479
0.0778008
0.0916116
0.105241
0.117996
0.129491
0.139568
0.148213
0.155495
0.161523
0.166417
0.170295
0.173269
0.175442
0.176907
0.177744
0.178023
0.177884
0.177387
0.175695
0.174259
0.0251039
0.0224127
0.0253749
0.0329997
0.044264
0.0578297
0.072335
0.0867099
0.100234
0.112499
0.12333
0.132707
0.140693
0.147393
0.152929
0.157419
0.160975
0.1637
0.165689
0.167023
0.16777
0.168071
0.167997
0.166665
0.165508
0.00301898
0.000662873
0.00390678
0.0119087
0.0236671
0.0378327
0.0530211
0.0681325
0.0824183
0.0954476
0.107031
0.117136
0.125823
0.133196
0.139372
0.144473
0.14861
0.151888
0.154402
0.156231
0.157444
0.158181
0.158527
0.157544
0.156631
-0.0190237
-0.0210436
-0.0175236
-0.0091556
0.00308321
0.0178345
0.033693
0.0495301
0.0645692
0.0783566
0.0906865
0.101517
0.110903
0.118945
0.125761
0.131471
0.136189
0.140019
0.143056
0.14538
0.147057
0.148227
0.148988
0.148344
0.14762
-0.0409952
-0.0426782
-0.0388881
-0.0301659
-0.0174617
-0.00214049
0.0143736
0.0309242
0.0467067
0.0612444
0.0743151
0.0858666
0.0959472
0.104655
0.112108
0.118426
0.123723
0.128103
0.131663
0.134482
0.136621
0.138218
0.139394
0.139088
0.138462
-0.062867
-0.064213
-0.060159
-0.0510952
-0.0379418
-0.0220676
-0.0049138
0.0123364
0.0288509
0.0441298
0.057934
0.0702004
0.080971
0.0903411
0.0984276
0.10535
0.111224
0.116153
0.120235
0.123549
0.126151
0.128168
0.129755
0.129815
0.129083
-0.0856196
-0.0813086
-0.0719166
-0.0583312
-0.0419224
-0.0241464
-0.00621186
0.0110218
0.0270315
0.0415607
0.054535
0.0659898
0.0760175
0.0847335
0.0922579
0.0987056
0.104182
0.108784
0.112593
0.115661
0.118088
0.120065
0.120592
0.119332
-0.10687
-0.102309
-0.0926029
-0.078604
-0.0616805
-0.0433013
-0.0246993
-0.00676065
0.00996803
0.0252124
0.0388866
0.0510189
0.0616983
0.071039
0.0791609
0.0861796
0.0922012
0.0973224
0.101627
0.105168
0.108004
0.110346
0.111811
0.110381
-0.123134
-0.113129
-0.0987354
-0.0813181
-0.0623559
-0.0431047
-0.0244768
-0.00704223
0.00890652
0.0232713
0.0360734
0.0473978
0.0573575
0.0660722
0.073658
0.0802218
0.0858611
0.0906628
0.0946853
0.0979608
0.100657
0.102937
0.103301
-0.143757
-0.133468
-0.1187
-0.100811
-0.0812877
-0.061407
-0.0421069
-0.023981
-0.00734008
0.0077051
0.0211681
0.03313
0.0437021
0.053004
0.0611522
0.0682551
0.0744108
0.0797093
0.0842203
0.0879664
0.0910609
0.0940208
0.0960141
-0.153594
-0.138473
-0.120136
-0.100075
-0.0795855
-0.0596318
-0.0408303
-0.0235106
-0.00779642
0.00631772
0.0189086
0.0300857
0.0399683
0.0486737
0.0563113
0.0629808
0.0687749
0.0737739
0.0780042
0.081534
0.0850472
0.0881405
-0.15803
-0.139269
-0.118694
-0.0976197
-0.0770322
-0.0575723
-0.0395884
-0.0232177
-0.00846332
0.00474708
0.0165209
0.0269769
0.0362331
0.0444003
0.0515795
0.0578659
0.0633482
0.06806
0.07204
0.0760435
0.0798896
-0.177347
-0.158188
-0.137125
-0.115489
-0.0942893
-0.0741894
-0.0555571
-0.0385436
-0.0231608
-0.00934129
0.00301997
0.0140413
0.0238411
0.0325314
0.0402148
0.0469884
0.0529467
0.0581304
0.0625602
0.0670256
0.0714565
-0.17687
-0.155346
-0.133174
-0.111384
-0.0906642
-0.0714007
-0.0537591
-0.0377607
-0.0233435
-0.0104049
0.00117272
0.0115079
0.0207138
0.0288946
0.0361487
0.0425747
0.0482187
0.0530899
0.0579909
0.0629166
-0.173336
-0.150654
-0.128299
-0.10698
-0.0871033
-0.0688495
-0.0522494
-0.0372467
-0.0237418
-0.011618
-0.00075643
0.00895664
0.0176268
0.0253534
0.0322378
0.0383301
0.0436313
0.0489412
0.0542966
-0.167911
-0.145016
-0.12312
-0.102649
-0.0838003
-0.0666134
-0.0510386
-0.0369792
-0.02432
-0.0129421
-0.00273113
0.00641931
0.0146095
0.0219422
0.0284711
0.0341908
0.0398873
0.0456249
-0.184925
-0.161516
-0.139067
-0.118024
-0.0985976
-0.0808397
-0.0647069
-0.0501058
-0.0369228
-0.0250393
-0.0143406
-0.00471962
0.00392443
0.0116951
0.0186489
0.0247763
0.0308429
0.0369318
-0.177784
-0.154807
-0.133212
-0.113227
-0.0949155
-0.0782396
-0.0631105
-0.0494161
-0.0370385
-0.025863
-0.0157818
-0.00669411
0.00150405
0.00887157
0.0153965
0.0218203
0.0282417
-0.170322
-0.148199
-0.127677
-0.108828
-0.0916253
-0.0759824
-0.0617898
-0.0489304
-0.0372894
-0.026759
-0.0172382
-0.00862308
-0.000852448
0.00606057
0.012831
0.0195721
-0.162972
-0.141932
-0.122566
-0.104852
-0.0887111
-0.0740341
-0.0607057
-0.0486113
-0.037643
-0.0276999
-0.0186783
-0.0105148
-0.00322273
0.00388535
0.0109371
-0.155981
-0.136117
-0.11791
-0.101286
-0.0861393
-0.0723553
-0.05982
-0.0484256
-0.0380713
-0.0286536
-0.0201071
-0.0124447
-0.00500702
0.00234849
-0.149469
-0.130788
-0.113698
-0.0980962
-0.0838705
-0.0709072
-0.0590987
-0.0483444
-0.0385412
-0.0296215
-0.0215973
-0.0138374
-0.00618387
-0.162612
-0.143475
-0.125936
-0.109896
-0.0952426
-0.0818647
-0.0696546
-0.0585117
-0.0483335
-0.0390503
-0.0306728
-0.0225979
-0.0146516
-0.155963
-0.137992
-0.121529
-0.106463
-0.0926846
-0.0800855
-0.0685658
-0.0580232
-0.0483862
-0.0396639
-0.0312812
-0.0230474
-0.149857
-0.132987
-0.117525
-0.103359
-0.090384
-0.0784993
-0.0676032
-0.0576223
-0.0485639
-0.0398808
-0.031365
-0.144263
-0.128419
-0.113881
-0.100543
-0.0883055
-0.0770668
-0.0667521
-0.0573665
-0.0483906
-0.0395986
-0.139139
-0.124243
-0.110556
-0.0979778
-0.0864078
-0.0757694
-0.0660659
-0.0568048
-0.0477431
-0.120416
-0.10751
-0.0956201
-0.0846685
-0.0746566
-0.0651184
-0.0557935
-0.116896
-0.104698
-0.0934441
-0.0831335
-0.0733265
-0.0637454
-0.113637
-0.102091
-0.0914918
-0.0814245
-0.0715948
-0.110605
-0.0997271
-0.0894082
-0.0793378
-0.107835
-0.0972738
-0.0869707
-0.0944902
0.0903046
0.0827355
0.0747377
0.0670094
0.0590736
0.050925
0.0427292
0.0345329
0.0263367
0.0181572
0.0100153
0.00192406
-0.00610873
-0.0140761
-0.0219719
-0.029791
-0.0375292
-0.0451824
-0.0527473
-0.0602206
-0.0675993
-0.0748807
-0.0820619
-0.0891407
-0.0961148
-0.102982
0.0813163
0.0734699
0.064693
0.0569564
0.0494698
0.0418089
0.034124
0.0265291
0.0190126
0.0115568
0.00416731
-0.00314888
-0.0103903
-0.0175569
-0.0246474
-0.0316606
-0.038595
-0.0454494
-0.0522221
-0.0589119
-0.0655171
-0.0720363
-0.0784681
-0.0848112
-0.0910644
-0.0972264
0.0708711
0.0631151
0.0546133
0.0473769
0.0405882
0.0336681
0.0267038
0.0198348
0.0130614
0.00635191
-0.000299221
-0.00688618
-0.0134067
-0.0198611
-0.026249
-0.0325689
-0.0388193
-0.0449988
-0.0511062
-0.05714
-0.0630991
-0.0689822
-0.0747885
-0.0805169
-0.0861668
-0.0917374
0.0605543
0.053285
0.0455336
0.0390012
0.0329021
0.0266768
0.0203877
0.014174
0.00804883
0.00198308
-0.00403146
-0.00998897
-0.0158854
-0.0217201
-0.0274927
-0.0332023
-0.0388476
-0.0444277
-0.0499421
-0.05539
-0.0607709
-0.0660845
-0.0713303
-0.0765082
-0.0816179
-0.0866593
0.0514693
0.0448276
0.037856
0.0319607
0.0264388
0.0208006
0.0151003
0.00946494
0.00391184
-0.00158352
-0.00703001
-0.0124233
-0.0177595
-0.0230383
-0.0282599
-0.0334239
-0.0385301
-0.043578
-0.0485674
-0.0534984
-0.0583707
-0.0631844
-0.0679394
-0.0726358
-0.0772737
-0.0818532
0.0436234
0.0375528
0.0312727
0.0259285
0.0209012
0.0157761
0.0106015
0.00548728
0.000449346
-0.00453339
-0.00946972
-0.0143568
-0.0191917
-0.0239743
-0.0287052
-0.0333845
-0.0380122
-0.0425884
-0.047113
-0.0515863
-0.0560083
-0.0603794
-0.0646997
-0.0689695
-0.073189
-0.0773586
0.0367919
0.0312267
0.0255704
0.0207302
0.0161539
0.0114954
0.00680032
0.00216125
-0.00240893
-0.00692852
-0.0114055
-0.0158378
-0.0202234
-0.0245623
-0.0288551
-0.0331023
-0.037304
-0.0414604
-0.0455717
-0.0496384
-0.0536607
-0.0576389
-0.0615734
-0.0654645
-0.0693127
-0.0731184
0.0308403
0.0257389
0.0206511
0.0162738
0.0121103
0.0078751
0.00361349
-0.00059669
-0.00474593
-0.00884999
-0.0129156
-0.0169415
-0.0209257
-0.0248687
-0.028771
-0.0326331
-0.0364554
-0.0402381
-0.0439817
-0.0476865
-0.051353
-0.0549815
-0.0585724
-0.0621264
-0.0656437
-0.0691248
0.0256838
0.021012
0.0164375
0.012479
0.00868933
0.00483602
0.000964285
-0.00286044
-0.00663167
-0.0103631
-0.0140602
-0.017722
-0.0213471
-0.0249359
-0.028489
-0.0320071
-0.0354904
-0.0389393
-0.0423544
-0.0457359
-0.0490845
-0.0524004
-0.0556843
-0.0589366
-0.0621577
-0.0653481
0.0212388
0.0169618
0.0128471
0.00926433
0.00581196
0.00230256
-0.0012188
-0.00469735
-0.00812917
-0.0115261
-0.0148929
-0.0182284
-0.0215318
-0.0248033
-0.0280439
-0.0312539
-0.0344337
-0.0375839
-0.0407048
-0.0437969
-0.0468607
-0.0498965
-0.052905
-0.0558866
-0.0588418
-0.061771
0.0174222
0.013506
0.00980204
0.00655645
0.00340837
0.000208957
-0.00299726
-0.00616464
-0.00929143
-0.012388
-0.0154579
-0.0185006
-0.0215152
-0.0245021
-0.0274621
-0.0303957
-0.0333032
-0.0361851
-0.0390419
-0.041874
-0.0446818
-0.0474658
-0.0502264
-0.0529642
-0.0556795
-0.0583729
0.0141591
0.0105718
0.00723494
0.00429189
0.00141857
-0.00150127
-0.00442385
-0.00731133
-0.0101637
-0.01299
-0.0157932
-0.0185726
-0.0213276
-0.0240586
-0.0267664
-0.0294513
-0.0321139
-0.0347544
-0.0373733
-0.0399712
-0.0425482
-0.045105
-0.047642
-0.0501594
-0.0526579
-0.0551379
0.0113837
0.00809639
0.00508724
0.00241574
-0.000209398
-0.00287694
-0.00554408
-0.00817958
-0.0107849
-0.0133679
-0.0159308
-0.018473
-0.0209942
-0.0234947
-0.0259752
-0.028436
-0.0308776
-0.0333003
-0.0357046
-0.0380908
-0.0404593
-0.0428106
-0.0451449
-0.0474628
-0.0497646
-0.0520507
0.00903835
0.00602423
0.00330774
0.000880022
-0.00152082
-0.0039605
-0.00639737
-0.00880576
-0.0111883
-0.0135518
-0.0158981
-0.0182264
-0.0205365
-0.0228289
-0.0251041
-0.0273625
-0.0296043
-0.0318301
-0.03404
-0.0362346
-0.0384141
-0.040579
-0.0427294
-0.044866
-0.0469889
-0.0490985
0.00707193
0.00430664
0.00185157
-0.000357193
-0.00255514
-0.00478881
-0.00701785
-0.00922129
-0.0114027
-0.0135679
-0.0157184
-0.0178533
-0.0199727
-0.0220769
-0.0241663
-0.0262413
-0.0283022
-0.0303494
-0.0323831
-0.0344037
-0.0364115
-0.0384068
-0.04039
-0.0423613
-0.0443212
-0.0462698
0.00543949
0.00290084
0.000679395
-0.0013325
-0.00334672
-0.00539391
-0.00743512
-0.00945333
-0.0114528
-0.0134387
-0.0154119
-0.0173718
-0.0193183
-0.0212518
-0.0231727
-0.0250814
-0.026978
-0.0288629
-0.0307364
-0.0325987
-0.0344501
-0.036291
-0.0381216
-0.0399421
-0.041753
-0.0435544
0.00410145
0.00176928
-0.000243181
-0.00207789
-0.00392554
-0.0058037
-0.00767491
-0.00952548
-0.0113601
-0.0131834
-0.0149959
-0.016797
-0.0185867
-0.0203652
-0.0221331
-0.0238905
-0.0256376
-0.0273748
-0.0291022
-0.0308202
-0.032529
-0.0342288
-0.0359199
-0.0376026
-0.039277
-0.0409435
0.00302295
0.000879007
-0.000946329
-0.00262137
-0.00431781
-0.00604255
-0.00775968
-0.00945828
-0.0111434
-0.0128191
-0.0144856
-0.0161424
-0.0177894
-0.019427
-0.0210555
-0.0226751
-0.024286
-0.0258884
-0.0274826
-0.0290687
-0.0306471
-0.0322178
-0.0337813
-0.0353375
-0.0368869
-0.0384296
0.00217328
0.00020103
-0.00145656
-0.00298752
-0.00454653
-0.00613183
-0.0077091
-0.00926973
-0.010819
-0.0123605
-0.0138942
-0.0154196
-0.0169367
-0.0184458
-0.0199472
-0.021441
-0.0229275
-0.0244068
-0.0258791
-0.0273446
-0.0288035
-0.030256
-0.0317024
-0.0331426
-0.0345771
-0.0360059
0.0015253
-0.000290193
-0.00179724
-0.00319802
-0.00463194
-0.00609034
-0.00754048
-0.00897566
-0.0104013
-0.0118206
-0.0132333
-0.0146389
-0.0160375
-0.0174293
-0.0188146
-0.0201935
-0.0215661
-0.0229327
-0.0242934
-0.0256484
-0.0269978
-0.0283417
-0.0296805
-0.0310141
-0.0323428
-0.0336668
0.00105504
-0.000617229
-0.001989
-0.003272
-0.00459194
-0.00593468
-0.00726909
-0.00859005
-0.00990303
-0.0112108
-0.0125131
-0.0138094
-0.0150997
-0.0163843
-0.0176634
-0.0189371
-0.0202055
-0.0214688
-0.0227271
-0.0239806
-0.0252294
-0.0264736
-0.0277134
-0.0289489
-0.0301803
-0.0314077
0.000741201
-0.000800074
-0.00205014
-0.00322645
-0.0044424
-0.0056796
-0.00690853
-0.00812535
-0.00933551
-0.0105415
-0.0117429
-0.0129392
-0.0141304
-0.0153169
-0.0164987
-0.0176759
-0.0188488
-0.0200173
-0.0211816
-0.0223418
-0.0234981
-0.0246505
-0.0257992
-0.0269443
-0.028086
-0.0292243
0.000564867
-0.000856502
-0.00199696
-0.0030765
-0.00419745
-0.00533823
-0.0064709
-0.00759265
-0.00870887
-0.00982173
-0.0109308
-0.0120356
-0.0131361
-0.0142326
-0.0153252
-0.016414
-0.017499
-0.0185804
-0.0196583
-0.0207328
-0.0218039
-0.0228718
-0.0239366
-0.0249983
-0.0260572
-0.0271132
0.000509146
-0.000802363
-0.00184399
-0.00283565
-0.00386974
-0.00492234
-0.00596705
-0.00700192
-0.0080322
-0.00905984
-0.0100844
-0.0111053
-0.0121226
-0.0131366
-0.0141473
-0.0151547
-0.0161591
-0.0171604
-0.0181588
-0.0191543
-0.0201469
-0.0211369
-0.0221243
-0.0231091
-0.0240914
-0.0250714
0.000558929
-0.000651835
-0.00160425
-0.00251603
-0.00347061
-0.00444249
-0.00540674
-0.00636212
-0.0073137
-0.00826325
-0.00921025
-0.0101542
-0.0110952
-0.0120333
-0.0129688
-0.0139015
-0.0148317
-0.0157592
-0.0166844
-0.0176071
-0.0185274
-0.0194455
-0.0203614
-0.0212751
-0.0221868
-0.0230965
0.000700662
-0.000417641
-0.00128946
-0.00212854
-0.00301028
-0.00390818
-0.00479876
-0.00568134
-0.00656081
-0.00743873
-0.00831457
-0.00918789
-0.0100587
-0.0109272
-0.0117934
-0.0126574
-0.0135192
-0.0143788
-0.0152364
-0.016092
-0.0169456
-0.0177973
-0.0186472
-0.0194953
-0.0203416
-0.0211863
0.000922151
-0.000111224
-0.000910153
-0.00168302
-0.00249798
-0.00332802
-0.0041511
-0.00496695
-0.00578024
-0.00659241
-0.0074029
-0.0082113
-0.00901761
-0.00982198
-0.0106245
-0.0114251
-0.0122239
-0.013021
-0.0138163
-0.01461
-0.015402
-0.0161924
-0.0169813
-0.0177686
-0.0185545
-0.0193391
0.0012124
0.000257097
-0.000475856
-0.00118836
-0.00194203
-0.00270979
-0.00347095
-0.00422558
-0.00497813
-0.00572989
-0.00648031
-0.007229
-0.00797596
-0.00872131
-0.00946512
-0.0102074
-0.0109482
-0.0116875
-0.0124253
-0.0131618
-0.0138969
-0.0146307
-0.0153631
-0.0160943
-0.0168243
-0.0175532
0.0015615
0.000678004
4.8204e-06
-0.000652612
-0.00135
-0.00206055
-0.00276488
-0.00346331
-0.00416004
-0.00485626
-0.00555143
-0.00624517
-0.00693749
-0.00762848
-0.0083182
-0.00900667
-0.00969389
-0.0103799
-0.0110647
-0.0117483
-0.0124308
-0.0131122
-0.0137925
-0.0144718
-0.01515
-0.0158273
0.00196046
0.00114307
0.000524076
-8.30675e-05
-0.00072875
-0.00138671
-0.00203884
-0.00268562
-0.00333105
-0.00397617
-0.00462049
-0.00526363
-0.0059056
-0.0065465
-0.00718635
-0.00782517
-0.00846296
-0.00909975
-0.00973555
-0.0103704
-0.0110043
-0.0116372
-0.0122693
-0.0129004
-0.0135307
-0.0141602
0.00240118
0.00164466
0.00107484
0.000513652
-8.44907e-05
-0.000694081
-0.00129823
-0.00189754
-0.00249576
-0.00309386
-0.00369134
-0.00428787
-0.00488344
-0.00547813
-0.00607197
-0.00666497
-0.00725713
-0.00784845
-0.00843896
-0.00902867
-0.00961758
-0.0102057
-0.0107931
-0.0113798
-0.0119657
-0.0125509
0.00287629
0.00217587
0.00165071
0.00113155
0.000577135
1.20554e-05
-0.000547966
-0.00110361
-0.00165837
-0.00221316
-0.00276749
-0.00332104
-0.00387382
-0.00442588
-0.00497726
-0.00552795
-0.00607795
-0.00662726
-0.0071759
-0.00772388
-0.00827119
-0.00881787
-0.0093639
-0.00990931
-0.0104541
-0.0109983
0.00337915
0.00273046
0.00224589
0.00176518
0.00125101
0.00072692
0.00020751
-0.000307935
-0.000822684
-0.00133755
-0.0018521
-0.00236603
-0.00287932
-0.00339204
-0.0039042
-0.00441581
-0.00492685
-0.00543734
-0.00594726
-0.00645663
-0.00696545
-0.00747373
-0.00798148
-0.0084887
-0.00899541
-0.00950161
0.00390374
0.00330277
0.00285513
0.00240963
0.00193253
0.00144619
0.000964171
0.000485745
7.8695e-06
-0.000470204
-0.000948062
-0.00142542
-0.00190227
-0.00237865
-0.0028546
-0.00333009
-0.00380512
-0.00427969
-0.00475379
-0.00522744
-0.00570063
-0.00617337
-0.00664565
-0.00711749
-0.00758889
-0.00805985
0.00444463
0.0038877
0.00347368
0.00306046
0.00261749
0.00216596
0.00171839
0.00127408
0.000830195
0.000386063
-5.79377e-05
-0.00050154
-0.000944732
-0.00138756
-0.00183003
-0.00227213
-0.00271386
-0.00315521
-0.00359617
-0.00403676
-0.00447696
-0.00491677
-0.0053562
-0.00579525
-0.00623391
-0.00667221
0.00499693
0.00448066
0.00409729
0.00371366
0.00330216
0.00288272
0.00246691
0.00205404
0.00164152
0.00122871
0.000815964
0.000403535
-8.56517e-06
-0.000420374
-0.000831899
-0.00124313
-0.00165405
-0.00206466
-0.00247495
-0.00288491
-0.00329456
-0.00370387
-0.00411286
-0.00452151
-0.00492984
-0.00533783
0.00555623
0.00507753
0.00472211
0.00436564
0.00398317
0.00359333
0.00320681
0.00282295
0.00243937
0.00205548
0.0016716
0.00128797
0.000904609
0.000521476
0.000138571
-0.000244095
-0.000626507
-0.00100866
-0.00139054
-0.00177216
-0.00215349
-0.00253455
-0.00291531
-0.00329579
-0.00367598
-0.00405588
0.0061186
0.00567461
0.00534472
0.0050132
0.0046575
0.00429499
0.0039355
0.00357842
0.00322155
0.00286437
0.00250717
0.00215017
0.00179337
0.00143676
0.00108034
0.000724105
0.000368084
1.22806e-05
-0.000343296
-0.00069864
-0.00105374
-0.0014086
-0.00176321
-0.00211756
-0.00247166
-0.00282549
0.00668051
0.00626861
0.00596206
0.00565348
0.00532249
0.00498521
0.00465068
0.00431833
0.00398615
0.00365366
0.00332112
0.00298873
0.00265652
0.00232445
0.00199253
0.00166077
0.00132919
0.000997794
0.000666593
0.000335595
4.80628e-06
-0.000325765
-0.000656113
-0.000986231
-0.00131612
-0.00164576
0.00723884
0.0068566
0.00657142
0.00628395
0.00597578
0.00566182
0.00535035
0.00504084
0.00473148
0.00442181
0.00411209
0.00380248
0.00349301
0.00318366
0.00287443
0.00256534
0.0022564
0.00194762
0.00163901
0.00133057
0.00102233
0.000714281
0.000406434
9.87959e-05
-0.000208627
-0.00051583
0.0077908
0.00743602
0.00717042
0.00690239
0.00661531
0.00632291
0.00603275
0.00574437
0.00545611
0.00516756
0.00487894
0.00459041
0.004302
0.00401369
0.00372548
0.00343739
0.00314943
0.00286162
0.00257395
0.00228645
0.00199911
0.00171196
0.00142499
0.00113822
0.000851642
0.000565274
0.00833399
0.00800461
0.00775698
0.00750686
0.00723928
0.00696682
0.00669638
0.00642754
0.0061588
0.0058898
0.00562072
0.00535172
0.00508282
0.004814
0.00454527
0.00427665
0.00400814
0.00373976
0.00347152
0.00320343
0.0029355
0.00266773
0.00240014
0.00213273
0.0018655
0.00159848
0.00886626
0.00856041
0.00832929
0.00809571
0.00784617
0.00759216
0.00733996
0.00708921
0.00683856
0.00658765
0.00633668
0.00608577
0.00583494
0.0055842
0.00533353
0.00508295
0.00483249
0.00458214
0.00433192
0.00408185
0.00383192
0.00358214
0.00333254
0.0030831
0.00283385
0.00258479
0.00938581
0.00910173
0.00888582
0.00866751
0.00843466
0.00819774
0.00796244
0.00772844
0.00749454
0.00726041
0.00702621
0.00679207
0.00655801
0.00632402
0.0060901
0.00585627
0.00562255
0.00538893
0.00515544
0.00492208
0.00468887
0.0044558
0.0042229
0.00399016
0.00375761
0.00352523
0.00989106
0.00962715
0.00942525
0.00922106
0.00900368
0.0087826
0.00856295
0.00834448
0.0081261
0.00790752
0.00768889
0.0074703
0.00725179
0.00703334
0.00681497
0.00659668
0.00637849
0.00616041
0.00594245
0.00572462
0.00550693
0.00528938
0.00507199
0.00485477
0.00463772
0.00442085
0.0103807
0.0101355
0.00994652
0.0097554
0.00955235
0.00934594
0.00914081
0.00893675
0.00873276
0.00852861
0.00832441
0.00812026
0.00791618
0.00771216
0.00750822
0.00730436
0.0071006
0.00689695
0.00669341
0.00649
0.00628673
0.0060836
0.00588063
0.00567782
0.00547518
0.00527271
0.0108536
0.0106257
0.0104487
0.0102697
0.01008
0.00988717
0.00969551
0.00950481
0.00931419
0.00912343
0.00893263
0.00874188
0.0085512
0.00836058
0.00817004
0.00797959
0.00778923
0.00759898
0.00740885
0.00721884
0.00702897
0.00683924
0.00664967
0.00646025
0.00627101
0.00608194
0.011309
0.0110972
0.0109312
0.0107634
0.010586
0.0104059
0.0102267
0.0100484
0.0098702
0.00969187
0.00951351
0.00933521
0.00915697
0.00897881
0.00880072
0.00862272
0.00844482
0.00826703
0.00808935
0.0079118
0.00773439
0.00755711
0.00738
0.00720304
0.00702625
0.00684963
0.0117461
0.0115491
0.0113934
0.0112361
0.0110701
0.0109017
0.0107342
0.0105674
0.0104007
0.0102339
0.0100671
0.0099004
0.00973374
0.00956715
0.00940063
0.00923421
0.00906789
0.00890167
0.00873558
0.00856961
0.00840378
0.00823809
0.00807255
0.00790718
0.00774197
0.00757693
0.0121643
0.0119812
0.0118351
0.0116874
0.0115321
0.0113746
0.0112178
0.0110617
0.0109058
0.0107497
0.0105937
0.0104377
0.0102818
0.010126
0.00997023
0.00981457
0.00965901
0.00950357
0.00934824
0.00919304
0.00903798
0.00888307
0.0087283
0.0085737
0.00841926
0.008265
0.0125635
0.0123931
0.0122558
0.0121172
0.0119718
0.0118244
0.0116777
0.0115316
0.0113856
0.0112395
0.0110935
0.0109475
0.0108016
0.0106558
0.01051
0.0103644
0.0102188
0.0100734
0.00992809
0.00978291
0.00963787
0.00949297
0.00934823
0.00920365
0.00905923
0.00891499
0.0129432
0.0127848
0.0126557
0.0125255
0.0123893
0.0122513
0.0121139
0.0119771
0.0118403
0.0117036
0.0115668
0.0114301
0.0112935
0.011157
0.0110206
0.0108842
0.010748
0.0106119
0.0104759
0.0103401
0.0102043
0.0100688
0.00993335
0.00979808
0.00966299
0.00952807
0.0133035
0.0131561
0.0130347
0.0129123
0.0127846
0.0126554
0.0125267
0.0123985
0.0122704
0.0121423
0.0120142
0.0118861
0.0117582
0.0116303
0.0115025
0.0113749
0.0112473
0.0111199
0.0109926
0.0108654
0.0107383
0.0106114
0.0104847
0.0103581
0.0102317
0.0101054
0.0136444
0.0135071
0.0133929
0.0132779
0.0131581
0.013037
0.0129164
0.0127962
0.0126761
0.012556
0.012436
0.012316
0.0121961
0.0120763
0.0119566
0.011837
0.0117175
0.0115981
0.0114789
0.0113598
0.0112408
0.0111219
0.0110033
0.0108847
0.0107664
0.0106482
0.0139659
0.0138381
0.0137306
0.0136223
0.01351
0.0133965
0.0132834
0.0131706
0.013058
0.0129454
0.0128329
0.0127204
0.012608
0.0124957
0.0123835
0.0122714
0.0121594
0.0120475
0.0119357
0.0118241
0.0117126
0.0116013
0.0114901
0.0113791
0.0112682
0.0111575
0.0142684
0.0141493
0.014048
0.0139461
0.0138407
0.0137342
0.0136281
0.0135223
0.0134166
0.013311
0.0132054
0.0130999
0.0129944
0.0128891
0.0127839
0.0126787
0.0125737
0.0124688
0.012364
0.0122594
0.0121549
0.0120505
0.0119463
0.0118423
0.0117384
0.0116346
0.0145521
0.0144411
0.0143456
0.0142496
0.0141506
0.0140506
0.013951
0.0138517
0.0137525
0.0136533
0.0135542
0.0134551
0.0133562
0.0132573
0.0131586
0.0130599
0.0129614
0.012863
0.0127647
0.0126665
0.0125685
0.0124706
0.0123729
0.0122753
0.0121779
0.0120806
0.0148172
0.0147138
0.0146237
0.0145333
0.0144402
0.0143463
0.0142527
0.0141594
0.0140662
0.013973
0.0138799
0.0137869
0.013694
0.0136011
0.0135084
0.0134158
0.0133232
0.0132308
0.0131386
0.0130464
0.0129544
0.0128625
0.0127708
0.0126792
0.0125878
0.0150644
0.0149678
0.0148828
0.0147975
0.0147099
0.0146217
0.0145337
0.014446
0.0143584
0.0142708
0.0141833
0.0140958
0.0140085
0.0139212
0.0138341
0.013747
0.0136601
0.0135733
0.0134866
0.0134
0.0133136
0.0132273
0.0131411
0.0130551
0.0129693
0.0152939
0.0152038
0.0151235
0.0150429
0.0149605
0.0148775
0.0147947
0.0147121
0.0146297
0.0145473
0.0144649
0.0143827
0.0143005
0.0142184
0.0141364
0.0140545
0.0139728
0.0138911
0.0138096
0.0137282
0.0136469
0.0135658
0.0134848
0.013404
0.0133233
0.0155064
0.015422
0.0153461
0.01527
0.0151923
0.0151142
0.0150362
0.0149584
0.0148807
0.0148031
0.0147256
0.0146481
0.0145707
0.0144934
0.0144162
0.0143391
0.0142621
0.0141853
0.0141085
0.0140319
0.0139554
0.013879
0.0138028
0.0137268
0.0136508
0.0157022
0.0156232
0.0155514
0.0154794
0.0154061
0.0153324
0.0152589
0.0151855
0.0151122
0.015039
0.0149659
0.0148928
0.0148198
0.014747
0.0146742
0.0146015
0.0145289
0.0144565
0.0143841
0.0143119
0.0142398
0.0141679
0.0140961
0.0140244
0.0139529
0.0158819
0.0158078
0.0157398
0.0156716
0.0156023
0.0155327
0.0154632
0.015394
0.0153247
0.0152556
0.0151865
0.0151175
0.0150486
0.0149798
0.0149111
0.0148425
0.014774
0.0147056
0.0146373
0.0145691
0.0145011
0.0144332
0.0143654
0.0142978
0.0142303
0.016046
0.0159764
0.0159118
0.0158471
0.0157815
0.0157157
0.01565
0.0155844
0.0155189
0.0154535
0.0153882
0.0153229
0.0152577
0.0151926
0.0151276
0.0150627
0.014998
0.0149333
0.0148687
0.0148043
0.0147399
0.0146757
0.0146117
0.0145477
0.0144839
0.0161949
0.0161295
0.016068
0.0160065
0.0159443
0.0158819
0.0158196
0.0157574
0.0156954
0.0156333
0.0155714
0.0155095
0.0154477
0.0153861
0.0153245
0.015263
0.0152016
0.0151403
0.0150791
0.015018
0.0149571
0.0148963
0.0148356
0.014775
0.0147146
0.0163293
0.0162675
0.0162089
0.0161503
0.0160912
0.0160319
0.0159727
0.0159136
0.0158546
0.0157957
0.0157368
0.015678
0.0156193
0.0155607
0.0155022
0.0154437
0.0153854
0.0153272
0.0152691
0.0152111
0.0151532
0.0150955
0.0150378
0.0149803
0.014923
0.0164494
0.0163909
0.0163349
0.0162789
0.0162225
0.016166
0.0161096
0.0160533
0.0159971
0.0159409
0.0158848
0.0158288
0.0157729
0.015717
0.0156613
0.0156056
0.01555
0.0154946
0.0154392
0.015384
0.0153289
0.0152739
0.015219
0.0151643
0.0151097
0.0165558
0.0165001
0.0164465
0.0163928
0.0163389
0.0162849
0.0162309
0.0161771
0.0161233
0.0160696
0.016016
0.0159624
0.015909
0.0158556
0.0158023
0.0157491
0.015696
0.015643
0.0155901
0.0155373
0.0154847
0.0154321
0.0153797
0.0153274
0.0152753
0.0166486
0.0165955
0.0165439
0.0164923
0.0164405
0.0163886
0.0163369
0.0162852
0.0162336
0.016182
0.0161305
0.0160792
0.0160278
0.0159766
0.0159255
0.0158745
0.0158235
0.0157727
0.015722
0.0156713
0.0156208
0.0155705
0.0155202
0.0154701
0.0154201
0.0167284
0.0166774
0.0166275
0.0165777
0.0165277
0.0164777
0.0164278
0.016378
0.0163282
0.0162785
0.0162289
0.0161794
0.0161299
0.0160806
0.0160313
0.0159822
0.0159331
0.0158841
0.0158352
0.0157865
0.0157379
0.0156893
0.0156409
0.0155927
0.0155445
0.016795
0.0167458
0.0166973
0.0166489
0.0166005
0.0165521
0.0165037
0.0164554
0.0164072
0.0163591
0.016311
0.016263
0.0162151
0.0161673
0.0161196
0.016072
0.0160245
0.0159771
0.0159298
0.0158826
0.0158356
0.0157886
0.0157418
0.0156951
0.0156485
0.0168488
0.016801
0.0167537
0.0167065
0.0166593
0.0166121
0.016565
0.0165179
0.0164709
0.016424
0.0163772
0.0163305
0.0162839
0.0162373
0.0161909
0.0161445
0.0160983
0.0160522
0.0160061
0.0159602
0.0159144
0.0158687
0.0158232
0.0157778
0.0157325
0.0168894
0.0168426
0.0167961
0.0167497
0.0167034
0.0166571
0.0166108
0.0165647
0.0165186
0.0164727
0.0164268
0.016381
0.0163353
0.0162896
0.0162441
0.0161987
0.0161534
0.0161082
0.0160632
0.0160182
0.0159734
0.0159287
0.0158841
0.0158396
0.0157953
0.0169173
0.0168711
0.0168252
0.0167793
0.0167335
0.0166878
0.0166422
0.0165966
0.0165511
0.0165058
0.0164605
0.0164153
0.0163702
0.0163252
0.0162804
0.0162356
0.016191
0.0161464
0.016102
0.0160577
0.0160135
0.0159695
0.0159256
0.0158818
0.0158382
0.0169309
0.0168849
0.0168391
0.0167934
0.0167477
0.0167022
0.0166567
0.0166113
0.016566
0.0165209
0.0164758
0.0164309
0.016386
0.0163413
0.0162967
0.0162522
0.0162078
0.0161636
0.0161195
0.0160755
0.0160316
0.0159879
0.0159443
0.0159009
0.0158576
0.125494
0.103477
0.110907
0.0918242
0.0993609
0.0817415
0.0881499
0.0712841
0.0777359
0.0616293
0.0684871
0.0532182
0.0603219
0.0458908
0.0530809
0.0394612
0.0466589
0.0338272
0.0409806
0.0289131
0.0359755
0.0246437
0.0315757
0.0209469
0.0277187
0.0177583
0.024348
0.0150205
0.0214128
0.0126827
0.0188676
0.0106999
0.016671
0.00903175
0.0147863
0.00764281
0.0131803
0.00650146
0.0118233
0.00557963
0.0106888
0.00485237
0.00975269
0.00429739
0.00899357
0.00389482
0.00839203
0.00362683
0.00793057
0.00347743
0.00759339
0.00343223
0.0073662
0.00347826
0.00723604
0.00360379
0.00719116
0.00379822
0.00722088
0.00405196
0.00731551
0.0043563
0.00746622
0.00470335
0.00766502
0.00508595
0.00790462
0.00549764
0.00817842
0.00593253
0.00848043
0.00638535
0.00880523
0.0068513
0.00914792
0.00732609
0.00950408
0.00780587
0.00986977
0.00828719
0.0102414
0.00876701
0.0106159
0.00924261
0.0109903
0.00971161
0.0113623
0.0101719
0.0117296
0.0106218
0.0120903
0.0110597
0.0124429
0.0114842
0.0127859
0.0118944
0.0131182
0.0122894
0.0134388
0.0126684
0.0137469
0.0130309
0.0140419
0.0133767
0.0143234
0.0137053
0.0145909
0.0140167
0.0148444
0.014311
0.0150838
0.0145881
0.0153089
0.0148483
0.01552
0.0150919
0.0157172
0.015319
0.0159007
0.0155302
0.0160708
0.0157257
0.0162277
0.015906
0.0163719
0.0160716
0.0165036
0.0162228
0.0166233
0.0163601
0.0167312
0.016484
0.0168277
0.0165947
0.0169132
0.0166928
0.0169878
0.0167785
0.0170518
0.016852
0.0171053
0.0169135
0.0171484
0.0169631
0.0171812
0.0170007
0.0172034
0.0170263
0.0172146
0.0170391
0.20363
0.196085
0.188424
0.180649
0.172758
0.164746
0.172177
0.156606
0.165215
0.14835
0.158201
0.139969
0.150918
0.131213
0.142984
0.121956
0.15475
0.135093
0.162546
0.144124
0.169682
0.152656
0.176553
0.160831
0.183367
0.168888
0.176832
0.18465
0.192348
0.199929
0.207392
0.214738
0.0212635
0.0210532
0.0208534
0.0212608
0.0210488
0.0208475
0.0212551
0.0210397
0.020835
0.0212467
0.0210263
0.020817
0.0212354
0.0210085
0.0207928
0.0212211
0.020986
0.0207627
0.0212034
0.0209587
0.0207262
0.0211823
0.0209264
0.0206833
0.0211574
0.0208887
0.0206336
0.0211284
0.0208454
0.0205766
0.021095
0.0207961
0.0205122
0.0210569
0.0207404
0.0204397
0.0210138
0.0206779
0.0203589
0.0209653
0.0206083
0.0202692
0.0209111
0.0205311
0.0201702
0.0208509
0.020446
0.0200614
0.0207845
0.0203526
0.0199424
0.0207116
0.0202506
0.0198127
0.020632
0.0201397
0.0196719
0.0205456
0.0200195
0.0195196
0.0204522
0.0198899
0.0193555
0.0203518
0.0197506
0.0191791
0.0202444
0.0196016
0.0189903
0.0201302
0.0194427
0.0187887
0.0200094
0.019274
0.0185743
0.0198823
0.0190956
0.0183468
0.0197493
0.0189078
0.0181065
0.0196111
0.0187108
0.0178532
0.0194683
0.0185052
0.0175873
0.019322
0.0182916
0.0173091
0.0191732
0.0180707
0.0170191
0.0190232
0.0178437
0.0167179
0.0188737
0.0176117
0.0164064
0.0187265
0.0173761
0.0160856
0.0185837
0.0171388
0.0157569
0.0184478
0.0169016
0.0154217
0.0183217
0.016667
0.0150819
0.0182086
0.0164377
0.0147398
0.0181123
0.0162168
0.0143978
0.0180369
0.016008
0.0140589
0.0179873
0.0158154
0.0137266
0.0179687
0.0156437
0.0134047
0.0179874
0.0154981
0.013098
0.0180501
0.0153849
0.0128114
0.0181645
0.0153107
0.012551
0.0183391
0.0152833
0.0123234
0.0185835
0.0153114
0.0121364
0.0189084
0.0154047
0.0119985
0.0193257
0.0155741
0.0119195
0.0198486
0.0158319
0.0119104
0.0204919
0.0161917
0.0119836
0.0212718
0.0166691
0.0121533
0.0222065
0.0172809
0.012435
0.023316
0.0180465
0.0128465
0.0246225
0.018987
0.0134078
0.0261505
0.0201263
0.0141411
0.027927
0.0214908
0.0150715
0.0299818
0.0231099
0.0162272
0.0323474
0.0250163
0.0176396
0.0350598
0.0272462
0.019344
0.0381582
0.0298398
0.02138
0.0416854
0.0328413
0.0237917
0.0362998
0.0266283
0.040269
0.0299445
0.044808
0.0338014
0.0499814
0.0382667
0.0558592
0.0434154
0.0625136
0.0493263
0.0700203
0.0560778
0.0784791
0.0637686
0.0880405
0.0725726
0.0987986
0.0826576
0.110438
0.0936587
0.122491
0.104461
0.137394
0.116766
0.0207297
0.020677
0.0206245
0.020572
0.0205195
0.0204671
0.0204147
0.0203624
0.0203101
0.0202579
0.0202058
0.0201537
0.0201017
0.0200497
0.0199979
0.019946
0.0198943
0.0198427
0.0197911
0.0197396
0.0196882
0.0196369
0.0195857
0.0195346
0.020723
0.0206702
0.0206175
0.0205649
0.0205124
0.0204598
0.0204073
0.0203548
0.0203024
0.02025
0.0201976
0.0201453
0.0200931
0.0200409
0.0199887
0.0199367
0.0198847
0.0198327
0.0197809
0.0197291
0.0196774
0.0196257
0.0195742
0.0195227
0.0207083
0.0206549
0.0206017
0.0205486
0.0204955
0.0204423
0.0203892
0.0203361
0.0202831
0.0202301
0.0201771
0.0201242
0.0200713
0.0200185
0.0199657
0.019913
0.0198603
0.0198077
0.0197551
0.0197027
0.0196503
0.0195979
0.0195457
0.0194935
0.0206874
0.020633
0.020579
0.020525
0.020471
0.020417
0.020363
0.020309
0.020255
0.0202011
0.0201472
0.0200933
0.0200395
0.0199857
0.019932
0.0198783
0.0198246
0.019771
0.0197175
0.0196641
0.0196107
0.0195573
0.0195041
0.0194509
0.0206592
0.0206034
0.0205481
0.020493
0.0204377
0.0203825
0.0203272
0.0202719
0.0202167
0.0201615
0.0201063
0.0200512
0.0199961
0.019941
0.019886
0.019831
0.0197761
0.0197212
0.0196664
0.0196116
0.0195569
0.0195022
0.0194477
0.0193932
0.0206241
0.0205666
0.0205099
0.0204532
0.0203964
0.0203396
0.0202827
0.0202259
0.0201691
0.0201123
0.0200556
0.0199989
0.0199422
0.0198855
0.0198289
0.0197723
0.0197158
0.0196593
0.0196028
0.0195464
0.0194901
0.0194339
0.0193777
0.0193216
0.0205817
0.020522
0.0204635
0.020405
0.0203464
0.0202876
0.0202289
0.0201702
0.0201115
0.0200529
0.0199942
0.0199356
0.019877
0.0198184
0.0197599
0.0197014
0.019643
0.0195846
0.0195262
0.0194679
0.0194097
0.0193515
0.0192934
0.0192353
0.0205319
0.0204697
0.0204091
0.0203485
0.0202877
0.0202268
0.0201659
0.020105
0.0200441
0.0199832
0.0199224
0.0198616
0.0198008
0.01974
0.0196793
0.0196186
0.0195579
0.0194973
0.0194367
0.0193762
0.0193158
0.0192554
0.019195
0.0191348
0.0204743
0.0204092
0.0203461
0.0202832
0.0202199
0.0201565
0.020093
0.0200297
0.0199663
0.0199029
0.0198396
0.0197762
0.0197129
0.0196497
0.0195864
0.0195232
0.01946
0.0193969
0.0193338
0.0192708
0.0192079
0.019145
0.0190821
0.0190194
0.0204085
0.0203402
0.0202744
0.0202087
0.0201427
0.0200765
0.0200102
0.019944
0.0198779
0.0198117
0.0197456
0.0196794
0.0196133
0.0195472
0.0194812
0.0194152
0.0193492
0.0192832
0.0192174
0.0191515
0.0190858
0.0190201
0.0189544
0.0188888
0.0203341
0.0202622
0.0201934
0.0201248
0.0200556
0.0199863
0.0199169
0.0198476
0.0197784
0.0197091
0.0196398
0.0195706
0.0195014
0.0194322
0.019363
0.0192939
0.0192248
0.0191557
0.0190867
0.0190178
0.0189489
0.0188801
0.0188113
0.0187427
0.0202507
0.0201748
0.0201027
0.0200308
0.0199583
0.0198855
0.0198128
0.01974
0.0196674
0.0195947
0.019522
0.0194493
0.0193767
0.0193041
0.0192315
0.0191589
0.0190864
0.019014
0.0189415
0.0188692
0.0187969
0.0187246
0.0186525
0.0185804
0.0201578
0.0200775
0.0200018
0.0199264
0.0198502
0.0197736
0.0196971
0.0196207
0.0195443
0.0194678
0.0193914
0.019315
0.0192387
0.0191623
0.019086
0.0190097
0.0189335
0.0188573
0.0187811
0.018705
0.018629
0.018553
0.0184771
0.0184013
0.0200549
0.0199698
0.0198902
0.0198109
0.0197307
0.0196501
0.0195696
0.0194891
0.0194086
0.0193281
0.0192477
0.0191672
0.0190868
0.0190064
0.018926
0.0188456
0.0187653
0.0186851
0.0186049
0.0185247
0.0184447
0.0183646
0.0182847
0.0182048
0.018125
0.0199415
0.0198511
0.0197674
0.019684
0.0195994
0.0195144
0.0194295
0.0193446
0.0192597
0.0191749
0.01909
0.0190052
0.0189204
0.0188356
0.0187508
0.0186661
0.0185814
0.0184968
0.0184122
0.0183276
0.0182432
0.0181588
0.0180744
0.0179902
0.017906
0.0198171
0.019721
0.0196328
0.019545
0.0194557
0.019366
0.0192763
0.0191867
0.0190971
0.0190075
0.0189179
0.0188283
0.0187388
0.0186493
0.0185598
0.0184703
0.0183809
0.0182915
0.0182022
0.018113
0.0180238
0.0179346
0.0178456
0.0177566
0.0176677
0.0196812
0.019579
0.0194859
0.0193933
0.0192991
0.0192042
0.0191094
0.0190147
0.01892
0.0188254
0.0187307
0.018636
0.0185414
0.0184468
0.0183522
0.0182577
0.0181632
0.0180687
0.0179743
0.01788
0.0177857
0.0176915
0.0175973
0.0175033
0.0174093
0.0195332
0.0194244
0.0193262
0.0192285
0.0191288
0.0190284
0.0189282
0.018828
0.0187279
0.0186278
0.0185277
0.0184276
0.0183275
0.0182274
0.0181274
0.0180274
0.0179274
0.0178275
0.0177276
0.0176278
0.0175281
0.0174284
0.0173288
0.0172293
0.0171299
0.0193727
0.0192567
0.0191531
0.0190499
0.0189445
0.0188382
0.018732
0.0186261
0.0185202
0.0184142
0.0183082
0.0182023
0.0180963
0.0179904
0.0178845
0.0177787
0.0176729
0.0175671
0.0174614
0.0173557
0.0172501
0.0171446
0.0170392
0.0169338
0.0168286
0.0191992
0.0190755
0.018966
0.018857
0.0187454
0.0186328
0.0185204
0.0184082
0.018296
0.0181838
0.0180716
0.0179594
0.0178472
0.017735
0.0176229
0.0175107
0.0173987
0.0172866
0.0171747
0.0170628
0.0169509
0.0168392
0.0167275
0.0166159
0.0165043
0.0190122
0.0188802
0.0187645
0.0186493
0.0185311
0.0184118
0.0182927
0.0181738
0.0180549
0.017936
0.0178171
0.0176982
0.0175793
0.0174604
0.0173416
0.0172228
0.017104
0.0169853
0.0168667
0.0167481
0.0166295
0.0165111
0.0163927
0.0162744
0.0161562
0.0188113
0.0186704
0.0185481
0.0184262
0.018301
0.0181745
0.0180482
0.0179222
0.0177962
0.0176701
0.0175441
0.017418
0.017292
0.017166
0.01704
0.016914
0.0167881
0.0166622
0.0165364
0.0164107
0.016285
0.0161594
0.0160338
0.0159084
0.015783
0.0185961
0.0184457
0.0183163
0.0181874
0.0180546
0.0179204
0.0177864
0.0176528
0.0175192
0.0173855
0.0172518
0.0171181
0.0169844
0.0168508
0.0167171
0.0165835
0.01645
0.0163165
0.016183
0.0160496
0.0159163
0.0157831
0.0156499
0.0155168
0.0153839
0.0183663
0.0182056
0.0180687
0.0179323
0.0177914
0.017649
0.0175068
0.017365
0.0172233
0.0170815
0.0169396
0.0167978
0.0166559
0.0165141
0.0163723
0.0162305
0.0160888
0.0159472
0.0158055
0.015664
0.0155225
0.0153811
0.0152398
0.0150986
0.0149575
0.0181215
0.0179499
0.017805
0.0176605
0.017511
0.0173598
0.0172088
0.0170584
0.0169079
0.0167574
0.0166068
0.0164562
0.0163057
0.0161552
0.0160046
0.0158542
0.0157037
0.0155534
0.015403
0.0152528
0.0151026
0.0149525
0.0148025
0.0146526
0.0145027
0.0178617
0.0176783
0.0175247
0.0173717
0.017213
0.0170523
0.016892
0.0167322
0.0165725
0.0164127
0.0162528
0.0160929
0.015933
0.0157732
0.0156134
0.0154536
0.0152938
0.0151341
0.0149745
0.0148149
0.0146555
0.0144961
0.0143368
0.0141776
0.0140185
0.0175866
0.0173905
0.0172278
0.0170656
0.016897
0.0167263
0.016556
0.0163862
0.0162165
0.0160467
0.0158769
0.015707
0.0155372
0.0153674
0.0151976
0.0150279
0.0148582
0.0146886
0.014519
0.0143495
0.0141801
0.0140108
0.0138415
0.0136724
0.0135034
0.0172961
0.0170864
0.0169139
0.016742
0.0165628
0.0163812
0.0162002
0.0160198
0.0158395
0.015659
0.0154785
0.015298
0.0151175
0.0149371
0.0147566
0.0145763
0.0143959
0.0142157
0.0140355
0.0138554
0.0136753
0.0134954
0.0133156
0.0131359
0.0129563
0.0169905
0.0167661
0.0165831
0.0164007
0.0162102
0.016017
0.0158245
0.0156326
0.0154409
0.015249
0.0150571
0.0148652
0.0146733
0.0144815
0.0142896
0.0140979
0.0139062
0.0137145
0.013523
0.0133315
0.0131401
0.0129489
0.0127577
0.0125667
0.0123758
0.0166697
0.0164295
0.0162353
0.0160416
0.0158389
0.0156333
0.0154284
0.0152244
0.0150204
0.0148163
0.0146122
0.014408
0.0142039
0.0139999
0.0137959
0.0135919
0.013388
0.0131842
0.0129805
0.0127769
0.0125734
0.01237
0.0121667
0.0119635
0.0117605
0.0163341
0.016077
0.0158706
0.0156649
0.0154491
0.0152301
0.015012
0.0147948
0.0145777
0.0143605
0.0141432
0.013926
0.0137088
0.0134916
0.0132745
0.0130575
0.0128406
0.0126237
0.012407
0.0121904
0.0119739
0.0117575
0.0115413
0.0113252
0.0111092
0.0159841
0.0157088
0.0154894
0.0152706
0.0150408
0.0148074
0.0145751
0.0143438
0.0141126
0.0138813
0.0136499
0.0134185
0.0131873
0.0129561
0.012725
0.012494
0.012263
0.0120322
0.0118015
0.011571
0.0113405
0.0111102
0.0108801
0.0106501
0.0104203
0.0156204
0.0153255
0.0150919
0.0148591
0.0146142
0.0143653
0.0141177
0.0138712
0.0136248
0.0133783
0.0131318
0.0128853
0.012639
0.0123927
0.0121465
0.0119005
0.0116545
0.0114087
0.011163
0.0109175
0.0106722
0.010427
0.010182
0.00993713
0.00969249
0.0152438
0.0149276
0.0146788
0.0144309
0.0141696
0.0139041
0.0136399
0.0133771
0.0131144
0.0128516
0.0125887
0.012326
0.0120634
0.0118009
0.0115385
0.0112763
0.0110142
0.0107523
0.0104906
0.010229
0.00996761
0.00970643
0.00944545
0.00918468
0.00892413
0.0148553
0.0145162
0.0142508
0.0139865
0.0137076
0.0134241
0.0131421
0.0128616
0.0125813
0.0123009
0.0120205
0.0117402
0.0114601
0.0111802
0.0109004
0.0106208
0.0103414
0.0100621
0.00978311
0.0095043
0.00922571
0.00894735
0.00866923
0.00839136
0.00811374
0.0144561
0.0140923
0.0138089
0.0135269
0.0132289
0.0129259
0.0126247
0.0123251
0.0120259
0.0117265
0.0114271
0.0111279
0.010829
0.0105302
0.0102317
0.00993332
0.00963521
0.00933735
0.00903973
0.00874237
0.00844527
0.00814845
0.00785191
0.00755566
0.00725971
0.0140478
0.0136572
0.0133542
0.013053
0.0127344
0.0124103
0.0120883
0.0117681
0.0114483
0.0111284
0.0108086
0.010489
0.0101697
0.00985063
0.00953183
0.0092133
0.00889507
0.00857712
0.00825948
0.00794215
0.00762514
0.00730846
0.00699211
0.00667609
0.00636043
0.0136322
0.0132126
0.0128883
0.0125661
0.0122251
0.0118783
0.0115337
0.0111913
0.0108492
0.0105071
0.0101651
0.00982349
0.00948218
0.00914121
0.00880055
0.00846024
0.00812028
0.00778068
0.00744144
0.00710259
0.00676412
0.00642603
0.00608835
0.00575106
0.00541418
0.0132116
0.0127605
0.0124128
0.0120679
0.0117026
0.011331
0.010962
0.0105954
0.0102293
0.0098631
0.00949716
0.00913163
0.00876654
0.00840185
0.00803757
0.00767371
0.00731029
0.0069473
0.00658477
0.00622268
0.00586106
0.00549991
0.00513923
0.00477902
0.00441929
0.00406004
0.0127884
0.0123032
0.0119299
0.0115602
0.0111685
0.0107701
0.0103745
0.00998164
0.00958936
0.00919713
0.00880521
0.00841381
0.00802294
0.00763258
0.00724273
0.0068534
0.0064646
0.00607634
0.00568862
0.00530145
0.00491484
0.00452878
0.00414328
0.00375835
0.00337398
0.00299018
0.0123657
0.0118435
0.011442
0.0110452
0.0106249
0.0101972
0.00977282
0.00935139
0.0089307
0.00851016
0.00809004
0.00767057
0.00725176
0.00683358
0.00641602
0.0059991
0.00558283
0.00516721
0.00475225
0.00433795
0.00392432
0.00351135
0.00309905
0.00268742
0.00227646
0.00186617
0.0119471
0.0113844
0.0109521
0.0105256
0.010074
0.00961463
0.00915881
0.00870632
0.00825475
0.00780343
0.00735267
0.0069027
0.00645355
0.00600517
0.00555756
0.00511073
0.00466469
0.00421943
0.00377497
0.0033313
0.00288843
0.00244636
0.00200508
0.0015646
0.00112491
0.000686011
0.0115364
0.0109299
0.0104635
0.0100045
0.00951889
0.00902486
0.0085348
0.00804847
0.00756326
0.00707844
0.00659434
0.00611121
0.00562908
0.0051479
0.00466765
0.00418835
0.00371
0.0032326
0.00275616
0.00228066
0.00180612
0.00133253
0.000859884
0.000388181
-8.25828e-05
-0.000552413
0.0111385
0.0104841
0.00998015
0.00948555
0.00896272
0.00843092
0.0079035
0.00738026
0.00685837
0.00633704
0.00581663
0.00529741
0.00477939
0.00426252
0.0037468
0.00323221
0.00271877
0.00220647
0.00169531
0.0011853
0.000676414
0.00016866
-0.00033797
-0.000843482
-0.00134788
-0.00185118
0.0107586
0.0100521
0.00950655
0.00897281
0.00840936
0.00783632
0.00726808
0.00670452
0.00614259
0.00558144
0.00502144
0.00446287
0.00390576
0.00335004
0.0027957
0.00224272
0.00169112
0.00114089
0.000592022
4.45097e-05
-0.000501654
-0.00104648
-0.00158997
-0.00213214
-0.002673
-0.00321256
0.0104029
0.00963942
0.00904791
0.00847112
0.00786325
0.00724513
0.00663225
0.0060246
0.00541893
0.00481428
0.00421106
0.00360957
0.00300983
0.00241176
0.00181533
0.00122055
0.000627416
3.59117e-05
-0.00055397
-0.00114224
-0.00172891
-0.002314
-0.00289751
-0.00347946
-0.00405987
-0.00463875
0.0100783
0.00925266
0.00861017
0.00798599
0.00732948
0.00666204
0.00600029
0.00534438
0.00469085
0.00403866
0.00338821
0.00273985
0.00209356
0.00144927
0.000806956
0.000166601
-0.0004718
-0.00110826
-0.0017428
-0.00237542
-0.00300616
-0.00363502
-0.00426203
-0.0048872
-0.00551055
-0.00613211
0.0097929
0.00889922
0.00820015
0.00752371
0.00681393
0.00609246
0.00537716
0.00466837
0.00396244
0.00325821
0.00255611
0.00185649
0.00115933
0.000464569
-0.000227852
-0.000917943
-0.00160572
-0.00229119
-0.00297439
-0.00365534
-0.00433405
-0.00501056
-0.00568488
-0.00635705
-0.00702708
-0.007695
0.00955566
0.00858755
0.00782561
0.00709151
0.00632329
0.00554261
0.00476855
0.00400176
0.00323839
0.00247716
0.00171851
0.000962785
0.000209993
-0.000539966
-0.00128715
-0.00203157
-0.00277325
-0.00351222
-0.00424851
-0.00498214
-0.00571315
-0.00644156
-0.00716741
-0.00789073
-0.00861155
-0.0093299
0.00937689
0.00832727
0.00749537
0.00669757
0.00586523
0.00501958
0.00418099
0.00335053
0.00252414
0.00170042
0.000879777
6.26015e-05
-0.000751114
-0.00156148
-0.00236856
-0.00317239
-0.00397299
-0.0047704
-0.00556465
-0.00635579
-0.00714384
-0.00792886
-0.00871086
-0.00948991
-0.010266
-0.0110393
0.00926822
0.00812929
0.00721949
0.00635125
0.00544847
0.00453147
0.00362198
0.00272154
0.00182594
0.000933625
4.49867e-05
-0.000839574
-0.00172006
-0.00259661
-0.00346929
-0.00433813
-0.00520319
-0.0060645
-0.00692211
-0.00777607
-0.00862643
-0.00947322
-0.0103165
-0.0111563
-0.0119927
-0.0128258
0.00924284
0.00800598
0.00700933
0.00606314
0.00508294
0.00408754
0.00310003
0.00212262
0.00115095
0.000183286
-0.000780013
-0.00173853
-0.00269228
-0.00364139
-0.00458595
-0.00552603
-0.00646167
-0.00739293
-0.00831985
-0.00924251
-0.010161
-0.0110752
-0.0119854
-0.0128916
-0.0137938
-0.014692
0.00931567
0.00797138
0.00687783
0.00584528
0.00477992
0.00369828
0.00262487
0.00156272
0.000507364
-0.000543145
-0.0015885
-0.00262826
-0.00366244
-0.0046912
-0.00571463
-0.00673282
-0.00774582
-0.0087537
-0.00975653
-0.0107544
-0.0117473
-0.0127354
-0.0137188
-0.0146974
-0.0156714
-0.0166408
0.00950356
0.00804135
0.0068396
0.00571131
0.0045522
0.00337564
0.00220757
0.00105204
-9.54587e-05
-0.00123713
-0.00237274
-0.00350184
-0.00462443
-0.00574067
-0.00685072
-0.00795464
-0.00905251
-0.0101444
-0.0112304
-0.0123107
-0.0133852
-0.0144541
-0.0155175
-0.0165754
-0.0176279
-0.0186751
0.00982557
0.00823388
0.00691121
0.00567669
0.00441431
0.00313318
0.00186072
0.000602208
-0.000646843
-0.00188893
-0.00312391
-0.00435132
-0.00557116
-0.00678361
-0.00798884
-0.00918694
-0.010378
-0.0115622
-0.0127395
-0.01391
-0.015074
-0.0162314
-0.0173824
-0.018527
-0.0196654
-0.0207977
0.0103032
0.00856928
0.00711138
0.00575892
0.0043827
0.00298632
0.00159861
0.000226435
-0.00113462
-0.00248739
-0.00383187
-0.00516758
-0.0064945
-0.00781284
-0.00912279
-0.0104245
-0.011718
-0.0130034
-0.014281
-0.0155507
-0.0168128
-0.0180673
-0.0193143
-0.020554
-0.0217865
-0.0230119
0.0109607
0.00907054
0.00746132
0.00597781
0.00447602
0.00295249
0.00143748
-6.02482e-05
-0.00154495
-0.00301984
-0.00448508
-0.00594019
-0.00738512
-0.00882011
-0.0102454
-0.011661
-0.0130673
-0.0144642
-0.0158519
-0.0172306
-0.0186004
-0.0199615
-0.0213139
-0.0226579
-0.0239934
-0.0253208
0.0118255
0.00976364
0.00798501
0.00635577
0.00471541
0.00305153
0.00139579
-0.000240758
-0.00186206
-0.0034718
-0.00507035
-0.00665722
-0.00823233
-0.00979595
-0.0113483
-0.0128896
-0.0144199
-0.0159395
-0.0174485
-0.0189471
-0.0204353
-0.0219135
-0.0233817
-0.02484
-0.0262887
-0.0277279
0.0129285
0.0106779
0.00870955
0.00691821
0.00512482
0.00330591
0.00149445
-0.000295674
-0.00206801
-0.00382678
-0.00557263
-0.00730503
-0.0090239
-0.0107295
-0.0124221
-0.0141019
-0.0157691
-0.0174239
-0.0190664
-0.0206969
-0.0223155
-0.0239225
-0.0255179
-0.027102
-0.028675
-0.0302369
0.0143046
0.0118466
0.00966562
0.00769384
0.00573138
0.00374111
0.00175727
-0.000202907
-0.00214238
-0.00406599
-0.00597472
-0.00786804
-0.00974578
-0.0116082
-0.0134557
-0.0152885
-0.0171067
-0.0189107
-0.0207005
-0.0224765
-0.0242387
-0.0259875
-0.0277231
-0.0294455
-0.0311551
-0.032852
0.0159928
0.0133071
0.0108879
0.00871521
0.00656587
0.0043861
0.00221128
6.26811e-05
-0.00206188
-0.00416798
-0.00625701
-0.00832839
-0.0103819
-0.0124179
-0.0144366
-0.0164385
-0.0184236
-0.0203923
-0.0223447
-0.0242812
-0.0262019
-0.0281071
-0.029997
-0.0318719
-0.0337318
-0.0355772
0.0180375
0.0151017
0.0124155
0.0100191
0.00766316
0.00527373
0.00288721
0.000529716
-0.00179997
-0.00410826
-0.00639702
-0.00866565
-0.0109139
-0.0131419
-0.0153503
-0.0175392
-0.0197089
-0.0218598
-0.0239921
-0.0261059
-0.0282016
-0.0302795
-0.0323398
-0.0343827
-0.0364085
-0.0384174
0.0204883
0.017278
0.0142929
0.0116474
0.00906284
0.00644135
0.00382006
0.00123082
-0.00132633
-0.0038588
-0.00636903
-0.00885637
-0.0113204
-0.0137614
-0.0161798
-0.0185761
-0.0209503
-0.023303
-0.0256342
-0.0279443
-0.0302337
-0.0325025
-0.034751
-0.0369795
-0.0391883
-0.0413777
0.0234008
0.0198898
0.01657
0.013647
0.0108098
0.00793136
0.00504964
0.00220321
-0.00060633
-0.00338755
-0.00614354
-0.0088736
-0.0115771
-0.0142544
-0.016906
-0.0195322
-0.0221333
-0.0247096
-0.0272615
-0.0297891
-0.0322929
-0.0347731
-0.03723
-0.0396639
-0.0420751
-0.0444639
0.0268373
0.0229972
0.0193031
0.0160715
0.0129548
0.00979193
0.00662126
0.00348933
0.000399629
-0.00265775
-0.00568667
-0.00868632
-0.0116559
-0.0145957
-0.0175062
-0.0203878
-0.0232409
-0.0260656
-0.0288624
-0.0316314
-0.0343731
-0.0370878
-0.0397757
-0.0424371
-0.0450724
-0.0476819
0.0308676
0.0266677
0.0225556
0.0189809
0.0155553
0.0120776
0.00858642
0.00513756
0.0017368
-0.00162731
-0.00495951
-0.00825885
-0.0115243
-0.014756
-0.0179545
-0.0211202
-0.0242535
-0.0273545
-0.0304236
-0.0334611
-0.0364673
-0.0394424
-0.0423869
-0.0453009
-0.0481849
-0.0510391
0.03557
0.0309777
0.0263993
0.0224434
0.0186764
0.0148504
0.0110038
0.00720315
0.00345703
-0.000247829
-0.00391716
-0.00754981
-0.0111444
-0.014701
-0.0182201
-0.0217022
-0.0251476
-0.0285563
-0.0319287
-0.035265
-0.0385656
-0.0418307
-0.0450607
-0.0482557
-0.0514161
-0.0545422
0.0410308
0.0360129
0.0309157
0.0265366
0.0223926
0.0181811
0.0139402
0.00974921
0.00561957
0.001536
-0.00250836
-0.00651204
-0.0104732
-0.0143919
-0.0182686
-0.0221036
-0.0258971
-0.0296492
-0.0333602
-0.0370301
-0.0406593
-0.044248
-0.0477963
-0.0513046
-0.0547731
-0.0582021
0.0473378
0.041862
0.036192
0.0313466
0.0267877
0.0221504
0.0174728
0.012849
0.0082939
0.00378966
-0.000671723
-0.0050883
-0.00945775
-0.0137799
-0.0180552
-0.022284
-0.0264661
-0.0306017
-0.0346908
-0.0387334
-0.0427298
-0.0466801
-0.0505844
-0.0544428
-0.0582556
-0.062023
0.0545779
0.0486072
0.0423107
0.0369587
0.0319477
0.0268424
0.0216832
0.0165812
0.0115547
0.00658294
0.00165713
-0.00321995
-0.00804525
-0.0128184
-0.0175397
-0.0222093
-0.0268268
-0.0313921
-0.035905
-0.0403656
-0.0447737
-0.0491293
-0.0534325
-0.0576832
-0.0618815
-0.0660275
0.0628776
0.0563536
0.0493684
0.043467
0.037964
0.0323476
0.026663
0.0210394
0.0154965
0.0100103
0.00457173
-0.000814943
-0.00614584
-0.0114203
-0.0166384
-0.0217997
-0.0269037
-0.0319497
-0.0369375
-0.0418666
-0.0467368
-0.0515478
-0.0562994
-0.0609914
-0.0656236
-0.0701959
0.0724489
0.0653143
0.0575571
0.0510287
0.0449584
0.0387609
0.0324906
0.0262897
0.0201744
0.0141162
0.00810689
0.0021523
-0.00374322
-0.00957877
-0.0153538
-0.0210671
-0.0267175
-0.0323039
-0.0378253
-0.0432811
-0.0486706
-0.053993
-0.0592479
-0.0644347
-0.0695532
-0.074603
0.083323
0.0756967
0.0671901
0.0599761
0.0532393
0.0463672
0.0394388
0.0325977
0.0258473
0.0191557
0.0125172
0.00593792
-0.000579458
-0.00703475
-0.0134271
-0.0197548
-0.0260161
-0.0322092
-0.0383326
-0.0443846
-0.0503638
-0.0562688
-0.0620983
-0.0678512
-0.0735265
-0.0791233
0.0944841
0.0867224
0.0778909
0.0701543
0.0627089
0.055088
0.0474351
0.0398696
0.0323808
0.0249496
0.0175802
0.0102793
0.00304837
-0.00411245
-0.0112021
-0.0182189
-0.0251614
-0.0320281
-0.0388173
-0.0455273
-0.0521563
-0.0587027
-0.0651648
-0.071541
-0.07783
-0.0840303
0.104379
0.0969643
0.0889537
0.0812512
0.073367
0.0652621
0.0571015
0.0489379
0.040772
0.0326187
0.0244983
0.0164234
0.0084017
0.000439796
-0.00745626
-0.0152814
-0.0230313
-0.0307021
-0.0382902
-0.0457921
-0.0532048
-0.0605252
-0.0677505
-0.074878
-0.0819054
-0.0888301
)
;

boundaryField
{
    inlet
    {
        type            zeroGradient;
    }
    outlet
    {
        type            fixedValue;
        value           nonuniform 0();
    }
    cylinder
    {
        type            zeroGradient;
    }
    top
    {
        type            symmetryPlane;
    }
    bottom
    {
        type            symmetryPlane;
    }
    frontAndBack
    {
        type            empty;
    }
    procBoundary1to0
    {
        type            processor;
        value           nonuniform List<scalar> 
267
(
0.21106
0.218371
0.225562
0.236089
0.232628
0.236089
0.243802
0.251369
0.263713
0.263713
0.271324
0.278769
0.286042
0.300082
0.300082
0.307322
0.314362
0.321196
0.335706
0.335706
0.342445
0.34895
0.355213
0.361229
0.376451
0.376451
0.382247
0.387766
0.393003
0.397953
0.402611
0.406972
0.422327
0.422327
0.426282
0.429913
0.433215
0.436186
0.438823
0.441124
0.443085
0.444705
0.445983
0.446918
0.447508
0.447752
0.447652
0.447207
0.446417
0.445284
0.443809
0.441993
0.439838
0.437347
0.434522
0.431366
0.427883
0.427883
0.412663
0.40874
0.404517
0.399999
0.395189
0.390092
0.384714
0.384714
0.369426
0.363794
0.357911
0.35178
0.34541
0.34541
0.330713
0.324215
0.317506
0.310591
0.310591
0.296324
0.289347
0.282192
0.274864
0.274864
0.262228
0.254921
0.247461
0.247461
0.242895
0.236046
0.229068
0.221964
0.14109
0.126502
0.114328
0.102762
0.0920048
0.0822844
0.0735658
0.0657408
0.0587222
0.0524417
0.0468367
0.0418466
0.0374147
0.0334882
0.030019
0.0269628
0.0242796
0.0219326
0.0198887
0.0181177
0.0165922
0.0152876
0.0141812
0.0132528
0.0124838
0.0118575
0.0113584
0.0109728
0.0106878
0.0104921
0.0103749
0.0103267
0.0103389
0.0104032
0.0105126
0.0106603
0.0108404
0.0110474
0.0112764
0.0115229
0.0117829
0.0120527
0.0123292
0.0126096
0.0128911
0.0131717
0.0134494
0.0137224
0.0139893
0.0142489
0.0145001
0.0147421
0.0149742
0.0151959
0.0154066
0.0156063
0.0157947
0.0159717
0.0161374
0.0162918
0.0164351
0.0165674
0.0166891
0.0168003
0.0169013
0.0169924
0.0170739
0.0171459
0.0172089
0.0172628
0.0173079
0.0173443
0.0173718
0.0173905
0.0174
0.21106
0.212179
0.205744
0.199213
0.192589
0.185874
0.17907
0.17907
0.181436
0.17536
0.169236
0.1629
0.156067
0.166792
0.173474
0.179638
0.185595
0.191502
0.190104
0.190104
0.196746
0.203291
0.209739
0.216088
0.222334
0.221964
0.0214846
0.0214836
0.0214816
0.0214783
0.0214739
0.0214679
0.0214603
0.0214508
0.0214391
0.021425
0.0214082
0.0213883
0.0213652
0.0213385
0.0213081
0.0212737
0.0212352
0.0211923
0.021145
0.0210933
0.0210373
0.0209769
0.0209124
0.0208442
0.0207726
0.0206981
0.0206214
0.0205434
0.0204651
0.0203877
0.0203125
0.0202413
0.020176
0.0201189
0.0200724
0.0200396
0.0200237
0.0200285
0.0200583
0.0201178
0.0202124
0.0203482
0.0205318
0.0207709
0.0210737
0.0214496
0.021909
0.0224631
0.0231248
0.023908
0.0248281
0.0259022
0.027149
0.028589
0.0302447
0.0321409
0.0343043
0.0367645
0.0395531
0.0427049
0.046257
0.0502496
0.0456879
0.0456879
0.050216
0.0553242
0.0610706
0.0675168
0.074726
0.0827651
0.0917169
0.101685
0.112715
0.124608
0.137142
0.151929
)
;
    }
    procBoundary1to2
    {
        type            processor;
        value           nonuniform List<scalar> 
257
(
-0.116541
-0.132109
-0.120504
-0.120504
-0.136254
-0.136254
-0.140786
-0.140786
-0.145673
-0.145673
-0.166605
-0.150954
-0.150954
-0.173351
-0.173351
-0.180674
-0.180674
-0.188628
-0.188628
-0.197257
-0.197257
-0.206596
-0.206596
-0.216648
-0.216648
-0.22736
-0.21305
-0.21305
-0.223524
-0.223524
-0.2342
-0.2342
-0.244581
-0.244581
-0.2539
-0.2539
-0.261094
-0.242762
-0.242762
-0.245849
-0.245849
-0.244105
-0.224195
-0.224195
-0.215836
-0.215836
-0.200879
-0.179635
-0.179635
-0.157827
-0.135786
-0.135786
-0.0846103
-0.0846103
-0.106196
-0.127939
-0.127939
-0.148798
-0.164152
-0.164152
-0.173483
-0.173483
-0.193109
-0.196401
-0.196401
-0.195292
-0.195292
-0.191074
-0.191074
-0.208541
-0.201679
-0.201679
-0.193802
-0.193802
-0.185599
-0.185599
-0.177516
-0.177516
-0.169811
-0.169811
-0.18341
-0.175535
-0.175535
-0.16824
-0.16824
-0.161521
-0.161521
-0.155348
-0.155348
-0.149678
-0.134439
-0.134439
-0.130118
-0.130118
-0.126131
-0.126131
-0.122431
-0.122431
-0.118981
-0.118981
-0.115813
-0.105018
-0.105018
-0.101893
-0.10974
-0.103296
-0.0972283
-0.0916325
-0.0863745
-0.0814787
-0.076882
-0.0725704
-0.0685084
-0.0646747
-0.0610448
-0.0575996
-0.0543215
-0.0511953
-0.0482076
-0.0453467
-0.0426023
-0.0399657
-0.0374293
-0.0349863
-0.0326313
-0.0303593
-0.0281665
-0.0260491
-0.0240043
-0.0220294
-0.0201222
-0.0182809
-0.0165036
-0.0147889
-0.0131354
-0.011542
-0.0100073
-0.00853038
-0.00711012
-0.0057455
-0.00443549
-0.00317906
-0.00197517
-0.000822809
0.000279119
0.00133166
0.00233593
0.00329304
0.00420416
0.00507044
0.00589305
0.0066732
0.00741208
0.00811092
0.00877092
0.00939332
0.00997933
0.0105302
0.011047
0.0115311
0.0119835
0.0124966
0.0124966
0.0128836
0.0132428
0.0135751
0.0138815
0.0141629
0.0144203
0.0146543
0.0148657
0.0150552
0.0152232
0.0153702
0.0154965
0.0156021
0.0156873
0.0157511
0.0157947
0.0158145
0.0194836
0.0194713
0.0194415
0.0193978
0.0193387
0.0192655
0.0191774
0.0190746
0.0189567
0.0188233
0.0186741
0.0185084
0.0183256
0.0183256
0.0180453
0.0178219
0.0175789
0.0173154
0.0170306
0.0167234
0.0163929
0.0160381
0.0156578
0.015251
0.0148165
0.014353
0.0138595
0.0133345
0.0127768
0.012185
0.0115577
0.0108934
0.0101907
0.00944805
0.00866381
0.00783638
0.00696405
0.00604511
0.00507771
0.00507771
0.00370128
0.00260695
0.00145655
0.000247901
-0.00102132
-0.00235339
-0.00375084
-0.00521611
-0.00675189
-0.00836084
-0.0100458
-0.0118096
-0.0136555
-0.0155864
-0.0176058
-0.0197171
-0.0219239
-0.0242303
-0.02664
-0.0291577
-0.031788
-0.0345363
-0.0374081
-0.0404096
-0.0435479
-0.0468305
-0.0502658
-0.0538639
-0.0576343
-0.0615918
-0.0657451
-0.0701213
-0.0747083
-0.0795837
-0.0846407
-0.0901407
-0.0956501
)
;
    }
}


// ************************************************************************* //
