/*--------------------------------*- C++ -*----------------------------------*\
  =========                 |
  \\      /  F ield         | OpenFOAM: The Open Source CFD Toolbox
   \\    /   O peration     | Website:  https://openfoam.org
    \\  /    A nd           | Version:  7
     \\/     M anipulation  |
\*---------------------------------------------------------------------------*/
FoamFile
{
    version     2.0;
    format      ascii;
    class       volScalarField;
    location    "280";
    object      p;
}
// * * * * * * * * * * * * * * * * * * * * * * * * * * * * * * * * * * * * * //

dimensions      [0 2 -2 0 0 0 0];

internalField   nonuniform List<scalar> 
4575
(
-0.138295
-0.148196
-0.142767
-0.125231
-0.104095
-0.0865416
-0.0751928
-0.0692479
-0.0687618
-0.0749909
-0.0862916
-0.0963431
-0.0983792
-0.0907135
-0.0782277
-0.0664501
-0.0580382
-0.0530734
-0.0524817
-0.0555711
-0.059276
-0.0594372
-0.0559293
-0.050164
-0.134997
-0.144786
-0.139704
-0.1228
-0.102376
-0.085514
-0.0747906
-0.0694022
-0.0694825
-0.076328
-0.0882194
-0.0986909
-0.100842
-0.092943
-0.0799569
-0.0675683
-0.0585741
-0.0530587
-0.0519105
-0.0544602
-0.0577354
-0.0577122
-0.0543002
-0.0488665
-0.131655
-0.141338
-0.13661
-0.120339
-0.100625
-0.0844522
-0.0743532
-0.0695226
-0.0701714
-0.0776344
-0.0901188
-0.101016
-0.103292
-0.0951649
-0.0816778
-0.0686741
-0.0590953
-0.0530323
-0.0513346
-0.0533543
-0.0562084
-0.056004
-0.0526832
-0.0475712
-0.128274
-0.137857
-0.133487
-0.11785
-0.0988431
-0.0833555
-0.0738791
-0.0696072
-0.0708256
-0.0789064
-0.0919853
-0.103315
-0.105724
-0.0973771
-0.0833898
-0.0697676
-0.0596024
-0.0529954
-0.0507556
-0.0522552
-0.0546967
-0.054314
-0.0510792
-0.0462787
-0.124862
-0.134348
-0.130339
-0.115335
-0.0970307
-0.0822237
-0.0733672
-0.0696539
-0.0714423
-0.0801399
-0.0938147
-0.105583
-0.108137
-0.0995776
-0.085092
-0.070849
-0.0600962
-0.0529491
-0.0501751
-0.0511647
-0.0532022
-0.0526437
-0.0494892
-0.0449895
-0.121426
-0.130817
-0.127171
-0.112796
-0.095189
-0.0810566
-0.0728164
-0.0696608
-0.0720185
-0.0813314
-0.0956027
-0.107816
-0.110525
-0.101764
-0.0867835
-0.0719184
-0.0605774
-0.0528947
-0.0495946
-0.0500845
-0.0517264
-0.0509945
-0.0479141
-0.0437041
-0.117971
-0.127269
-0.123985
-0.110235
-0.0933189
-0.079854
-0.0722256
-0.069626
-0.0725514
-0.0824771
-0.0973452
-0.11001
-0.112887
-0.103934
-0.0884636
-0.0729761
-0.0610468
-0.0528331
-0.0490153
-0.0490163
-0.0502712
-0.0493677
-0.0463549
-0.042423
-0.114505
-0.123708
-0.120784
-0.107656
-0.0914218
-0.078616
-0.0715941
-0.069548
-0.0730383
-0.0835734
-0.0990379
-0.112161
-0.115218
-0.106087
-0.0901313
-0.0740224
-0.0615051
-0.0527656
-0.0484387
-0.0479613
-0.0488378
-0.0477646
-0.0448124
-0.0411468
-0.111035
-0.120141
-0.117574
-0.105059
-0.0894987
-0.0773428
-0.0709212
-0.0694249
-0.0734766
-0.0846168
-0.100677
-0.114265
-0.117516
-0.108218
-0.091786
-0.0750574
-0.0619533
-0.0526931
-0.047866
-0.0469211
-0.0474277
-0.0461864
-0.0432876
-0.0398761
-0.107565
-0.116571
-0.114355
-0.102449
-0.0875512
-0.0760347
-0.0702062
-0.0692555
-0.0738637
-0.085604
-0.102259
-0.116319
-0.119776
-0.110328
-0.0934269
-0.0760816
-0.062392
-0.0526166
-0.0472984
-0.0458969
-0.0460422
-0.0446342
-0.0417814
-0.0386115
-0.113004
-0.111133
-0.0998263
-0.0855808
-0.0746923
-0.0694487
-0.0690383
-0.0741975
-0.0865317
-0.103779
-0.118318
-0.121997
-0.112413
-0.0950532
-0.0770951
-0.0628221
-0.0525373
-0.046737
-0.0448899
-0.0446825
-0.0431092
-0.0402946
-0.0373535
-0.109445
-0.107911
-0.097195
-0.0835891
-0.0733162
-0.0686485
-0.0687721
-0.0744755
-0.0873969
-0.105235
-0.120259
-0.124175
-0.114471
-0.096664
-0.0780984
-0.0632444
-0.052456
-0.0461828
-0.0439011
-0.0433497
-0.0416124
-0.0388281
-0.0361029
-0.105898
-0.104691
-0.0945575
-0.0815779
-0.0719071
-0.0678054
-0.0684559
-0.0746959
-0.0881966
-0.106622
-0.122139
-0.126306
-0.1165
-0.0982586
-0.0790916
-0.0636596
-0.0523737
-0.0456367
-0.0429315
-0.0420447
-0.0401447
-0.0373828
-0.0348603
-0.102368
-0.101477
-0.0919165
-0.079549
-0.0704662
-0.0669196
-0.0680889
-0.0748566
-0.0889282
-0.107938
-0.123954
-0.128388
-0.118499
-0.0998362
-0.0800752
-0.0640687
-0.0522913
-0.0450997
-0.0419818
-0.0407684
-0.038707
-0.0359594
-0.0336262
-0.0988598
-0.0982725
-0.0892749
-0.0775045
-0.0689944
-0.0659913
-0.0676702
-0.074956
-0.0895891
-0.10918
-0.125701
-0.130419
-0.120466
-0.101396
-0.0810494
-0.0644723
-0.0522097
-0.0445726
-0.041053
-0.0395215
-0.0373001
-0.0345587
-0.0324013
-0.0953782
-0.0950809
-0.0866356
-0.0754464
-0.0674932
-0.0650207
-0.0671993
-0.0749925
-0.0901769
-0.110345
-0.127377
-0.132395
-0.122397
-0.102937
-0.0820144
-0.0648713
-0.0521296
-0.0440561
-0.0401455
-0.0383047
-0.0359248
-0.0331817
-0.0311864
-0.0919277
-0.0919052
-0.0840016
-0.0733768
-0.0659638
-0.0640086
-0.0666759
-0.0749649
-0.0906895
-0.111429
-0.12898
-0.134314
-0.124293
-0.104459
-0.0829706
-0.0652665
-0.052052
-0.0435508
-0.0392599
-0.0371187
-0.0345818
-0.0318289
-0.0299821
-0.0885129
-0.0887489
-0.0813757
-0.071298
-0.0644079
-0.0629556
-0.0660997
-0.0748719
-0.0911251
-0.112432
-0.130506
-0.136173
-0.12615
-0.10596
-0.0839181
-0.0656586
-0.0519775
-0.0430575
-0.0383968
-0.0359637
-0.0332716
-0.0305012
-0.028789
-0.0851381
-0.0856157
-0.0787613
-0.0692124
-0.0628273
-0.0618626
-0.0654708
-0.0747127
-0.0914819
-0.11335
-0.131954
-0.13797
-0.127966
-0.10744
-0.0848571
-0.0660483
-0.051907
-0.0425767
-0.0375564
-0.0348402
-0.0319949
-0.0291992
-0.0276079
-0.0818077
-0.08249
-0.0761613
-0.0671222
-0.0612237
-0.0607307
-0.0647893
-0.0744865
-0.0917584
-0.114182
-0.133322
-0.139702
-0.129741
-0.108899
-0.0857879
-0.0664364
-0.0518411
-0.0421088
-0.036739
-0.0337483
-0.030752
-0.0279237
-0.0264394
-0.0785264
-0.0793727
-0.0735786
-0.0650299
-0.0595992
-0.0595611
-0.0640557
-0.0741929
-0.0919534
-0.114925
-0.134606
-0.141367
-0.131471
-0.110334
-0.0867106
-0.0668236
-0.0517804
-0.0416544
-0.0359448
-0.0326884
-0.0295433
-0.0266753
-0.0252843
-0.0752993
-0.0769697
-0.0710168
-0.062938
-0.0579558
-0.0583553
-0.0632704
-0.0738315
-0.0920658
-0.11558
-0.135806
-0.142964
-0.133156
-0.111745
-0.0876251
-0.0672106
-0.0517258
-0.0412137
-0.035174
-0.0316603
-0.0283691
-0.0254544
-0.0241432
-0.0721235
-0.0738863
-0.0684771
-0.0608488
-0.0562959
-0.0571147
-0.0624342
-0.0734023
-0.0920949
-0.116143
-0.13692
-0.144491
-0.134794
-0.113132
-0.0885316
-0.067598
-0.0516777
-0.0407873
-0.0344264
-0.0306642
-0.0272298
-0.0242626
-0.0230167
-0.0690031
-0.0708549
-0.0659651
-0.0587647
-0.0546218
-0.0558411
-0.0615481
-0.0729054
-0.0920402
-0.116614
-0.137946
-0.145945
-0.136383
-0.114493
-0.08943
-0.0679865
-0.0516368
-0.0403754
-0.0337022
-0.0296998
-0.0261254
-0.023116
-0.0219057
-0.0659442
-0.0678972
-0.0634831
-0.0566879
-0.0529358
-0.0545363
-0.0606132
-0.0723411
-0.0919011
-0.116993
-0.138884
-0.147326
-0.137921
-0.115827
-0.0903203
-0.0683766
-0.0516036
-0.0399783
-0.0330012
-0.0287671
-0.0250559
-0.0219777
-0.0208106
-0.0629505
-0.065004
-0.0610347
-0.0546211
-0.0512406
-0.0532024
-0.0596308
-0.0717101
-0.0916778
-0.117279
-0.139732
-0.148631
-0.139407
-0.117134
-0.0912024
-0.0687689
-0.0515788
-0.0395962
-0.0323233
-0.0278656
-0.0240214
-0.0208672
-0.0197324
-0.0600255
-0.0621745
-0.0586234
-0.0525666
-0.0495387
-0.0518415
-0.0586023
-0.0710132
-0.0913701
-0.117472
-0.140489
-0.149859
-0.14084
-0.118411
-0.092076
-0.0691639
-0.0515627
-0.0392294
-0.0316682
-0.026995
-0.0230218
-0.0197865
-0.0186715
-0.0571719
-0.0594073
-0.0562527
-0.050527
-0.0478327
-0.0504557
-0.0575294
-0.0702512
-0.0909785
-0.117571
-0.141156
-0.151009
-0.142218
-0.11966
-0.092941
-0.0695621
-0.0515559
-0.0388782
-0.0310356
-0.0261551
-0.0220569
-0.0187377
-0.0176289
-0.0543923
-0.056701
-0.0539266
-0.0485046
-0.0461254
-0.0490476
-0.056414
-0.0694254
-0.0905035
-0.117576
-0.141732
-0.152081
-0.143539
-0.120877
-0.093797
-0.069964
-0.051559
-0.0385425
-0.0304254
-0.0253451
-0.0211265
-0.0177215
-0.0166052
-0.0516886
-0.0540559
-0.0516493
-0.0465019
-0.0444196
-0.0476195
-0.0552581
-0.0685373
-0.0899458
-0.117488
-0.142216
-0.153072
-0.144802
-0.122062
-0.0946437
-0.0703699
-0.0515722
-0.0382227
-0.0298371
-0.0245647
-0.0202304
-0.0167377
-0.0156011
-0.0490625
-0.051474
-0.0494251
-0.0445213
-0.0427181
-0.0461741
-0.0540637
-0.0675883
-0.0893064
-0.117307
-0.142609
-0.153983
-0.146006
-0.123215
-0.0954806
-0.07078
-0.0515961
-0.0379189
-0.0292704
-0.0238132
-0.0193682
-0.0157865
-0.0146171
-0.0465156
-0.0489576
-0.0472586
-0.0425653
-0.0410236
-0.044714
-0.0528331
-0.0665802
-0.0885862
-0.117035
-0.142911
-0.154813
-0.147149
-0.124333
-0.0963072
-0.0711947
-0.0516311
-0.0376312
-0.0287249
-0.0230899
-0.0185396
-0.0148671
-0.013654
-0.0440497
-0.046509
-0.0451548
-0.0406364
-0.0393391
-0.043242
-0.0515688
-0.065515
-0.0877867
-0.116671
-0.143123
-0.15556
-0.14823
-0.125415
-0.0971233
-0.0716148
-0.051678
-0.0373601
-0.0282007
-0.0223944
-0.0177443
-0.0139799
-0.0127126
-0.0416651
-0.0441298
-0.0431194
-0.0387376
-0.0376679
-0.0417611
-0.0502734
-0.0643948
-0.0869093
-0.116217
-0.143244
-0.156225
-0.149247
-0.126462
-0.0979291
-0.072041
-0.0517376
-0.0371058
-0.0276971
-0.0217258
-0.0169817
-0.0131248
-0.0117936
-0.0393566
-0.0418166
-0.0411553
-0.0368711
-0.0360127
-0.0402743
-0.0489496
-0.063222
-0.0859556
-0.115674
-0.143275
-0.156807
-0.150202
-0.127473
-0.0987226
-0.0724701
-0.0518067
-0.0368657
-0.0272119
-0.0210814
-0.0162493
-0.0123007
-0.010897
-0.0371198
-0.0395614
-0.0392585
-0.0350352
-0.0343746
-0.0387832
-0.0475993
-0.0619987
-0.0849278
-0.115044
-0.143222
-0.157315
-0.151099
-0.128444
-0.0994954
-0.072894
-0.0518798
-0.0366365
-0.0267425
-0.0204583
-0.015544
-0.0115044
-0.0100211
-0.0349847
-0.0373883
-0.0374411
-0.0332358
-0.0327565
-0.0372906
-0.0462251
-0.0607272
-0.0838282
-0.114331
-0.143084
-0.157738
-0.151921
-0.129361
-0.100245
-0.0733216
-0.0519693
-0.0364291
-0.0262987
-0.0198662
-0.014876
-0.0107449
-0.00917204
-0.0330203
-0.0353941
-0.0358084
-0.0315311
-0.0311924
-0.0358203
-0.0448445
-0.0594147
-0.0826514
-0.11351
-0.142807
-0.157991
-0.15259
-0.130215
-0.101019
-0.0738204
-0.0521354
-0.0362867
-0.0259113
-0.0193352
-0.0142818
-0.0100619
-0.00838202
-0.0310981
-0.0335095
-0.0345055
-0.0299666
-0.02973
-0.0344116
-0.0434892
-0.0580765
-0.0813818
-0.112529
-0.142318
-0.158039
-0.153144
-0.131104
-0.101902
-0.0744335
-0.0523882
-0.0361994
-0.0255585
-0.0188369
-0.0137339
-0.00943877
-0.00764609
-0.0285763
-0.0309023
-0.0327037
-0.0280523
-0.028097
-0.0328611
-0.0419869
-0.0566526
-0.0801379
-0.111735
-0.142263
-0.158725
-0.154266
-0.132206
-0.102684
-0.0747744
-0.0523391
-0.0358593
-0.0249903
-0.0181041
-0.0129008
-0.00850492
-0.00664573
-0.0227486
-0.0199425
-0.0210932
-0.0223376
-0.0274397
-0.0366898
-0.0522792
-0.0780062
-0.112852
-0.146446
-0.164413
-0.159663
-0.135357
-0.10391
-0.0745438
-0.0512857
-0.0344416
-0.023239
-0.0158649
-0.0100991
-0.00512787
-0.0030746
-0.0170259
-0.0158123
-0.0159523
-0.0176427
-0.0231364
-0.0328774
-0.0492378
-0.0759412
-0.111814
-0.146177
-0.164519
-0.159022
-0.135201
-0.103157
-0.0732031
-0.0495707
-0.0324851
-0.0210752
-0.013573
-0.0078163
-0.00282193
-0.000798115
-0.0114723
-0.0105146
-0.0111436
-0.0134834
-0.0194833
-0.02979
-0.0467136
-0.0736852
-0.109605
-0.144348
-0.163554
-0.158618
-0.134511
-0.102032
-0.0716364
-0.047712
-0.030469
-0.0189449
-0.0113747
-0.00564523
-0.000607225
0.00141217
-0.00625525
-0.00576192
-0.00656556
-0.00929537
-0.0156195
-0.026274
-0.0435521
-0.0707013
-0.106909
-0.142493
-0.162495
-0.157632
-0.133079
-0.100281
-0.0696772
-0.0456519
-0.0283768
-0.0168244
-0.00923767
-0.00353108
0.00158493
0.00367161
-0.00165037
-0.0015514
-0.00239913
-0.00529757
-0.0117048
-0.0224534
-0.0398866
-0.0672221
-0.103924
-0.140215
-0.16048
-0.155526
-0.130716
-0.0978735
-0.067333
-0.0434007
-0.0262168
-0.0147189
-0.00717211
-0.00153777
0.00361613
0.00582161
0.00238825
0.00221645
0.00130005
-0.0016401
-0.00797316
-0.0186503
-0.0360694
-0.0634389
-0.100343
-0.136844
-0.157193
-0.152235
-0.127399
-0.0947962
-0.0645962
-0.0409634
-0.0239988
-0.0126377
-0.0051856
0.000323098
0.00548561
0.00780465
0.00592064
0.0055522
0.00455736
0.00165583
-0.00450769
-0.0150033
-0.0322246
-0.0592795
-0.0958651
-0.132227
-0.152628
-0.147734
-0.123106
-0.0910424
-0.0614694
-0.0383501
-0.0217349
-0.0105908
-0.00328239
0.00205598
0.00719788
0.00960945
0.00898934
0.0084801
0.00741692
0.00461225
-0.00130916
-0.0115196
-0.0283162
-0.0546398
-0.0904597
-0.126417
-0.146746
-0.141985
-0.117831
-0.0866234
-0.0579642
-0.0355734
-0.0194381
-0.00858831
-0.00146686
0.00366267
0.00874875
0.0112327
0.0116358
0.0110384
0.00992515
0.00726066
0.00164038
-0.00818044
-0.0243162
-0.0495403
-0.0842048
-0.119409
-0.139498
-0.134981
-0.111597
-0.0815694
-0.0541026
-0.0326493
-0.0171221
-0.0066407
0.000255147
0.00514333
0.0101352
0.0126696
0.0138991
0.0132675
0.0121284
0.0096349
0.00435654
-0.00498831
-0.0202609
-0.0440588
-0.0771319
-0.111179
-0.130882
-0.126757
-0.10446
-0.0759316
-0.0499179
-0.0295973
-0.0148011
-0.00475845
0.00187691
0.0064978
0.011355
0.0139129
0.0158143
0.0152037
0.0140645
0.0117677
0.00685083
-0.00196207
-0.0162023
-0.0382414
-0.0692527
-0.101755
-0.120957
-0.117398
-0.0965059
-0.0697821
-0.045455
-0.0264402
-0.0124894
-0.00295116
0.00339157
0.00772553
0.0124058
0.0149541
0.0174155
0.0168771
0.0157811
0.0136874
0.00913437
0.000888714
-0.0121625
-0.0321105
-0.0606218
-0.0912391
-0.10985
-0.107036
-0.0878576
-0.0632138
-0.0407701
-0.0232043
-0.0102006
-0.00122693
0.00479292
0.00882583
0.0132858
0.0157843
0.0187383
0.0183124
0.0173017
0.0154167
0.0112235
0.00357765
-0.00813726
-0.0257016
-0.0513494
-0.0798066
-0.0977577
-0.095854
-0.0786681
-0.0563373
-0.0359291
-0.0199193
-0.00794742
0.000408312
0.00607645
0.00979874
0.0139942
0.0163961
0.0198212
0.0195335
0.0186497
0.0169795
0.0131449
0.00614006
-0.00410956
-0.0190684
-0.041592
-0.0676972
-0.0849466
-0.084096
-0.0691211
-0.0492768
-0.0310055
-0.0166176
-0.0057415
0.00195126
0.00724044
0.0106462
0.0145337
0.0167852
0.0207044
0.0205676
0.0198501
0.018408
0.0149417
0.00863358
-4.68326e-05
-0.0122718
-0.0315499
-0.0552194
-0.0717506
-0.0720442
-0.0594193
-0.0421646
-0.026077
-0.0133341
-0.00359318
0.0034015
0.00828676
0.0113734
0.0149117
0.0169521
0.0214264
0.0214458
0.0209296
0.0197456
0.0166809
0.0111461
0.00410711
-0.00537925
-0.021468
-0.0427474
-0.0585511
-0.0599981
-0.0497713
-0.0351332
-0.0212217
-0.0101047
-0.00151163
0.00476154
0.00922142
0.0119894
0.0151431
0.0169054
0.022021
0.0222002
0.0219122
0.0210381
0.0184502
0.0137947
0.00842698
0.00152497
-0.0116366
-0.0306878
-0.0457352
-0.0482633
-0.0403833
-0.0283088
-0.0165132
-0.0069652
0.000495073
0.00603641
0.0100546
0.0125078
0.01525
0.0166661
0.0225136
0.022859
0.022818
0.0223165
0.0203272
0.0166947
0.0129758
0.008323
-0.00237901
-0.0194412
-0.0336662
-0.0371219
-0.0314427
-0.0218038
-0.0120177
-0.00394953
0.00241967
0.00723319
0.0108
0.0129466
0.0152621
0.0162681
0.0229203
0.0234404
0.023661
0.0235901
0.0223387
0.0198878
0.0177306
0.014829
0.00597671
-0.00934212
-0.0226348
-0.0268047
-0.0231065
-0.0157114
-0.00778966
-0.00108818
0.00425552
0.00836024
0.0114743
0.0133274
0.0152178
0.0157606
0.0232508
0.0239518
0.0244439
0.0248244
0.0244158
0.0232513
0.02248
0.0207551
0.0131532
-0.000594666
-0.0128204
-0.0174764
-0.0154944
-0.0101024
-0.00387025
0.00159339
0.00599627
0.00942619
0.0120953
0.0136734
0.0151624
0.0152114
0.023509
0.0243923
0.0251521
0.0259636
0.0263993
0.0264767
0.0268123
0.0257522
0.0189879
0.00674678
-0.00430087
-0.00923554
-0.00868546
-0.00502412
-0.000286366
0.00407602
0.00763565
0.0104387
0.0126809
0.0140077
0.0151409
0.0147025
0.0236949
0.0247545
0.0257656
0.0269565
0.028114
0.0291996
0.0302881
0.0295492
0.0234689
0.0127401
0.00291471
-0.00212857
-0.00271977
-0.000500158
0.00294891
0.00634761
0.00916766
0.0114032
0.0132459
0.0143502
0.0151922
0.0143231
0.0238074
0.0250275
0.026257
0.0277468
0.0294233
0.0311697
0.0326633
0.0320828
0.0267073
0.0174869
0.0088548
0.0038431
0.00239986
0.00346771
0.00583488
0.00840323
0.0105868
0.0123228
0.0138007
0.014714
0.015342
0.0141545
0.0238447
0.0251999
0.0266034
0.0282972
0.0302715
0.0323406
0.0339712
0.0334947
0.0288751
0.021094
0.0135821
0.00873044
0.00670821
0.00689706
0.00838076
0.0102445
0.0118889
0.0131977
0.0143515
0.0151048
0.0155956
0.014246
0.0238067
0.0252647
0.0267921
0.0285978
0.0306848
0.032825
0.0344194
0.0340293
0.0301625
0.0236886
0.01721
0.0126321
0.0102693
0.00982032
0.010603
0.0118784
0.0130718
0.0140254
0.0148999
0.0155228
0.0159419
0.0146038
0.0236943
0.025221
0.0268221
0.0286616
0.0307315
0.0327889
0.0342533
0.0339378
0.0307624
0.025432
0.0198951
0.0156759
0.0131645
0.0122794
0.0125225
0.0133157
0.0141361
0.0148016
0.015443
0.0159616
0.0163572
0.0151872
0.0235096
0.0250728
0.0267027
0.0285169
0.030491
0.0323872
0.0336838
0.0334317
0.0308569
0.0265007
0.0218093
0.0180014
0.0154822
0.0143208
0.0141625
0.0145692
0.0150846
0.0155219
0.0159749
0.0164095
0.0168081
0.0159144
0.0232572
0.0248287
0.0264508
0.0281994
0.0300373
0.031743
0.0328676
0.0326706
0.0306008
0.0270586
0.0231157
0.0197414
0.0173084
0.0159921
0.0155474
0.0156525
0.0159224
0.0161819
0.0164883
0.0168524
0.0172611
0.016686
0.0229443
0.0245001
0.0260867
0.0277458
0.0294324
0.0309463
0.0319135
0.0317662
0.0301122
0.0272436
0.0239538
0.0210128
0.0187202
0.0173391
0.0167017
0.0165791
0.0166554
0.0167783
0.0169743
0.0172777
0.0176914
0.017414
0.0225797
0.0240996
0.0256313
0.0271897
0.0287252
0.0300614
0.0308939
0.0307922
0.0294778
0.0271623
0.0244341
0.0219139
0.0197855
0.0184046
0.0176493
0.0173623
0.0172901
0.0173091
0.0174235
0.0176743
0.0180819
0.01804
0.0221718
0.023642
0.0251063
0.0265605
0.0279539
0.0291329
0.029855
0.0297959
0.0287577
0.0268932
0.0246407
0.0225304
0.0205601
0.0192277
0.0184132
0.0180146
0.0178326
0.0177739
0.017828
0.0180322
0.0184201
0.0185314
0.0217296
0.0231412
0.0245314
0.0258832
0.0271472
0.0281919
0.0288261
0.0288068
0.027993
0.0264935
0.0246318
0.0229235
0.0210873
0.0198437
0.0190156
0.0185484
0.018289
0.0181732
0.0181818
0.018344
0.0187006
0.0189062
0.0212615
0.0226099
0.0239236
0.025178
0.026327
0.0272592
0.0278252
0.0278431
0.0272123
0.0260069
0.0244396
0.0226456
0.0213923
0.0202852
0.0194775
0.0189754
0.0186654
0.0185085
0.0184821
0.0186054
0.0189232
0.0191712
0.0207761
0.0220591
0.0232972
0.024461
0.0255094
0.0263487
0.0268629
0.0269159
0.0264353
0.0254731
0.0241836
0.0227438
0.0215821
0.0205869
0.0198189
0.0193069
0.0189678
0.0187823
0.0187286
0.0188156
0.0190903
0.019341
0.0202817
0.0214986
0.0226631
0.0237447
0.0247063
0.0254696
0.0259452
0.0260311
0.0256752
0.0249158
0.0238708
0.0227227
0.0216655
0.0207737
0.0200576
0.019554
0.0192024
0.0189983
0.0189226
0.0189757
0.0192049
0.019433
0.0197842
0.0209365
0.0220314
0.0230389
0.0239259
0.0246275
0.025075
0.0251916
0.0249402
0.0243489
0.023508
0.0225891
0.0216542
0.0208654
0.0202091
0.0197267
0.0193753
0.0191606
0.0190674
0.019089
0.0192718
0.0194636
0.0197217
0.0192892
0.0203797
0.0214097
0.0223509
0.0231741
0.0238259
0.0242532
0.0243984
0.0242348
0.0237828
0.0231046
0.0222784
0.0215604
0.0208791
0.0202871
0.0198347
0.0194928
0.0192738
0.0191666
0.0191599
0.0192977
0.0194465
0.0196683
0.0188016
0.0198337
0.0208039
0.0216859
0.0224548
0.0230663
0.0234797
0.023651
0.0235615
0.023227
0.0226932
0.0220384
0.0214191
0.0208313
0.0203039
0.0198869
0.0195611
0.0193427
0.019225
0.019193
0.0192879
0.0193927
0.0195682
0.0183256
0.0193028
0.020218
0.0210479
0.0217703
0.0223492
0.0227529
0.0229483
0.0229218
0.0226863
0.022277
0.0217624
0.0212381
0.0207345
0.0202703
0.0198913
0.0195861
0.0193722
0.0192469
0.0191932
0.0192488
0.0193079
0.0194365
0.0178643
0.0187903
0.0196553
0.0204392
0.0211219
0.0216741
0.0220714
0.0222887
0.0223158
0.0221637
0.0218598
0.0214598
0.0210256
0.0205991
0.0201952
0.0198553
0.0195736
0.0193673
0.019237
0.0191651
0.0191859
0.0192054
0.0192851
0.0174202
0.0182989
0.0191178
0.0198615
0.02051
0.0210402
0.0214334
0.0216701
0.0217431
0.0216613
0.0214458
0.0211411
0.0207896
0.0204335
0.0200866
0.0197857
0.019529
0.0193325
0.0191997
0.0191131
0.0191033
0.0190883
0.0191221
0.0169958
0.017831
0.0186117
0.019316
0.0199345
0.0204464
0.0208368
0.0210908
0.0212028
0.0211802
0.0210391
0.0208147
0.0205372
0.0202451
0.0199514
0.0196884
0.0194572
0.0192724
0.0191392
0.0190411
0.0190051
0.0189602
0.0189531
0.0165922
0.017387
0.0181287
0.0188013
0.0193946
0.0198913
0.0202798
0.0205487
0.0206939
0.0207213
0.0206429
0.0204864
0.0202744
0.0200401
0.0197955
0.0195688
0.019363
0.019191
0.0190594
0.0189527
0.0188948
0.0188246
0.0187817
0.0162104
0.0169679
0.0176747
0.0183183
0.0188894
0.0193732
0.0197604
0.0200422
0.0202156
0.020285
0.0202596
0.020161
0.0200064
0.0198238
0.0196242
0.0194317
0.0192508
0.0190923
0.0189638
0.0188512
0.0187753
0.018684
0.0186106
0.0158509
0.0165743
0.0172498
0.0178673
0.0184182
0.0188907
0.0192768
0.0195697
0.0197668
0.0198717
0.0198912
0.0198419
0.0197374
0.0196008
0.0194421
0.0192814
0.0191243
0.0189798
0.0188556
0.0187394
0.0186492
0.0185407
0.0184417
0.0155143
0.0162062
0.0168537
0.0174472
0.01798
0.0184423
0.0188273
0.0191297
0.0193469
0.0194815
0.019539
0.0195318
0.0194708
0.019375
0.019253
0.0191218
0.0189873
0.0188567
0.018738
0.0186202
0.0185188
0.0183966
0.0182765
0.0152009
0.0158638
0.0164857
0.0170578
0.0175742
0.0180268
0.0184101
0.0187208
0.0189551
0.0191147
0.0192037
0.0192328
0.0192097
0.0191498
0.0190607
0.0189565
0.018843
0.0187262
0.0186137
0.0184958
0.018386
0.0182532
0.0181161
0.0149106
0.015547
0.0161454
0.0166984
0.0172001
0.0176434
0.0180233
0.0183421
0.0185908
0.0187714
0.0188874
0.018947
0.0189565
0.018928
0.0188682
0.0187884
0.0186945
0.018591
0.0184852
0.0183686
0.0182529
0.0181121
0.0179613
0.0146434
0.0152553
0.0158323
0.0163679
0.0168568
0.017292
0.0176641
0.0179933
0.0182536
0.0184517
0.0185904
0.0186759
0.0187133
0.0187122
0.0186783
0.0186206
0.0185445
0.0184538
0.0183549
0.0182407
0.018121
0.0179743
0.0178131
0.0143991
0.0149884
0.0155459
0.0160658
0.0165436
0.016975
0.017362
0.0176775
0.0179441
0.0181558
0.0183133
0.0184207
0.0184821
0.0185047
0.0184935
0.0184555
0.0183957
0.0183169
0.018225
0.018114
0.017992
0.0178413
0.0176721
0.0141772
0.014746
0.0152857
0.0157911
0.0162582
0.0166827
0.0170618
0.0173858
0.01766
0.0178835
0.0180568
0.0181827
0.0182645
0.0183076
0.0183161
0.0182956
0.0182505
0.0181828
0.0180978
0.0179903
0.0178673
0.0177142
0.0175391
0.0139775
0.0145276
0.0150511
0.0155433
0.0160003
0.016418
0.0167931
0.0171208
0.0174016
0.0176349
0.0178214
0.017963
0.018062
0.0181226
0.0181483
0.0181431
0.0181111
0.0180536
0.0179753
0.0178716
0.0177486
0.0175942
0.0174148
0.0137997
0.014333
0.0148419
0.015322
0.0157699
0.0161815
0.0165537
0.0168832
0.017169
0.0174105
0.0176079
0.0177625
0.0178761
0.0179516
0.0179919
0.0180001
0.0179797
0.0179313
0.0178593
0.0177595
0.0176372
0.0174824
0.0173003
0.0136436
0.0141618
0.0146577
0.0151271
0.0155668
0.0159728
0.0163425
0.0166728
0.0169626
0.0172106
0.017417
0.0175824
0.0177081
0.0177961
0.0178489
0.0178686
0.0178582
0.017818
0.0177517
0.0176558
0.0175347
0.0173801
0.0171962
0.0135088
0.014014
0.0144985
0.0149585
0.0153909
0.0157921
0.0161594
0.0164901
0.0167827
0.017036
0.0172496
0.0174238
0.0175595
0.0176579
0.0177211
0.0177504
0.0177486
0.0177155
0.0176544
0.0175622
0.0174425
0.0172885
0.0171037
0.0133955
0.0138894
0.0143642
0.0148162
0.0152424
0.0156393
0.0160045
0.0163353
0.01663
0.0168873
0.0171067
0.0172879
0.0174316
0.0175385
0.0176102
0.0176475
0.0176529
0.0176258
0.0175691
0.0174802
0.017362
0.0172089
0.0170236
0.0133036
0.0137883
0.0142552
0.0147006
0.0151217
0.0155151
0.0158784
0.016209
0.0165053
0.0167656
0.0169894
0.017176
0.017326
0.0174395
0.0175179
0.0175616
0.0175727
0.0175505
0.0174976
0.0174115
0.0172948
0.0171425
0.0169572
0.0132336
0.0137112
0.0141719
0.0146122
0.0150293
0.0154199
0.0157817
0.0161121
0.0164094
0.0166719
0.0168989
0.0170895
0.0172441
0.0173626
0.0174461
0.0174946
0.01751
0.0174916
0.0174415
0.0173576
0.0172421
0.0170907
0.0169055
0.0131858
0.0136586
0.014115
0.0145519
0.0149662
0.0153549
0.0157157
0.0160458
0.0163438
0.0166077
0.0168368
0.0170301
0.0171877
0.0173095
0.0173963
0.0174481
0.0174664
0.0174506
0.0174026
0.0173202
0.0172056
0.0170548
0.0168697
0.0131613
0.0136315
0.0140858
0.0145208
0.0149338
0.0153215
0.0156817
0.0160117
0.01631
0.0165746
0.0168047
0.0169994
0.0171586
0.017282
0.0173705
0.017424
0.0174438
0.0174293
0.0173823
0.0173008
0.0171866
0.0170362
0.0168512
0.0198734
0.020078
0.0202751
0.020463
0.02064
0.020805
0.0209564
0.0210931
0.0212139
0.0213177
0.0214028
0.0214686
0.0215128
0.0215346
0.0215314
0.0215028
0.0214458
0.02136
0.0212431
0.021095
0.0209144
0.020702
0.0204572
0.0198843
0.0200906
0.0202889
0.0204778
0.0206557
0.0208212
0.020973
0.0211102
0.0212312
0.0213353
0.0214207
0.0214868
0.0215313
0.0215535
0.0215506
0.0215221
0.0214651
0.0213792
0.0212618
0.0211131
0.0209315
0.0207181
0.0204721
0.0199057
0.0201151
0.020316
0.0205068
0.0206861
0.0208527
0.0210053
0.0211431
0.0212647
0.0213694
0.0214554
0.021522
0.0215672
0.0215903
0.0215877
0.0215595
0.0215026
0.0214163
0.0212981
0.0211481
0.0209647
0.0207492
0.0205009
0.0199378
0.0201516
0.0203558
0.0205493
0.0207305
0.0208986
0.0210523
0.021191
0.0213133
0.0214187
0.0215055
0.0215731
0.021619
0.0216425
0.0216413
0.0216139
0.0215571
0.0214704
0.021351
0.021199
0.021013
0.0207942
0.0205426
0.019981
0.0202001
0.0204085
0.0206051
0.0207886
0.0209583
0.0211132
0.0212527
0.0213759
0.0214822
0.02157
0.0216388
0.021686
0.0217111
0.021711
0.0216845
0.0216279
0.0215406
0.0214197
0.021265
0.0210756
0.0208523
0.0205961
0.0200358
0.020261
0.020474
0.0206739
0.0208598
0.0210311
0.0211871
0.0213275
0.0214515
0.0215588
0.0216478
0.0217181
0.021767
0.0217941
0.0217955
0.0217703
0.0217142
0.0216263
0.0215035
0.0213456
0.0211515
0.0209226
0.0206605
0.0201031
0.0203348
0.0205526
0.0207558
0.0209438
0.0211164
0.0212732
0.0214144
0.0215391
0.0216474
0.0217378
0.02181
0.021861
0.0218906
0.0218942
0.0218708
0.0218154
0.0217271
0.021602
0.02144
0.0212403
0.0210043
0.0207347
0.0201838
0.0204222
0.0206446
0.0208507
0.0210403
0.0212137
0.0213709
0.0215123
0.0216375
0.0217469
0.0218387
0.0219132
0.021967
0.0219998
0.0220063
0.0219854
0.0219311
0.0218425
0.0217148
0.0215479
0.0213413
0.0210965
0.0208179
0.0202791
0.0205238
0.0207502
0.0209585
0.021149
0.0213224
0.0214793
0.0216204
0.0217457
0.021856
0.0219495
0.0220268
0.022084
0.0221208
0.022131
0.0221135
0.0220611
0.0219723
0.0218418
0.021669
0.0214541
0.0211985
0.0209089
0.0203902
0.0206404
0.0208699
0.0210792
0.0212694
0.0214417
0.0215973
0.0217374
0.0218624
0.0219735
0.0220689
0.0221495
0.0222109
0.0222528
0.0222678
0.0222548
0.022205
0.0221165
0.0219827
0.021803
0.0215781
0.0213095
0.0210067
0.0205182
0.0207728
0.0210039
0.0212127
0.0214011
0.0215709
0.0217239
0.0218622
0.0219863
0.022098
0.0221955
0.0222801
0.0223466
0.0223948
0.0224161
0.0224091
0.0223629
0.0222752
0.0221379
0.02195
0.021713
0.0214288
0.02111
0.0206644
0.0209216
0.0211524
0.0213587
0.0215433
0.0217088
0.021858
0.0219932
0.0221159
0.022228
0.022328
0.0224173
0.02249
0.0225462
0.0225754
0.022576
0.0225349
0.0224486
0.0223075
0.0221101
0.0218585
0.0215555
0.0212176
0.0208299
0.0210875
0.0213155
0.0215168
0.0216953
0.0218545
0.021998
0.0221291
0.0222495
0.0223619
0.0224647
0.0225596
0.0226399
0.0227059
0.0227451
0.0227556
0.0227211
0.0226373
0.022492
0.0222833
0.0220141
0.0216886
0.021328
0.0210159
0.0212709
0.021493
0.0216863
0.0218559
0.0220064
0.0221424
0.022268
0.0223854
0.022498
0.0226039
0.0227054
0.0227948
0.0228729
0.0229247
0.0229476
0.0229219
0.0228419
0.0226921
0.0224699
0.0221796
0.0218269
0.0214394
0.0212235
0.0214722
0.0216847
0.0218663
0.0220238
0.0221628
0.0222893
0.0224078
0.0225214
0.022634
0.0227436
0.0228531
0.0229535
0.0230463
0.0231134
0.0231521
0.0231378
0.0230631
0.0229084
0.0226702
0.0223543
0.021969
0.0215493
0.0214534
0.0216914
0.0218898
0.0220556
0.0221974
0.0223219
0.0224364
0.0225464
0.0226555
0.022768
0.0228817
0.0230007
0.0231143
0.0232247
0.0233106
0.0233688
0.0233693
0.023302
0.0231421
0.0228847
0.0225376
0.0221128
0.0216551
0.0217063
0.0219283
0.0221074
0.0222525
0.0223744
0.0224811
0.0225813
0.0226811
0.0227849
0.0228973
0.0230161
0.023146
0.0232753
0.0234067
0.0235154
0.0235978
0.0236169
0.0235596
0.0233941
0.0231137
0.0227285
0.0222562
0.0217534
0.0219826
0.0221822
0.022336
0.022455
0.0225525
0.0226378
0.0227212
0.0228093
0.022907
0.0230194
0.0231441
0.0232868
0.0234342
0.0235905
0.0237267
0.0238385
0.0238813
0.0238371
0.0236655
0.0233573
0.0229256
0.022396
0.02184
0.0222822
0.022452
0.0225735
0.0226604
0.0227284
0.0227886
0.0228528
0.0229277
0.0230189
0.0231315
0.0232631
0.0234203
0.0235887
0.023774
0.0239428
0.0240905
0.0241628
0.0241358
0.0239578
0.0236156
0.0231267
0.022528
0.0219096
0.0226046
0.022736
0.0228173
0.0228652
0.0228986
0.0229298
0.0229723
0.0230328
0.0231172
0.0232304
0.0233699
0.0235434
0.0237358
0.0239545
0.0241619
0.0243525
0.0244616
0.024457
0.024272
0.0238882
0.0233289
0.022647
0.0219553
0.0229488
0.0230318
0.023064
0.0230654
0.0230585
0.023057
0.0230756
0.0231208
0.0231984
0.0233129
0.0234612
0.0236529
0.0238721
0.0241288
0.0243811
0.024623
0.0247774
0.0248016
0.0246091
0.0241738
0.0235279
0.022746
0.0219684
0.023313
0.0233361
0.0233089
0.0232559
0.0232029
0.023165
0.0231581
0.0231876
0.0232588
0.0233753
0.0235337
0.023745
0.0239936
0.0242926
0.0245969
0.0248992
0.0251091
0.02517
0.0249696
0.0244705
0.0237177
0.0228158
0.0219381
0.0236943
0.0236444
0.0235467
0.0234305
0.0233257
0.0232482
0.0232146
0.0232286
0.0232945
0.023414
0.0235834
0.0238155
0.0240957
0.0244411
0.0248046
0.0251771
0.0254544
0.0255617
0.0253531
0.0247745
0.0238896
0.0228451
0.021851
0.024089
0.0239509
0.0237702
0.0235818
0.0234195
0.0232998
0.0232393
0.0232391
0.0233013
0.023425
0.0236063
0.0238596
0.024173
0.0245682
0.0249979
0.0254509
0.0258089
0.025975
0.0257577
0.0250797
0.0240316
0.022819
0.0217245
0.0244917
0.0242483
0.0239709
0.0237008
0.0234759
0.0233123
0.0232258
0.0232137
0.023275
0.0234046
0.0235981
0.0238723
0.0242194
0.0246665
0.0251688
0.0257118
0.0261655
0.0264055
0.0261793
0.0253763
0.0241267
0.0227125
0.0214852
0.0248954
0.0245272
0.0241382
0.023777
0.0234849
0.0232773
0.0231672
0.0231471
0.023211
0.0233488
0.0235548
0.0238483
0.024228
0.0247283
0.0253071
0.0259477
0.0265129
0.026845
0.0266099
0.0256499
0.0241521
0.0224998
0.0211277
0.025291
0.0247758
0.0242593
0.0237978
0.0234353
0.0231849
0.0230558
0.0230333
0.023105
0.0232538
0.0234722
0.0237823
0.0241918
0.0247503
0.0253989
0.0261414
0.0268335
0.0272791
0.0270355
0.0258793
0.0240771
0.0221472
0.0206252
0.025666
0.0249792
0.0243185
0.0237482
0.0233139
0.0230245
0.0228831
0.0228665
0.0229527
0.023116
0.0233463
0.0236687
0.0241016
0.0247065
0.0254254
0.0262689
0.0271004
0.0276843
0.0274333
0.0260329
0.0238611
0.021612
0.019942
0.0260043
0.025119
0.0242971
0.0236109
0.0231056
0.022784
0.0226401
0.0226403
0.0227499
0.0229326
0.0231739
0.0235027
0.0239491
0.0245864
0.0253655
0.0262973
0.0272735
0.0280228
0.0277673
0.0260656
0.0234506
0.0208404
0.0190331
0.0262857
0.0251725
0.0241726
0.0233655
0.0227935
0.02245
0.022317
0.0223482
0.0224925
0.022701
0.0229527
0.0232808
0.0237275
0.0243799
0.0251934
0.0261818
0.0272933
0.0282343
0.0279821
0.0259156
0.0227752
0.0197662
0.0178476
0.0264847
0.0251121
0.0239183
0.0229885
0.0223582
0.0220076
0.0219033
0.0219834
0.0221767
0.0224192
0.0226814
0.0230005
0.0234318
0.0240749
0.0248804
0.0258626
0.0270736
0.0282277
0.0279943
0.0254996
0.0217472
0.0183097
0.0163264
0.0265686
0.0249037
0.0235027
0.0224527
0.021778
0.0214406
0.0213879
0.0215392
0.021799
0.022086
0.0223602
0.0226623
0.0230607
0.0236617
0.0243952
0.0252635
0.0264964
0.0278718
0.0276868
0.0247112
0.0202654
0.0163808
0.0144013
0.026496
0.0245068
0.0228887
0.0217272
0.0210289
0.0207315
0.0207589
0.0210084
0.0213559
0.0217007
0.0219902
0.0222698
0.0226183
0.0231387
0.0237117
0.0242987
0.0254187
0.0269979
0.0269076
0.0234228
0.0182151
0.0138826
0.012002
0.0262108
0.0238716
0.0220332
0.0207765
0.0200838
0.0198612
0.0200039
0.0203838
0.0208439
0.021263
0.0215746
0.0218284
0.0221116
0.0225126
0.0228101
0.0229027
0.0237125
0.0254318
0.0254825
0.0214885
0.015471
0.010716
0.0090601
0.025642
0.0229399
0.0208859
0.0195607
0.0189135
0.0188095
0.0191101
0.0196581
0.0202593
0.0207722
0.0211175
0.0213469
0.0215532
0.0218004
0.0216926
0.0210876
0.0213488
0.0230702
0.0232487
0.0187446
0.0119016
0.00678238
0.00550821
0.0247004
0.0216466
0.0193892
0.0180346
0.017486
0.0175552
0.0180646
0.0188237
0.019598
0.0202274
0.0206227
0.0208361
0.0209626
0.0210339
0.0204467
0.0189835
0.0184787
0.0199655
0.0201039
0.0150205
0.00736522
0.00198793
0.00128706
0.0232853
0.0199194
0.0174761
0.0161477
0.0157667
0.0160763
0.0168545
0.0178732
0.018855
0.0196273
0.0200948
0.0203077
0.0203592
0.0202489
0.0191705
0.0168098
0.0154126
0.0163337
0.0160394
0.0101683
0.00172336
-0.00374602
-0.00364434
0.0213649
0.017678
0.0150673
0.0138437
0.0137191
0.0143507
0.0154676
0.016799
0.0180248
0.0189703
0.0195378
0.0197706
0.0197604
0.0194898
0.0179876
0.0148444
0.0125069
0.0124547
0.0111348
0.00411687
-0.0051151
-0.010466
-0.00930353
0.019701
0.0148305
0.0120672
0.0110604
0.0113054
0.0123569
0.0138922
0.0155933
0.0171013
0.0182548
0.0189544
0.0192303
0.0191823
0.0188018
0.0170102
0.0133002
0.0100151
0.00855173
0.00552548
-0.00308326
-0.0131389
-0.0181616
-0.0156774
0.0167815
0.0111128
0.00835816
0.00773038
0.0084874
0.010075
0.0121181
0.0142481
0.0160787
0.0174794
0.0183444
0.0186886
0.0186346
0.0182132
0.016305
0.0122578
0.00802458
0.00474206
-0.000627129
-0.011265
-0.022219
-0.0267454
-0.0227092
0.0122064
0.00630562
0.00381756
0.00378487
0.00522851
0.00748751
0.010136
0.0127557
0.0149517
0.0166427
0.0177053
0.0181423
0.0181149
0.0177287
0.015873
0.0116754
0.00648302
0.00105782
-0.00715223
-0.0201837
-0.0321355
-0.0360605
-0.0302932
0.00617167
0.00023954
-0.00167487
-0.000842822
0.00149582
0.00458046
0.00793838
0.011109
0.0137166
0.0157425
0.0170308
0.0175813
0.0176112
0.0173363
0.0156566
0.0114218
0.00525613
-0.00251696
-0.0138848
-0.0295604
-0.0426138
-0.0459225
-0.0382832
-0.0015092
-0.00725796
-0.00823386
-0.00621373
-0.00273751
0.00134433
0.00551945
0.00930234
0.0123716
0.0147751
0.0163105
0.0169885
0.0171031
0.0169989
0.0155546
0.0113274
0.0041835
-0.00601822
-0.0206762
-0.0391178
-0.0533587
-0.0563551
-0.0465056
-0.0110214
-0.016335
-0.0159566
-0.0123769
-0.0074892
-0.00222509
0.00287574
0.00733232
0.0109158
0.0137339
0.0155303
0.016342
0.0165606
0.0166578
0.0154913
0.0112364
0.00311871
-0.00948181
-0.0273972
-0.048604
-0.0640628
-0.0665352
-0.0547498
-0.0224117
-0.0270707
-0.0249024
-0.0193603
-0.0127643
-0.00612567
6.96054e-06
0.00519847
0.00934889
0.0126104
0.0146727
0.0156162
0.0159497
0.0162555
0.0153144
0.0110196
0.00195034
-0.0129306
-0.0339387
-0.057803
-0.0744702
-0.0764665
-0.0628239
-0.0354965
-0.0394216
-0.0350667
-0.0271592
-0.0185511
-0.0103478
-0.0030831
0.00290362
0.00767025
0.0113944
0.0137183
0.0147853
0.0152416
0.0157492
0.0149758
0.0105879
0.000609018
-0.0163697
-0.0402104
-0.066538
-0.0843618
-0.0859389
-0.0705481
-0.0503414
-0.0532069
-0.046362
-0.035727
-0.0248181
-0.014873
-0.00638558
0.000453918
0.00587898
0.0100741
0.0126469
0.0138266
0.0144132
0.0151035
0.0144309
0.00989535
-0.000936126
-0.019788
-0.0461383
-0.0746691
-0.0935561
-0.0947607
-0.0777641
-0.0658197
-0.0680896
-0.0586163
-0.04497
-0.0315116
-0.0196731
-0.00988566
-0.00214142
0.00397379
0.00863738
0.0114397
0.0127219
0.0134457
0.0142934
0.0136574
0.00892711
-0.00268669
-0.0231615
-0.0516631
-0.0820895
-0.101907
-0.102773
-0.0843399
-0.0819007
-0.0837159
-0.0715912
-0.0547515
-0.0385568
-0.0247097
-0.0135621
-0.00487065
0.00195328
0.00707257
0.0100802
0.011457
0.0123253
0.0133042
0.0126477
0.00768639
-0.00462611
-0.0264587
-0.0567361
-0.088722
-0.109304
-0.109851
-0.0901725
-0.0982138
-0.099696
-0.0850015
-0.0648995
-0.04586
-0.0299342
-0.0173874
-0.00771999
-0.000183681
0.00536882
0.00855462
0.0100213
0.0110411
0.0121262
0.0114019
0.00618577
-0.00673012
-0.0296472
-0.0613183
-0.0945135
-0.115669
-0.115905
-0.095189
-0.115621
-0.0985327
-0.0752178
-0.0533137
-0.0352892
-0.0213286
-0.0106741
-0.00243753
0.00351676
0.00685193
0.00840595
0.00958284
0.0107513
0.00992349
0.00444373
-0.00897097
-0.0327011
-0.0653834
-0.0994308
-0.120953
-0.120877
-0.099346
-0.131092
-0.111864
-0.0854989
-0.0608007
-0.0407101
-0.0253482
-0.0137167
-0.00480761
0.00150889
0.00496344
0.00660279
0.00793878
0.00917056
0.00821665
0.00248317
-0.0113143
-0.0355984
-0.0689233
-0.103462
-0.125134
-0.124744
-0.102627
-0.14574
-0.124688
-0.0955361
-0.0682008
-0.0461275
-0.0294064
-0.0168304
-0.00729181
-0.000660237
0.00288221
0.00460254
0.00609537
0.00737404
0.00628487
0.000326957
-0.0137206
-0.0383079
-0.0719403
-0.106622
-0.128219
-0.127511
-0.105041
-0.15923
-0.136723
-0.105135
-0.0753955
-0.0514705
-0.0334619
-0.0199974
-0.00988634
-0.00299385
0.000602378
0.00239464
0.00403754
0.00535157
0.00412947
-0.00201022
-0.0161634
-0.0407938
-0.0744214
-0.10894
-0.130242
-0.129208
-0.106617
-0.171301
-0.147732
-0.114122
-0.0822736
-0.0566692
-0.0374742
-0.023199
-0.0125856
-0.00549328
-0.00188149
-3.2149e-05
0.00175127
0.00308927
0.00174668
-0.00452796
-0.0186465
-0.0430533
-0.0763417
-0.110425
-0.131259
-0.129893
-0.107402
-0.181769
-0.157537
-0.122353
-0.0887356
-0.0616588
-0.0414047
-0.0264165
-0.0153819
-0.00815807
-0.00457559
-0.00269169
-0.000774263
0.000578504
-0.000868444
-0.00722605
-0.0211821
-0.0451323
-0.0777391
-0.111072
-0.131312
-0.129638
-0.107459
-0.190444
-0.166016
-0.12972
-0.0946949
-0.0663777
-0.0452165
-0.0296302
-0.0182655
-0.0109849
-0.00748485
-0.00560452
-0.00356227
-0.00218411
-0.00368754
-0.0100397
-0.023702
-0.0470455
-0.0787589
-0.11101
-0.130451
-0.128507
-0.106853
-0.197171
-0.173032
-0.136134
-0.100101
-0.0707883
-0.0488808
-0.0328208
-0.0212243
-0.0139662
-0.0106045
-0.00876783
-0.00663296
-0.0051662
-0.00656914
-0.0127551
-0.0259852
-0.048672
-0.0795248
-0.110604
-0.128945
-0.126605
-0.105656
-0.202801
-0.178759
-0.141494
-0.10482
-0.0748116
-0.0523682
-0.0359793
-0.0242549
-0.0170998
-0.013914
-0.0120791
-0.00980534
-0.00817518
-0.00931065
-0.0151977
-0.0279047
-0.0498953
-0.0799539
-0.110033
-0.127279
-0.124328
-0.104043
-0.210947
-0.18383
-0.146382
-0.109255
-0.0786374
-0.0557096
-0.0390799
-0.0273524
-0.0204039
-0.0174236
-0.0155603
-0.0130864
-0.0110948
-0.0124226
-0.0181449
-0.0302401
-0.0511426
-0.079812
-0.108522
-0.124817
-0.122364
-0.102079
-0.200445
-0.203252
-0.180959
-0.146305
-0.110709
-0.0807724
-0.0581066
-0.0415272
-0.0298876
-0.0233908
-0.0211591
-0.0199802
-0.0178854
-0.0158806
-0.0170393
-0.0224859
-0.033658
-0.0527611
-0.0789758
-0.105273
-0.120078
-0.117471
-0.0989571
-0.200985
-0.203085
-0.180491
-0.145898
-0.110564
-0.0809234
-0.0585043
-0.0421301
-0.0307223
-0.0245168
-0.0225147
-0.0214081
-0.0192542
-0.0171788
-0.018302
-0.0237142
-0.0347511
-0.0535502
-0.0792399
-0.104828
-0.11896
-0.116054
-0.0977537
-0.2026
-0.203983
-0.1804
-0.145203
-0.109809
-0.0804195
-0.0583224
-0.0422621
-0.0311901
-0.0253216
-0.0235147
-0.0224314
-0.0202273
-0.0181545
-0.019315
-0.0247475
-0.035729
-0.0543267
-0.0796131
-0.10464
-0.118218
-0.115002
-0.0967228
-0.203802
-0.204511
-0.180291
-0.144688
-0.109274
-0.0800986
-0.0582757
-0.0424871
-0.0317148
-0.0261572
-0.0245482
-0.0235193
-0.0212985
-0.0192281
-0.0204023
-0.0258202
-0.0367002
-0.0550457
-0.0798824
-0.104319
-0.117361
-0.11389
-0.0957151
-0.204721
-0.20473
-0.180031
-0.144213
-0.108878
-0.0799353
-0.0583723
-0.042834
-0.0323423
-0.0270857
-0.0256811
-0.0247196
-0.0224811
-0.0203908
-0.0215471
-0.0269156
-0.0376573
-0.0557174
-0.0800768
-0.103903
-0.116399
-0.112691
-0.0946719
-0.205509
-0.204819
-0.179657
-0.143681
-0.108473
-0.0797884
-0.0584997
-0.0432203
-0.0330174
-0.0280678
-0.0268725
-0.0259806
-0.02372
-0.021596
-0.022715
-0.0280113
-0.0385909
-0.0563445
-0.0802125
-0.103424
-0.11538
-0.111448
-0.0936011
-0.206169
-0.2048
-0.1792
-0.143094
-0.108038
-0.0796309
-0.0586317
-0.0436237
-0.0337214
-0.0290868
-0.0281062
-0.0272876
-0.0250053
-0.0228363
-0.023901
-0.0291043
-0.0394994
-0.0569262
-0.0802892
-0.102884
-0.114312
-0.110172
-0.0925127
-0.206688
-0.204658
-0.178663
-0.142472
-0.107593
-0.0794794
-0.0587801
-0.0440517
-0.0344586
-0.0301456
-0.0293859
-0.0286452
-0.0263422
-0.0241141
-0.0251058
-0.0301942
-0.0403819
-0.0574614
-0.0803059
-0.102283
-0.113192
-0.108863
-0.0914087
-0.207063
-0.20439
-0.178045
-0.141817
-0.107147
-0.0793415
-0.0589513
-0.0445094
-0.0352331
-0.0312478
-0.0307158
-0.0300569
-0.0277332
-0.0254289
-0.0263279
-0.0312796
-0.0412375
-0.0579499
-0.080263
-0.10162
-0.112021
-0.107521
-0.0902892
-0.207291
-0.203999
-0.177347
-0.141129
-0.106697
-0.0792162
-0.0591445
-0.0449964
-0.0360449
-0.0323947
-0.0320971
-0.0315231
-0.0291808
-0.0267791
-0.0275655
-0.0323589
-0.042065
-0.0583912
-0.0801608
-0.100896
-0.110801
-0.106146
-0.0891548
-0.207374
-0.203487
-0.176572
-0.140408
-0.106242
-0.0791015
-0.059358
-0.0455117
-0.0368937
-0.0335864
-0.0335305
-0.0330431
-0.0306775
-0.0281636
-0.0288169
-0.0334306
-0.0428635
-0.0587852
-0.0799999
-0.100114
-0.109533
-0.104742
-0.0880065
-0.207309
-0.202857
-0.175722
-0.139654
-0.105781
-0.0789967
-0.059591
-0.0460545
-0.0377792
-0.0348233
-0.0350163
-0.0346168
-0.0320597
-0.0295806
-0.0300805
-0.0344934
-0.0436324
-0.0591318
-0.079781
-0.099274
-0.10822
-0.103309
-0.086845
-0.207095
-0.202109
-0.1748
-0.138869
-0.105314
-0.0789013
-0.059843
-0.0466245
-0.0387013
-0.0361058
-0.0365551
-0.0362454
-0.0336409
-0.0310285
-0.0313549
-0.035546
-0.0443708
-0.0594311
-0.0795049
-0.0983781
-0.106863
-0.101848
-0.0856713
-0.206732
-0.201244
-0.173808
-0.138053
-0.104841
-0.0788147
-0.0601131
-0.0472212
-0.0396599
-0.0374343
-0.0381472
-0.0379285
-0.0352664
-0.0325059
-0.0326384
-0.0365871
-0.0450783
-0.0596832
-0.0791726
-0.0974275
-0.105463
-0.100362
-0.084486
-0.206219
-0.200266
-0.172746
-0.137207
-0.104361
-0.0787362
-0.0604005
-0.0478439
-0.0406546
-0.0388089
-0.0397925
-0.0396656
-0.0369323
-0.0340114
-0.0339296
-0.0376158
-0.0457544
-0.0598886
-0.0787853
-0.0964242
-0.104023
-0.0988526
-0.08329
-0.205557
-0.199175
-0.171617
-0.136329
-0.103874
-0.0786649
-0.0607043
-0.048492
-0.0416852
-0.0402295
-0.0414909
-0.041456
-0.0386419
-0.0355435
-0.0352272
-0.0386308
-0.0463986
-0.0600477
-0.0783441
-0.0953699
-0.102545
-0.0973202
-0.0820839
-0.204746
-0.197973
-0.170421
-0.135422
-0.103379
-0.0785998
-0.0610233
-0.0491646
-0.0427511
-0.0416958
-0.0432419
-0.0432988
-0.0403941
-0.0371007
-0.0365296
-0.0396312
-0.0470108
-0.0601611
-0.0778506
-0.0942664
-0.101031
-0.0957669
-0.0808684
-0.203788
-0.196663
-0.169162
-0.134484
-0.102875
-0.0785399
-0.0613566
-0.0498608
-0.0438518
-0.0432075
-0.045045
-0.045193
-0.0421872
-0.0386815
-0.0378355
-0.040616
-0.0475908
-0.0602294
-0.0773061
-0.093116
-0.0994825
-0.0941943
-0.079644
-0.202682
-0.195246
-0.167839
-0.133515
-0.102361
-0.078484
-0.0617029
-0.0505797
-0.0449865
-0.044764
-0.0468993
-0.0471374
-0.0440198
-0.0402844
-0.0391436
-0.0415845
-0.0481385
-0.0602537
-0.0767124
-0.0919206
-0.0979019
-0.0926037
-0.0784115
-0.201432
-0.193726
-0.166454
-0.132516
-0.101837
-0.078431
-0.0620608
-0.0513201
-0.0461543
-0.0463642
-0.0488037
-0.0491306
-0.0458904
-0.0419079
-0.0404526
-0.0425358
-0.048654
-0.0602347
-0.0760713
-0.0906826
-0.0962913
-0.0909969
-0.0771714
-0.200039
-0.192104
-0.165009
-0.131487
-0.101302
-0.0783796
-0.0624292
-0.052081
-0.0473543
-0.0480072
-0.050757
-0.051171
-0.0477973
-0.0435505
-0.0417612
-0.0434694
-0.0491376
-0.0601737
-0.0753845
-0.0894043
-0.094653
-0.0893751
-0.0759241
-0.198507
-0.190383
-0.163505
-0.130427
-0.100755
-0.0783283
-0.0628064
-0.0528609
-0.0485853
-0.0496917
-0.0527576
-0.0532569
-0.0497389
-0.0452107
-0.0430682
-0.0443845
-0.0495893
-0.0600717
-0.0746542
-0.088088
-0.0929892
-0.08774
-0.0746703
-0.196837
-0.188565
-0.161942
-0.129335
-0.100194
-0.0782758
-0.0631911
-0.0536585
-0.0498458
-0.051416
-0.0548039
-0.0553865
-0.0517135
-0.0468869
-0.0443726
-0.0452807
-0.0500097
-0.0599301
-0.0738823
-0.0867362
-0.091302
-0.086093
-0.0734104
-0.195032
-0.186654
-0.160323
-0.128213
-0.0996197
-0.0782206
-0.0635816
-0.0544723
-0.0511345
-0.0531786
-0.0568939
-0.0575577
-0.0537192
-0.0485778
-0.0456731
-0.0461575
-0.0503991
-0.0597502
-0.0730711
-0.0853514
-0.0895938
-0.0844356
-0.0721448
-0.193098
-0.184652
-0.158648
-0.127059
-0.0990296
-0.0781611
-0.0639762
-0.0553007
-0.0524495
-0.0549773
-0.0590254
-0.0597685
-0.0557544
-0.0502817
-0.0469689
-0.0470145
-0.0507582
-0.0595336
-0.0722227
-0.0839361
-0.0878667
-0.0827691
-0.070874
-0.191037
-0.182561
-0.156918
-0.125872
-0.098423
-0.0780956
-0.0643732
-0.0561418
-0.0537889
-0.05681
-0.0611962
-0.0620166
-0.0578171
-0.0519973
-0.0482588
-0.0478516
-0.0510874
-0.0592818
-0.0713396
-0.082493
-0.0861231
-0.081095
-0.0695985
-0.188853
-0.180385
-0.155134
-0.124654
-0.0977988
-0.0780225
-0.0647708
-0.0569939
-0.0551507
-0.0586743
-0.0634036
-0.0642995
-0.0599054
-0.053723
-0.049542
-0.0486684
-0.0513876
-0.0589963
-0.070424
-0.0810247
-0.0843651
-0.0794146
-0.0683186
-0.186552
-0.178127
-0.153298
-0.123403
-0.0971558
-0.07794
-0.0651671
-0.0578549
-0.0565327
-0.0605676
-0.065645
-0.0666149
-0.0620175
-0.0554576
-0.0508176
-0.049465
-0.0516595
-0.058679
-0.0694784
-0.0795339
-0.082595
-0.0777293
-0.0670348
-0.184137
-0.17579
-0.151411
-0.12212
-0.0964927
-0.0778464
-0.0655601
-0.0587227
-0.0579322
-0.062487
-0.0679174
-0.0689601
-0.0641514
-0.0571996
-0.0520849
-0.0502411
-0.0519039
-0.0583314
-0.0685052
-0.0780231
-0.080815
-0.0760404
-0.0657475
-0.181615
-0.173377
-0.149473
-0.120803
-0.0958084
-0.0777399
-0.0659478
-0.0595952
-0.0593468
-0.0644294
-0.0702177
-0.0713325
-0.066305
-0.0589477
-0.0533432
-0.0509969
-0.0521218
-0.0579555
-0.0675069
-0.076495
-0.0790272
-0.0743491
-0.0644569
-0.167244
-0.178988
-0.170891
-0.147487
-0.119453
-0.0951015
-0.0776186
-0.0663283
-0.0604699
-0.0607735
-0.0663918
-0.0725426
-0.0737293
-0.0684765
-0.0607005
-0.0545918
-0.0517324
-0.0523142
-0.0575531
-0.066486
-0.0749522
-0.0772339
-0.0726567
-0.0631636
-0.164782
-0.176263
-0.168336
-0.145453
-0.118069
-0.094371
-0.0774807
-0.0666992
-0.0613445
-0.0622095
-0.0683706
-0.0748889
-0.0761477
-0.0706637
-0.0624568
-0.0558301
-0.0524478
-0.052482
-0.057126
-0.0654449
-0.0733974
-0.0754371
-0.0709644
-0.061868
-0.162207
-0.173444
-0.165714
-0.143373
-0.116652
-0.0936156
-0.0773243
-0.0670586
-0.0622163
-0.0636515
-0.0703624
-0.0772529
-0.0785846
-0.0728646
-0.0642153
-0.0570576
-0.0531433
-0.0526263
-0.0566761
-0.0643862
-0.0718332
-0.0736388
-0.0692735
-0.0605703
-0.159523
-0.170538
-0.16303
-0.141247
-0.115201
-0.0928341
-0.0771477
-0.0674042
-0.0630829
-0.0650964
-0.0723634
-0.079631
-0.0810372
-0.0750771
-0.0659749
-0.0582739
-0.0538192
-0.0527483
-0.0562052
-0.0633124
-0.0702621
-0.0718412
-0.067585
-0.0592709
-0.156739
-0.167549
-0.160286
-0.139078
-0.113716
-0.0920253
-0.0769489
-0.0677337
-0.0639414
-0.0665407
-0.0743697
-0.0820193
-0.0835024
-0.0772992
-0.0677343
-0.0594785
-0.0544759
-0.052849
-0.0557154
-0.0622258
-0.0686867
-0.0700463
-0.0659002
-0.0579704
-0.15386
-0.164483
-0.157486
-0.136867
-0.112196
-0.0911882
-0.0767263
-0.0680449
-0.064789
-0.0679809
-0.0763775
-0.0844141
-0.0859771
-0.0795287
-0.0694924
-0.0606713
-0.0551138
-0.0529296
-0.0552085
-0.0611289
-0.0671093
-0.0682559
-0.0642202
-0.056669
-0.150893
-0.161346
-0.154634
-0.134615
-0.110643
-0.0903216
-0.0764778
-0.0683356
-0.0656228
-0.0694133
-0.0783826
-0.0868113
-0.088458
-0.0817635
-0.0712483
-0.0618519
-0.0557333
-0.0529914
-0.0546863
-0.0600241
-0.0655325
-0.066472
-0.062546
-0.0553671
-0.147846
-0.158143
-0.151732
-0.132323
-0.109056
-0.0894246
-0.076202
-0.0686035
-0.06644
-0.0708344
-0.0803808
-0.089207
-0.0909419
-0.0840016
-0.0730007
-0.0630202
-0.0563349
-0.0530354
-0.0541507
-0.0589137
-0.0639584
-0.0646964
-0.0608788
-0.0540653
-0.144726
-0.15488
-0.148785
-0.129995
-0.107436
-0.0884961
-0.0758969
-0.0688464
-0.0672376
-0.0722402
-0.0823679
-0.0915969
-0.0934256
-0.0862407
-0.0747487
-0.0641761
-0.0569192
-0.0530629
-0.0536035
-0.0578
-0.0623896
-0.0629309
-0.0592196
-0.0527639
-0.14154
-0.151563
-0.145796
-0.12763
-0.105782
-0.0875354
-0.075561
-0.0690619
-0.0680126
-0.073627
-0.0843396
-0.093977
-0.0959058
-0.0884787
-0.0764914
-0.0653193
-0.0574867
-0.0530752
-0.0530466
-0.0566851
-0.060828
-0.0611773
-0.0575694
-0.0514633
)
;

boundaryField
{
    inlet
    {
        type            zeroGradient;
    }
    outlet
    {
        type            fixedValue;
        value           nonuniform 0();
    }
    cylinder
    {
        type            zeroGradient;
    }
    top
    {
        type            symmetryPlane;
    }
    bottom
    {
        type            symmetryPlane;
    }
    frontAndBack
    {
        type            empty;
    }
    procBoundary6to5
    {
        type            processor;
        value           nonuniform List<scalar> 
205
(
-0.11903
-0.116266
-0.113453
-0.110599
-0.107713
-0.1048
-0.101868
-0.0989234
-0.0959733
-0.0930241
-0.104103
-0.104103
-0.100654
-0.0972237
-0.0938181
-0.0904423
-0.0871016
-0.0838008
-0.0805447
-0.0773378
-0.0741843
-0.0710883
-0.0680535
-0.0650832
-0.0621807
-0.0593488
-0.0565903
-0.0539077
-0.0513029
-0.0487778
-0.0463334
-0.0439706
-0.0416902
-0.0394929
-0.0373775
-0.035339
-0.0333756
-0.0315155
-0.0298022
-0.0281018
-0.0259649
-0.0219123
-0.0219123
-0.0161718
-0.0107986
-0.00587112
-0.00146331
0.00242415
0.00582125
0.00876013
0.0112748
0.0134031
0.0151856
0.0166654
0.0178856
0.0188878
0.0197094
0.0203824
0.0209317
0.0213753
0.0217252
0.0219895
0.0221743
0.0222852
0.0223275
0.022306
0.0222243
0.0220855
0.0218929
0.0216499
0.0213619
0.0210346
0.0206737
0.0202856
0.0198768
0.0194532
0.0190207
0.0185845
0.0181493
0.0177192
0.0172977
0.016888
0.0164927
0.0161136
0.0157522
0.0154096
0.0150869
0.0147845
0.0145028
0.0142419
0.0140018
0.0137825
0.0135836
0.0134048
0.0132459
0.0131066
0.0129866
0.0128858
0.0128043
0.0127422
0.0126999
0.0126782
0.019663
0.0196719
0.0196896
0.0197163
0.0197528
0.0197998
0.0198585
0.0199303
0.0200166
0.020119
0.0202392
0.0203789
0.02054
0.020724
0.020933
0.0211684
0.0214319
0.0217249
0.0220485
0.0224036
0.0227906
0.0232096
0.0236598
0.0241397
0.0246467
0.0251766
0.0257241
0.0262822
0.0268415
0.0273818
0.0278891
0.0283398
0.0287031
0.0289397
0.029
0.0288228
0.0283357
0.0274579
0.0260788
0.0238666
0.0205169
0.0157753
0.00939308
0.00121368
-0.00871379
-0.0201247
-0.0326811
-0.0460679
-0.0600904
-0.0745095
-0.114368
-0.114368
-0.129964
-0.144622
-0.158036
-0.169998
-0.180284
-0.188637
-0.195468
-0.202357
-0.207454
-0.207454
-0.171797
-0.173311
-0.175434
-0.177224
-0.178821
-0.180293
-0.181634
-0.182837
-0.183896
-0.184808
-0.185569
-0.186177
-0.186627
-0.186918
-0.187046
-0.18701
-0.186809
-0.186441
-0.185908
-0.185209
-0.184344
-0.183317
-0.182129
-0.180782
-0.179279
-0.177626
-0.175825
-0.173881
-0.171799
-0.169585
-0.169585
-0.142439
-0.140552
-0.138546
-0.136428
-0.134203
-0.13188
-0.129465
-0.126965
-0.124387
-0.12174
)
;
    }
    procBoundary6to7
    {
        type            processor;
        value           nonuniform List<scalar> 
201
(
-0.0453777
-0.0444941
-0.0436049
-0.0427104
-0.0418105
-0.0409054
-0.0399953
-0.0390803
-0.0381607
-0.0372365
-0.0363082
-0.0353758
-0.0344397
-0.0335002
-0.0325576
-0.0316122
-0.0306643
-0.0297144
-0.0287628
-0.02781
-0.0268564
-0.0259025
-0.0249487
-0.0239957
-0.0230438
-0.0220936
-0.0211458
-0.0202009
-0.0192595
-0.0183222
-0.0173898
-0.016463
-0.0155424
-0.0146289
-0.0137231
-0.0128244
-0.0119363
-0.0110796
-0.0102559
-0.00924071
-0.0058327
-0.00345722
-0.00139737
0.000816143
0.00302792
0.00510569
0.00701633
0.00875775
0.0103231
0.0116974
0.0128625
0.0138011
0.0144983
0.0149425
0.0151261
0.0150489
0.0147227
0.0141761
0.0134592
0.0126471
0.0118455
0.0111856
0.0108075
0.0108304
0.0113166
0.0122355
0.0134802
0.0148865
0.0162712
0.0174916
0.0182302
0.0189043
0.0193425
0.0195934
0.0197065
0.0197065
0.0199142
0.019808
0.0196544
0.0194726
0.0192755
0.019072
0.0188677
0.0186664
0.0184703
0.018281
0.0180992
0.0179256
0.0177606
0.0176045
0.0174576
0.0173204
0.0171932
0.0170768
0.0169716
0.0168785
0.0167983
0.016732
0.0166805
0.0166449
0.0166266
0.0201818
0.0201956
0.0202221
0.0202604
0.0203092
0.0203675
0.0204341
0.0205079
0.0205877
0.020672
0.0207592
0.0208474
0.0209348
0.0210199
0.0210999
0.0211704
0.0212281
0.0212685
0.0212862
0.0212746
0.0212258
0.0211306
0.0209785
0.0207576
0.0204489
0.0200337
0.0194904
0.0187937
0.0179138
0.016817
0.0154652
0.0138158
0.0118242
0.0094469
0.00664372
0.00338279
-0.000354171
-0.00456795
-0.00923804
-0.0143187
-0.0197377
-0.0254005
-0.0311967
-0.0370075
-0.0427152
-0.0482097
-0.0533942
-0.058188
-0.0625286
-0.0663714
-0.0696898
-0.0724725
-0.0747227
-0.0764548
-0.0776923
-0.0784661
-0.0788113
-0.0787614
-0.0783798
-0.0777514
-0.0763661
-0.0756357
-0.0748906
-0.0741997
-0.073518
-0.0728264
-0.0721268
-0.0714223
-0.0707135
-0.0700001
-0.0692821
-0.0685594
-0.0678322
-0.0671004
-0.0663639
-0.0656228
-0.0648769
-0.0641263
-0.0633707
-0.0626103
-0.0618448
-0.0610742
-0.0602984
-0.0595174
-0.058731
-0.0579392
-0.0571419
-0.0563391
-0.0555306
-0.0547164
-0.0538965
-0.0530709
-0.0522394
-0.0514021
-0.0505589
-0.0497099
-0.048855
-0.0479944
-0.0471279
-0.0462556
)
;
    }
}


// ************************************************************************* //
