/*--------------------------------*- C++ -*----------------------------------*\
  =========                 |
  \\      /  F ield         | OpenFOAM: The Open Source CFD Toolbox
   \\    /   O peration     | Website:  https://openfoam.org
    \\  /    A nd           | Version:  7
     \\/     M anipulation  |
\*---------------------------------------------------------------------------*/
FoamFile
{
    version     2.0;
    format      ascii;
    class       volScalarField;
    location    "280";
    object      p;
}
// * * * * * * * * * * * * * * * * * * * * * * * * * * * * * * * * * * * * * //

dimensions      [0 2 -2 0 0 0 0];

internalField   nonuniform List<scalar> 
4575
(
-0.443247
-0.435296
-0.429223
-0.449572
-0.44127
-0.434978
-0.428267
-0.421037
-0.455907
-0.447263
-0.440757
-0.433796
-0.426235
-0.41793
-0.408584
-0.397969
-0.46222
-0.453246
-0.44653
-0.439313
-0.431401
-0.422616
-0.412647
-0.401275
-0.388425
-0.374188
-0.358808
-0.342631
-0.468479
-0.459188
-0.452266
-0.444785
-0.436498
-0.427198
-0.41656
-0.404387
-0.39065
-0.375503
-0.359253
-0.342292
-0.325026
-0.307811
-0.290927
-0.474648
-0.465055
-0.457932
-0.450177
-0.441491
-0.431637
-0.420285
-0.407267
-0.392612
-0.376539
-0.359418
-0.341682
-0.323759
-0.306006
-0.288692
-0.271991
-0.256003
-0.240762
-0.226281
-0.480688
-0.470811
-0.46349
-0.455451
-0.44634
-0.435893
-0.423783
-0.409881
-0.39428
-0.377271
-0.359282
-0.340787
-0.322227
-0.303958
-0.286234
-0.26921
-0.25297
-0.237531
-0.222905
-0.209132
-0.48656
-0.476419
-0.468903
-0.460568
-0.451004
-0.439924
-0.427015
-0.412195
-0.395627
-0.377676
-0.358828
-0.339592
-0.320419
-0.301658
-0.283544
-0.266217
-0.24974
-0.234116
-0.219356
-0.205443
-0.492223
-0.481837
-0.47413
-0.465486
-0.45544
-0.44369
-0.429942
-0.414173
-0.396622
-0.377731
-0.358039
-0.338085
-0.318323
-0.299094
-0.280614
-0.263002
-0.246305
-0.230511
-0.215629
-0.201585
-0.497634
-0.487025
-0.479129
-0.470163
-0.459607
-0.447148
-0.432525
-0.415782
-0.39724
-0.377414
-0.356898
-0.33625
-0.315929
-0.296258
-0.277434
-0.259558
-0.242658
-0.226709
-0.211718
-0.197555
-0.502749
-0.49194
-0.483857
-0.474555
-0.463458
-0.450256
-0.434726
-0.416989
-0.397453
-0.376707
-0.355388
-0.334077
-0.313225
-0.293139
-0.273997
-0.255877
-0.238791
-0.222704
-0.207616
-0.193348
-0.507523
-0.496538
-0.48827
-0.478615
-0.466951
-0.452972
-0.436508
-0.417763
-0.397237
-0.375588
-0.353496
-0.331553
-0.310201
-0.289729
-0.270292
-0.25195
-0.234697
-0.218488
-0.203319
-0.188959
-0.511911
-0.500775
-0.492323
-0.4823
-0.47004
-0.455254
-0.437833
-0.418075
-0.396569
-0.374041
-0.351207
-0.328665
-0.306847
-0.286018
-0.266313
-0.24777
-0.23037
-0.214058
-0.198822
-0.184384
-0.515865
-0.504604
-0.49597
-0.485563
-0.472682
-0.457061
-0.438668
-0.417896
-0.395426
-0.372047
-0.348507
-0.325404
-0.303153
-0.281998
-0.26205
-0.24333
-0.225803
-0.209406
-0.194118
-0.179619
-0.519342
-0.507981
-0.499164
-0.488359
-0.474832
-0.458355
-0.43898
-0.4172
-0.393788
-0.369592
-0.345384
-0.321758
-0.29911
-0.27766
-0.257497
-0.238624
-0.22099
-0.204527
-0.189205
-0.174661
-0.522295
-0.510861
-0.501862
-0.490644
-0.476449
-0.459099
-0.438736
-0.415961
-0.391636
-0.366661
-0.341826
-0.317717
-0.294708
-0.272996
-0.252645
-0.233643
-0.215926
-0.199417
-0.184078
-0.169506
-0.524679
-0.513198
-0.504017
-0.492372
-0.477492
-0.459256
-0.437907
-0.414158
-0.388952
-0.363241
-0.337823
-0.313273
-0.289941
-0.267998
-0.247489
-0.228383
-0.210604
-0.19407
-0.178733
-0.164151
-0.526451
-0.51495
-0.505587
-0.493503
-0.477922
-0.458793
-0.436468
-0.411769
-0.385722
-0.359319
-0.333365
-0.308416
-0.2848
-0.262661
-0.242023
-0.222839
-0.205021
-0.188484
-0.173166
-0.158594
-0.527568
-0.516073
-0.506528
-0.493994
-0.477702
-0.457678
-0.434392
-0.408776
-0.381931
-0.354885
-0.328442
-0.303141
-0.279279
-0.256978
-0.23624
-0.217004
-0.199171
-0.182652
-0.167375
-0.152832
-0.527989
-0.516527
-0.506801
-0.493808
-0.476797
-0.455883
-0.431658
-0.405161
-0.377567
-0.34993
-0.323048
-0.297439
-0.273372
-0.250943
-0.230135
-0.210875
-0.193052
-0.176573
-0.161357
-0.146862
-0.527676
-0.516271
-0.506365
-0.492908
-0.475175
-0.453382
-0.428245
-0.400912
-0.37262
-0.344445
-0.317176
-0.291305
-0.267073
-0.244552
-0.223706
-0.204448
-0.186659
-0.170243
-0.15511
-0.140686
-0.526591
-0.51527
-0.505185
-0.491259
-0.472806
-0.450151
-0.424137
-0.396014
-0.36708
-0.338424
-0.310821
-0.284735
-0.260379
-0.237801
-0.216947
-0.197719
-0.17999
-0.163659
-0.148635
-0.134311
-0.524701
-0.513488
-0.503227
-0.48883
-0.469665
-0.44617
-0.419317
-0.390458
-0.36094
-0.331861
-0.303978
-0.277724
-0.253286
-0.230687
-0.209858
-0.190688
-0.17304
-0.156818
-0.141933
-0.127733
-0.521974
-0.510893
-0.500459
-0.485594
-0.465728
-0.441421
-0.413775
-0.384236
-0.354195
-0.324753
-0.296644
-0.270271
-0.245792
-0.223208
-0.202435
-0.183351
-0.16581
-0.149716
-0.134992
-0.120896
-0.518381
-0.507455
-0.496853
-0.481525
-0.460974
-0.435889
-0.407501
-0.377343
-0.346842
-0.317098
-0.288817
-0.262373
-0.237896
-0.215364
-0.19468
-0.175711
-0.158299
-0.142357
-0.127788
-0.113666
-0.513897
-0.503149
-0.492383
-0.476601
-0.455387
-0.429563
-0.400487
-0.369773
-0.338879
-0.308894
-0.280498
-0.254031
-0.229597
-0.207154
-0.186592
-0.167767
-0.150514
-0.134752
-0.120331
-0.106014
-0.5085
-0.497951
-0.487029
-0.470803
-0.448954
-0.422435
-0.39273
-0.361527
-0.330306
-0.300142
-0.271686
-0.245246
-0.220897
-0.198581
-0.178173
-0.159521
-0.142454
-0.126903
-0.112666
-0.098541
-0.502169
-0.491842
-0.480772
-0.464118
-0.441663
-0.414498
-0.384227
-0.352604
-0.321124
-0.290845
-0.262384
-0.236018
-0.211798
-0.189645
-0.169425
-0.150975
-0.134118
-0.118815
-0.104745
-0.0909537
-0.494892
-0.484806
-0.473597
-0.456533
-0.433509
-0.405751
-0.37498
-0.343007
-0.311337
-0.281005
-0.252595
-0.226353
-0.202302
-0.180351
-0.160351
-0.142135
-0.125528
-0.110472
-0.0966189
-0.0831569
-0.486654
-0.47683
-0.465493
-0.448042
-0.424487
-0.396194
-0.36499
-0.33274
-0.30095
-0.270628
-0.242325
-0.216253
-0.192415
-0.170701
-0.150956
-0.133004
-0.116672
-0.101892
-0.0882886
-0.0751393
-0.477449
-0.467905
-0.456453
-0.438639
-0.414597
-0.38583
-0.354265
-0.321811
-0.28997
-0.259721
-0.231579
-0.205726
-0.182141
-0.160703
-0.141245
-0.123587
-0.107555
-0.0930782
-0.0797515
-0.0669094
-0.467272
-0.458025
-0.446473
-0.428324
-0.403843
-0.374665
-0.342812
-0.310228
-0.278405
-0.248291
-0.220364
-0.194776
-0.171488
-0.150361
-0.131224
-0.113889
-0.0981839
-0.0840356
-0.0710076
-0.456122
-0.447191
-0.435554
-0.417101
-0.392232
-0.362708
-0.330642
-0.298002
-0.266266
-0.236348
-0.20869
-0.183415
-0.160462
-0.139684
-0.120899
-0.103917
-0.0885641
-0.0747695
-0.444003
-0.435403
-0.423698
-0.404976
-0.379771
-0.349972
-0.317766
-0.285144
-0.253565
-0.223903
-0.196566
-0.171649
-0.149073
-0.128678
-0.110278
-0.0936776
-0.430921
-0.422668
-0.410915
-0.391959
-0.366475
-0.336469
-0.3042
-0.271671
-0.240315
-0.210968
-0.184004
-0.15949
-0.13733
-0.117354
-0.0993703
-0.416886
-0.408995
-0.397214
-0.378063
-0.352358
-0.322217
-0.289961
-0.257598
-0.22653
-0.197557
-0.171016
-0.14695
-0.125245
-0.105723
-0.401913
-0.394398
-0.38261
-0.363305
-0.337439
-0.307235
-0.275069
-0.242942
-0.212227
-0.183685
-0.157617
-0.13404
-0.112829
-0.38602
-0.378893
-0.367121
-0.347704
-0.321739
-0.291546
-0.259544
-0.227722
-0.197425
-0.169369
-0.14382
-0.120776
-0.369226
-0.3625
-0.350767
-0.331283
-0.305282
-0.275175
-0.243407
-0.211958
-0.182142
-0.154625
-0.129643
-0.351556
-0.345242
-0.333574
-0.314068
-0.288096
-0.258148
-0.226675
-0.195679
-0.1664
-0.139473
-0.333038
-0.327146
-0.315568
-0.296088
-0.270214
-0.240471
-0.209391
-0.178904
-0.15022
-0.313702
-0.30824
-0.29678
-0.277379
-0.251668
-0.22218
-0.191572
-0.161659
-0.293577
-0.288558
-0.277243
-0.257972
-0.232439
-0.203352
-0.17325
-0.272697
-0.268138
-0.256998
-0.237879
-0.212619
-0.183981
-0.251097
-0.247019
-0.236086
-0.21713
-0.192242
-0.228814
-0.225239
-0.214496
-0.19583
-0.171338
-0.20588
-0.202852
-0.192317
-0.173982
-0.182336
-0.179913
-0.169599
-0.158291
-0.156422
-0.146382
-0.133809
-0.132409
-0.108885
-0.0835666
-0.185602
-0.214165
-0.242369
-0.240918
-0.270157
-0.268238
-0.256494
-0.297479
-0.295104
-0.283
-0.324334
-0.321429
-0.309031
-0.28763
-0.350696
-0.347157
-0.334543
-0.312747
-0.284286
-0.376419
-0.372314
-0.359499
-0.337339
-0.308366
-0.275822
-0.40146
-0.396845
-0.383848
-0.361361
-0.33194
-0.298761
-0.425789
-0.420689
-0.407486
-0.384826
-0.354966
-0.321221
-0.286443
-0.449368
-0.443807
-0.43043
-0.40763
-0.377402
-0.343164
-0.307717
-0.273216
-0.472161
-0.466157
-0.452639
-0.429679
-0.399266
-0.364555
-0.328505
-0.293278
-0.260181
-0.494133
-0.487702
-0.474074
-0.451017
-0.420441
-0.385366
-0.348775
-0.312885
-0.279044
-0.247903
-0.51525
-0.508406
-0.494698
-0.471606
-0.440899
-0.405567
-0.368496
-0.33201
-0.297481
-0.265609
-0.236603
-0.535483
-0.528236
-0.514476
-0.491404
-0.460636
-0.425095
-0.387656
-0.350628
-0.315469
-0.282915
-0.253211
-0.226314
-0.554804
-0.547164
-0.533379
-0.510379
-0.479624
-0.443946
-0.40621
-0.36871
-0.332984
-0.299802
-0.269445
-0.241893
-0.216978
-0.573186
-0.565164
-0.551381
-0.528502
-0.497831
-0.462095
-0.424125
-0.386243
-0.350006
-0.31625
-0.285288
-0.257122
-0.2316
-0.208505
-0.590605
-0.582215
-0.56846
-0.545749
-0.51523
-0.479515
-0.44139
-0.403193
-0.366516
-0.332241
-0.300721
-0.271985
-0.245893
-0.222237
-0.200796
-0.607042
-0.598297
-0.584593
-0.562098
-0.531796
-0.496182
-0.457983
-0.419543
-0.382493
-0.347758
-0.315731
-0.286467
-0.259844
-0.235663
-0.213704
-0.193745
-0.622481
-0.613393
-0.599766
-0.577529
-0.547509
-0.512074
-0.473883
-0.435277
-0.397921
-0.362785
-0.330303
-0.300557
-0.273442
-0.248769
-0.226326
-0.20589
-0.187269
-0.170384
-0.636907
-0.627492
-0.613962
-0.592026
-0.562352
-0.527173
-0.489071
-0.450377
-0.412785
-0.37731
-0.344424
-0.314241
-0.286674
-0.261546
-0.23865
-0.217767
-0.198703
-0.181378
-0.165243
-0.650311
-0.640585
-0.627172
-0.605577
-0.57631
-0.541462
-0.503531
-0.464826
-0.427069
-0.391318
-0.358082
-0.327509
-0.299532
-0.273985
-0.250668
-0.229367
-0.209887
-0.192145
-0.175636
-0.159724
-0.662687
-0.652666
-0.639389
-0.618172
-0.589369
-0.554927
-0.517247
-0.478612
-0.440763
-0.404797
-0.371268
-0.340352
-0.312006
-0.286077
-0.262372
-0.240682
-0.220813
-0.202679
-0.185815
-0.169541
-0.674033
-0.663734
-0.65061
-0.629805
-0.601522
-0.567558
-0.530209
-0.491722
-0.453854
-0.417739
-0.383971
-0.352761
-0.324088
-0.297815
-0.273756
-0.251707
-0.231475
-0.212975
-0.195778
-0.179152
-0.68435
-0.67379
-0.660834
-0.640472
-0.612761
-0.579344
-0.542405
-0.504147
-0.466332
-0.430133
-0.396184
-0.364729
-0.335773
-0.309193
-0.284812
-0.262436
-0.241869
-0.223028
-0.205523
-0.188549
-0.693642
-0.68284
-0.670066
-0.650174
-0.623083
-0.59028
-0.553828
-0.515877
-0.478191
-0.441974
-0.4079
-0.37625
-0.347054
-0.320205
-0.295538
-0.272863
-0.25199
-0.232834
-0.215052
-0.197725
-0.701919
-0.690894
-0.678313
-0.658915
-0.632489
-0.600363
-0.564473
-0.526906
-0.489423
-0.453254
-0.419114
-0.387319
-0.357927
-0.330848
-0.305929
-0.282988
-0.261834
-0.242387
-0.224368
-0.206678
-0.709193
-0.697964
-0.685587
-0.666704
-0.640982
-0.609592
-0.574336
-0.537231
-0.500024
-0.463971
-0.429823
-0.397933
-0.368388
-0.341118
-0.315982
-0.292806
-0.271402
-0.251683
-0.233464
-0.215432
-0.715478
-0.704066
-0.691901
-0.67355
-0.648568
-0.617969
-0.583416
-0.546848
-0.509991
-0.47412
-0.440023
-0.40809
-0.378436
-0.351013
-0.325694
-0.302314
-0.280691
-0.260725
-0.242262
-0.22412
-0.720795
-0.70922
-0.697274
-0.679469
-0.655258
-0.625499
-0.591716
-0.555758
-0.519323
-0.4837
-0.449713
-0.417788
-0.388069
-0.360533
-0.335064
-0.311511
-0.289698
-0.269516
-0.250852
-0.232794
-0.725166
-0.71345
-0.701728
-0.684479
-0.661063
-0.632191
-0.599238
-0.56396
-0.528019
-0.492712
-0.458894
-0.427027
-0.397289
-0.369677
-0.344094
-0.320397
-0.298422
-0.278056
-0.259199
-0.241093
-0.728616
-0.716782
-0.705289
-0.688602
-0.666002
-0.638055
-0.60599
-0.57146
-0.536082
-0.501156
-0.467565
-0.435809
-0.406095
-0.378447
-0.352782
-0.328972
-0.306861
-0.286334
-0.267288
-0.249042
-0.731175
-0.719245
-0.707983
-0.691861
-0.670092
-0.643105
-0.611981
-0.578262
-0.543515
-0.509035
-0.475731
-0.444135
-0.41449
-0.386843
-0.361131
-0.337237
-0.315014
-0.294348
-0.275134
-0.256736
-0.732874
-0.720872
-0.709842
-0.694285
-0.673357
-0.647358
-0.617221
-0.584374
-0.550323
-0.516354
-0.483394
-0.45201
-0.422478
-0.394871
-0.369145
-0.345195
-0.322886
-0.302103
-0.282747
-0.26422
-0.733747
-0.721698
-0.710901
-0.695905
-0.675823
-0.650834
-0.621725
-0.589806
-0.556514
-0.523117
-0.490559
-0.459438
-0.430062
-0.402532
-0.376825
-0.35285
-0.330479
-0.309603
-0.290132
-0.271502
-0.733832
-0.721759
-0.711195
-0.696753
-0.677518
-0.653555
-0.625509
-0.594568
-0.562095
-0.529331
-0.497232
-0.466424
-0.437248
-0.409833
-0.384178
-0.360205
-0.3378
-0.316854
-0.297289
-0.278579
-0.733167
-0.721095
-0.710764
-0.696868
-0.678473
-0.655545
-0.628592
-0.598676
-0.567077
-0.535004
-0.503419
-0.472974
-0.444041
-0.41678
-0.391208
-0.367267
-0.344852
-0.32386
-0.304222
-0.285452
-0.731793
-0.719748
-0.709648
-0.696286
-0.678722
-0.656833
-0.630995
-0.602143
-0.571471
-0.540146
-0.50913
-0.479097
-0.45045
-0.423378
-0.397923
-0.374041
-0.351642
-0.330626
-0.310936
-0.292126
-0.729754
-0.71776
-0.707889
-0.695048
-0.678302
-0.657449
-0.632741
-0.604989
-0.57529
-0.544766
-0.514371
-0.484799
-0.456481
-0.429635
-0.404328
-0.380534
-0.358175
-0.337157
-0.317435
-0.298606
-0.727093
-0.715176
-0.705533
-0.693197
-0.67725
-0.657424
-0.633856
-0.607231
-0.578549
-0.548877
-0.519154
-0.49009
-0.462143
-0.43556
-0.410432
-0.386753
-0.364458
-0.343461
-0.323725
-0.304895
-0.723855
-0.712039
-0.702622
-0.690776
-0.675607
-0.656793
-0.634367
-0.608891
-0.581263
-0.552489
-0.523489
-0.494979
-0.467445
-0.44116
-0.416242
-0.392705
-0.370499
-0.349544
-0.329812
-0.310999
-0.720087
-0.708398
-0.699205
-0.68783
-0.673414
-0.655593
-0.634304
-0.609992
-0.58345
-0.555618
-0.527386
-0.499476
-0.472395
-0.446445
-0.421769
-0.3984
-0.376305
-0.355413
-0.335703
-0.316925
-0.715835
-0.704297
-0.695327
-0.684405
-0.670715
-0.653862
-0.633699
-0.610558
-0.58513
-0.558277
-0.530858
-0.503593
-0.477006
-0.451425
-0.42702
-0.403845
-0.381884
-0.361075
-0.341404
-0.322678
-0.711145
-0.699781
-0.691033
-0.680547
-0.667553
-0.651639
-0.632584
-0.610617
-0.586321
-0.560483
-0.533918
-0.507339
-0.481285
-0.456109
-0.432005
-0.40905
-0.387245
-0.366539
-0.346922
-0.328265
-0.706063
-0.694898
-0.68637
-0.6763
-0.663972
-0.648964
-0.630995
-0.610195
-0.587046
-0.562251
-0.536579
-0.510727
-0.485245
-0.460508
-0.436735
-0.414024
-0.392397
-0.371814
-0.352267
-0.333692
-0.700637
-0.689692
-0.681384
-0.671712
-0.660018
-0.645879
-0.628966
-0.609322
-0.587327
-0.5636
-0.538854
-0.513768
-0.488896
-0.464632
-0.441219
-0.418779
-0.39735
-0.376908
-0.357445
-0.338968
-0.694909
-0.684206
-0.676119
-0.666828
-0.655733
-0.642425
-0.626535
-0.608028
-0.587188
-0.564546
-0.540758
-0.516475
-0.49225
-0.468492
-0.445469
-0.423323
-0.402114
-0.381831
-0.362466
-0.688926
-0.678484
-0.670618
-0.66169
-0.651163
-0.638644
-0.623739
-0.606344
-0.586653
-0.56511
-0.542307
-0.51886
-0.495317
-0.472099
-0.449494
-0.682728
-0.672566
-0.664923
-0.656342
-0.646351
-0.634579
-0.620617
-0.604303
-0.585749
-0.565312
-0.543515
-0.676358
-0.666494
-0.659074
-0.650826
-0.641338
-0.630269
-0.617206
-0.601938
-0.669855
-0.660304
-0.653109
-0.645179
-0.636165
-0.663256
-0.654032
-0.647064
-0.172239
-0.176492
-0.180593
-0.184547
-0.188357
-0.192026
-0.154721
-0.158744
-0.162649
-0.16644
-0.170119
-0.173689
-0.139125
-0.142918
-0.14662
-0.150233
-0.15376
-0.157203
-0.12532
-0.12888
-0.132371
-0.135793
-0.139149
-0.14244
-0.112958
-0.116295
-0.119579
-0.122809
-0.125989
-0.129119
-0.101882
-0.105001
-0.108079
-0.111116
-0.114114
-0.117075
-0.0918917
-0.0948028
-0.0976821
-0.100531
-0.10335
-0.106141
-0.0828579
-0.0855706
-0.0882593
-0.0909248
-0.0935683
-0.0961907
-0.0746579
-0.0771825
-0.079689
-0.0821785
-0.0846517
-0.0871095
-0.0671892
-0.0695362
-0.07187
-0.0741913
-0.076501
-0.0787997
-0.0603614
-0.0625425
-0.0647138
-0.0668761
-0.0690301
-0.0711764
-0.0541086
-0.056133
-0.0581505
-0.0601617
-0.0621673
-0.064168
-0.0483636
-0.0502413
-0.0521142
-0.0539831
-0.0558483
-0.0577106
-0.0430676
-0.0448085
-0.0465463
-0.0482816
-0.0500148
-0.0517465
-0.0381785
-0.0397915
-0.0414027
-0.0430125
-0.0446213
-0.0462297
-0.0336529
-0.0351464
-0.0366391
-0.0381312
-0.0396233
-0.0411157
-0.0294504
-0.0308336
-0.0322165
-0.0335995
-0.0349829
-0.036367
-0.025548
-0.0268279
-0.0281079
-0.0293884
-0.0306697
-0.0319521
-0.021917
-0.0231007
-0.0242849
-0.0254699
-0.0266559
-0.0278431
-0.0290319
-0.0185282
-0.0196234
-0.020719
-0.0218154
-0.0229128
-0.0240116
-0.0251119
-0.015375
-0.0163855
-0.0173971
-0.0184098
-0.0194239
-0.0204394
-0.0214566
-0.0124184
-0.0133528
-0.014288
-0.0152243
-0.0161618
-0.0171006
-0.018041
-0.00965463
-0.0105178
-0.0113819
-0.0122469
-0.0131131
-0.0139805
-0.0148494
-0.00706647
-0.0078638
-0.00866193
-0.00946098
-0.0102611
-0.0110623
-0.0118649
-0.00464159
-0.00537796
-0.00611505
-0.00685296
-0.00759179
-0.00833165
-0.00907267
-0.00237004
-0.00304992
-0.00373041
-0.00441162
-0.00509365
-0.00577658
-0.00646052
-0.000240304
-0.000867935
-0.0014961
-0.00212489
-0.00275438
-0.00338465
-0.00401576
0.00175605
0.00117673
0.000596956
1.66613e-05
-0.000564215
-0.00114574
-0.00172797
0.00362773
0.00309303
0.00255796
0.00202248
0.00148652
0.000950047
0.000413001
0.00538185
0.00488838
0.00439462
0.00390054
0.00340609
0.00291124
0.00241594
0.00702553
0.00657022
0.00611465
0.00565881
0.0052027
0.00474629
0.00428955
0.00856636
0.00814583
0.00772524
0.00730454
0.00688369
0.00646265
0.0060414
0.0100075
0.00961942
0.00923135
0.00884323
0.00845501
0.0080667
0.00767826
0.0113556
0.0109974
0.0106393
0.0102812
0.00992304
0.00956487
0.00920667
0.0126159
0.0122853
0.0119547
0.0116243
0.0112938
0.0109634
0.0106331
0.0137928
0.0134876
0.0131824
0.0128774
0.0125725
0.0122676
0.0119629
0.0148907
0.0146088
0.014327
0.0140454
0.013764
0.0134828
0.0132017
0.0159136
0.0156532
0.015393
0.015133
0.0148732
0.0146136
0.0143542
0.0168654
0.0166247
0.0163843
0.0161442
0.0159043
0.0156646
0.0154252
0.0177496
0.0175272
0.017305
0.0170831
0.0168615
0.0166402
0.0164191
0.0185697
0.018364
0.0181587
0.0179536
0.0177488
0.0175442
0.01734
0.0193291
0.0191388
0.0189488
0.0187591
0.0185698
0.0183807
0.018192
0.0200307
0.0198545
0.0196786
0.0195031
0.0193279
0.019153
0.0189784
0.0206774
0.0205142
0.0203513
0.0201887
0.0200265
0.0198646
0.019703
0.0212721
0.0211208
0.0209697
0.020819
0.0206687
0.0205186
0.020369
0.0218175
0.0216769
0.0215368
0.0213969
0.0212574
0.0211182
0.0209794
0.0223159
0.0221853
0.022055
0.021925
0.0217954
0.0216661
0.0215372
0.0227698
0.0226482
0.0225269
0.0224059
0.0222853
0.0221651
0.0220451
0.0231813
0.0230679
0.0229548
0.022842
0.0227296
0.0226175
0.0225057
0.0235526
0.0234466
0.0233409
0.0232355
0.0231304
0.0230257
0.0229213
0.0238855
0.0237862
0.0236871
0.0235883
0.0234899
0.0233918
0.0232941
0.0241817
0.0240883
0.0239952
0.0239024
0.0238099
0.0237177
0.0236259
0.0244429
0.0243548
0.0242669
0.0241794
0.0240921
0.0240052
0.0239186
0.0246702
0.0245867
0.0245035
0.0244205
0.0243379
0.0242555
0.0241735
0.0248648
0.0247853
0.0247061
0.0246271
0.0245485
0.0244701
0.024392
0.0250273
0.0249512
0.0248753
0.0247997
0.0247244
0.0246494
0.0245747
0.0251585
0.0250851
0.025012
0.0249392
0.0248667
0.0247944
0.0247224
0.0252577
0.0251866
0.0251156
0.025045
0.0249746
0.0249044
0.0248346
0.0253257
0.025256
0.0251866
0.0251174
0.0250485
0.0249798
0.0249114
0.0253599
0.0252912
0.0252227
0.0251545
0.0250866
0.0250189
0.0249514
-0.0593677
-0.0668616
-0.0741945
-0.0813678
-0.0883776
-0.0952063
-0.101679
-0.108316
-0.114715
-0.120818
-0.126707
-0.132431
-0.13799
-0.143381
-0.148601
-0.153654
-0.158542
-0.163267
-0.167832
-0.0536788
-0.0602413
-0.0666701
-0.0729625
-0.0791135
-0.0851116
-0.0909335
-0.0964593
-0.102057
-0.107557
-0.112883
-0.118053
-0.123087
-0.127993
-0.132767
-0.137411
-0.141926
-0.146315
-0.150579
-0.0475228
-0.0533358
-0.059034
-0.0646155
-0.0700783
-0.0754198
-0.080637
-0.085724
-0.0907235
-0.095693
-0.100543
-0.105255
-0.109848
-0.114335
-0.118719
-0.123
-0.127179
-0.131258
-0.135239
-0.0424282
-0.047586
-0.0526492
-0.0576177
-0.0624908
-0.0672674
-0.0719443
-0.076517
-0.0809664
-0.0854494
-0.0898435
-0.0941188
-0.0982952
-0.102389
-0.106405
-0.110342
-0.114201
-0.117982
-0.121688
-0.0375499
-0.0421545
-0.0466831
-0.0511363
-0.055515
-0.0598202
-0.064053
-0.0682131
-0.0722964
-0.0762409
-0.0802036
-0.0841174
-0.0879503
-0.0917083
-0.0954014
-0.0990331
-0.102604
-0.106114
-0.109564
-0.0332129
-0.0373372
-0.0413988
-0.0453982
-0.0493361
-0.0532126
-0.0570278
-0.0607808
-0.0644704
-0.0680915
-0.0716981
-0.0752662
-0.0787731
-0.0822201
-0.0856148
-0.0889612
-0.0922604
-0.0955128
-0.0987194
-0.0292067
-0.0329138
-0.0365702
-0.0401767
-0.0437342
-0.0472437
-0.0507061
-0.0541223
-0.0574922
-0.0608137
-0.0640609
-0.0673107
-0.0705276
-0.0736962
-0.0768206
-0.0799064
-0.0829558
-0.0859693
-0.0889476
-0.0255549
-0.0288973
-0.0321983
-0.0354585
-0.0386786
-0.0418592
-0.0450009
-0.0481039
-0.0511681
-0.0541933
-0.0571767
-0.0601578
-0.0631093
-0.0660219
-0.0688993
-0.0717464
-0.0745651
-0.0773561
-0.0801201
-0.0221955
-0.0252178
-0.0282066
-0.0311628
-0.0340871
-0.0369804
-0.0398438
-0.042678
-0.0454841
-0.0482622
-0.0510108
-0.0537063
-0.0564032
-0.0590831
-0.0617357
-0.0643626
-0.0669672
-0.069551
-0.0721143
-0.0191007
-0.0218395
-0.0245511
-0.0272358
-0.0298945
-0.0325277
-0.0351358
-0.0377193
-0.0402785
-0.0428133
-0.0453238
-0.047809
-0.0503128
-0.0527879
-0.0552318
-0.0576542
-0.0600605
-0.0624518
-0.0648279
-0.0162408
-0.0187289
-0.021195
-0.0236399
-0.0260641
-0.0284683
-0.0308534
-0.0332199
-0.0355688
-0.0379006
-0.0402155
-0.0425116
-0.0447665
-0.0470265
-0.0492829
-0.0515255
-0.0537531
-0.0559673
-0.0581698
-0.0135873
-0.0158515
-0.0180978
-0.0203269
-0.0225392
-0.0247353
-0.0269157
-0.0290809
-0.0312313
-0.0333674
-0.0354893
-0.0375973
-0.0396876
-0.0417787
-0.0438609
-0.0459304
-0.0479884
-0.0500368
-0.0520767
-0.0111181
-0.0131822
-0.0152318
-0.0172675
-0.0192896
-0.0212988
-0.0232952
-0.0252795
-0.0272518
-0.0292125
-0.0311616
-0.0330995
-0.0350255
-0.0369638
-0.0388872
-0.0407967
-0.0426975
-0.044592
-0.0464807
-0.00881424
-0.010699
-0.0125723
-0.0144346
-0.0162862
-0.0181277
-0.0199596
-0.0217823
-0.0235964
-0.0254024
-0.0272011
-0.0289926
-0.0307765
-0.0325342
-0.0342979
-0.0360624
-0.0378218
-0.039575
-0.0413233
-0.00665655
-0.00837978
-0.0100938
-0.0117989
-0.0134956
-0.0151841
-0.0168649
-0.0185382
-0.0202045
-0.021864
-0.023517
-0.0251638
-0.0268043
-0.0284369
-0.03007
-0.0316997
-0.0333247
-0.0349455
-0.0365633
-0.00462998
-0.00620729
-0.00777721
-0.00934003
-0.0108961
-0.0124456
-0.013989
-0.0155265
-0.0170584
-0.018585
-0.0201065
-0.0216232
-0.0231355
-0.0246433
-0.0261575
-0.0276646
-0.0291651
-0.0306624
-0.0321582
-0.00272255
-0.00416803
-0.00560767
-0.00704173
-0.00847049
-0.00989422
-0.0113132
-0.0127278
-0.0141382
-0.0155447
-0.0169477
-0.0183474
-0.0197439
-0.021137
-0.02252
-0.0239062
-0.0252943
-0.0266813
-0.0280665
-0.000922011
-0.00224779
-0.00356893
-0.00488563
-0.00619813
-0.00750665
-0.00881143
-0.0101127
-0.0114106
-0.0127056
-0.0139977
-0.0152872
-0.0165744
-0.0178593
-0.0191407
-0.0204233
-0.0217059
-0.0229876
-0.0242681
0.000780579
-0.000436501
-0.00164991
-0.00285985
-0.00406648
-0.00527001
-0.00647064
-0.00766854
-0.00886395
-0.0100571
-0.0112481
-0.0124373
-0.0136249
-0.0148112
-0.0159959
-0.0171816
-0.0183663
-0.0195501
-0.0207335
0.00239348
0.00127534
0.000160088
-0.000952405
-0.00206228
-0.00316967
-0.00427469
-0.00537745
-0.00647804
-0.00757651
-0.00867288
-0.00976707
-0.0108589
-0.0119484
-0.0130353
-0.0141433
-0.0152437
-0.0163389
-0.0174334
0.00392285
0.00289455
0.00186841
0.000844281
-0.000177986
-0.00119856
-0.00221763
-0.00323538
-0.00425206
-0.00526791
-0.00628326
-0.00729847
-0.00831402
-0.00933029
-0.0103476
-0.0113435
-0.0123471
-0.0133557
-0.0143652
0.00537666
0.00443066
0.00348634
0.00254358
0.00160227
0.000662293
-0.000276461
-0.00121411
-0.00215077
-0.00308655
-0.00402156
-0.00495587
-0.00588954
-0.00682259
-0.00775498
-0.00868617
-0.00961835
-0.0105513
-0.0114847
0.00675968
0.00588897
0.00501954
0.00415132
0.0032842
0.00241811
0.00155294
0.000688614
-0.000174976
-0.00103792
-0.00190032
-0.00276226
-0.00362385
-0.00448517
-0.00534631
-0.00620715
-0.00706847
-0.00793011
-0.00879211
0.00807611
0.00727431
0.00647349
0.00567358
0.00487451
0.0040762
0.00327859
0.00248159
0.00168514
0.000889136
9.3508e-05
-0.000701833
-0.00149697
-0.002292
-0.00308702
-0.00388204
-0.00467781
-0.0054737
-0.00626983
0.0093294
0.00859071
0.00785274
0.00711546
0.00637881
0.00564273
0.00490715
0.00417204
0.00343731
0.00270291
0.00196877
0.00123483
0.000501019
-0.000232722
-0.000966467
-0.00170028
-0.00243551
-0.00317064
-0.00390587
0.0105226
0.00984172
0.00916137
0.00848151
0.00780211
0.00712311
0.00644447
0.00576614
0.00508805
0.00441015
0.00373238
0.00305467
0.00237696
0.00169917
0.00102124
0.000343134
-0.000333776
-0.00101176
-0.00169065
0.0116586
0.0110307
0.0104033
0.00977617
0.00914941
0.00852296
0.00789676
0.00727078
0.00664498
0.00601933
0.00539376
0.00476825
0.00414274
0.00351718
0.00289153
0.00226574
0.00163992
0.00101363
0.000386873
0.0127396
0.0121604
0.0115815
0.0110029
0.0104246
0.0098464
0.00926844
0.00869063
0.00811295
0.00753536
0.00695783
0.00638032
0.0058028
0.00522522
0.00464755
0.00406974
0.0034918
0.00291355
0.00233498
0.0137677
0.0132332
0.012699
0.0121649
0.0116311
0.0110973
0.0105638
0.0100303
0.00949694
0.00896365
0.00843039
0.00789715
0.0073639
0.0068306
0.00629722
0.00576373
0.00523011
0.00469623
0.00416212
0.0147447
0.0142513
0.0137581
0.013265
0.0127721
0.0122792
0.0117865
0.0112939
0.0108013
0.0103088
0.00981633
0.00932388
0.00883142
0.00833893
0.00784639
0.00735377
0.00686105
0.00636813
0.00587508
0.0156723
0.0152167
0.0147612
0.0143059
0.0138506
0.0133954
0.0129403
0.0124853
0.0120304
0.0115755
0.0111207
0.0106659
0.0102111
0.00975626
0.00930141
0.0088465
0.0083915
0.00793603
0.00748072
0.0165519
0.016131
0.0157102
0.0152895
0.0148689
0.0144484
0.0140279
0.0136076
0.0131873
0.012767
0.0123469
0.0119267
0.0115066
0.0110866
0.0106665
0.0102465
0.0098265
0.0094068
0.00898675
0.0173849
0.016996
0.0166072
0.0162184
0.0158297
0.0154412
0.0150526
0.0146642
0.0142759
0.0138876
0.0134994
0.0131112
0.0127232
0.0123351
0.0119471
0.0115592
0.0111713
0.0107834
0.0103955
0.0181726
0.0178131
0.0174537
0.0170943
0.016735
0.0163758
0.0160167
0.0156577
0.0152987
0.0149399
0.0145811
0.0142224
0.0138638
0.0135053
0.0131469
0.0127885
0.0124302
0.012072
0.0117138
0.0189162
0.0185838
0.0182515
0.0179192
0.017587
0.0172549
0.0169228
0.0165909
0.0162591
0.0159274
0.0155958
0.0152642
0.0149329
0.0146016
0.0142704
0.0139393
0.0136083
0.0132774
0.0129466
0.0196171
0.0193096
0.0190021
0.0186948
0.0183875
0.0180804
0.0177733
0.0174664
0.0171595
0.0168528
0.0165462
0.0162398
0.0159334
0.0156272
0.0153212
0.0150152
0.0147094
0.0144038
0.0140982
0.0202762
0.0199917
0.0197073
0.0194229
0.0191386
0.0188544
0.0185704
0.0182864
0.0180026
0.017719
0.0174354
0.017152
0.0168688
0.0165857
0.0163028
0.0160201
0.0157375
0.015455
0.0151728
0.020895
0.0206316
0.0203683
0.0201051
0.019842
0.019579
0.0193161
0.0190534
0.0187908
0.0185284
0.0182661
0.018004
0.017742
0.0174802
0.0172187
0.0169572
0.016696
0.016435
0.0161742
0.0214745
0.0212306
0.0209868
0.0207431
0.0204995
0.020256
0.0200127
0.0197695
0.0195264
0.0192835
0.0190408
0.0187983
0.0185559
0.0183138
0.0180719
0.0178301
0.0175886
0.0173473
0.0171062
0.022016
0.02179
0.0215642
0.0213384
0.0211128
0.0208873
0.0206619
0.0204367
0.0202116
0.0199868
0.0197621
0.0195376
0.0193133
0.0190892
0.0188654
0.0186417
0.0184183
0.0181952
0.0179723
0.0225207
0.0223112
0.0221019
0.0218927
0.0216836
0.0214746
0.0212658
0.0210572
0.0208487
0.0206404
0.0204323
0.0202244
0.0200168
0.0198093
0.0196021
0.0193951
0.0191884
0.0189819
0.0187757
0.0229897
0.0227955
0.0226014
0.0224074
0.0222135
0.0220198
0.0218262
0.0216328
0.0214396
0.0212466
0.0210538
0.0208612
0.0206688
0.0204766
0.0202847
0.0200931
0.0199017
0.0197105
0.0195197
0.0234245
0.0232442
0.0230641
0.0228841
0.0227043
0.0225246
0.022345
0.0221656
0.0219865
0.0218075
0.0216287
0.0214501
0.0212718
0.0210937
0.0209158
0.0207383
0.0205609
0.0203839
0.0202071
0.0238261
0.0236588
0.0234915
0.0233244
0.0231574
0.0229906
0.0228239
0.0226574
0.0224911
0.022325
0.0221592
0.0219935
0.0218281
0.0216629
0.0214979
0.0213333
0.0211689
0.0210048
0.0208409
0.024196
0.0240405
0.023885
0.0237297
0.0235746
0.0234196
0.0232647
0.0231101
0.0229556
0.0228013
0.0226473
0.0224935
0.0223399
0.0221865
0.0220334
0.0218806
0.021728
0.0215758
0.0214238
0.0245354
0.0243907
0.0242461
0.0241016
0.0239573
0.0238131
0.0236691
0.0235253
0.0233817
0.0232382
0.023095
0.022952
0.0228093
0.0226668
0.0225245
0.0223825
0.0222408
0.0220994
0.0219583
0.0248455
0.0247107
0.024576
0.0244414
0.024307
0.0241728
0.0240387
0.0239048
0.0237711
0.0236376
0.0235043
0.0233712
0.0232384
0.0231058
0.0229734
0.0228414
0.0227096
0.022578
0.0224468
0.0251276
0.0250018
0.0248762
0.0247507
0.0246254
0.0245002
0.0243751
0.0242503
0.0241256
0.0240012
0.0238769
0.0237529
0.0236291
0.0235055
0.0233822
0.0232592
0.0231364
0.0230139
0.0228917
0.0255005
0.0253829
0.0252654
0.025148
0.0250308
0.0249137
0.0247967
0.0246799
0.0245633
0.0244469
0.0243307
0.0242146
0.0240988
0.0239832
0.0238679
0.0237528
0.0236379
0.0235234
0.0234091
0.023295
0.0257228
0.0256127
0.0255027
0.0253928
0.025283
0.0251734
0.0250639
0.0249546
0.0248454
0.0247364
0.0246277
0.0245191
0.0244107
0.0243026
0.0241947
0.024087
0.0239796
0.0238724
0.0237655
0.0236589
0.0259214
0.0258181
0.0257148
0.0256116
0.0255086
0.0254057
0.025303
0.0252004
0.025098
0.0249957
0.0248937
0.0247918
0.0246901
0.0245887
0.0244875
0.0243865
0.0242858
0.0241853
0.0240851
0.0239852
0.0260974
0.0260001
0.0259029
0.0258058
0.0257088
0.0256119
0.0255152
0.0254187
0.0253223
0.025226
0.02513
0.0250342
0.0249385
0.0248431
0.0247479
0.0246529
0.0245581
0.0244636
0.0243694
0.0242754
0.0262518
0.0261599
0.026068
0.0259763
0.0258847
0.0257932
0.0257018
0.0256106
0.0255196
0.0254287
0.025338
0.0252475
0.0251572
0.0250671
0.0249772
0.0248875
0.0247981
0.0247089
0.02462
0.0245313
0.0263854
0.0262981
0.026211
0.026124
0.026037
0.0259503
0.0258636
0.0257771
0.0256908
0.0256046
0.0255186
0.0254328
0.0253472
0.0252618
0.0251766
0.0250916
0.0250068
0.0249223
0.024838
0.0247539
0.026499
0.0264158
0.0263328
0.0262498
0.026167
0.0260843
0.0260017
0.0259193
0.025837
0.0257549
0.0256729
0.0255912
0.0255096
0.0254282
0.0253471
0.0252661
0.0251854
0.0251049
0.0250246
0.0249446
0.026593
0.0265132
0.0264336
0.0263541
0.0262747
0.0261954
0.0261163
0.0260373
0.0259584
0.0258798
0.0258013
0.0257229
0.0256448
0.0255668
0.0254891
0.0254116
0.0253342
0.0252571
0.0251803
0.0251036
0.0266682
0.0265913
0.0265145
0.0264377
0.0263611
0.0262847
0.0262084
0.0261322
0.0260561
0.0259803
0.0259046
0.0258291
0.0257537
0.0256786
0.0256036
0.0255289
0.0254543
0.02538
0.0253059
0.0252321
0.0267238
0.026649
0.0265744
0.0264998
0.0264254
0.0263511
0.0262769
0.0262029
0.0261291
0.0260554
0.0259819
0.0259086
0.0258354
0.0257625
0.0256897
0.0256172
0.0255448
0.0254727
0.0254008
0.0253292
0.0267616
0.0266883
0.0266151
0.026542
0.0264691
0.0263963
0.0263237
0.0262512
0.0261789
0.0261067
0.0260347
0.0259629
0.0258913
0.0258199
0.0257486
0.0256776
0.0256068
0.0255362
0.0254658
0.0253956
0.0267771
0.0267047
0.0266323
0.0265601
0.026488
0.0264161
0.0263444
0.0262728
0.0262014
0.0261302
0.0260592
0.0259883
0.0259176
0.0258472
0.0257769
0.0257069
0.025637
0.0255674
0.025498
0.0254288
0.00818773
0.00814377
0.00810008
0.00805666
0.00801352
0.00797066
0.00792809
0.00788582
0.00784384
0.00780215
0.00776078
0.00771971
0.00767896
0.00763852
0.00759841
0.00755862
0.00751916
0.00748003
0.00744124
0.00740279
0.00736468
0.00815038
0.00810581
0.0080615
0.00801745
0.00797366
0.00793016
0.00788693
0.00784398
0.00780133
0.00775897
0.00771691
0.00767516
0.00763371
0.00759258
0.00755177
0.00751128
0.00747113
0.0074313
0.00739181
0.00735267
0.00731387
0.00807284
0.00802712
0.00798166
0.00793646
0.00789153
0.00784687
0.0078025
0.00775841
0.00771461
0.0076711
0.0076279
0.00758501
0.00754242
0.00750016
0.00745822
0.0074166
0.00737532
0.00733437
0.00729377
0.00725351
0.00721361
0.00795892
0.00791154
0.00786442
0.00781756
0.00777097
0.00772466
0.00767862
0.00763287
0.00758741
0.00754225
0.0074974
0.00745285
0.00740862
0.00736471
0.00732113
0.00727787
0.00723496
0.00719238
0.00715015
0.00710827
0.00706675
0.00780787
0.00775833
0.00770904
0.00766002
0.00761127
0.00756281
0.00751462
0.00746673
0.00741913
0.00737183
0.00732485
0.00727818
0.00723182
0.0071858
0.00714011
0.00709475
0.00704974
0.00700507
0.00696076
0.00691681
0.00687322
0.00756836
0.00751642
0.00746475
0.00741335
0.00736224
0.00731142
0.0072609
0.00721068
0.00716076
0.00711116
0.00706189
0.00701294
0.00696432
0.00691604
0.00686811
0.00682052
0.00677329
0.00672643
0.00667992
0.0066338
0.00734077
0.00728568
0.00723086
0.00717633
0.00712208
0.00706814
0.00701449
0.00696116
0.00690814
0.00685545
0.00680309
0.00675106
0.00669937
0.00664803
0.00659704
0.00654642
0.00649615
0.00644626
0.00639674
0.00634761
0.00707503
0.00701628
0.00695782
0.00689965
0.00684178
0.00678421
0.00672695
0.00667002
0.00661341
0.00655713
0.00650119
0.0064456
0.00639035
0.00633547
0.00628094
0.00622679
0.00617301
0.00611961
0.0060666
0.00601398
0.00676979
0.00670687
0.00664425
0.00658193
0.00651992
0.00645822
0.00639685
0.0063358
0.00627509
0.00621473
0.00615471
0.00609505
0.00603575
0.00597682
0.00591826
0.00586008
0.00580229
0.00574489
0.00568789
0.00563129
0.00642365
0.00635603
0.00628872
0.00622172
0.00615504
0.00608869
0.00602267
0.005957
0.00589167
0.00582669
0.00576208
0.00569783
0.00563396
0.00557047
0.00550736
0.00544465
0.00538233
0.00532042
0.00525892
0.00519783
0.00603473
0.00596187
0.00588932
0.00581709
0.0057452
0.00567364
0.00560244
0.00553158
0.00546109
0.00539096
0.00532121
0.00525183
0.00518285
0.00511426
0.00504606
0.00497827
0.0049109
0.00484394
0.0047774
0.00471129
0.00560103
0.00552233
0.00544397
0.00536594
0.00528825
0.00521092
0.00513394
0.00505734
0.0049811
0.00490525
0.00482979
0.00475472
0.00468005
0.00460579
0.00453194
0.00445852
0.00438551
0.00431294
0.00424081
0.00416911
0.0051202
0.00503506
0.00495027
0.00486582
0.00478173
0.00469801
0.00461466
0.0045317
0.00444912
0.00436694
0.00428516
0.00420379
0.00412284
0.00404231
0.0039622
0.00388254
0.00380331
0.00372453
0.0036462
0.00356832
0.00458974
0.0044975
0.00440562
0.00431411
0.00422296
0.00413221
0.00404183
0.00395186
0.00386229
0.00377314
0.0036844
0.00359609
0.0035082
0.00342076
0.00333377
0.00324722
0.00316113
0.0030755
0.00299034
0.00290565
0.00400689
0.00390686
0.00380719
0.00370791
0.00360902
0.00351052
0.00341244
0.00331476
0.00321751
0.00312068
0.00302429
0.00292835
0.00283285
0.00273781
0.00264323
0.00254912
0.00245548
0.00236232
0.00226964
0.00217746
0.00336873
0.00326014
0.00315194
0.00304414
0.00293674
0.00282976
0.00272321
0.00261708
0.0025114
0.00240616
0.00230137
0.00219705
0.00209319
0.00198981
0.00188691
0.00178449
0.00168257
0.00158114
0.00148022
0.0013798
0.00267214
0.00255418
0.00243662
0.00231949
0.00220277
0.00208649
0.00197065
0.00185526
0.00174034
0.00162587
0.00151188
0.00139837
0.00128535
0.00117282
0.00106079
0.000949271
0.000838257
0.000727758
0.000617779
0.000508348
0.00191386
0.00178563
0.00165783
0.00153046
0.00140354
0.00127708
0.00115108
0.00102555
0.000900496
0.000775934
0.000651868
0.000528304
0.000405249
0.00028271
0.000160692
3.92016e-05
-8.17567e-05
-0.000202178
-0.000322057
-0.000441415
0.00109043
0.000950958
0.000811934
0.000673368
0.000535269
0.000397647
0.000260511
0.00012387
-1.22671e-05
-0.000147893
-0.000283001
-0.000417582
-0.000551632
-0.000685143
-0.000818109
-0.000950526
-0.00108239
-0.00121369
-0.00134443
-0.00147461
0.00019828
4.64908e-05
-0.000104828
-0.000255664
-0.000406009
-0.000555851
-0.000705182
-0.000853992
-0.00100227
-0.00115002
-0.00129721
-0.00144386
-0.00158995
-0.00173547
-0.00188043
-0.00202481
-0.00216861
-0.00231183
-0.00245446
-0.0025965
-0.0007663
-0.000931593
-0.00109639
-0.00126067
-0.00142444
-0.00158767
-0.00175037
-0.00191251
-0.0020741
-0.00223512
-0.00239557
-0.00255543
-0.00271471
-0.0028734
-0.00303148
-0.00318897
-0.00334585
-0.00350211
-0.00365777
-0.00381281
-0.00180714
-0.00198725
-0.00216683
-0.00234587
-0.00252436
-0.00270228
-0.00287963
-0.0030564
-0.00323257
-0.00340815
-0.00358312
-0.00375747
-0.00393121
-0.00410432
-0.0042768
-0.00444865
-0.00461986
-0.00479043
-0.00496036
-0.00512964
-0.00292819
-0.00312457
-0.00332039
-0.00351562
-0.00371027
-0.00390431
-0.00409775
-0.00429056
-0.00448274
-0.00467429
-0.00486519
-0.00505544
-0.00524504
-0.00543397
-0.00562224
-0.00580984
-0.00599677
-0.00618303
-0.00636861
-0.00655351
-0.00413348
-0.00434775
-0.00456141
-0.00477444
-0.00498685
-0.00519861
-0.00540971
-0.00562015
-0.00582992
-0.006039
-0.0062474
-0.00645511
-0.00666212
-0.00686842
-0.00707402
-0.00727891
-0.00748309
-0.00768655
-0.00788931
-0.00809135
-0.00542712
-0.00566107
-0.00589437
-0.006127
-0.00635894
-0.00659019
-0.00682072
-0.00705055
-0.00727964
-0.00750801
-0.00773564
-0.00796253
-0.00818867
-0.00841406
-0.00863869
-0.00886258
-0.0090857
-0.00930807
-0.00952969
-0.00975055
-0.00681328
-0.00706894
-0.00732388
-0.00757808
-0.00783154
-0.00808425
-0.00833618
-0.00858734
-0.00883772
-0.0090873
-0.00933609
-0.00958408
-0.00983127
-0.0100776
-0.0103232
-0.010568
-0.0108119
-0.0110551
-0.0112974
-0.011539
-0.00829618
-0.00857579
-0.00885461
-0.00913262
-0.00940981
-0.00968617
-0.00996169
-0.0102364
-0.0105102
-0.0107831
-0.0110552
-0.0113265
-0.0115968
-0.0118663
-0.0121349
-0.0124027
-0.0126696
-0.0129356
-0.0132007
-0.013465
-0.00988008
-0.0101862
-0.0104913
-0.0107956
-0.011099
-0.0114015
-0.011703
-0.0120037
-0.0123033
-0.0126021
-0.0128999
-0.0131967
-0.0134926
-0.0137876
-0.0140816
-0.0143746
-0.0146668
-0.014958
-0.0152482
-0.0155376
-0.0119046
-0.0122389
-0.0125723
-0.0129046
-0.013236
-0.0135663
-0.0138955
-0.0142238
-0.014551
-0.0148771
-0.0152022
-0.0155263
-0.0158494
-0.0161714
-0.0164924
-0.0168123
-0.0171313
-0.0174493
-0.0177662
-0.0137356
-0.0141023
-0.0144678
-0.0148322
-0.0151954
-0.0155575
-0.0159185
-0.0162783
-0.0166369
-0.0169944
-0.0173507
-0.0177059
-0.01806
-0.0184129
-0.0187647
-0.0191154
-0.019465
-0.0198135
-0.020161
-0.0156839
-0.0160864
-0.0164875
-0.0168874
-0.017286
-0.0176833
-0.0180793
-0.018474
-0.0188674
-0.0192596
-0.0196504
-0.02004
-0.0204284
-0.0208155
-0.0212013
-0.0215859
-0.0219693
-0.0223514
-0.0227324
-0.017754
-0.0181961
-0.0186368
-0.019076
-0.0195138
-0.0199501
-0.0203849
-0.0208183
-0.0212503
-0.0216808
-0.0221099
-0.0225376
-0.022964
-0.023389
-0.0238126
-0.0242349
-0.024656
-0.0250749
-0.0254929
-0.0199504
-0.0204366
-0.0209211
-0.0214039
-0.0218851
-0.0223646
-0.0228425
-0.0233186
-0.0237932
-0.0242661
-0.0247374
-0.0252071
-0.0256752
-0.0261417
-0.0266066
-0.0270701
-0.027532
-0.0279933
-0.0284529
-0.0222777
-0.0228129
-0.0233461
-0.0238775
-0.0244068
-0.0249343
-0.0254599
-0.0259836
-0.0265055
-0.0270255
-0.0275436
-0.02806
-0.0285747
-0.0290875
-0.0295987
-0.0301082
-0.0306161
-0.0311225
-0.0316272
-0.0247405
-0.0253301
-0.0259175
-0.0265027
-0.0270856
-0.0276664
-0.028245
-0.0288214
-0.0293957
-0.0299679
-0.030538
-0.0311061
-0.0316722
-0.0322363
-0.0327985
-0.0333588
-0.0339173
-0.034474
-0.0350291
-0.0273431
-0.0279934
-0.028641
-0.029286
-0.0299284
-0.0305683
-0.0312058
-0.0318407
-0.0324732
-0.0331033
-0.033731
-0.0343564
-0.0349795
-0.0356005
-0.0362192
-0.0368358
-0.0374503
-0.0380629
-0.0386735
-0.0300901
-0.0308077
-0.0315223
-0.0322339
-0.0329425
-0.0336482
-0.0343509
-0.0350508
-0.0357479
-0.0364423
-0.0371339
-0.0378229
-0.0385092
-0.0391931
-0.0398744
-0.0405534
-0.0412299
-0.0419043
-0.0425765
-0.0329856
-0.0337783
-0.0345675
-0.0353532
-0.0361353
-0.0369141
-0.0376895
-0.0384616
-0.0392304
-0.0399961
-0.0407586
-0.0415181
-0.0422747
-0.0430283
-0.0437791
-0.0445272
-0.0452724
-0.0460152
-0.0467556
-0.0360341
-0.0369105
-0.0377827
-0.0386508
-0.0395148
-0.0403748
-0.0412309
-0.0420831
-0.0429316
-0.0437764
-0.0446176
-0.0454553
-0.0462896
-0.0471205
-0.0479481
-0.0487726
-0.0495937
-0.0504123
-0.0512284
-0.0392402
-0.0402097
-0.0411744
-0.0421342
-0.0430893
-0.0440398
-0.0449857
-0.0459271
-0.0468642
-0.047797
-0.0487257
-0.0496503
-0.050571
-0.0514879
-0.052401
-0.0533104
-0.0542143
-0.0551162
-0.056016
-0.042608
-0.0436814
-0.044749
-0.045811
-0.0468673
-0.0479182
-0.0489638
-0.0500042
-0.0510394
-0.0520697
-0.0530952
-0.054116
-0.0551322
-0.056144
-0.0571516
-0.058155
-0.0591555
-0.0601517
-0.0611435
-0.0461426
-0.0473318
-0.0485141
-0.0496898
-0.050859
-0.0520217
-0.0531782
-0.0543286
-0.055473
-0.0566117
-0.0577447
-0.0588722
-0.0599944
-0.0611115
-0.0622235
-0.0633305
-0.0644342
-0.065533
-0.0666272
-0.0498487
-0.051167
-0.0524773
-0.0537796
-0.0550743
-0.0563614
-0.0576412
-0.0589139
-0.0601796
-0.0614385
-0.0626908
-0.0639368
-0.0651765
-0.0664103
-0.0676382
-0.0688602
-0.0700777
-0.0712903
-0.0724978
-0.0537319
-0.0551942
-0.056647
-0.0580905
-0.0595249
-0.0609504
-0.0623674
-0.0637759
-0.0651762
-0.0665686
-0.0679533
-0.0693305
-0.0707005
-0.0720634
-0.0734194
-0.074768
-0.0761118
-0.0774503
-0.0787831
-0.0577982
-0.0594212
-0.0610329
-0.0626337
-0.0642237
-0.0658033
-0.0673728
-0.0689324
-0.0704824
-0.0720231
-0.0735548
-0.0750778
-0.0765924
-0.0780986
-0.0795967
-0.0810836
-0.0825662
-0.0840437
-0.0855147
-0.0620541
-0.0638565
-0.0656455
-0.0674215
-0.0691849
-0.0709358
-0.0726748
-0.0744021
-0.076118
-0.077823
-0.0795174
-0.0812015
-0.0828757
-0.0845403
-0.0861954
-0.08784
-0.0894778
-0.0911081
-0.0927306
-0.066508
-0.0685108
-0.0704978
-0.0724693
-0.0744257
-0.0763674
-0.0782949
-0.0802085
-0.0821086
-0.0839956
-0.0858699
-0.0877317
-0.0895815
-0.0914194
-0.0932453
-0.0950673
-0.0968777
-0.0986768
-0.100466
-0.071169
-0.073396
-0.0756042
-0.0777939
-0.0799657
-0.0821201
-0.0842576
-0.0863785
-0.0884834
-0.0905727
-0.0926469
-0.0947064
-0.0967515
-0.0987825
-0.100798
-0.102806
-0.104805
-0.106791
-0.108766
-0.0760483
-0.0785264
-0.080982
-0.0834158
-0.0858282
-0.0882199
-0.0905914
-0.0929434
-0.0952765
-0.0975914
-0.0998885
-0.102169
-0.104432
-0.106678
-0.108895
-0.111108
-0.113313
-0.115504
-0.117681
-0.0811587
-0.0839182
-0.0866507
-0.0893571
-0.0920378
-0.0946937
-0.0973252
-0.099933
-0.102518
-0.10508
-0.107621
-0.11014
-0.112639
-0.115116
-0.117587
-0.120038
-0.122469
-0.124881
-0.127279
-0.0865172
-0.089593
-0.0926367
-0.095649
-0.0986306
-0.101582
-0.104505
-0.107399
-0.110265
-0.113104
-0.115916
-0.118701
-0.12146
-0.12419
-0.126915
-0.129622
-0.132304
-0.134965
-0.137606
-0.092141
-0.0955731
-0.0989666
-0.102323
-0.105642
-0.108925
-0.112174
-0.11539
-0.118573
-0.121725
-0.124847
-0.127939
-0.130999
-0.133986
-0.136978
-0.139962
-0.14292
-0.145851
-0.148758
-0.0980557
-0.10189
-0.105678
-0.109419
-0.113117
-0.11677
-0.12038
-0.123947
-0.127473
-0.130956
-0.134398
-0.137799
-0.141158
-0.144543
-0.147879
-0.151163
-0.154411
-0.15763
-0.160823
-0.10428
-0.10857
-0.112804
-0.116984
-0.12111
-0.125183
-0.129205
-0.133177
-0.137101
-0.140977
-0.144806
-0.148586
-0.152287
-0.155985
-0.159651
-0.163272
-0.166851
-0.170392
-0.173898
-0.110872
-0.115681
-0.120423
-0.125098
-0.129707
-0.134251
-0.138731
-0.143147
-0.147499
-0.151787
-0.15601
-0.160165
-0.164319
-0.168426
-0.17247
-0.176455
-0.18039
-0.184279
-0.188124
-0.117792
-0.123195
-0.128517
-0.133759
-0.138922
-0.144007
-0.149015
-0.153949
-0.158809
-0.163596
-0.168305
-0.172866
-0.177444
-0.181981
-0.186442
-0.19083
-0.195155
-0.199423
-0.203634
-0.125269
-0.131352
-0.137337
-0.143222
-0.14901
-0.154699
-0.16029
-0.165783
-0.171173
-0.176459
-0.181621
-0.186833
-0.191948
-0.196939
-0.201834
-0.206651
-0.211395
-0.216066
-0.220664
-0.132922
-0.139803
-0.146566
-0.153209
-0.159733
-0.166137
-0.172419
-0.178578
-0.184612
-0.190513
-0.196339
-0.20212
-0.207777
-0.213299
-0.218709
-0.224017
-0.229228
-0.234343
-0.239364
-0.141677
-0.149455
-0.157094
-0.164593
-0.171952
-0.179166
-0.186233
-0.193141
-0.199866
-0.206363
-0.212885
-0.219292
-0.22553
-0.231616
-0.237571
-0.243401
-0.249106
-0.254688
-0.260151
-0.149899
-0.158795
-0.167521
-0.176075
-0.184458
-0.192669
-0.200702
-0.208536
-0.216118
-0.223748
-0.231137
-0.238253
-0.245163
-0.251904
-0.258483
-0.264896
-0.271145
-0.277235
-0.28317
0.00732693
0.00728952
0.00725247
0.00721578
0.00717945
0.00714349
0.00727542
0.00723733
0.00719959
0.00716222
0.00712522
0.00708859
0.00717406
0.00713487
0.00709605
0.00705759
0.00701951
0.0069818
0.00702559
0.0069848
0.00694438
0.00690433
0.00686466
0.00682538
0.00683
0.00678715
0.00674468
0.00670259
0.0066609
0.00661959
0.00658804
0.00654267
0.00649769
0.00645309
0.0064089
0.0063651
0.00629886
0.0062505
0.00620253
0.00615497
0.00610781
0.00606107
0.00596175
0.00590993
0.00585851
0.0058075
0.00575691
0.00570674
0.0055751
0.00551932
0.00546396
0.00540902
0.00535451
0.00530043
0.00513717
0.00507692
0.00501711
0.00495773
0.00489879
0.0048403
0.00464561
0.00458038
0.00451558
0.00445123
0.00438733
0.00432389
0.00409787
0.00402707
0.00395673
0.00388685
0.00381744
0.0037485
0.00349091
0.00341397
0.00333749
0.00326149
0.00318597
0.00311093
0.00282144
0.0027377
0.00265446
0.00257171
0.00248944
0.00240768
0.00208576
0.00199456
0.00190387
0.00181368
0.001724
0.00163484
0.0012799
0.0011805
0.00108163
0.000983272
0.000885445
0.000788145
0.000399437
0.000291053
0.000183205
7.58966e-05
-3.08689e-05
-0.00013709
-0.000560213
-0.000678453
-0.000796136
-0.000913263
-0.00102983
-0.00114583
-0.00160422
-0.00173325
-0.0018617
-0.00198958
-0.00211688
-0.0022436
-0.00273795
-0.0028788
-0.00301905
-0.00315871
-0.00329777
-0.00343623
-0.00396723
-0.00412103
-0.00427421
-0.00442678
-0.00457872
-0.00473004
-0.00529828
-0.00546628
-0.00563362
-0.00580033
-0.00596638
-0.0061318
-0.00673774
-0.00692129
-0.00710417
-0.00728638
-0.00746791
-0.00764879
-0.00829268
-0.00849331
-0.00869323
-0.00889245
-0.00909097
-0.00928879
-0.00997067
-0.01019
-0.0104087
-0.0106266
-0.0108437
-0.0110602
-0.0117798
-0.0120197
-0.0122589
-0.0124973
-0.012735
-0.0129719
-0.0137285
-0.0139912
-0.014253
-0.0145139
-0.0147741
-0.0150335
-0.0158261
-0.0161137
-0.0164004
-0.0166862
-0.0169712
-0.0172553
-0.0180823
-0.0183973
-0.0187114
-0.0190246
-0.0193369
-0.0196483
-0.0205074
-0.0208527
-0.0211971
-0.0215405
-0.0218829
-0.0222244
-0.0231124
-0.0234912
-0.023869
-0.0242457
-0.0246213
-0.0249959
-0.0259099
-0.0263256
-0.0267401
-0.0271535
-0.0275658
-0.027977
-0.0289108
-0.0293674
-0.0298227
-0.0302768
-0.0307297
-0.0311813
-0.0321305
-0.0326322
-0.0331325
-0.0336314
-0.0341291
-0.0346254
-0.0355824
-0.0361341
-0.0366842
-0.0372327
-0.0377799
-0.0383256
-0.0392823
-0.0398892
-0.0404944
-0.0410979
-0.0416998
-0.0423001
-0.0432466
-0.0439147
-0.0445808
-0.0452451
-0.0459076
-0.0465684
-0.0474937
-0.0482294
-0.048963
-0.0496945
-0.050424
-0.0511516
-0.0520418
-0.0528526
-0.0536608
-0.0544666
-0.0552703
-0.0560719
-0.0569128
-0.0578066
-0.0586974
-0.0595856
-0.0604713
-0.0613546
-0.0621316
-0.0631164
-0.0640982
-0.0650771
-0.0660532
-0.0670266
-0.0677173
-0.0688037
-0.0698865
-0.0709659
-0.0720421
-0.0731154
-0.0737006
-0.074899
-0.0760932
-0.0772835
-0.0784702
-0.0796535
-0.0801103
-0.0814323
-0.0827495
-0.0840622
-0.0853707
-0.0866753
-0.0869792
-0.0884375
-0.0898902
-0.0913377
-0.0927803
-0.0942184
-0.0943456
-0.0959537
-0.0975554
-0.0991509
-0.100741
-0.102325
-0.102247
-0.10402
-0.105786
-0.107544
-0.109296
-0.111041
-0.11073
-0.112684
-0.114629
-0.116566
-0.118495
-0.120417
-0.119846
-0.121999
-0.124141
-0.126273
-0.128396
-0.130509
-0.129662
-0.132031
-0.134387
-0.136731
-0.139063
-0.141385
-0.140229
-0.142835
-0.145426
-0.148001
-0.150562
-0.15311
-0.151642
-0.154505
-0.157348
-0.160173
-0.162981
-0.165773
-0.163989
-0.16713
-0.170246
-0.173339
-0.17641
-0.179462
-0.177371
-0.180811
-0.184221
-0.187601
-0.190955
-0.194284
-0.191926
-0.195687
-0.199409
-0.203095
-0.206747
-0.210366
-0.207791
-0.211895
-0.215949
-0.219957
-0.223921
-0.227843
-0.225193
-0.229655
-0.234054
-0.238394
-0.242677
-0.246906
-0.244294
-0.249138
-0.253899
-0.258583
-0.263192
-0.267731
-0.265498
-0.270733
-0.275861
-0.280888
-0.285816
-0.290652
-0.288953
-0.294591
-0.300089
-0.305452
-0.310686
-0.315797
)
;

boundaryField
{
    inlet
    {
        type            zeroGradient;
    }
    outlet
    {
        type            fixedValue;
        value           nonuniform 0();
    }
    cylinder
    {
        type            zeroGradient;
    }
    top
    {
        type            symmetryPlane;
    }
    bottom
    {
        type            symmetryPlane;
    }
    frontAndBack
    {
        type            empty;
    }
    procBoundary2to1
    {
        type            processor;
        value           nonuniform List<scalar> 
205
(
-0.0584777
-0.0584777
-0.0620601
-0.0787033
-0.0620601
-0.0652861
-0.0787033
-0.0831797
-0.0831797
-0.0881857
-0.0881857
-0.093794
-0.093794
-0.100095
-0.100095
-0.107172
-0.107172
-0.115103
-0.115103
-0.123933
-0.123933
-0.133625
-0.133625
-0.143971
-0.143971
-0.154456
-0.154456
-0.164104
-0.164104
-0.14376
-0.149943
-0.149943
-0.151626
-0.151626
-0.12881
-0.12271
-0.12271
-0.107961
-0.107961
-0.0831347
-0.0579115
-0.156739
-0.185137
-0.2132
-0.2132
-0.229562
-0.229562
-0.236011
-0.262036
-0.262036
-0.259743
-0.259743
-0.252441
-0.252441
-0.242571
-0.264717
-0.264717
-0.252728
-0.252728
-0.240918
-0.240918
-0.22982
-0.22982
-0.219639
-0.219639
-0.2104
-0.2104
-0.202042
-0.202042
-0.194477
-0.194477
-0.18761
-0.18761
-0.18134
-0.18134
-0.175592
-0.175592
-0.15917
-0.154642
-0.154642
-0.149709
-0.149709
-0.0517127
-0.0469842
-0.0415963
-0.0371762
-0.0328686
-0.0290252
-0.025448
-0.0221702
-0.019139
-0.0163338
-0.01373
-0.0113047
-0.00903923
-0.00691752
-0.00492373
-0.00304497
-0.00127095
0.00040864
0.00200151
0.00351466
0.00495345
0.00632443
0.00763175
0.00887895
0.0100689
0.0112041
0.0122868
0.013319
0.0143024
0.0152382
0.016128
0.0169728
0.0177739
0.0185321
0.0192487
0.0199246
0.0205608
0.0211585
0.0217185
0.022242
0.0227302
0.0231841
0.0236048
0.0239936
0.0243517
0.0246802
0.0249804
0.0252534
0.0252534
0.0256182
0.025833
0.0260249
0.0261948
0.0263439
0.0264727
0.0265822
0.0266728
0.0267452
0.0267987
0.026835
0.0268498
0.00823196
0.00819521
0.00811881
0.00800655
0.00785767
0.00762057
0.00762057
0.00739614
0.00713406
0.006833
0.00649156
0.00610791
0.00568005
0.00520568
0.00468232
0.00410729
0.00347769
0.0027905
0.0020425
0.00123033
0.000350527
-0.000600522
-0.00162652
-0.00273126
-0.00391862
-0.00519251
-0.00655691
-0.00801579
-0.00957314
-0.0115692
-0.0115692
-0.0133679
-0.0152802
-0.0173104
-0.0194625
-0.0217406
-0.0241486
-0.0266903
-0.0293693
-0.0321892
-0.0351535
-0.0382656
-0.0415287
-0.0449464
-0.0485222
-0.0522599
-0.0561636
-0.060238
-0.0644889
-0.0689226
-0.0735472
-0.0783717
-0.0834084
-0.0886696
-0.0941741
-0.099933
-0.105994
-0.112307
-0.119087
-0.125923
-0.13376
-0.140834
)
;
    }
    procBoundary2to3
    {
        type            processor;
        value           nonuniform List<scalar> 
173
(
-0.436961
-0.429369
-0.423517
-0.422756
-0.422756
-0.415837
-0.413175
-0.413175
-0.404408
-0.394502
-0.385969
-0.385969
-0.372617
-0.3581
-0.342714
-0.326039
-0.326039
-0.309382
-0.292949
-0.274566
-0.274566
-0.258846
-0.243816
-0.22949
-0.212659
-0.212659
-0.344099
-0.427668
-0.406699
-0.386593
-0.344099
-0.367339
-0.520935
-0.498108
-0.475463
-0.427668
-0.453306
-0.584502
-0.565171
-0.520935
-0.544398
-0.625756
-0.613544
-0.584502
-0.599282
-0.639441
-0.625756
-0.63087
-0.656596
-0.647712
-0.639441
-0.640973
-0.195557
-0.177153
-0.160564
-0.145669
-0.1322
-0.119999
-0.108905
-0.098793
-0.0895528
-0.0810882
-0.0733158
-0.0661642
-0.0595705
-0.0534771
-0.047838
-0.0426089
-0.0377522
-0.0332358
-0.0332358
-0.0302226
-0.026214
-0.0224757
-0.0189832
-0.0157199
-0.0126688
-0.00981495
-0.00714556
-0.00464781
-0.00231097
-0.000124673
0.00192016
0.00383244
0.0056199
0.00728967
0.00884841
0.0103027
0.0116583
0.0129207
0.014095
0.015186
0.0161983
0.0171361
0.0180035
0.0188042
0.0195418
0.0202197
0.020841
0.0214087
0.0219256
0.0223943
0.0228173
0.0231966
0.0235344
0.0238323
0.0240918
0.0243143
0.0245003
0.0246507
0.024765
0.0248433
0.0248843
0.0071079
0.00705233
0.00694448
0.00678648
0.00657868
0.00632171
0.00601474
0.005657
0.00524678
0.00478225
0.00426091
0.00368003
0.00303638
0.00232642
0.00154619
0.000691377
-0.000242764
-0.00126127
-0.00236974
-0.00357409
-0.00488074
-0.00629658
-0.007829
-0.00948593
-0.0112759
-0.013208
-0.0152921
-0.0175386
-0.0199589
-0.0225649
-0.0253696
-0.0283872
-0.0316319
-0.0351205
-0.0388701
-0.0428991
-0.0472276
-0.0518775
-0.0568715
-0.0622357
-0.0679976
-0.0741858
-0.0808336
-0.0879762
-0.0956523
-0.103905
-0.112781
-0.122332
-0.132615
-0.143698
-0.155647
-0.168549
-0.182496
-0.197589
-0.213955
-0.231727
-0.251086
-0.272205
-0.295401
-0.320792
)
;
    }
}


// ************************************************************************* //
