/*--------------------------------*- C++ -*----------------------------------*\
  =========                 |
  \\      /  F ield         | OpenFOAM: The Open Source CFD Toolbox
   \\    /   O peration     | Website:  https://openfoam.org
    \\  /    A nd           | Version:  7
     \\/     M anipulation  |
\*---------------------------------------------------------------------------*/
FoamFile
{
    version     2.0;
    format      ascii;
    class       volScalarField;
    location    "180";
    object      p;
}
// * * * * * * * * * * * * * * * * * * * * * * * * * * * * * * * * * * * * * //

dimensions      [0 2 -2 0 0 0 0];

internalField   nonuniform List<scalar> 
4575
(
-0.0496417
-0.0451106
-0.0410558
-0.0386719
-0.0381109
-0.038554
-0.0385655
-0.0372819
-0.0345681
-0.0320045
-0.0290662
-0.0286214
-0.0279352
-0.0275195
-0.0239543
-0.0225471
-0.0180088
-0.0195656
-0.0182202
-0.0183051
-0.00965947
-0.0103878
-0.00235575
-0.0482029
-0.0439941
-0.0403472
-0.038435
-0.0383764
-0.039234
-0.0395611
-0.0383664
-0.035591
-0.032753
-0.0293842
-0.0285167
-0.0273516
-0.0267134
-0.0229715
-0.0217418
-0.0175856
-0.0195287
-0.0187969
-0.0190334
-0.0105974
-0.0111072
-0.00241987
-0.0467731
-0.0428771
-0.0396328
-0.0381924
-0.0386398
-0.0399171
-0.0405622
-0.0394541
-0.0366137
-0.0334988
-0.0296997
-0.0284106
-0.0267675
-0.0259072
-0.0219896
-0.020935
-0.0171619
-0.0194895
-0.0193709
-0.0197589
-0.0115372
-0.0118263
-0.00248415
-0.0453529
-0.0417599
-0.0389127
-0.0379435
-0.0389005
-0.0406026
-0.0415681
-0.0405447
-0.0376358
-0.0342415
-0.0300128
-0.0283035
-0.0261835
-0.0251013
-0.021009
-0.020127
-0.0167378
-0.0194478
-0.0199417
-0.0204812
-0.0124783
-0.012545
-0.0025487
-0.0439431
-0.0406429
-0.0381867
-0.037688
-0.0391579
-0.04129
-0.0425783
-0.0416376
-0.0386569
-0.0349812
-0.0303236
-0.0281957
-0.0256
-0.0242961
-0.0200301
-0.0193178
-0.0163134
-0.0194034
-0.0205089
-0.0211999
-0.0134203
-0.0132629
-0.00261364
-0.0425443
-0.0395264
-0.037455
-0.0374255
-0.0394112
-0.0419784
-0.0435922
-0.0427323
-0.0396766
-0.0357176
-0.0306323
-0.0280875
-0.0250176
-0.0234923
-0.0190536
-0.0185079
-0.0158885
-0.0193561
-0.0210721
-0.0219146
-0.0143626
-0.01398
-0.00267908
-0.0411573
-0.0384108
-0.0367175
-0.0371555
-0.0396598
-0.0426672
-0.0446091
-0.0438284
-0.0406945
-0.0364507
-0.0309389
-0.0279794
-0.0244367
-0.0226902
-0.0180799
-0.0176974
-0.0154633
-0.0193056
-0.0216309
-0.0226249
-0.015305
-0.0146959
-0.00274514
-0.0397828
-0.0372965
-0.0359743
-0.0368778
-0.0399031
-0.0433556
-0.0456285
-0.0449253
-0.0417102
-0.0371802
-0.0312436
-0.0278717
-0.0238579
-0.0218905
-0.0171095
-0.0168866
-0.0150379
-0.0192518
-0.0221847
-0.0233305
-0.0162467
-0.0154105
-0.00281193
-0.0384214
-0.036184
-0.0352254
-0.0365917
-0.0401404
-0.0440431
-0.0466497
-0.0460225
-0.0427234
-0.0379059
-0.0315465
-0.0277647
-0.0232817
-0.0210935
-0.0161429
-0.0160756
-0.0146121
-0.0191945
-0.0227333
-0.0240309
-0.0171874
-0.0161236
-0.00287958
-0.0370738
-0.0350737
-0.0344709
-0.036297
-0.0403708
-0.0447287
-0.0476722
-0.0471197
-0.0437335
-0.0386279
-0.0318477
-0.0276587
-0.0227086
-0.0202998
-0.0151806
-0.0152648
-0.0141861
-0.0191335
-0.0232762
-0.0247258
-0.0181266
-0.0168348
-0.00294819
-0.0357409
-0.0339659
-0.0337107
-0.0359932
-0.0405938
-0.0454117
-0.0486953
-0.0482163
-0.0447404
-0.0393458
-0.0321472
-0.027554
-0.0221391
-0.0195099
-0.0142231
-0.0144542
-0.0137599
-0.0190686
-0.023813
-0.0254148
-0.0190638
-0.017544
-0.00301788
-0.0344232
-0.0328613
-0.0329451
-0.0356798
-0.0408086
-0.0460915
-0.0497184
-0.0493118
-0.0457436
-0.0400595
-0.0324451
-0.027451
-0.0215736
-0.0187243
-0.0132709
-0.0136442
-0.0133336
-0.0189996
-0.0243433
-0.0260975
-0.0199984
-0.0182509
-0.00308877
-0.0331214
-0.0317601
-0.032174
-0.0353566
-0.0410144
-0.0467671
-0.0507408
-0.0504058
-0.0467427
-0.0407689
-0.0327414
-0.02735
-0.0210128
-0.0179435
-0.0123245
-0.012835
-0.0129071
-0.0189264
-0.0248668
-0.0267735
-0.0209301
-0.0189552
-0.00316097
-0.0318363
-0.030663
-0.0313975
-0.035023
-0.0412106
-0.0474379
-0.0517619
-0.0514978
-0.0477373
-0.0414738
-0.0330363
-0.0272512
-0.0204571
-0.0171678
-0.0113843
-0.0120267
-0.0124804
-0.0188489
-0.025383
-0.0274426
-0.0218582
-0.0196568
-0.0032346
-0.0305685
-0.0295704
-0.0306159
-0.0346786
-0.0413964
-0.0481029
-0.0527811
-0.0525875
-0.0487273
-0.042174
-0.0333298
-0.0271549
-0.0199069
-0.0163979
-0.0104508
-0.0112196
-0.0120537
-0.0187667
-0.0258917
-0.0281042
-0.0227823
-0.0203554
-0.00330976
-0.0293187
-0.0284828
-0.0298291
-0.0343232
-0.041571
-0.0487615
-0.0537977
-0.0536742
-0.049712
-0.0428694
-0.0336219
-0.0270613
-0.0193627
-0.0156342
-0.0095246
-0.0104139
-0.011627
-0.0186799
-0.0263924
-0.0287582
-0.0237019
-0.0210506
-0.00338657
-0.0280876
-0.0274007
-0.0290375
-0.0339563
-0.0417338
-0.0494127
-0.0548111
-0.0547575
-0.0506914
-0.0435598
-0.0339126
-0.0269708
-0.0188251
-0.014877
-0.00860604
-0.00960978
-0.0112003
-0.0185883
-0.0268849
-0.0294041
-0.0246165
-0.0217424
-0.00346514
-0.0268757
-0.0263246
-0.0282411
-0.0335776
-0.0418839
-0.0500558
-0.0558206
-0.0558371
-0.0516649
-0.044245
-0.0342019
-0.0268835
-0.0182945
-0.014127
-0.00769564
-0.00880742
-0.0107736
-0.0184917
-0.0273687
-0.0300416
-0.0255256
-0.0224303
-0.00354556
-0.0256839
-0.025255
-0.0274401
-0.0331867
-0.0420207
-0.05069
-0.0568255
-0.0569124
-0.0526324
-0.0449248
-0.0344899
-0.0267997
-0.0177712
-0.0133845
-0.00679384
-0.00800703
-0.0103471
-0.0183901
-0.0278437
-0.0306704
-0.0264287
-0.0231142
-0.00362796
-0.0245126
-0.0241926
-0.0266347
-0.0327833
-0.0421435
-0.0513143
-0.0578251
-0.057983
-0.0535933
-0.0455992
-0.0347765
-0.0267195
-0.0172558
-0.0126499
-0.00590111
-0.00720882
-0.00992063
-0.0182833
-0.0283094
-0.0312901
-0.0273253
-0.0237938
-0.00371242
-0.0233625
-0.0231377
-0.0258253
-0.0323672
-0.0422514
-0.051928
-0.0588188
-0.0590485
-0.0545476
-0.0462678
-0.0350618
-0.0266431
-0.0167487
-0.0119238
-0.00501789
-0.00641297
-0.0094944
-0.0181712
-0.0287656
-0.0319005
-0.028215
-0.0244687
-0.00379905
-0.0222341
-0.0220911
-0.025012
-0.031938
-0.0423439
-0.0525302
-0.0598058
-0.0601083
-0.0554947
-0.0469306
-0.0353456
-0.0265708
-0.0162502
-0.0112064
-0.00414463
-0.00561968
-0.0090684
-0.0180538
-0.029212
-0.0325012
-0.0290973
-0.0251388
-0.00388794
-0.0211282
-0.0210531
-0.024195
-0.0314954
-0.0424202
-0.0531201
-0.0607856
-0.0611622
-0.0564345
-0.0475873
-0.0356279
-0.0265026
-0.0157608
-0.0104983
-0.00328177
-0.00482914
-0.00864271
-0.017931
-0.0296483
-0.033092
-0.0299715
-0.0258038
-0.00397919
-0.0200451
-0.0200245
-0.0233748
-0.0310393
-0.0424796
-0.0536967
-0.0617573
-0.0622095
-0.0573666
-0.0482379
-0.0359087
-0.0264387
-0.0152809
-0.00979973
-0.00242976
-0.00404154
-0.00821737
-0.0178027
-0.0300743
-0.0336726
-0.0308373
-0.0264634
-0.00407289
-0.0189855
-0.0190057
-0.0225515
-0.0305695
-0.0425215
-0.0542593
-0.0627203
-0.0632499
-0.0582908
-0.048882
-0.0361879
-0.0263792
-0.0148108
-0.0091112
-0.00158904
-0.00325708
-0.00779244
-0.0176688
-0.0304897
-0.0342427
-0.0316939
-0.0271174
-0.00416912
-0.0179499
-0.0179973
-0.0217257
-0.0300857
-0.0425452
-0.0548071
-0.0636738
-0.0642829
-0.0592067
-0.0495197
-0.0364655
-0.0263241
-0.0143508
-0.00843306
-0.000759672
-0.00247593
-0.00736798
-0.0175294
-0.0308943
-0.0348021
-0.0325411
-0.0277654
-0.00426798
-0.0169388
-0.017
-0.0208975
-0.0295879
-0.0425501
-0.055339
-0.0646171
-0.065308
-0.0601141
-0.0501506
-0.0367414
-0.0262737
-0.0139013
-0.00776567
5.76922e-05
-0.00169828
-0.00694407
-0.0173844
-0.0312878
-0.0353505
-0.0333783
-0.0284073
-0.00436953
-0.0159526
-0.0160142
-0.0200674
-0.0290759
-0.0425357
-0.0558545
-0.0655495
-0.0663247
-0.0610128
-0.0507746
-0.0370154
-0.0262278
-0.0134625
-0.00710941
0.000846447
-0.000924319
-0.00652076
-0.0172337
-0.0316702
-0.0358876
-0.0342051
-0.0290427
-0.00447386
-0.0149919
-0.0150406
-0.0192358
-0.0285497
-0.0425012
-0.0563525
-0.0664703
-0.0673327
-0.0619023
-0.0513915
-0.0372875
-0.0261866
-0.0130349
-0.00646459
0.00163989
-0.000154223
-0.00609813
-0.0170774
-0.032041
-0.0364134
-0.035021
-0.0296713
-0.00458103
-0.014057
-0.0140798
-0.0184032
-0.0280091
-0.0424462
-0.0568323
-0.0673786
-0.0683313
-0.0627825
-0.0520013
-0.0375576
-0.0261501
-0.0126186
-0.00583151
0.00242046
0.000611798
-0.00567624
-0.0169156
-0.0324003
-0.0369275
-0.0358254
-0.0302931
-0.00469111
-0.0131483
-0.0131324
-0.0175699
-0.0274543
-0.0423702
-0.057293
-0.0682738
-0.0693201
-0.0636532
-0.0526036
-0.0378256
-0.0261182
-0.0122139
-0.00521052
0.00318695
0.00137352
-0.00525517
-0.0167481
-0.0327478
-0.0374298
-0.0366178
-0.0309076
-0.00480417
-0.0122663
-0.012199
-0.0167366
-0.0268852
-0.0422726
-0.0577339
-0.0691551
-0.0702986
-0.0645139
-0.0531984
-0.0380913
-0.026091
-0.011821
-0.00460193
0.00393878
0.00213071
-0.004835
-0.016575
-0.0330833
-0.0379201
-0.0373978
-0.0315146
-0.00492025
-0.0114114
-0.0112804
-0.0159036
-0.0263019
-0.042153
-0.0581541
-0.0700218
-0.0712662
-0.0653645
-0.0537855
-0.0383546
-0.0260685
-0.0114403
-0.00400615
0.00467559
0.00288318
-0.00441581
-0.0163964
-0.0334067
-0.0383982
-0.0381648
-0.0321139
-0.00503941
-0.0105838
-0.0103773
-0.0150717
-0.0257046
-0.0420109
-0.0585529
-0.0708728
-0.0722223
-0.0662047
-0.0543649
-0.0386156
-0.0260507
-0.0110717
-0.00342343
0.00539754
0.00363071
-0.00399769
-0.0162123
-0.0337179
-0.038864
-0.0389185
-0.0327052
-0.00516171
-0.00978667
-0.00948969
-0.0142411
-0.0250933
-0.041846
-0.0589295
-0.071708
-0.0731672
-0.0670348
-0.0549366
-0.0388738
-0.0260368
-0.0107149
-0.00285336
0.00610468
0.00437318
-0.0035807
-0.0160229
-0.0340168
-0.0393174
-0.0396583
-0.0332883
-0.00528724
-0.00901213
-0.00861666
-0.0134117
-0.0244682
-0.0416584
-0.0592843
-0.0725279
-0.0741016
-0.0678549
-0.0554997
-0.0391284
-0.0260259
-0.010369
-0.00229546
0.00679759
0.00511063
-0.00316488
-0.0158282
-0.0343035
-0.0397586
-0.040384
-0.0338628
-0.005416
-0.00826099
-0.00776305
-0.012586
-0.02383
-0.0414478
-0.0596156
-0.073329
-0.0750198
-0.0686602
-0.0560516
-0.0393782
-0.0260203
-0.010038
-0.00175435
0.00747322
0.00584183
-0.00275062
-0.0156283
-0.0345776
-0.0401867
-0.0410944
-0.0344287
-0.00554756
-0.00757867
-0.00695465
-0.0117781
-0.0231819
-0.0412082
-0.0599092
-0.0740905
-0.0758999
-0.0694402
-0.0565927
-0.0396293
-0.0260324
-0.00973547
-0.00124436
0.0081179
0.00656164
-0.00233941
-0.0154221
-0.0348358
-0.0405982
-0.0417872
-0.0349869
-0.00568138
-0.00696272
-0.00618822
-0.0109888
-0.0225208
-0.040929
-0.0601518
-0.0748081
-0.0767547
-0.0702171
-0.057145
-0.0398976
-0.0260645
-0.00945639
-0.000754577
0.00873711
0.00727282
-0.00192973
-0.0152081
-0.0350763
-0.0409941
-0.0424643
-0.0355372
-0.00582023
-0.00604422
-0.00519709
-0.0100532
-0.021801
-0.0406754
-0.0605061
-0.0757073
-0.0778119
-0.071117
-0.0577432
-0.0401673
-0.0260323
-0.00909023
-0.00014827
0.00946586
0.00803579
-0.00150186
-0.0150003
-0.0353345
-0.0414123
-0.0431488
-0.0360712
-0.00597417
-0.00258944
-0.00181658
-0.00708717
-0.019878
-0.0404637
-0.0621575
-0.0787214
-0.0810088
-0.0734927
-0.0591478
-0.0407125
-0.0257444
-0.00800466
0.00156139
0.0115132
0.00992286
-0.000481884
-0.014604
-0.0360376
-0.0424318
-0.0446367
-0.0371518
-0.00633151
-0.000402997
0.000540089
-0.00491215
-0.0183856
-0.0403267
-0.0636097
-0.0814838
-0.08391
-0.0755595
-0.0602604
-0.0408837
-0.0251607
-0.00670243
0.00336265
0.0135629
0.0119001
0.000632121
-0.0140617
-0.036847
-0.04362
-0.0464744
-0.0386474
-0.00683255
0.00180723
0.0026971
-0.00304093
-0.0170741
-0.0401264
-0.0647821
-0.0839896
-0.0866892
-0.0774747
-0.0612002
-0.0409265
-0.0245486
-0.0054475
0.00506543
0.0155296
0.0137296
0.00166736
-0.0134845
-0.037562
-0.0446648
-0.0481395
-0.0400599
-0.00734541
0.00398541
0.00491656
-0.0010142
-0.0155822
-0.0397892
-0.065941
-0.0865857
-0.0894991
-0.0792775
-0.0619654
-0.0408137
-0.0238696
-0.00422298
0.00670823
0.0174245
0.0155426
0.0027168
-0.012877
-0.0381991
-0.0456221
-0.0496447
-0.0413678
-0.00787233
0.00598858
0.00706595
0.00103842
-0.0139987
-0.0393558
-0.0670425
-0.0890777
-0.0921259
-0.0808541
-0.0624943
-0.0405188
-0.023114
-0.00303849
0.00824953
0.0191761
0.0172862
0.00375089
-0.0122626
-0.0387385
-0.046468
-0.0509472
-0.0425459
-0.00840942
0.00783687
0.00906317
0.00298645
-0.0124225
-0.0388165
-0.0679332
-0.0912741
-0.0944796
-0.0821473
-0.0627581
-0.0400293
-0.022275
-0.00190192
0.00967329
0.0207681
0.0189149
0.00474043
-0.0116451
-0.0391615
-0.0471785
-0.052021
-0.0435721
-0.00895272
0.00952779
0.0108874
0.00479556
-0.010868
-0.03812
-0.0685067
-0.093082
-0.0964823
-0.0831061
-0.0627291
-0.039333
-0.0213463
-0.000818621
0.0109712
0.0221849
0.0204108
0.00567686
-0.0110207
-0.039461
-0.0477445
-0.0528481
-0.0444242
-0.0094967
0.0110526
0.0125341
0.00646458
-0.0093218
-0.0372291
-0.0687068
-0.0944154
-0.098034
-0.0836701
-0.0623786
-0.0384197
-0.0203227
0.000207879
0.0121352
0.0234096
0.021762
0.00655667
-0.0103903
-0.039636
-0.0481603
-0.053411
-0.0450798
-0.0100341
0.012405
0.0139958
0.00798654
-0.00778472
-0.0361282
-0.0684766
-0.0951633
-0.0990217
-0.0837736
-0.0616785
-0.0372824
-0.019201
0.00117572
0.0131577
0.0244258
0.022954
0.00737329
-0.00975864
-0.0396858
-0.0484203
-0.0536927
-0.0455165
-0.0105558
0.0135787
0.0152602
0.00934457
-0.00627154
-0.0348041
-0.067745
-0.0952069
-0.0993284
-0.0833486
-0.0606034
-0.0359179
-0.0179805
0.00208488
0.014033
0.0252181
0.0239691
0.0081177
-0.00913
-0.0396081
-0.0485191
-0.0536785
-0.0457127
-0.011051
0.0145677
0.0163137
0.0105187
-0.00479905
-0.0332394
-0.0664417
-0.0944336
-0.0988392
-0.0823285
-0.0591313
-0.0343273
-0.0166633
0.00293722
0.0147573
0.0257728
0.0247887
0.00878037
-0.00850687
-0.0394001
-0.0484525
-0.0533561
-0.0456482
-0.0115071
0.0153669
0.0171431
0.0114904
-0.00338181
-0.0314195
-0.0645097
-0.0927458
-0.0974494
-0.080652
-0.0572455
-0.0325171
-0.015255
0.00373634
0.0153293
0.0260787
0.0253941
0.00935175
-0.0078906
-0.0390581
-0.0482164
-0.0527163
-0.0453039
-0.0119098
0.0159732
0.0177372
0.0122445
-0.00203467
-0.0293392
-0.0619095
-0.0900679
-0.0950751
-0.0782694
-0.0549361
-0.0304993
-0.0137643
0.00448721
0.0157508
0.0261285
0.0257668
0.00982207
-0.00728147
-0.0385763
-0.0478058
-0.0517529
-0.0446633
-0.0122437
0.0163873
0.0180881
0.0127682
-0.000774296
-0.0270038
-0.058623
-0.0863552
-0.0916603
-0.0751496
-0.0522021
-0.0282912
-0.0122033
0.0051956
0.0160273
0.0259193
0.02589
0.0101816
-0.00667804
-0.0379446
-0.0472125
-0.0504636
-0.0437125
-0.0124923
0.0166157
0.0181929
0.0130531
0.00038238
-0.0244288
-0.0546587
-0.0816033
-0.0871852
-0.0712834
-0.0490536
-0.0259159
-0.0105867
0.00586752
0.0161684
0.0254549
0.0257498
0.0104215
-0.00607643
-0.0371472
-0.0464238
-0.0488502
-0.0424415
-0.0126387
0.0166728
0.0180565
0.0130973
0.00142096
-0.0216396
-0.0500543
-0.0758556
-0.0816744
-0.0666867
-0.0455123
-0.0234009
-0.00893155
0.00650852
0.0161883
0.0247469
0.0253374
0.0105355
-0.00546964
-0.0361606
-0.0454196
-0.0469194
-0.0408455
-0.0126662
0.0165813
0.0176948
0.0129089
0.00233217
-0.018672
-0.0448776
-0.0692016
-0.0751992
-0.0614091
-0.0416144
-0.0207777
-0.00725589
0.00712324
0.0161057
0.0238176
0.0246517
0.0105215
-0.0048471
-0.0349522
-0.0441703
-0.044683
-0.0389265
-0.0125594
0.0163736
0.0171328
0.0125101
0.00311471
-0.0155693
-0.0392249
-0.0617769
-0.0678838
-0.0555356
-0.0374103
-0.0180803
-0.00557809
0.00771488
0.0159429
0.0227013
0.023703
0.0103839
-0.00419424
-0.0334802
-0.0426363
-0.0421586
-0.0366951
-0.0123052
0.0160932
0.0164235
0.0119415
0.00377956
-0.0123791
-0.0332175
-0.0537592
-0.0599008
-0.0491838
-0.0329654
-0.0153441
-0.00391553
0.00828529
0.015725
0.0214446
0.0225162
0.0101361
-0.00349251
-0.0316954
-0.0407683
-0.0393698
-0.034173
-0.0118942
0.015791
0.0156341
0.0112668
0.00435493
-0.00915008
-0.0269961
-0.0453602
-0.0514594
-0.0425006
-0.0283584
-0.0126045
-0.00228364
0.00883551
0.0154788
0.020106
0.0211327
0.00980254
-0.00272042
-0.0295471
-0.0385114
-0.0363462
-0.0313947
-0.0113223
0.015524
0.0148464
0.0105759
0.00488962
-0.00592563
-0.0207155
-0.0368179
-0.0427949
-0.0356518
-0.0236784
-0.009896
-0.00069537
0.00936636
0.0152316
0.0187559
0.0196115
0.00941907
-0.00185606
-0.0269911
-0.0358127
-0.0331243
-0.0284087
-0.0105922
0.0153501
0.0141599
0.00998125
0.00545394
-0.00274208
-0.0145368
-0.0283801
-0.0341591
-0.028816
-0.0190213
-0.00725087
0.000839169
0.0098789
0.0150078
0.0174719
0.0180298
0.00903277
-0.000881132
-0.0240019
-0.032634
-0.0297488
-0.0252769
-0.00971461
0.0153156
0.01368
0.00961151
0.00613451
0.00037017
-0.00861723
-0.0202878
-0.0258071
-0.0221786
-0.014486
-0.00469863
0.00231263
0.0103743
0.0148265
0.0163309
0.0164788
0.00869797
0.000213707
-0.0205875
-0.0289674
-0.0262713
-0.0220733
-0.00870961
0.0154427
0.0134949
0.00958974
0.00701774
0.00338453
-0.00310312
-0.0127659
-0.0179813
-0.0159149
-0.0101667
-0.00226541
0.00371981
0.0108534
0.0147004
0.0153997
0.0150546
0.00846923
0.00142296
-0.0168029
-0.0248506
-0.0227502
-0.0188799
-0.00760676
0.0157268
0.0136509
0.00999783
0.00816642
0.00627277
0.00187681
-0.00600714
-0.0108901
-0.0101728
-0.0061461
2.66368e-05
0.00505656
0.0113165
0.0146335
0.0147233
0.0138448
0.00839213
0.00272082
-0.0127569
-0.0203783
-0.0192498
-0.0157799
-0.00644398
0.0161391
0.0141385
0.0108501
0.00959754
0.00899976
0.00622305
-0.000152368
-0.00468559
-0.00505983
-0.00248822
0.00216002
0.00631862
0.0117626
0.0146218
0.0143155
0.0129154
0.00849246
0.00406019
-0.00860815
-0.0157033
-0.0158377
-0.012849
-0.00526535
0.0166314
0.0148871
0.0120807
0.0112693
0.011523
0.00987739
0.00472472
0.000550294
-0.000632655
0.000766743
0.00412231
0.00750102
0.0121885
0.0146545
0.014157
0.0123565
0.00876812
0.0053784
-0.00455172
-0.0110263
-0.0125807
-0.0101492
-0.00411712
0.0171496
0.0157818
0.01355
0.0130792
0.013793
0.012831
0.00862897
0.00481605
0.00310481
0.00360372
0.00590581
0.00859817
0.0125889
0.0147146
0.0141938
0.0120455
0.00918536
0.00660788
-0.00078963
-0.00657109
-0.00954151
-0.00772538
-0.00304306
0.0176475
0.0166967
0.0150721
0.014875
0.0157514
0.0151205
0.0116384
0.00818371
0.00619295
0.00603042
0.00750698
0.00960393
0.0129578
0.0147821
0.014354
0.0119897
0.00969542
0.00769339
0.0025043
-0.00255343
-0.00677649
-0.00560369
-0.00207931
0.0180944
0.0175293
0.0164702
0.0164906
0.0173393
0.0168142
0.0138806
0.0107724
0.00842907
0.0080692
0.00892593
0.0105121
0.0132896
0.0148386
0.0145605
0.0121218
0.010246
0.00860845
0.00521455
0.000854859
-0.00432785
-0.00378949
-0.00125071
0.0184754
0.0182187
0.0176275
0.0177973
0.0185221
0.0179995
0.0155016
0.0127432
0.0104474
0.00977377
0.0101662
0.0113181
0.0135799
0.0148701
0.0147473
0.012366
0.0107922
0.00935907
0.00730146
0.00355795
-0.00221891
-0.00227152
-0.000568817
0.0187849
0.0187434
0.01849
0.0187432
0.0193138
0.018773
0.0166373
0.0142192
0.0120375
0.011177
0.0112332
0.0120197
0.0138258
0.0148684
0.0148701
0.0126518
0.0113032
0.0099753
0.00880215
0.00554563
-0.000452424
-0.00102562
-3.16428e-05
0.019023
0.0191112
0.019074
0.0193533
0.0197737
0.0192296
0.0174022
0.0153026
0.013272
0.012315
0.0121347
0.0126182
0.0140259
0.0148317
0.0149091
0.0129217
0.0117541
0.0104864
0.0098057
0.0068898
0.000987702
-1.99731e-05
0.000373712
0.0191956
0.0193462
0.0194303
0.0196941
0.0199818
0.0194539
0.0178889
0.0160768
0.0142155
0.0132236
0.0128808
0.0131174
0.0141805
0.0147624
0.0148659
0.0131339
0.012118
0.0108996
0.0104159
0.00771574
0.00213157
0.000779869
0.000667112
0.0193108
0.0194773
0.0196152
0.0198392
0.0200143
0.0195147
0.018171
0.0166102
0.0149226
0.0139359
0.0134844
0.0135233
0.014291
0.0146652
0.0147536
0.0132641
0.0123702
0.0112009
0.0107251
0.00816309
0.00301728
0.00140701
0.000871188
0.0195311
0.0196788
0.0198508
0.0199324
0.0194646
0.018305
0.0169581
0.0154398
0.0144828
0.0139601
0.0138431
0.0143598
0.0145453
0.0145888
0.0133047
0.0124987
0.0113747
0.0108078
0.00835435
0.00368534
0.00189076
0.00100719
0.019527
0.0196585
0.0197748
0.0197797
0.019342
0.0183337
0.0171657
0.0158064
0.0148912
0.0143237
0.0140849
0.0143898
0.0144077
0.014387
0.0132623
0.0125091
0.01142
0.010724
0.00837995
0.00417447
0.00225632
0.00109251
0.0194781
0.0195805
0.0196435
0.0195862
0.019174
0.0182892
0.0172693
0.0160535
0.0151806
0.0145909
0.0142576
0.0143846
0.0142567
0.0141609
0.0131514
0.0124208
0.0113532
0.0105244
0.00829979
0.00451893
0.00252495
0.00114069
0.0194019
0.0194656
0.019479
0.0193713
0.0189797
0.0181953
0.0172961
0.016207
0.0153816
0.0147775
0.0143703
0.0143486
0.0140962
0.0139208
0.0129893
0.0122579
0.0112001
0.0102512
0.00815212
0.00474759
0.00271429
0.00116133
0.019306
0.0193285
0.0192964
0.019148
0.0187722
0.0180685
0.0172672
0.0162884
0.0155099
0.0148965
0.0144314
0.0142863
0.0139291
0.013674
0.01279
0.0120432
0.0109874
0.00993777
0.00796184
0.00488473
0.00283971
0.00116465
0.0191958
0.0191783
0.0191057
0.0189242
0.0185599
0.0179211
0.0171983
0.0163138
0.0155767
0.0149595
0.0144493
0.014202
0.013758
0.0134253
0.0125607
0.0117968
0.0107384
0.00960874
0.00774601
0.00495071
0.00291434
0.00115513
0.0190757
0.0190214
0.0189133
0.018705
0.0183486
0.0177618
0.0171015
0.0162959
0.0155945
0.0149774
0.0144317
0.0140997
0.013585
0.0131794
0.0123291
0.0115348
0.0104705
0.00928067
0.00751699
0.0049624
0.0029492
0.00113683
0.0189492
0.0188619
0.0187233
0.0184934
0.018142
0.0175967
0.0169856
0.0162449
0.0155739
0.0149592
0.0143855
0.0139835
0.0134118
0.0129389
0.0120942
0.011268
0.0101962
0.0089639
0.00728388
0.00493355
0.0029536
0.00111288
0.0188187
0.0187028
0.0185383
0.0182907
0.0179423
0.0174298
0.0168573
0.0161697
0.0155237
0.0149125
0.0143169
0.0138568
0.0132397
0.0127058
0.0118606
0.0110038
0.00992435
0.00866427
0.0070532
0.00487537
0.00293531
0.00108555
0.0186865
0.0185461
0.0183599
0.018098
0.0177509
0.0172642
0.0167216
0.016077
0.0154512
0.0148439
0.014231
0.0137229
0.01307
0.0124817
0.0116317
0.010747
0.00966048
0.00838462
0.00682961
0.00479683
0.00290081
0.00105657
0.0185543
0.0183933
0.0181888
0.0179154
0.0175685
0.0171021
0.0165825
0.0159721
0.0153625
0.0147593
0.0141326
0.0135847
0.0129035
0.0122669
0.0114103
0.0105009
0.00940828
0.00812588
0.00661631
0.00470508
0.00285528
0.00102722
0.0184233
0.0182453
0.0180257
0.017743
0.0173955
0.0169449
0.0164428
0.0158595
0.0152623
0.0146571
0.0140253
0.0134448
0.0127414
0.0120638
0.0111982
0.0102678
0.00917005
0.00788789
0.00641544
0.00460579
0.00280281
0.000998466
0.0182948
0.0181028
0.0178709
0.0175807
0.0172322
0.0167938
0.016305
0.0157429
0.0151556
0.0145539
0.0139135
0.0133056
0.0125846
0.0118721
0.0109969
0.0100489
0.00894716
0.00766996
0.00622829
0.00450341
0.00274658
0.000970916
0.0181697
0.0179666
0.0177246
0.0174286
0.0170787
0.0166497
0.0161708
0.0156251
0.0150459
0.0144463
0.0137997
0.0131689
0.0124338
0.011692
0.0108075
0.00984501
0.00874035
0.00747119
0.00605556
0.0044014
0.00268907
0.000944954
0.0180492
0.0178373
0.0175872
0.0172866
0.0169352
0.0165133
0.0160417
0.0155087
0.0149359
0.0143372
0.0136862
0.0130364
0.0122899
0.0115241
0.0106307
0.00965655
0.00854997
0.00729069
0.00589752
0.00430239
0.00263219
0.000920811
0.0179341
0.0177155
0.017459
0.0171547
0.0168019
0.0163853
0.0159192
0.0153958
0.0148278
0.0142295
0.013575
0.0129098
0.0121541
0.0113686
0.010467
0.00948378
0.00837617
0.00712762
0.00575416
0.00420836
0.00257737
0.000898625
0.0178256
0.0176018
0.0173403
0.0170332
0.016679
0.0162665
0.0158043
0.0152881
0.0147238
0.0141253
0.0134682
0.0127904
0.0120272
0.0112258
0.0103171
0.00932681
0.00821894
0.00698126
0.00562534
0.00412076
0.00252567
0.000878478
0.0177245
0.017497
0.0172316
0.0169223
0.016567
0.0161574
0.0156981
0.0151871
0.0146256
0.0140266
0.0133676
0.0126796
0.0119102
0.0110961
0.0101813
0.00918575
0.00807826
0.00685107
0.00551082
0.00404068
0.00247792
0.000860404
0.017632
0.0174018
0.0171335
0.0168226
0.0164663
0.0160588
0.0156015
0.0150943
0.0145349
0.0139352
0.0132747
0.0125786
0.0118041
0.0109799
0.0100601
0.00906073
0.00795409
0.00673665
0.00541039
0.00396889
0.00243474
0.000844421
0.0175492
0.0173172
0.0170466
0.0167346
0.0163774
0.0159714
0.0155156
0.0150111
0.0144532
0.0138527
0.013191
0.0124886
0.01171
0.0108779
0.00995406
0.00895194
0.00784647
0.00663778
0.00532385
0.00390599
0.00239663
0.00083054
0.0174772
0.0172439
0.0169718
0.0166589
0.0163011
0.0158962
0.0154414
0.0149386
0.0143819
0.0137807
0.013118
0.0124106
0.0116287
0.0107906
0.00986365
0.00885966
0.00775554
0.00655442
0.00525112
0.00385244
0.00236399
0.00081878
0.0174171
0.0171831
0.0169099
0.0165964
0.0162381
0.0158339
0.0153798
0.0148783
0.0143223
0.0137204
0.0130569
0.0123458
0.0115614
0.0107188
0.00978953
0.0087843
0.00768156
0.00648667
0.00519222
0.00380867
0.00233718
0.000809175
0.0173702
0.0171357
0.0168618
0.016548
0.0161893
0.0157855
0.0153319
0.0148312
0.0142758
0.0136733
0.0130092
0.0122954
0.0115091
0.0106634
0.00973244
0.00872643
0.00762492
0.00643484
0.00514732
0.00377506
0.00231657
0.00080177
0.0173377
0.017103
0.0168287
0.0165146
0.0161557
0.0157522
0.0152989
0.0147985
0.0142435
0.0136405
0.0129761
0.0122605
0.0114731
0.0106252
0.00969328
0.00868678
0.00758627
0.00639941
0.0051168
0.00375204
0.00230255
0.000796629
0.0173209
0.017086
0.0168115
0.0164972
0.0161383
0.0157349
0.0152818
0.0147816
0.0142268
0.0136235
0.012959
0.0122423
0.0114545
0.0106054
0.00967318
0.00866622
0.00756651
0.00638106
0.00510129
0.00374006
0.00229553
0.000793866
0.0194942
0.0191562
0.0187861
0.0183805
0.0179445
0.017472
0.0169682
0.0164242
0.0158439
0.0152162
0.0145423
0.0138109
0.0130212
0.0121624
0.0112355
0.0102286
0.00914921
0.0079784
0.00673412
0.00538816
0.00396842
0.00244659
0.000852317
0.0195096
0.0191705
0.0187996
0.0183931
0.0179567
0.0174838
0.0169805
0.0164369
0.0158576
0.0152308
0.0145581
0.0138278
0.0130389
0.0121807
0.0112543
0.0102474
0.00916835
0.00799683
0.00675253
0.00540426
0.00398251
0.0024557
0.000856439
0.0195395
0.0191982
0.0188254
0.0184172
0.01798
0.0175066
0.017004
0.0164612
0.0158838
0.015259
0.0145885
0.0138604
0.0130731
0.0122163
0.0112905
0.0102839
0.0092052
0.00803273
0.00678803
0.00543599
0.00400973
0.00247424
0.000864273
0.0195826
0.0192383
0.0188626
0.0184519
0.0180135
0.0175393
0.0170376
0.0164963
0.0159216
0.0152999
0.0146326
0.0139078
0.0131227
0.012268
0.011343
0.0103369
0.00925869
0.00808509
0.00684005
0.00548277
0.00405005
0.00250209
0.000875831
0.0196382
0.0192895
0.0189101
0.0184959
0.0180558
0.0175807
0.0170805
0.0165411
0.0159701
0.0153525
0.0146894
0.013969
0.0131867
0.0123349
0.0114106
0.0104053
0.00932782
0.00815311
0.00690816
0.00554439
0.00410365
0.00253941
0.000891299
0.0197052
0.019351
0.0189666
0.0185481
0.018106
0.0176296
0.0171314
0.0165945
0.0160283
0.0154158
0.0147581
0.0140433
0.0132642
0.0124159
0.0114922
0.010488
0.00941165
0.00823609
0.00699215
0.0056209
0.00417095
0.00258664
0.000910969
0.0197828
0.0194217
0.0190311
0.0186073
0.0181628
0.017685
0.0171893
0.0166554
0.0160954
0.015489
0.0148379
0.0141299
0.0133544
0.0125103
0.0115868
0.010584
0.00950921
0.00833336
0.00709194
0.00571255
0.00425275
0.00264446
0.000935247
0.0198702
0.0195005
0.0191022
0.018672
0.0182247
0.0177454
0.0172531
0.0167229
0.0161704
0.0155713
0.0149281
0.0142281
0.0134566
0.0126172
0.0116932
0.0106922
0.0096195
0.0084443
0.00720761
0.00581982
0.00435013
0.00271381
0.000964675
0.0199663
0.0195864
0.0191788
0.0187409
0.0182904
0.0178094
0.0173215
0.0167959
0.0162525
0.015662
0.0150282
0.0143372
0.01357
0.0127359
0.0118102
0.0108114
0.00974136
0.00856823
0.00733931
0.00594341
0.00446459
0.00279583
0.000999959
0.0200704
0.019678
0.0192593
0.0188124
0.0183584
0.0178757
0.0173935
0.0168733
0.0163409
0.0157602
0.0151375
0.0144568
0.0136942
0.0128656
0.0119363
0.0109401
0.00987349
0.00870436
0.00748726
0.00608427
0.00459794
0.00289191
0.001042
0.0201814
0.0197741
0.0193421
0.0188848
0.0184269
0.0179427
0.0174678
0.0169542
0.0164349
0.0158654
0.0152557
0.0145863
0.0138284
0.0130054
0.0120701
0.0110767
0.0100143
0.00885174
0.00765169
0.00624355
0.00475242
0.00300364
0.00109192
0.0202982
0.0198732
0.0194251
0.0189562
0.0184943
0.0180089
0.0175432
0.0170375
0.0165338
0.0159767
0.0153821
0.0147251
0.0139723
0.0131544
0.0122095
0.0112194
0.0101619
0.00900919
0.0078328
0.00642268
0.00493065
0.00313282
0.00115113
0.0204196
0.0199734
0.0195065
0.0190242
0.0185584
0.0180726
0.0176183
0.0171223
0.0166367
0.0160936
0.0155164
0.0148729
0.0141255
0.0133115
0.0123524
0.0113656
0.0103139
0.00917517
0.0080307
0.0066233
0.0051356
0.00328138
0.00122135
0.0205439
0.0200725
0.0195844
0.0190867
0.0186171
0.0181317
0.0176919
0.0172076
0.016743
0.0162152
0.015658
0.0150289
0.0142875
0.0134755
0.0124961
0.0115125
0.0104672
0.00934764
0.00824537
0.00684734
0.00537055
0.00345133
0.00130466
0.0206695
0.0201678
0.0196549
0.0191407
0.0186677
0.0181841
0.0177623
0.017292
0.0168518
0.0163407
0.0158062
0.0151925
0.0144578
0.0136445
0.0126372
0.0116565
0.0106181
0.00952394
0.00847652
0.00709692
0.00563901
0.00364466
0.00140349
0.0207937
0.0202563
0.019715
0.0191827
0.0187072
0.0182275
0.017828
0.0173746
0.0169621
0.0164689
0.0159598
0.0153627
0.0146357
0.0138166
0.0127718
0.011793
0.010762
0.00970078
0.00872048
0.00737414
0.00594443
0.00386316
0.00152058
0.0209136
0.0203338
0.0197606
0.019209
0.0187321
0.0182591
0.0178871
0.0174541
0.0170729
0.0165983
0.0161173
0.0155382
0.0148205
0.0139891
0.0128949
0.0119167
0.0108932
0.00987432
0.00898147
0.00768146
0.00629002
0.00410817
0.00165886
0.0210256
0.0203949
0.0197869
0.019215
0.0187385
0.018276
0.0179376
0.0175293
0.0171829
0.0167268
0.0162763
0.0157169
0.0150104
0.0141582
0.0130004
0.0120209
0.0110046
0.0100394
0.00925477
0.00802081
0.00667795
0.00438015
0.00182123
0.0211252
0.0204329
0.0197887
0.0191958
0.0187219
0.0182748
0.017977
0.0175986
0.017291
0.0168509
0.0164335
0.0158959
0.0152029
0.014319
0.0130808
0.0120969
0.0110876
0.0101902
0.00953858
0.0083941
0.00710818
0.00467787
0.00201006
0.0212067
0.0204383
0.0197599
0.0191454
0.0186772
0.0182515
0.0180028
0.0176603
0.0173937
0.0169659
0.0165834
0.0160704
0.0153941
0.0144648
0.0131265
0.0121345
0.0111339
0.0103197
0.00983018
0.00880203
0.00757812
0.00499823
0.00222669
0.0212639
0.0203979
0.0196944
0.0190571
0.0185986
0.018202
0.0180122
0.0177122
0.0174862
0.0170651
0.0167185
0.0162337
0.0155777
0.0145864
0.0131255
0.0121202
0.0111304
0.01042
0.0101259
0.00924431
0.00808183
0.00533603
0.0024706
0.0212913
0.0202928
0.0195868
0.0189232
0.0184793
0.0181213
0.0180018
0.0177523
0.0175645
0.0171391
0.0168276
0.0163754
0.0157435
0.0146717
0.0130629
0.0120386
0.0110619
0.0104819
0.0104219
0.00971873
0.00860864
0.0056842
0.00273897
0.0212854
0.0203867
0.0194358
0.0187343
0.018312
0.0180042
0.0179681
0.0177773
0.0176222
0.0171758
0.016895
0.0164805
0.015876
0.0147043
0.0129204
0.0118715
0.0109123
0.0105061
0.0107138
0.0102195
0.00914215
0.00603526
0.0030268
0.0211939
0.0201528
0.0191972
0.0184774
0.0180884
0.0178454
0.0179079
0.0177837
0.0176502
0.0171578
0.016898
0.0165274
0.0159525
0.0146616
0.0126749
0.011597
0.0106636
0.0104612
0.0109953
0.0107379
0.00966068
0.00638263
0.00332741
0.0210047
0.019839
0.0188649
0.0181413
0.0178003
0.0176393
0.0178178
0.0177678
0.0176365
0.0170623
0.0168058
0.0164865
0.0159402
0.0145142
0.0122972
0.0111903
0.0102981
0.0103413
0.01126
0.0112612
0.0101386
0.00672313
0.00363399
0.0206942
0.0194145
0.0184253
0.0177141
0.0174397
0.0173813
0.0176948
0.0177252
0.0175664
0.0168622
0.0165803
0.0163197
0.0157945
0.0142225
0.0117504
0.0106223
0.00979944
0.0101334
0.0115004
0.011773
0.0105497
0.00705784
0.00394
0.0202282
0.0188468
0.0178597
0.0171831
0.0169987
0.0170675
0.0175369
0.0176505
0.0174222
0.0165307
0.0161809
0.0159855
0.0154591
0.0137323
0.010988
0.00985878
0.00915258
0.00982478
0.0117076
0.0122554
0.0108727
0.00738896
0.00423732
0.019563
0.0180991
0.0171457
0.0165347
0.0164708
0.0166955
0.0173428
0.0175388
0.0171865
0.0160507
0.015576
0.015449
0.014868
0.0129673
0.00995162
0.00885917
0.00834397
0.00940564
0.0118714
0.0126919
0.0110982
0.00771644
0.00451416
0.0186446
0.0171281
0.0162567
0.0157543
0.0158507
0.016265
0.0171117
0.0173865
0.0168454
0.0153815
0.0147599
0.0146943
0.0139487
0.0118232
0.00856434
0.00758125
0.00736428
0.00887059
0.0119819
0.0130748
0.011238
0.00804061
0.00475641
0.0174081
0.0158852
0.0151627
0.0148265
0.0151358
0.015777
0.0168447
0.0171941
0.016399
0.014585
0.0137669
0.0137263
0.0126217
0.0101668
0.00673139
0.00596267
0.0062067
0.00821896
0.01203
0.0134103
0.0113339
0.0083774
0.00495493
0.0157772
0.014315
0.0138308
0.0137354
0.0143256
0.0152342
0.0165437
0.0169663
0.0158676
0.0137135
0.0126585
0.0125564
0.0107984
0.00785113
0.00435317
0.00394238
0.00486345
0.00745414
0.0120089
0.0137198
0.01146
0.00877228
0.00511467
0.0136676
0.0123563
0.0122255
0.0124664
0.0134225
0.0146403
0.016212
0.0167158
0.0153023
0.012883
0.011508
0.0111833
0.0083854
0.00474273
0.00134002
0.00146877
0.00333033
0.00658323
0.0119149
0.0140387
0.0117139
0.00929817
0.00525635
0.0109917
0.00994848
0.010312
0.0110069
0.0124305
0.0140006
0.015856
0.0164657
0.0147781
0.0122135
0.0103858
0.00958999
0.00530558
0.000756708
-0.00236727
-0.00148772
0.00160956
0.00561475
0.0117486
0.0144095
0.0121947
0.0100396
0.00540874
0.00765941
0.00703007
0.00805831
0.00934898
0.0113546
0.0133217
0.015486
0.0162466
0.0143795
0.0117893
0.00935189
0.00775964
0.00152649
-0.0041146
-0.00677548
-0.00492358
-0.000291668
0.00455569
0.0115165
0.0148716
0.0129754
0.0110642
0.00559691
0.00358098
0.00354535
0.0054387
0.00748989
0.0102003
0.0126103
0.0151144
0.0160907
0.0141845
0.011678
0.00845086
0.0056936
-0.0029222
-0.00979421
-0.011829
-0.00879739
-0.00236137
0.00340937
0.011232
0.015451
0.0140833
0.0123993
0.00583277
-0.00132256
-0.000547653
0.00243802
0.00543301
0.00897168
0.0118716
0.014753
0.0160246
0.0142466
0.0119063
0.00770579
0.00341632
-0.00794763
-0.0161287
-0.0174132
-0.0130319
-0.00458347
0.00217619
0.010915
0.0161547
0.0154967
0.0140249
0.00611282
-0.0070934
-0.00527592
-0.000946309
0.00318767
0.00767111
0.0111084
0.0144112
0.0160649
0.0145851
0.0124544
0.00711439
0.000972913
-0.0133992
-0.0229021
-0.0233655
-0.017524
-0.00693808
0.000855817
0.0105914
0.0169692
0.0171553
0.01588
0.00642151
-0.0137998
-0.0106419
-0.00470073
0.000768036
0.00629919
0.0103203
0.0140938
0.0162147
0.0151828
0.0132626
0.00665295
-0.00157769
-0.0190848
-0.0298596
-0.0294945
-0.0221559
-0.00940101
-0.000550029
0.0102895
0.0178643
0.0189765
0.0178779
0.0067362
-0.0213712
-0.016609
-0.00879309
-0.00180753
0.00485525
0.00950395
0.0137999
0.016461
0.015992
0.0142465
0.00628524
-0.0041688
-0.0247934
-0.0367346
-0.0356009
-0.0268061
-0.0119431
-0.00203522
0.010036
0.0188002
0.0208726
0.0199232
0.00703256
-0.0296961
-0.0230979
-0.0131721
-0.00451713
0.00333808
0.00865318
0.0135212
0.0167777
0.0169463
0.0153125
0.00597043
-0.00673205
-0.0303174
-0.0432728
-0.0414978
-0.031362
-0.0145304
-0.00358724
0.00985276
0.0197329
0.0227628
0.021927
0.00728859
-0.0386016
-0.0299895
-0.0177698
-0.00733594
0.00174676
0.00776049
0.0132436
0.0171308
0.0179711
0.0163699
0.00566907
-0.0092045
-0.0354704
-0.0492571
-0.0470274
-0.0357242
-0.017125
-0.00518652
0.00975216
0.0206215
0.0245804
0.0238124
0.00748646
-0.0478744
-0.0371356
-0.0225061
-0.0102367
8.1974e-05
0.0068182
0.0129503
0.0174829
0.0189904
0.0173389
0.00534687
-0.0115345
-0.0401034
-0.0545256
-0.052066
-0.0398082
-0.0196855
-0.00680737
0.00973548
0.0214315
0.0262733
0.0255182
0.00761345
-0.0572818
-0.0443712
-0.0272941
-0.0131903
-0.00165313
0.00581957
0.0126236
0.0177956
0.0199336
0.0181544
0.00497597
-0.013684
-0.044115
-0.058977
-0.0565189
-0.0435473
-0.0221699
-0.00841983
0.0097925
0.0221347
0.0278026
0.0270002
0.00766203
-0.0665886
-0.0515272
-0.0320462
-0.0161661
-0.00345229
0.00475958
0.0122461
0.0180311
0.0207402
0.0187685
0.00453546
-0.0156298
-0.0474531
-0.0625699
-0.0603284
-0.0468953
-0.0245382
-0.00999266
0.00990329
0.0227089
0.029141
0.0282303
0.0076294
-0.0755727
-0.0584414
-0.0366787
-0.0191327
-0.00530608
0.00363538
0.0118014
0.018156
0.0213627
0.0191493
0.00401155
-0.0173631
-0.050111
-0.0653164
-0.0634869
-0.0498257
-0.0267538
-0.0114965
0.0100415
0.0231367
0.0302706
0.0291939
0.00751661
-0.0840353
-0.0649685
-0.0411159
-0.022059
-0.00720207
0.00244658
0.0112758
0.0181428
0.0217666
0.0192792
0.00339702
-0.0188872
-0.0521193
-0.0672718
-0.0660165
-0.0523267
-0.0287858
-0.0129061
0.0101777
0.023405
0.0311814
0.0298866
0.00732778
-0.0918041
-0.070984
-0.0452924
-0.0249142
-0.00912538
0.00119547
0.0106578
0.0179703
0.0219309
0.0191529
0.00269029
-0.0202143
-0.0535363
-0.0685201
-0.0679575
-0.0543986
-0.0306098
-0.0142025
0.010283
0.0235052
0.0318684
0.0303122
0.00706935
-0.0987397
-0.0763888
-0.0491549
-0.0276694
-0.0110593
-0.000113216
0.00993909
0.0176238
0.0218387
0.0187746
0.00189439
-0.0213625
-0.0544356
-0.0691599
-0.069361
-0.0560523
-0.0322082
-0.0153728
0.0103307
0.023432
0.0323303
0.0304798
0.0067494
-0.10474
-0.0811112
-0.0526629
-0.0302978
-0.012986
-0.00147275
0.0091135
0.0170949
0.0214903
0.0181561
0.00101581
-0.022353
-0.0548972
-0.0692924
-0.0702821
-0.0573056
-0.0335705
-0.016411
0.0102986
0.0231837
0.0325688
0.0304024
0.00637708
-0.109737
-0.0851056
-0.055788
-0.0327752
-0.0148878
-0.00287507
0.00817748
0.0163809
0.0208903
0.0173138
6.29943e-05
-0.0232072
-0.0549993
-0.0690134
-0.0707744
-0.058181
-0.0346924
-0.0173167
0.0101693
0.0227611
0.0325878
0.0300954
0.00596215
-0.113692
-0.0883509
-0.0585132
-0.0350811
-0.0167477
-0.00431146
0.00712956
0.0154833
0.0200488
0.0162667
-0.000954897
-0.0239464
-0.0548131
-0.0684083
-0.0708875
-0.0587039
-0.0355751
-0.0180943
0.0099305
0.0221676
0.032393
0.0295753
0.00551454
-0.116604
-0.0908488
-0.0608321
-0.0371985
-0.0185499
-0.0057733
0.00597026
0.0144074
0.0189792
0.0150358
-0.00202818
-0.0245904
-0.0543996
-0.0675487
-0.0706655
-0.0589012
-0.0362243
-0.018752
0.00957517
0.0214086
0.031992
0.0288591
0.00504402
-0.118496
-0.0926207
-0.0627468
-0.0391147
-0.0202809
-0.00725264
0.00470178
0.0131607
0.0176977
0.0136423
-0.00314599
-0.025156
-0.05381
-0.0664927
-0.0701465
-0.0588
-0.0366493
-0.0193006
0.0091007
0.0204913
0.0313936
0.0279637
0.00455997
-0.119418
-0.0937035
-0.0642668
-0.040821
-0.0219293
-0.00874256
0.00332786
0.0117521
0.0162206
0.0121062
-0.00429757
-0.0256541
-0.0530837
-0.0652862
-0.0693637
-0.0584272
-0.0368622
-0.0197522
0.00850853
0.019424
0.0306082
0.0269059
0.00407119
-0.119441
-0.0941465
-0.0654074
-0.042313
-0.0234866
-0.0102374
0.00185361
0.0101918
0.0145634
0.0104415
-0.00547761
-0.0260919
-0.0522454
-0.0639619
-0.0683456
-0.0578093
-0.0368766
-0.0201199
0.00780346
0.0182162
0.0296471
0.0257015
0.00358569
-0.118651
-0.0940079
-0.0661887
-0.04359
-0.0249465
-0.011733
0.000284911
0.00849061
0.0127393
0.00865641
-0.00668807
-0.026483
-0.0513103
-0.0625373
-0.0671151
-0.0569711
-0.0367077
-0.0204169
0.00699299
0.0168774
0.0285223
0.024364
0.00311044
-0.11713
-0.0933484
-0.0666335
-0.0446551
-0.0263052
-0.0132254
-0.00137166
0.00665533
0.0107659
0.00677352
-0.00792028
-0.0268502
-0.0503087
-0.0610295
-0.0656871
-0.0559352
-0.0363705
-0.0206556
0.00608681
0.0154176
0.0272465
0.0229062
0.00265217
-0.114991
-0.0922295
-0.0667645
-0.0455136
-0.027561
-0.014711
-0.00310205
0.00470383
0.00869376
0.00487079
-0.00912265
-0.0272014
-0.0492974
-0.0594975
-0.0640842
-0.054726
-0.0358804
-0.0208474
0.00509673
0.013852
0.0258341
0.0213478
0.00221829
-0.11252
-0.0907798
-0.0666263
-0.046178
-0.0287154
-0.0161891
-0.00487354
0.00272332
0.00663191
0.00303989
-0.0102438
-0.0275066
-0.0483025
-0.0580069
-0.0623981
-0.0533889
-0.0352654
-0.021005
0.00403654
0.0122079
0.024314
0.0197151
0.00181136
-0.1098
-0.0890524
-0.0662741
-0.0466915
-0.0298086
-0.0176954
-0.00671922
0.000642391
0.00448421
0.00102391
-0.0114745
-0.0277627
-0.047196
-0.0563693
-0.0605563
-0.051908
-0.0345333
-0.0211519
0.00290834
0.0104611
0.0227068
0.0179987
0.00141304
-0.105669
-0.0865793
-0.0652959
-0.0466267
-0.0303913
-0.0189245
-0.00862276
-0.00181714
0.0018674
-0.00126305
-0.012806
-0.0279591
-0.0460882
-0.0547078
-0.0586232
-0.0504882
-0.0337353
-0.0211964
0.00204773
0.00903551
0.0214571
0.016708
0.0011374
-0.104289
-0.085547
-0.0647461
-0.0464539
-0.0305248
-0.0192914
-0.00920819
-0.00258953
0.00102381
-0.00208574
-0.0133401
-0.0281328
-0.0457809
-0.054152
-0.0578909
-0.0499052
-0.0333762
-0.0211521
0.00168525
0.00843056
0.0209131
0.0161012
0.00100955
-0.103189
-0.0846193
-0.0641665
-0.0461973
-0.0305644
-0.0195171
-0.00960647
-0.0031582
0.000347461
-0.00281618
-0.0138419
-0.0283281
-0.0455397
-0.0536847
-0.0572415
-0.0493694
-0.0330351
-0.0210662
0.00134359
0.00786869
0.0203837
0.015496
0.000886129
-0.102067
-0.0837242
-0.0636312
-0.045979
-0.0306347
-0.0197701
-0.0100355
-0.00375735
-0.000357157
-0.0035567
-0.0143375
-0.0285046
-0.045273
-0.0531949
-0.0565736
-0.048828
-0.0326981
-0.0209898
0.000984255
0.00729647
0.0198234
0.0148853
0.00076545
-0.100884
-0.0828117
-0.0631065
-0.0457824
-0.0307313
-0.0200599
-0.0105123
-0.00440296
-0.00109771
-0.00431003
-0.0148299
-0.0286668
-0.0449854
-0.0526816
-0.0558802
-0.0482693
-0.0323551
-0.0209231
0.000607552
0.00670914
0.0192436
0.0142686
0.000647039
-0.0996666
-0.0818813
-0.0625749
-0.0455867
-0.0308356
-0.0203657
-0.0110127
-0.00507097
-0.00185548
-0.00506753
-0.0153172
-0.0288185
-0.0446851
-0.0521548
-0.0551708
-0.0476973
-0.0320057
-0.0208593
0.00021871
0.00611195
0.0186482
0.0136465
0.000530948
-0.0984273
-0.0809395
-0.0620367
-0.0453894
-0.0309439
-0.0206815
-0.0115291
-0.00575461
-0.00262615
-0.00582743
-0.0157991
-0.0289596
-0.0443728
-0.0516163
-0.0544481
-0.0471145
-0.0316512
-0.0207968
-0.000180876
0.00550667
0.0180376
0.0130194
0.000417206
-0.097166
-0.0799884
-0.0614946
-0.0451925
-0.031058
-0.0210088
-0.0120628
-0.00645509
-0.00341046
-0.00658993
-0.0162755
-0.0290902
-0.0440482
-0.0510657
-0.053712
-0.0465211
-0.0312923
-0.0207361
-0.000591362
0.00489326
0.0174118
0.0123874
0.000305796
-0.0958824
-0.079028
-0.0609489
-0.044997
-0.0311788
-0.0213491
-0.0126151
-0.00717314
-0.00420855
-0.00735492
-0.0167463
-0.0292102
-0.0437114
-0.0505029
-0.0529623
-0.045917
-0.0309291
-0.0206775
-0.00101276
0.00427169
0.0167709
0.0117504
0.000196691
-0.0945777
-0.0780586
-0.0603993
-0.0448027
-0.0313064
-0.0217025
-0.013186
-0.0079085
-0.00501998
-0.0081221
-0.0172116
-0.0293198
-0.0433624
-0.0499279
-0.0521992
-0.0453026
-0.0305617
-0.0206211
-0.00144485
0.00364217
0.0161153
0.0111088
8.98668e-05
-0.0932535
-0.0770805
-0.0598457
-0.0446093
-0.0314408
-0.022069
-0.0137752
-0.00866078
-0.00584427
-0.00889122
-0.0176711
-0.0294191
-0.0430015
-0.049341
-0.0514232
-0.044678
-0.0301903
-0.0205669
-0.00188733
0.00300493
0.0154453
0.0104626
-1.4703e-05
-0.0919108
-0.0760942
-0.0592881
-0.0444169
-0.0315819
-0.0224486
-0.0143825
-0.00942965
-0.00668103
-0.00966204
-0.018125
-0.0295081
-0.0426289
-0.0487423
-0.0506346
-0.0440435
-0.0298152
-0.0205148
-0.00233992
0.00236021
0.0147611
0.009812
-0.000117047
-0.090551
-0.0751002
-0.0587263
-0.0442254
-0.0317297
-0.0228414
-0.0150077
-0.0102148
-0.00752984
-0.0104343
-0.0185732
-0.029587
-0.0422447
-0.0481321
-0.0498337
-0.0433993
-0.0294366
-0.0204648
-0.00280233
0.00170824
0.0140631
0.00915705
-0.000217196
-0.0891752
-0.0740987
-0.0581603
-0.0440346
-0.0318843
-0.0232473
-0.0156508
-0.0110159
-0.00839033
-0.0112079
-0.0190157
-0.0296561
-0.0418491
-0.0475105
-0.0490207
-0.0427457
-0.0290547
-0.020417
-0.00327426
0.00104928
0.0133515
0.00849792
-0.000315185
-0.0877846
-0.07309
-0.05759
-0.0438446
-0.0320456
-0.0236665
-0.0163114
-0.0118327
-0.00926208
-0.0119826
-0.0194525
-0.0297153
-0.0414423
-0.0468777
-0.0481959
-0.042083
-0.0286695
-0.0203713
-0.00375539
0.000383559
0.0126267
0.00783474
-0.000411051
-0.0863803
-0.0720745
-0.0570154
-0.0436552
-0.0322137
-0.0240987
-0.0169894
-0.0126648
-0.0101447
-0.0127582
-0.0198836
-0.029765
-0.0410247
-0.046234
-0.0473597
-0.0414115
-0.0282815
-0.0203276
-0.00424539
-0.000288651
0.011889
0.00716762
-0.000504834
-0.0849634
-0.0710525
-0.0564364
-0.0434663
-0.0323884
-0.0245441
-0.0176844
-0.0135119
-0.0110378
-0.0135345
-0.0203092
-0.0298053
-0.0405963
-0.0455796
-0.0465125
-0.0407313
-0.0278906
-0.0202858
-0.00474393
-0.00096709
0.0111388
0.00649671
-0.000596577
-0.083535
-0.0700241
-0.055853
-0.0432779
-0.0325698
-0.0250024
-0.0183964
-0.0143736
-0.0119411
-0.0143114
-0.0207291
-0.0298363
-0.0401574
-0.0449147
-0.0456546
-0.0400428
-0.0274971
-0.020246
-0.00525064
-0.00165148
0.0103763
0.00582212
-0.000686328
-0.0820962
-0.0689897
-0.055265
-0.0430898
-0.0327577
-0.0254737
-0.0191249
-0.0152496
-0.012854
-0.0150887
-0.0211435
-0.0298584
-0.0397084
-0.0442396
-0.0447865
-0.0393462
-0.0271012
-0.0202081
-0.00576516
-0.00234155
0.00960194
0.00514399
-0.000774134
-0.080648
-0.0679495
-0.0546724
-0.0429019
-0.0329521
-0.0259576
-0.0198696
-0.0161394
-0.0137762
-0.0158662
-0.0215524
-0.0298717
-0.0392494
-0.0435546
-0.0439085
-0.0386418
-0.0267029
-0.0201719
-0.00628713
-0.00303701
0.00881604
0.00446244
-0.000860051
-0.0791914
-0.0669037
-0.0540751
-0.042714
-0.0331528
-0.0264542
-0.0206304
-0.0170428
-0.0147073
-0.0166438
-0.0219559
-0.0298764
-0.0387809
-0.04286
-0.043021
-0.0379299
-0.0263025
-0.0201373
-0.00681614
-0.00373756
0.00801897
0.00377761
-0.000944132
-0.0777273
-0.0658524
-0.0534731
-0.0425261
-0.0333597
-0.0269631
-0.0214067
-0.0179593
-0.0156469
-0.0174213
-0.0223541
-0.0298728
-0.0383029
-0.042156
-0.0421245
-0.0372108
-0.0259001
-0.0201043
-0.00735182
-0.00444289
0.00721109
0.00308963
-0.00102644
-0.0762569
-0.0647959
-0.0528663
-0.0423379
-0.0335727
-0.0274841
-0.0221983
-0.0188884
-0.0165947
-0.0181986
-0.0227471
-0.0298612
-0.037816
-0.0414431
-0.0412192
-0.0364847
-0.0254958
-0.0200727
-0.00789375
-0.0051527
0.00639278
0.00239864
-0.00110704
-0.0747809
-0.0637344
-0.0522546
-0.0421494
-0.0337914
-0.0280171
-0.0230048
-0.0198299
-0.0175501
-0.0189756
-0.023135
-0.0298418
-0.0373203
-0.0407216
-0.0403058
-0.035752
-0.0250897
-0.0200425
-0.00844153
-0.00586668
0.00556442
0.00170476
-0.00118598
-0.0733003
-0.0626681
-0.051638
-0.0419603
-0.0340158
-0.0285618
-0.0238258
-0.0207833
-0.0185128
-0.0197521
-0.0235178
-0.0298149
-0.0368163
-0.0399917
-0.0393845
-0.0350129
-0.024682
-0.0200134
-0.00899472
-0.00658449
0.00472639
0.00100815
-0.00126336
-0.071816
-0.0615971
-0.0510164
-0.0417705
-0.0342456
-0.0291178
-0.0246609
-0.0217481
-0.0194824
-0.020528
-0.0238958
-0.0297808
-0.0363042
-0.0392539
-0.0384558
-0.0342677
-0.0242728
-0.0199853
-0.00955291
-0.00730582
0.00387909
0.000308927
-0.00133923
-0.0703287
-0.0605216
-0.0503897
-0.0415798
-0.0344806
-0.0296848
-0.0255097
-0.0227239
-0.0204584
-0.0213031
-0.0242689
-0.0297398
-0.0357846
-0.0385085
-0.0375188
-0.0335166
-0.0238621
-0.019958
-0.0101157
-0.00803031
0.00302291
-0.000392752
-0.00141367
-0.0688394
-0.0594419
-0.049758
-0.0413879
-0.0347204
-0.0302626
-0.0263717
-0.0237104
-0.0214405
-0.0220773
-0.0246374
-0.0296921
-0.0352576
-0.037756
-0.0365767
-0.0327601
-0.0234502
-0.0199315
-0.0106825
-0.00875763
0.00215826
-0.00109675
-0.00148677
-0.0673489
-0.0583581
-0.0491211
-0.0411947
-0.0349648
-0.0308507
-0.0272466
-0.0247069
-0.0224282
-0.0228505
-0.0250013
-0.0296381
-0.0347237
-0.0369968
-0.0356286
-0.0319982
-0.023037
-0.0199055
-0.0112531
-0.00948743
0.00128555
-0.00180291
-0.0015586
-0.0658579
-0.0572703
-0.0484789
-0.0409999
-0.0352135
-0.0314487
-0.0281338
-0.0257131
-0.0234212
-0.0236226
-0.0253608
-0.0295782
-0.0341834
-0.0362312
-0.0346749
-0.0312314
-0.0226226
-0.0198799
-0.0118269
-0.0102194
0.000405193
-0.00251109
-0.00162925
-0.0643673
-0.0561789
-0.0478315
-0.0408032
-0.035466
-0.0320564
-0.0290329
-0.0267285
-0.0244189
-0.0243934
-0.0257161
-0.0295126
-0.0336369
-0.0354596
-0.0337161
-0.0304599
-0.0222072
-0.0198544
-0.0124034
-0.0109531
-0.000482387
-0.00322113
-0.00169881
-0.0628778
-0.0550839
-0.0471788
-0.0406045
-0.035722
-0.0326732
-0.0299434
-0.0277526
-0.0254211
-0.0251628
-0.0260672
-0.0294416
-0.0330848
-0.0346827
-0.0327527
-0.029684
-0.0217909
-0.0198289
-0.0129823
-0.0116881
-0.00137677
-0.00393288
-0.00176737
-0.0613901
-0.0539857
-0.0465206
-0.0404034
-0.0359811
-0.0332986
-0.0308647
-0.0287849
-0.0264272
-0.0259308
-0.0264144
-0.0293657
-0.0325275
-0.0339006
-0.0317852
-0.028904
-0.0213736
-0.0198032
-0.013563
-0.0124243
-0.00227751
-0.00464618
-0.00183502
-0.059905
-0.0528844
-0.045857
-0.0401996
-0.036243
-0.0339323
-0.0317965
-0.029825
-0.0274368
-0.026697
-0.0267577
-0.0292851
-0.0319654
-0.033114
-0.030814
-0.0281201
-0.0209554
-0.0197771
-0.0141451
-0.0131611
-0.00318419
-0.00536086
-0.00190187
-0.0584231
-0.0517803
-0.045188
-0.0399929
-0.036507
-0.0345736
-0.0327382
-0.0308724
-0.0284495
-0.0274616
-0.0270974
-0.0292003
-0.0313989
-0.0323233
-0.0298396
-0.0273326
-0.0205365
-0.0197504
-0.0147281
-0.0138981
-0.00409635
-0.00607676
-0.001968
-0.0569454
-0.0506736
-0.0445133
-0.0397829
-0.0367729
-0.0352222
-0.0336892
-0.0319266
-0.029465
-0.0282242
-0.0274335
-0.0291115
-0.0308286
-0.031529
-0.0288625
-0.0265418
-0.0201168
-0.0197229
-0.0153117
-0.0146351
-0.00501357
-0.0067937
-0.00203353
-0.0554723
-0.0495646
-0.0438332
-0.0395693
-0.03704
-0.0358775
-0.034649
-0.0329871
-0.0304827
-0.0289848
-0.0277662
-0.0290192
-0.0302548
-0.0307315
-0.0278833
-0.0257479
-0.0196964
-0.0196943
-0.0158952
-0.0153716
-0.00593538
-0.00751151
-0.00209855
-0.0540047
-0.0484535
-0.0431474
-0.0393517
-0.037308
-0.0365389
-0.0356171
-0.0340533
-0.0315023
-0.0297433
-0.0280957
-0.0289237
-0.0296781
-0.0299313
-0.0269023
-0.0249513
-0.0192753
-0.0196645
-0.0164783
-0.0161073
-0.00686133
-0.00823002
-0.00216318
-0.0525433
-0.0473406
-0.0424559
-0.0391299
-0.0375761
-0.0372058
-0.0365929
-0.0351249
-0.0325234
-0.0304995
-0.0284221
-0.0288253
-0.0290989
-0.0291289
-0.0259202
-0.0241521
-0.0188537
-0.0196333
-0.0170604
-0.0168417
-0.00779097
-0.00894903
-0.00222751
-0.0510887
-0.0462262
-0.0417587
-0.0389034
-0.037844
-0.0378777
-0.0375759
-0.0362013
-0.0335454
-0.0312532
-0.0287456
-0.0287244
-0.0285178
-0.0283248
-0.0249373
-0.0233506
-0.0184315
-0.0196004
-0.0176412
-0.0175744
-0.00872384
-0.00966836
-0.00229166
)
;

boundaryField
{
    inlet
    {
        type            zeroGradient;
    }
    outlet
    {
        type            fixedValue;
        value           uniform 0;
    }
    cylinder
    {
        type            zeroGradient;
    }
    top
    {
        type            symmetryPlane;
    }
    bottom
    {
        type            symmetryPlane;
    }
    frontAndBack
    {
        type            empty;
    }
    procBoundary7to6
    {
        type            processor;
        value           nonuniform List<scalar> 
201
(
-0.0535034
-0.0519258
-0.050364
-0.0488191
-0.0472922
-0.0457842
-0.0442961
-0.0428288
-0.0413833
-0.0399604
-0.0385609
-0.0371856
-0.0358352
-0.0345105
-0.033212
-0.0319404
-0.0306963
-0.0294801
-0.0282923
-0.0271335
-0.0260038
-0.0249037
-0.0238335
-0.0227932
-0.0217832
-0.0208035
-0.0198542
-0.0189354
-0.0180468
-0.0171885
-0.0163604
-0.0155622
-0.0147939
-0.0140554
-0.0133444
-0.0126584
-0.012007
-0.0114256
-0.0108898
-0.0100741
-0.00727226
-0.00510124
-0.00302869
-0.000983117
0.000939749
0.00272733
0.0043838
0.00590861
0.00730038
0.00855799
0.00968026
0.0106664
0.0115168
0.0122344
0.0128254
0.0133004
0.0136747
0.0139691
0.0142082
0.0144181
0.0146252
0.0148529
0.0151177
0.0154264
0.0157784
0.0161652
0.0165729
0.016985
0.0173862
0.0177639
0.0181079
0.0184098
0.0186649
0.0188725
0.0190343
0.0193763
0.0193763
0.0194002
0.0193912
0.0193553
0.0192977
0.0192229
0.0191346
0.019036
0.0189294
0.0188175
0.018702
0.0185847
0.018467
0.0183504
0.0182363
0.0181259
0.0180207
0.017922
0.0178309
0.0177489
0.0176773
0.0176173
0.0175704
0.0175378
0.0175209
0.0197965
0.0198129
0.0198448
0.019891
0.0199506
0.0200231
0.0201075
0.0202032
0.0203097
0.0204264
0.0205527
0.0206882
0.0208321
0.0209839
0.0211428
0.0213073
0.0214762
0.0216475
0.0218183
0.0219846
0.0221412
0.0222806
0.0223914
0.022455
0.0224509
0.0223529
0.0221259
0.0217242
0.0210905
0.0201511
0.0188174
0.0169909
0.0145607
0.0114074
0.00739936
0.00239947
-0.00369767
-0.0109258
-0.0192137
-0.0283978
-0.038248
-0.0484999
-0.0588815
-0.0691331
-0.0790188
-0.0883272
-0.0968811
-0.10454
-0.111193
-0.116765
-0.121214
-0.124529
-0.12673
-0.127867
-0.128017
-0.127258
-0.125659
-0.123419
-0.120995
-0.117977
-0.113233
-0.11194
-0.111002
-0.10998
-0.108866
-0.107707
-0.106511
-0.105277
-0.104004
-0.102694
-0.10135
-0.0999733
-0.098565
-0.0971272
-0.0956616
-0.09417
-0.0926542
-0.0911159
-0.089557
-0.0879793
-0.0863845
-0.0847745
-0.083151
-0.0815158
-0.0798707
-0.0782173
-0.0765574
-0.0748927
-0.0732247
-0.0715551
-0.0698855
-0.0682173
-0.066552
-0.0648911
-0.0632361
-0.0615884
-0.0599492
-0.0583198
-0.0567016
-0.0550957
)
;
    }
}


// ************************************************************************* //
