/*--------------------------------*- C++ -*----------------------------------*\
  =========                 |
  \\      /  F ield         | OpenFOAM: The Open Source CFD Toolbox
   \\    /   O peration     | Website:  https://openfoam.org
    \\  /    A nd           | Version:  7
     \\/     M anipulation  |
\*---------------------------------------------------------------------------*/
FoamFile
{
    version     2.0;
    format      ascii;
    class       volScalarField;
    location    "300";
    object      p;
}
// * * * * * * * * * * * * * * * * * * * * * * * * * * * * * * * * * * * * * //

dimensions      [0 2 -2 0 0 0 0];

internalField   nonuniform List<scalar> 
4575
(
-0.387466
-0.388393
-0.388901
-0.386476
-0.387626
-0.388255
-0.38552
-0.386891
-0.387638
-0.384616
-0.386202
-0.387065
-0.383781
-0.385576
-0.386551
-0.383034
-0.385029
-0.38611
-0.382392
-0.384575
-0.385758
-0.381871
-0.38423
-0.385509
-0.381487
-0.384008
-0.385375
-0.386445
-0.381256
-0.383922
-0.385369
-0.386508
-0.381189
-0.383984
-0.385502
-0.386704
-0.381299
-0.384203
-0.385784
-0.387043
-0.381596
-0.384589
-0.386222
-0.387531
-0.382088
-0.385148
-0.386824
-0.388176
-0.38278
-0.385885
-0.387594
-0.388981
-0.383676
-0.386802
-0.388532
-0.389948
-0.384775
-0.3879
-0.38964
-0.391077
-0.392322
-0.386077
-0.389177
-0.390915
-0.392364
-0.393631
-0.387577
-0.390628
-0.392354
-0.393805
-0.395089
-0.389269
-0.392248
-0.393949
-0.395395
-0.396687
-0.391143
-0.394027
-0.395692
-0.397123
-0.398417
-0.399593
-0.393187
-0.395956
-0.397573
-0.398981
-0.400269
-0.401454
-0.39539
-0.398022
-0.39958
-0.400955
-0.40223
-0.403417
-0.397736
-0.400213
-0.401701
-0.403034
-0.404287
-0.405468
-0.400209
-0.402514
-0.403922
-0.405202
-0.406424
-0.407592
-0.40872
-0.402791
-0.404909
-0.406227
-0.407446
-0.408627
-0.409773
-0.410891
-0.405465
-0.407384
-0.408602
-0.409749
-0.41088
-0.411994
-0.413092
-0.408213
-0.409923
-0.411032
-0.412098
-0.413168
-0.414239
-0.415307
-0.416335
-0.411017
-0.41251
-0.413502
-0.414477
-0.415475
-0.416492
-0.417518
-0.418512
-0.413861
-0.415131
-0.415999
-0.416874
-0.417789
-0.418739
-0.419709
-0.420656
-0.416727
-0.417773
-0.418511
-0.419276
-0.420096
-0.420966
-0.421866
-0.42275
-0.42354
-0.419604
-0.420424
-0.421027
-0.421673
-0.422387
-0.423162
-0.423978
-0.424783
-0.425497
-0.422477
-0.423074
-0.423536
-0.424055
-0.424651
-0.425318
-0.426033
-0.426744
-0.427365
-0.427783
-0.425337
-0.425715
-0.426033
-0.426416
-0.426882
-0.427427
-0.428024
-0.428626
-0.429135
-0.429441
-0.428176
-0.428341
-0.428512
-0.428751
-0.429077
-0.429486
-0.429952
-0.430421
-0.430802
-0.430979
-0.43099
-0.430949
-0.430969
-0.431059
-0.431232
-0.431492
-0.43181
-0.432132
-0.432367
-0.432396
-0.432063
-0.433776
-0.433536
-0.433405
-0.433337
-0.43335
-0.433446
-0.433602
-0.43376
-0.433832
-0.433696
-0.433194
-0.436535
-0.436105
-0.435821
-0.43559
-0.435431
-0.435353
-0.435332
-0.435312
-0.435205
-0.434888
-0.434201
-0.432949
-0.439271
-0.438658
-0.43822
-0.437821
-0.437483
-0.437219
-0.437007
-0.436795
-0.436494
-0.435981
-0.435095
-0.433639
-0.441989
-0.441201
-0.440608
-0.440037
-0.439511
-0.439051
-0.438638
-0.43822
-0.437712
-0.43699
-0.435891
-0.434218
-0.431738
-0.444698
-0.443742
-0.442994
-0.442245
-0.441525
-0.44086
-0.440235
-0.439602
-0.438874
-0.43793
-0.436607
-0.434705
-0.431994
-0.447408
-0.446289
-0.445385
-0.444455
-0.443535
-0.442659
-0.441813
-0.440954
-0.439997
-0.43882
-0.43726
-0.435118
-0.432163
-0.428145
-0.450131
-0.448854
-0.447792
-0.446678
-0.445554
-0.444459
-0.443386
-0.442292
-0.441097
-0.439677
-0.43787
-0.435474
-0.432261
-0.427989
-0.422423
-0.452883
-0.451448
-0.450227
-0.448927
-0.447594
-0.446276
-0.444969
-0.443634
-0.442193
-0.440521
-0.438454
-0.435792
-0.432306
-0.427759
-0.421932
-0.455676
-0.454084
-0.452703
-0.451213
-0.449668
-0.448123
-0.446578
-0.444997
-0.443301
-0.441368
-0.439031
-0.436088
-0.432309
-0.427466
-0.421348
-0.413859
-0.458527
-0.456775
-0.455231
-0.45355
-0.451791
-0.450015
-0.448228
-0.446396
-0.44444
-0.442237
-0.439617
-0.436375
-0.432285
-0.427118
-0.420677
-0.412876
-0.403564
-0.461451
-0.459535
-0.457825
-0.45595
-0.453975
-0.451967
-0.449935
-0.447847
-0.445625
-0.443141
-0.440225
-0.436668
-0.432241
-0.426723
-0.419924
-0.411768
-0.402121
-0.464464
-0.462376
-0.460497
-0.458426
-0.456233
-0.453992
-0.451713
-0.449365
-0.446869
-0.444096
-0.440867
-0.436974
-0.432186
-0.426286
-0.419095
-0.410542
-0.400516
-0.389638
-0.46758
-0.465311
-0.46326
-0.46099
-0.458578
-0.456102
-0.453574
-0.450963
-0.448186
-0.44511
-0.441553
-0.4373
-0.432124
-0.425811
-0.418193
-0.409209
-0.39877
-0.387413
-0.373717
-0.470812
-0.468353
-0.466125
-0.463654
-0.461021
-0.458309
-0.45553
-0.452651
-0.449585
-0.446193
-0.442288
-0.437652
-0.432057
-0.425299
-0.417222
-0.407779
-0.396902
-0.385067
-0.371076
-0.359655
-0.474174
-0.471512
-0.469102
-0.466428
-0.463573
-0.460624
-0.457592
-0.454439
-0.451074
-0.44735
-0.443076
-0.438029
-0.431986
-0.424751
-0.416187
-0.40626
-0.394932
-0.382629
-0.36836
-0.356147
-0.477676
-0.474798
-0.4722
-0.46932
-0.466243
-0.463056
-0.459766
-0.456333
-0.452657
-0.448584
-0.443917
-0.438431
-0.431908
-0.424167
-0.415088
-0.40466
-0.392875
-0.380123
-0.365595
-0.352737
-0.481327
-0.478218
-0.475429
-0.47234
-0.469037
-0.46561
-0.46206
-0.458338
-0.454337
-0.449896
-0.444809
-0.438854
-0.431821
-0.423543
-0.413928
-0.402986
-0.390743
-0.377565
-0.3628
-0.349419
-0.485134
-0.481781
-0.478793
-0.475493
-0.471963
-0.468293
-0.464476
-0.460456
-0.456115
-0.451282
-0.445748
-0.439293
-0.431717
-0.422877
-0.412707
-0.401244
-0.388548
-0.374968
-0.359985
-0.346182
-0.489103
-0.485489
-0.482298
-0.478783
-0.475025
-0.471108
-0.467018
-0.462688
-0.457988
-0.452739
-0.446727
-0.439739
-0.43159
-0.422164
-0.411424
-0.399437
-0.386296
-0.372339
-0.357156
-0.343013
-0.493236
-0.489348
-0.485948
-0.482215
-0.478225
-0.474057
-0.469685
-0.46503
-0.45995
-0.454257
-0.447736
-0.440182
-0.431432
-0.421398
-0.410077
-0.397568
-0.383992
-0.369682
-0.354315
-0.339897
-0.497534
-0.493358
-0.489744
-0.485791
-0.481564
-0.477139
-0.472476
-0.467479
-0.461995
-0.455828
-0.448765
-0.440612
-0.431233
-0.420572
-0.408665
-0.395637
-0.38164
-0.366999
-0.351462
-0.336818
-0.501996
-0.497519
-0.493687
-0.489509
-0.485042
-0.480353
-0.475385
-0.470027
-0.464112
-0.457439
-0.449798
-0.441016
-0.430983
-0.419681
-0.407183
-0.393645
-0.37924
-0.364288
-0.348592
-0.333761
-0.506618
-0.501829
-0.497773
-0.493368
-0.488657
-0.483694
-0.478406
-0.472665
-0.46629
-0.459076
-0.450823
-0.44138
-0.430671
-0.418717
-0.405628
-0.391588
-0.376791
-0.361545
-0.345702
-0.33071
-0.511395
-0.506282
-0.502001
-0.497364
-0.492403
-0.487157
-0.481532
-0.475381
-0.468514
-0.460723
-0.451823
-0.441689
-0.430284
-0.417671
-0.403995
-0.389464
-0.374289
-0.358767
-0.342784
-0.327652
-0.516319
-0.510874
-0.506363
-0.501493
-0.496274
-0.490732
-0.484749
-0.478162
-0.470768
-0.462363
-0.45278
-0.441928
-0.429812
-0.416535
-0.402278
-0.387269
-0.371731
-0.355947
-0.339831
-0.324573
-0.521381
-0.515596
-0.510854
-0.505745
-0.500262
-0.494409
-0.488047
-0.480991
-0.473033
-0.463976
-0.453677
-0.442083
-0.429242
-0.415301
-0.400471
-0.384998
-0.369112
-0.353079
-0.336836
-0.321462
-0.526567
-0.520437
-0.515462
-0.510113
-0.504356
-0.498176
-0.491407
-0.483849
-0.475288
-0.465541
-0.454493
-0.442135
-0.428562
-0.413959
-0.398567
-0.382645
-0.366424
-0.350155
-0.33379
-0.318306
-0.531864
-0.525386
-0.520177
-0.514583
-0.508542
-0.502016
-0.494813
-0.486717
-0.477513
-0.467036
-0.45521
-0.44207
-0.427758
-0.412499
-0.396558
-0.380202
-0.363662
-0.347167
-0.330684
-0.315094
-0.537256
-0.530427
-0.524985
-0.519142
-0.512806
-0.505913
-0.498244
-0.48957
-0.479683
-0.46844
-0.455808
-0.441871
-0.42682
-0.410914
-0.394438
-0.377664
-0.360817
-0.344107
-0.32751
-0.311817
-0.542722
-0.535544
-0.52987
-0.523774
-0.517129
-0.509845
-0.501677
-0.492385
-0.481772
-0.469729
-0.456266
-0.441522
-0.425733
-0.409191
-0.392196
-0.37502
-0.357881
-0.340966
-0.324258
-0.308464
-0.548242
-0.540718
-0.534812
-0.528458
-0.52149
-0.513789
-0.505086
-0.495135
-0.483756
-0.470878
-0.456565
-0.441007
-0.424486
-0.407322
-0.389825
-0.372264
-0.354846
-0.337733
-0.32092
-0.305027
-0.553793
-0.545926
-0.539791
-0.533174
-0.525866
-0.51772
-0.508443
-0.497791
-0.485607
-0.471864
-0.456683
-0.44031
-0.423066
-0.405296
-0.387316
-0.369386
-0.351701
-0.334401
-0.317486
-0.301495
-0.537896
-0.53023
-0.521608
-0.511719
-0.500323
-0.487295
-0.472662
-0.456602
-0.439415
-0.421461
-0.403102
-0.384657
-0.366376
-0.348437
-0.33096
-0.313948
-0.29786
-0.525426
-0.514883
-0.5027
-0.488794
-0.473247
-0.456301
-0.438306
-0.419658
-0.400731
-0.38184
-0.363225
-0.345045
-0.3274
-0.310295
-0.294114
-0.490076
-0.473598
-0.455762
-0.43697
-0.417644
-0.39817
-0.378855
-0.359922
-0.341515
-0.323712
-0.30652
-0.290249
-0.415409
-0.39541
-0.375691
-0.356459
-0.337838
-0.319886
-0.302614
-0.286257
-0.352824
-0.334003
-0.315913
-0.298567
-0.28213
-0.277861
-0.282197
-0.353264
-0.335242
-0.318041
-0.301653
-0.286229
-0.432468
-0.412965
-0.393555
-0.374544
-0.356136
-0.338446
-0.321514
-0.305333
-0.290121
-0.48443
-0.468388
-0.451015
-0.432741
-0.414021
-0.395264
-0.376787
-0.358813
-0.341473
-0.324829
-0.308867
-0.293879
-0.51675
-0.506567
-0.494844
-0.481451
-0.466448
-0.450084
-0.432732
-0.414817
-0.396737
-0.37882
-0.361301
-0.344331
-0.327991
-0.312263
-0.297511
-0.527156
-0.519474
-0.511054
-0.501549
-0.490666
-0.47823
-0.46424
-0.448876
-0.432454
-0.415362
-0.397984
-0.380649
-0.363608
-0.347028
-0.33101
-0.31553
-0.301024
-0.542413
-0.533964
-0.527443
-0.52059
-0.513252
-0.505303
-0.496426
-0.486326
-0.474799
-0.46179
-0.447412
-0.431922
-0.415667
-0.399011
-0.382284
-0.365743
-0.349572
-0.333893
-0.318674
-0.304427
-0.535043
-0.526959
-0.520667
-0.514065
-0.50705
-0.499534
-0.491232
-0.48186
-0.471191
-0.459124
-0.44571
-0.431149
-0.415742
-0.399829
-0.38373
-0.367713
-0.35197
-0.336647
-0.321705
-0.307726
-0.527737
-0.520025
-0.513966
-0.50761
-0.500897
-0.493779
-0.486004
-0.477301
-0.467436
-0.456267
-0.443791
-0.43015
-0.415598
-0.400443
-0.384994
-0.369522
-0.354229
-0.339281
-0.324628
-0.310929
-0.520521
-0.513186
-0.507364
-0.501248
-0.494822
-0.488067
-0.480771
-0.472684
-0.463565
-0.453245
-0.441675
-0.42894
-0.415244
-0.400861
-0.386083
-0.371178
-0.356355
-0.341799
-0.327452
-0.314045
-0.513418
-0.506464
-0.50088
-0.495002
-0.488846
-0.482426
-0.475565
-0.468037
-0.459607
-0.450085
-0.439382
-0.427533
-0.41469
-0.401089
-0.387
-0.372684
-0.358353
-0.34421
-0.330184
-0.31708
-0.506449
-0.499876
-0.494533
-0.488891
-0.482992
-0.47688
-0.470413
-0.463391
-0.455592
-0.446814
-0.436935
-0.425945
-0.413947
-0.401134
-0.38775
-0.374045
-0.360228
-0.346518
-0.332831
-0.320044
-0.499632
-0.493439
-0.48834
-0.48293
-0.477277
-0.47145
-0.465338
-0.458773
-0.451547
-0.443456
-0.434355
-0.424192
-0.413024
-0.401002
-0.388338
-0.375264
-0.361983
-0.348729
-0.335398
-0.322944
-0.49298
-0.487167
-0.482311
-0.477133
-0.471717
-0.466153
-0.460363
-0.454207
-0.447497
-0.440036
-0.431662
-0.422289
-0.411933
-0.400699
-0.388765
-0.376342
-0.363621
-0.350847
-0.337892
-0.325789
-0.486508
-0.48107
-0.47646
-0.47151
-0.466324
-0.461006
-0.455506
-0.449715
-0.443468
-0.436578
-0.428877
-0.420254
-0.410683
-0.400231
-0.389034
-0.377282
-0.365145
-0.352875
-0.340318
-0.328587
-0.480224
-0.475157
-0.470793
-0.466071
-0.461108
-0.456019
-0.450782
-0.445315
-0.43948
-0.433105
-0.426021
-0.418101
-0.409286
-0.399602
-0.389149
-0.378082
-0.366553
-0.354815
-0.342681
-0.331348
-0.474138
-0.469437
-0.465316
-0.460822
-0.456074
-0.451201
-0.446203
-0.441024
-0.435552
-0.429636
-0.423114
-0.415848
-0.407754
-0.398821
-0.38911
-0.378744
-0.367847
-0.35667
-0.344984
-0.334082
-0.468255
-0.463913
-0.460036
-0.455766
-0.451229
-0.44656
-0.441778
-0.436854
-0.431701
-0.426191
-0.420175
-0.413511
-0.406098
-0.397893
-0.388919
-0.379266
-0.369024
-0.358439
-0.347231
-0.336799
-0.462581
-0.458591
-0.454954
-0.450905
-0.446575
-0.442099
-0.437515
-0.432816
-0.427941
-0.422787
-0.417221
-0.411107
-0.404331
-0.396826
-0.388578
-0.379646
-0.370081
-0.360122
-0.349424
-0.339511
-0.457118
-0.453473
-0.450072
-0.446242
-0.442112
-0.43782
-0.433417
-0.428917
-0.424284
-0.419439
-0.41427
-0.408652
-0.402466
-0.395626
-0.388091
-0.379882
-0.371015
-0.361716
-0.351562
-0.342229
-0.45187
-0.44856
-0.445391
-0.441775
-0.43784
-0.433723
-0.429487
-0.425163
-0.420737
-0.416158
-0.411336
-0.406161
-0.400516
-0.394305
-0.387459
-0.379974
-0.37182
-0.363218
-0.353645
-0.344967
-0.446837
-0.443854
-0.440911
-0.437505
-0.433758
-0.429807
-0.425724
-0.421555
-0.417309
-0.412956
-0.408434
-0.403649
-0.398495
-0.39287
-0.386688
-0.379918
-0.372491
-0.364623
-0.35567
-0.347739
-0.442021
-0.439355
-0.436633
-0.433428
-0.429863
-0.42607
-0.422129
-0.418097
-0.414003
-0.409843
-0.405575
-0.401131
-0.396417
-0.391333
-0.385783
-0.379714
-0.373022
-0.365923
-0.357631
-0.350559
-0.437425
-0.435063
-0.432554
-0.429545
-0.426154
-0.42251
-0.418698
-0.414788
-0.410824
-0.406824
-0.402772
-0.398621
-0.394297
-0.389707
-0.38475
-0.379363
-0.373406
-0.367109
-0.359518
-0.353439
-0.433049
-0.430981
-0.428675
-0.425853
-0.422628
-0.419124
-0.41543
-0.411627
-0.407773
-0.403906
-0.400034
-0.396133
-0.39215
-0.388004
-0.383599
-0.378866
-0.373636
-0.36817
-0.361318
-0.356389
-0.428895
-0.427108
-0.424996
-0.422351
-0.419282
-0.415909
-0.412324
-0.408614
-0.404853
-0.401095
-0.39737
-0.39368
-0.38999
-0.386241
-0.382341
-0.378226
-0.373706
-0.369091
-0.363012
-0.424967
-0.423445
-0.421516
-0.419038
-0.416116
-0.412864
-0.409377
-0.405749
-0.402065
-0.398395
-0.394791
-0.391274
-0.387835
-0.384433
-0.380988
-0.37745
-0.37361
-0.369856
-0.421267
-0.419994
-0.418237
-0.415914
-0.413129
-0.409988
-0.40659
-0.403033
-0.399412
-0.395813
-0.392304
-0.388929
-0.385701
-0.382598
-0.379558
-0.376546
-0.373344
-0.417799
-0.416757
-0.415159
-0.41298
-0.41032
-0.407281
-0.403962
-0.400466
-0.396898
-0.393354
-0.38992
-0.386659
-0.383605
-0.380756
-0.378069
-0.375527
-0.372907
-0.414566
-0.413736
-0.412283
-0.410237
-0.407691
-0.404744
-0.401495
-0.398052
-0.394526
-0.391025
-0.387649
-0.384478
-0.381565
-0.378929
-0.376544
-0.374411
-0.411572
-0.410933
-0.409611
-0.407684
-0.405243
-0.402378
-0.399192
-0.395795
-0.392303
-0.388835
-0.385502
-0.382401
-0.379602
-0.377141
-0.375007
-0.408821
-0.408348
-0.407142
-0.405324
-0.402976
-0.400186
-0.397056
-0.393698
-0.390235
-0.386792
-0.383492
-0.380445
-0.377735
-0.375416
-0.373488
-0.406314
-0.405984
-0.404879
-0.403157
-0.400893
-0.39817
-0.395091
-0.391768
-0.388329
-0.384906
-0.381631
-0.378625
-0.375986
-0.37378
-0.404052
-0.403838
-0.402822
-0.401183
-0.398994
-0.396333
-0.3933
-0.390009
-0.386592
-0.383186
-0.379932
-0.376959
-0.374377
-0.402036
-0.40191
-0.400968
-0.399402
-0.39728
-0.394675
-0.391685
-0.388427
-0.385032
-0.381644
-0.378408
-0.375463
-0.372927
-0.400263
-0.400198
-0.399316
-0.397812
-0.39575
-0.393197
-0.390251
-0.387025
-0.383655
-0.380286
-0.37707
-0.374152
-0.398729
-0.398699
-0.397861
-0.396409
-0.394401
-0.391899
-0.388995
-0.385806
-0.382465
-0.379121
-0.37593
-0.37304
-0.397426
-0.397404
-0.396599
-0.39519
-0.393231
-0.390777
-0.387919
-0.384769
-0.381464
-0.378153
-0.374993
-0.396347
-0.396308
-0.395522
-0.394149
-0.392233
-0.389827
-0.387017
-0.383914
-0.380653
-0.377384
-0.374264
-0.39548
-0.395401
-0.394622
-0.393277
-0.391401
-0.389044
-0.386286
-0.383237
-0.380029
-0.376812
-0.394811
-0.394671
-0.39389
-0.392566
-0.390728
-0.388419
-0.385718
-0.38273
-0.379586
-0.376435
-0.394327
-0.394108
-0.393313
-0.392005
-0.390202
-0.387944
-0.385305
-0.382387
-0.379318
-0.394011
-0.393695
-0.392882
-0.391584
-0.389814
-0.387609
-0.385036
-0.382196
-0.379214
-0.393844
-0.393421
-0.392581
-0.39129
-0.389552
-0.387401
-0.384901
-0.382148
-0.379265
-0.393809
-0.39327
-0.392398
-0.39111
-0.389404
-0.387311
-0.384888
-0.38223
-0.393887
-0.393226
-0.39232
-0.391033
-0.389359
-0.387324
-0.384984
-0.382429
-0.39406
-0.393273
-0.392331
-0.391044
-0.389402
-0.387429
-0.385177
-0.382732
-0.394307
-0.393397
-0.392417
-0.391132
-0.389522
-0.387613
-0.385454
-0.394612
-0.393582
-0.392567
-0.391282
-0.389708
-0.387865
-0.385802
-0.394956
-0.393812
-0.392764
-0.391484
-0.389946
-0.388173
-0.38621
-0.395323
-0.394074
-0.392998
-0.391724
-0.390225
-0.388525
-0.395697
-0.394354
-0.393255
-0.391992
-0.390535
-0.38891
-0.396063
-0.394639
-0.393524
-0.392275
-0.390864
-0.389317
-0.396407
-0.394917
-0.393792
-0.392564
-0.391202
-0.389736
-0.396716
-0.395177
-0.39405
-0.392848
-0.39154
-0.396979
-0.395407
-0.394288
-0.393118
-0.391868
-0.397186
-0.395599
-0.394496
-0.393365
-0.392176
-0.397327
-0.395743
-0.394667
-0.39358
-0.392457
-0.397394
-0.395832
-0.394792
-0.393757
-0.39738
-0.39586
-0.394865
-0.393888
-0.39728
-0.39582
-0.39488
-0.393967
-0.39709
-0.39571
-0.394833
-0.39399
-0.396807
-0.395525
-0.394721
-0.393953
-0.396431
-0.395264
-0.394541
-0.393853
-0.395962
-0.394927
-0.394292
-0.393689
-0.395403
-0.394515
-0.393976
-0.393462
-0.394756
-0.394032
-0.393595
-0.394029
-0.39348
-0.393151
-0.393227
-0.392867
-0.39265
-0.39236
-0.392199
-0.392098
-0.391439
-0.391485
-0.391503
-0.390475
-0.390736
-0.390875
-0.389481
-0.389962
-0.390224
-0.388473
-0.389177
-0.389561
-0.257003
-0.261147
-0.265166
-0.269066
-0.272852
-0.27653
-0.280103
-0.283578
-0.28696
-0.290254
-0.293465
-0.296596
-0.299654
-0.302642
-0.305565
-0.308428
-0.311236
-0.313996
-0.316714
-0.319398
-0.322061
-0.324717
-0.327384
-0.330086
-0.234319
-0.238255
-0.242092
-0.245832
-0.249479
-0.253038
-0.256512
-0.259907
-0.263225
-0.266472
-0.269653
-0.272772
-0.275836
-0.27885
-0.281822
-0.284758
-0.287669
-0.290563
-0.293453
-0.296352
-0.299278
-0.302247
-0.305283
-0.308409
-0.213721
-0.217432
-0.221064
-0.224618
-0.228098
-0.231506
-0.234846
-0.238122
-0.241336
-0.244493
-0.247596
-0.250649
-0.253656
-0.256622
-0.259552
-0.26245
-0.265321
-0.268173
-0.271009
-0.273836
-0.276661
-0.279489
-0.282328
-0.285183
-0.195084
-0.198556
-0.201962
-0.205305
-0.208587
-0.21181
-0.214977
-0.218089
-0.22115
-0.224161
-0.227124
-0.230044
-0.23292
-0.235758
-0.238558
-0.241324
-0.244059
-0.246766
-0.249448
-0.252108
-0.254752
-0.257384
-0.26001
-0.262638
-0.178121
-0.181352
-0.18453
-0.187655
-0.190731
-0.193757
-0.196736
-0.19967
-0.20256
-0.205407
-0.208215
-0.210983
-0.213715
-0.216412
-0.219077
-0.221711
-0.224317
-0.226898
-0.229455
-0.231993
-0.234515
-0.237024
-0.239524
-0.242019
-0.162664
-0.16566
-0.168611
-0.17152
-0.174387
-0.177214
-0.180001
-0.182751
-0.185464
-0.188141
-0.190784
-0.193395
-0.195974
-0.198522
-0.201042
-0.203535
-0.206001
-0.208443
-0.210863
-0.21326
-0.215638
-0.217998
-0.220341
-0.22267
-0.148544
-0.151313
-0.154046
-0.156744
-0.159407
-0.162037
-0.164634
-0.1672
-0.169735
-0.17224
-0.174716
-0.177164
-0.179585
-0.18198
-0.184349
-0.186694
-0.189016
-0.191315
-0.193593
-0.19585
-0.198088
-0.200308
-0.202511
-0.204698
-0.135629
-0.138183
-0.140707
-0.143203
-0.14567
-0.148109
-0.150521
-0.152907
-0.155267
-0.157603
-0.159914
-0.162202
-0.164467
-0.166709
-0.16893
-0.171131
-0.173311
-0.175472
-0.177614
-0.179738
-0.181844
-0.183934
-0.186008
-0.188067
-0.123797
-0.126149
-0.128477
-0.13078
-0.133061
-0.135318
-0.137553
-0.139767
-0.141959
-0.144131
-0.146282
-0.148414
-0.150527
-0.152622
-0.154698
-0.156757
-0.158799
-0.160824
-0.162833
-0.164827
-0.166806
-0.168769
-0.170719
-0.172655
-0.112943
-0.115107
-0.11725
-0.119374
-0.121479
-0.123565
-0.125633
-0.127682
-0.129714
-0.13173
-0.133728
-0.135711
-0.137678
-0.139629
-0.141566
-0.143488
-0.145396
-0.147291
-0.149172
-0.15104
-0.152896
-0.154739
-0.156571
-0.158391
-0.102975
-0.104964
-0.106937
-0.108893
-0.110833
-0.112759
-0.114669
-0.116564
-0.118445
-0.120312
-0.122166
-0.124007
-0.125835
-0.12765
-0.129453
-0.131245
-0.133025
-0.134794
-0.136552
-0.1383
-0.140037
-0.141765
-0.143483
-0.145192
-0.0938111
-0.0956388
-0.0974529
-0.0992537
-0.101041
-0.102817
-0.10458
-0.106331
-0.10807
-0.109798
-0.111515
-0.113222
-0.114918
-0.116604
-0.118281
-0.119948
-0.121606
-0.123255
-0.124896
-0.126528
-0.128153
-0.129769
-0.131378
-0.13298
-0.0853754
-0.0870547
-0.0887228
-0.0903799
-0.0920264
-0.0936626
-0.0952889
-0.0969054
-0.0985126
-0.100111
-0.1017
-0.103281
-0.104853
-0.106418
-0.107975
-0.109524
-0.111067
-0.112602
-0.114131
-0.115654
-0.11717
-0.118681
-0.120185
-0.121685
-0.0776056
-0.0791481
-0.0806815
-0.082206
-0.0837218
-0.0852293
-0.0867288
-0.0882204
-0.0897045
-0.0911813
-0.0926512
-0.0941143
-0.0955709
-0.0970214
-0.0984658
-0.0999045
-0.101338
-0.102766
-0.104189
-0.105607
-0.107021
-0.10843
-0.109836
-0.111238
-0.0704405
-0.0718577
-0.0732674
-0.0746698
-0.0760653
-0.077454
-0.0788363
-0.0802123
-0.0815823
-0.0829465
-0.0843052
-0.0856587
-0.0870071
-0.0883507
-0.0896898
-0.0910245
-0.0923552
-0.0936819
-0.0950051
-0.0963248
-0.0976414
-0.0989549
-0.100266
-0.101574
-0.0638278
-0.0651301
-0.0664262
-0.0677165
-0.0690012
-0.0702804
-0.0715545
-0.0728236
-0.074088
-0.0753478
-0.0766034
-0.0778548
-0.0791025
-0.0803464
-0.081587
-0.0828244
-0.0840588
-0.0852905
-0.0865196
-0.0877464
-0.0889711
-0.0901939
-0.0914151
-0.0926347
-0.0577194
-0.0589164
-0.0601085
-0.0612959
-0.0624787
-0.0636572
-0.0648316
-0.066002
-0.0671688
-0.068332
-0.0694919
-0.0706488
-0.0718027
-0.072954
-0.0741027
-0.0752492
-0.0763936
-0.0775361
-0.078677
-0.0798164
-0.0809546
-0.0820917
-0.083228
-0.0843637
-0.052073
-0.0531736
-0.0542703
-0.0553631
-0.0564524
-0.0575381
-0.0586207
-0.0597001
-0.0607767
-0.0618506
-0.062922
-0.0639911
-0.065058
-0.0661231
-0.0671863
-0.068248
-0.0693084
-0.0703676
-0.0714258
-0.0724832
-0.0735401
-0.0745965
-0.0756528
-0.076709
-0.047862
-0.0488712
-0.0498773
-0.0508806
-0.0518811
-0.0528791
-0.0538747
-0.0548681
-0.0558595
-0.056849
-0.0578368
-0.0588231
-0.059808
-0.0607918
-0.0617746
-0.0627565
-0.0637379
-0.0647188
-0.0656994
-0.06668
-0.0676606
-0.0686416
-0.069623
-0.0429449
-0.043874
-0.0448006
-0.045725
-0.0466472
-0.0475675
-0.0484859
-0.0494026
-0.0503178
-0.0512316
-0.0521442
-0.0530558
-0.0539665
-0.0548764
-0.0557858
-0.0566949
-0.0576036
-0.0585123
-0.0594212
-0.0603303
-0.0612399
-0.0621501
-0.0630611
-0.0383911
-0.0392468
-0.0401005
-0.0409524
-0.0418026
-0.0426513
-0.0434985
-0.0443445
-0.0451894
-0.0460333
-0.0468764
-0.0477187
-0.0485606
-0.049402
-0.0502432
-0.0510843
-0.0519255
-0.0527668
-0.0536086
-0.0544509
-0.0552939
-0.0561378
-0.0569826
-0.0341704
-0.0349587
-0.0357455
-0.0365309
-0.0373149
-0.0380978
-0.0388796
-0.0396604
-0.0404404
-0.0412197
-0.0419985
-0.0427768
-0.0435549
-0.0443328
-0.0451106
-0.0458886
-0.0466669
-0.0474456
-0.0482248
-0.0490047
-0.0497855
-0.0505672
-0.0513501
-0.0521343
-0.0302575
-0.030984
-0.0317093
-0.0324334
-0.0331566
-0.0338787
-0.0346001
-0.0353208
-0.0360409
-0.0367606
-0.0374799
-0.0381989
-0.0389179
-0.0396368
-0.0403559
-0.0410753
-0.041795
-0.0425153
-0.0432362
-0.0439579
-0.0446806
-0.0454042
-0.0461291
-0.0468553
-0.026627
-0.0272968
-0.0279656
-0.0286335
-0.0293006
-0.029967
-0.0306327
-0.031298
-0.0319628
-0.0326274
-0.0332917
-0.0339559
-0.0346202
-0.0352846
-0.0359492
-0.0366141
-0.0372795
-0.0379455
-0.0386121
-0.0392796
-0.039948
-0.0406175
-0.0412882
-0.0419601
-0.0232575
-0.0238752
-0.0244921
-0.0251083
-0.0257238
-0.0263388
-0.0269533
-0.0275674
-0.0281813
-0.0287949
-0.0294084
-0.0300219
-0.0306355
-0.0312493
-0.0318634
-0.0324778
-0.0330927
-0.0337082
-0.0343244
-0.0349414
-0.0355593
-0.0361782
-0.0367983
-0.0374195
-0.0201288
-0.0206986
-0.0212678
-0.0218363
-0.0224044
-0.022972
-0.0235393
-0.0241062
-0.024673
-0.0252396
-0.0258062
-0.0263728
-0.0269395
-0.0275065
-0.0280737
-0.0286413
-0.0292094
-0.029778
-0.0303473
-0.0309173
-0.0314882
-0.03206
-0.0326329
-0.0332069
-0.0172224
-0.0177482
-0.0182735
-0.0187983
-0.0193227
-0.0198467
-0.0203705
-0.0208939
-0.0214172
-0.0219405
-0.0224637
-0.0229869
-0.0235103
-0.0240338
-0.0245576
-0.0250818
-0.0256065
-0.0261316
-0.0266573
-0.0271837
-0.0277109
-0.0282389
-0.0287679
-0.0292979
-0.0145222
-0.0150076
-0.0154925
-0.015977
-0.0164611
-0.0169449
-0.0174284
-0.0179117
-0.0183949
-0.018878
-0.0193611
-0.0198443
-0.0203275
-0.0208109
-0.0212946
-0.0217786
-0.0222629
-0.0227477
-0.023233
-0.0237189
-0.0242055
-0.0246928
-0.0251809
-0.02567
-0.0120132
-0.0124613
-0.012909
-0.0133563
-0.0138033
-0.01425
-0.0146965
-0.0151427
-0.0155889
-0.0160349
-0.0164809
-0.016927
-0.0173731
-0.0178194
-0.0182658
-0.0187125
-0.0191595
-0.0196069
-0.0200547
-0.0205031
-0.020952
-0.0214015
-0.0218517
-0.0223026
-0.00968123
-0.010095
-0.0105084
-0.0109215
-0.0113342
-0.0117467
-0.012159
-0.012571
-0.012983
-0.0133948
-0.0138066
-0.0142183
-0.0146301
-0.015042
-0.015454
-0.0158663
-0.0162787
-0.0166914
-0.0171045
-0.017518
-0.0179319
-0.0183464
-0.0187614
-0.019177
-0.00751391
-0.00789608
-0.00827789
-0.00865936
-0.00904054
-0.00942145
-0.00980213
-0.0101826
-0.0105629
-0.0109431
-0.0113232
-0.0117033
-0.0120834
-0.0124634
-0.0128436
-0.0132239
-0.0136044
-0.013985
-0.0143659
-0.0147471
-0.0151287
-0.0155106
-0.015893
-0.0162759
-0.00549958
-0.0058526
-0.00620528
-0.00655763
-0.00690967
-0.00726145
-0.00761298
-0.0079643
-0.00831543
-0.00866641
-0.00901726
-0.00936803
-0.00971874
-0.0100694
-0.0104201
-0.0107709
-0.0111217
-0.0114727
-0.0118238
-0.0121751
-0.0125267
-0.0128785
-0.0132307
-0.0135832
-0.00362777
-0.00395391
-0.00427971
-0.00460518
-0.00493034
-0.00525522
-0.00557983
-0.00590421
-0.00622838
-0.00655237
-0.00687619
-0.00719988
-0.00752346
-0.00784697
-0.00817042
-0.00849386
-0.00881731
-0.00914081
-0.00946437
-0.00978805
-0.0101119
-0.0104358
-0.01076
-0.0110845
-0.00188876
-0.0021901
-0.0024911
-0.00279176
-0.0030921
-0.00339215
-0.00369192
-0.00399142
-0.00429068
-0.00458973
-0.00488857
-0.00518724
-0.00548575
-0.00578413
-0.0060824
-0.00638059
-0.00667872
-0.00697682
-0.00727491
-0.00757302
-0.00787118
-0.00816941
-0.00846774
-0.0087662
-0.00027365
-0.000552111
-0.000830218
-0.00110798
-0.00138541
-0.00166253
-0.00193935
-0.00221588
-0.00249214
-0.00276814
-0.00304391
-0.00331946
-0.00359481
-0.00386998
-0.00414498
-0.00441984
-0.00469457
-0.00496921
-0.00524376
-0.00551825
-0.0057927
-0.00606713
-0.00634157
-0.00661604
0.00122569
0.000968354
0.000711379
0.000454759
0.000198483
-5.74596e-05
-0.000313081
-0.000568392
-0.000823405
-0.00107813
-0.00133259
-0.00158678
-0.00184074
-0.00209446
-0.00234797
-0.00260128
-0.0028544
-0.00310736
-0.00336017
-0.00361285
-0.00386541
-0.00411787
-0.00437025
-0.00462257
0.00261682
0.00237899
0.00214152
0.00190442
0.00166768
0.00143129
0.00119524
0.000959521
0.000724128
0.00048905
0.000254277
1.97978e-05
-0.000214398
-0.000448321
-0.000681984
-0.000915398
-0.00114858
-0.00138153
-0.00161427
-0.00184682
-0.00207918
-0.00231137
-0.0025434
-0.0027753
0.00390669
0.00368686
0.0034674
0.00324833
0.00302962
0.00281128
0.0025933
0.00237567
0.00215839
0.00194145
0.00172485
0.00150857
0.00129261
0.00107696
0.00086161
0.000646554
0.000431782
0.000217283
3.04852e-06
-0.000210932
-0.000424668
-0.000638172
-0.000851452
-0.00106452
0.0051017
0.00489849
0.00469566
0.00449322
0.00429116
0.00408948
0.00388818
0.00368724
0.00348668
0.00328648
0.00308664
0.00288716
0.00268802
0.00248923
0.00229077
0.00209265
0.00189484
0.00169736
0.00150019
0.00130331
0.00110674
0.000910448
0.000714439
0.000518702
0.0062078
0.00601992
0.00583243
0.00564534
0.00545865
0.00527234
0.00508642
0.0049009
0.00471575
0.004531
0.00434662
0.00416262
0.003979
0.00379574
0.00361286
0.00343033
0.00324817
0.00306636
0.00288489
0.00270378
0.002523
0.00234255
0.00216244
0.00198264
0.00723045
0.00705673
0.00688339
0.00671046
0.00653793
0.00636581
0.00619408
0.00602276
0.00585183
0.00568131
0.00551118
0.00534146
0.00517212
0.00500319
0.00483464
0.00466649
0.00449872
0.00433133
0.00416433
0.00399771
0.00383146
0.00366559
0.00350008
0.00333494
0.00817476
0.00801407
0.00785379
0.00769392
0.00753445
0.00737539
0.00721674
0.0070585
0.00690068
0.00674327
0.00658627
0.00642968
0.00627351
0.00611775
0.0059624
0.00580747
0.00565294
0.00549883
0.00534512
0.00519182
0.00503892
0.00488643
0.00473434
0.00458265
0.00904542
0.00889676
0.0087485
0.00860065
0.00845321
0.00830619
0.00815958
0.00801339
0.00786762
0.00772228
0.00757735
0.00743286
0.00728879
0.00714514
0.00700193
0.00685914
0.00671679
0.00657486
0.00643336
0.00629229
0.00615165
0.00601143
0.00587165
0.00573229
0.00984681
0.00970921
0.00957202
0.00943523
0.00929886
0.00916291
0.00902738
0.00889227
0.00875758
0.00862333
0.00848951
0.00835612
0.00822317
0.00809065
0.00795858
0.00782695
0.00769575
0.00756501
0.00743471
0.00730485
0.00717544
0.00704648
0.00691796
0.0067899
0.010583
0.0104555
0.0103285
0.0102019
0.0100757
0.00994992
0.00982456
0.00969962
0.00957512
0.00945105
0.00932741
0.00920421
0.00908146
0.00895915
0.00883729
0.00871588
0.00859492
0.00847442
0.00835437
0.00823478
0.00811564
0.00799697
0.00787877
0.00776102
0.0112577
0.0111396
0.0110219
0.0109046
0.0107877
0.0106713
0.0105552
0.0104396
0.0103244
0.0102097
0.0100954
0.00998152
0.00986811
0.00975514
0.00964263
0.00953057
0.00941896
0.00930782
0.00919715
0.00908693
0.00897719
0.00886792
0.00875912
0.00865079
0.0118743
0.0117648
0.0116556
0.0115469
0.0114385
0.0113306
0.0112231
0.011116
0.0110094
0.0109032
0.0107974
0.0106921
0.0105872
0.0104828
0.0103788
0.0102753
0.0101722
0.0100696
0.00996746
0.0098658
0.00976461
0.0096639
0.00956366
0.00946391
0.0124361
0.0123344
0.012233
0.0121321
0.0120315
0.0119314
0.0118317
0.0117324
0.0116336
0.0115351
0.0114371
0.0113396
0.0112425
0.0111458
0.0110496
0.0109538
0.0108585
0.0107637
0.0106694
0.0105755
0.010482
0.0103891
0.0102967
0.0102047
0.012946
0.0128514
0.0127571
0.0126633
0.0125698
0.0124768
0.0123842
0.012292
0.0122002
0.0121088
0.0120179
0.0119274
0.0118373
0.0117477
0.0116586
0.0115699
0.0114816
0.0113938
0.0113065
0.0112197
0.0111333
0.0110474
0.010962
0.010877
0.0134066
0.0133184
0.0132306
0.0131432
0.0130562
0.0129695
0.0128833
0.0127975
0.0127121
0.0126272
0.0125426
0.0124585
0.0123749
0.0122916
0.0122088
0.0121265
0.0120446
0.0119632
0.0118822
0.0118018
0.0117217
0.0116422
0.0115631
0.0114845
0.0138202
0.0137379
0.0136559
0.0135743
0.0134931
0.0134122
0.0133318
0.0132518
0.0131722
0.013093
0.0130142
0.0129358
0.0128579
0.0127804
0.0127033
0.0126267
0.0125505
0.0124748
0.0123996
0.0123248
0.0122504
0.0121766
0.0121032
0.0120303
0.0141891
0.0141119
0.0140351
0.0139587
0.0138827
0.0138071
0.0137318
0.0136569
0.0135825
0.0135084
0.0134348
0.0133616
0.0132887
0.0132164
0.0131444
0.0130729
0.0130019
0.0129312
0.0128611
0.0127913
0.0127221
0.0126533
0.0125849
0.0125171
0.0124497
0.0145149
0.0144424
0.0143703
0.0142985
0.0142271
0.014156
0.0140853
0.0140151
0.0139452
0.0138757
0.0138066
0.0137379
0.0136697
0.0136018
0.0135344
0.0134674
0.0134008
0.0133347
0.013269
0.0132038
0.013139
0.0130746
0.0130107
0.0129473
0.0128844
0.0147992
0.0147308
0.0146627
0.014595
0.0145276
0.0144606
0.0143939
0.0143277
0.0142618
0.0141963
0.0141312
0.0140665
0.0140022
0.0139383
0.0138748
0.0138118
0.0137492
0.0136869
0.0136252
0.0135638
0.0135029
0.0134425
0.0133825
0.0133229
0.0132638
0.0150433
0.0149784
0.0149138
0.0148496
0.0147857
0.0147221
0.014659
0.0145962
0.0145337
0.0144717
0.01441
0.0143487
0.0142879
0.0142274
0.0141673
0.0141076
0.0140484
0.0139895
0.0139311
0.0138731
0.0138156
0.0137584
0.0137017
0.0136455
0.0135897
0.0152477
0.0151858
0.0151241
0.0150628
0.0150019
0.0149413
0.0148811
0.0148212
0.0147617
0.0147025
0.0146437
0.0145854
0.0145274
0.0144697
0.0144125
0.0143557
0.0142993
0.0142432
0.0141876
0.0141324
0.0140777
0.0140233
0.0139694
0.0139159
0.0138628
0.0154132
0.0153536
0.0152944
0.0152355
0.015177
0.0151188
0.0150609
0.0150034
0.0149463
0.0148895
0.014833
0.014777
0.0147213
0.014666
0.0146111
0.0145565
0.0145024
0.0144486
0.0143953
0.0143423
0.0142898
0.0142377
0.0141859
0.0141346
0.0140837
0.015539
0.0154814
0.0154241
0.0153671
0.0153104
0.0152541
0.0151981
0.0151424
0.0150871
0.0150321
0.0149775
0.0149233
0.0148694
0.0148159
0.0147627
0.0147099
0.0146575
0.0146055
0.0145539
0.0145026
0.0144518
0.0144013
0.0143513
0.0143016
0.0142524
0.0156252
0.0155688
0.0155128
0.0154571
0.0154017
0.0153466
0.0152919
0.0152375
0.0151834
0.0151297
0.0150763
0.0150232
0.0149706
0.0149182
0.0148663
0.0148147
0.0147634
0.0147126
0.0146621
0.014612
0.0145622
0.0145129
0.014464
0.0144154
0.0143672
0.0156701
0.0156145
0.0155593
0.0155044
0.0154498
0.0153956
0.0153416
0.015288
0.0152346
0.0151816
0.015129
0.0150766
0.0150246
0.014973
0.0149216
0.0148707
0.0148201
0.0147698
0.0147199
0.0146703
0.0146211
0.0145723
0.0145239
0.0144758
0.0144281
0.0132643
0.0132181
0.0131721
0.0131265
0.0130813
0.0130365
0.012992
0.0129479
0.0129041
0.0128608
0.0128178
0.0127752
0.0127329
0.0126911
0.0126497
0.0126086
0.012568
0.0125277
0.0124879
0.0124484
0.0124094
0.0123708
0.0123326
0.0122948
0.0122574
0.0132125
0.0131655
0.0131188
0.0130725
0.0130265
0.0129809
0.0129357
0.0128909
0.0128464
0.0128024
0.0127587
0.0127155
0.0126726
0.0126302
0.0125881
0.0125465
0.0125052
0.0124644
0.012424
0.012384
0.0123445
0.0123054
0.0122667
0.0122284
0.0121906
0.0131122
0.0130639
0.013016
0.0129685
0.0129213
0.0128746
0.0128282
0.0127822
0.0127366
0.0126914
0.0126465
0.0126021
0.0125581
0.0125146
0.0124714
0.0124286
0.0123863
0.0123444
0.0123029
0.0122619
0.0122213
0.0121811
0.0121414
0.0121021
0.0120633
0.0129653
0.0129152
0.0128655
0.0128162
0.0127673
0.0127188
0.0126706
0.0126229
0.0125755
0.0125286
0.0124821
0.012436
0.0123903
0.012345
0.0123002
0.0122558
0.0122118
0.0121683
0.0121252
0.0120826
0.0120404
0.0119986
0.0119573
0.0119165
0.0118761
0.012772
0.0127196
0.0126676
0.012616
0.0125648
0.012514
0.0124636
0.0124136
0.0123641
0.0123149
0.0122662
0.0122179
0.01217
0.0121225
0.0120755
0.012029
0.0119829
0.0119372
0.011892
0.0118472
0.0118029
0.0117591
0.0117157
0.0116728
0.0116304
0.0125328
0.0124776
0.0124228
0.0123684
0.0123143
0.0122607
0.0122075
0.0121548
0.0121024
0.0120505
0.011999
0.011948
0.0118974
0.0118472
0.0117975
0.0117483
0.0116995
0.0116511
0.0116033
0.0115559
0.0115089
0.0114625
0.0114165
0.011371
0.011326
0.0122469
0.0121883
0.0121301
0.0120723
0.012015
0.011958
0.0119015
0.0118454
0.0117898
0.0117346
0.0116798
0.0116255
0.0115716
0.0115183
0.0114653
0.0114128
0.0113608
0.0113093
0.0112583
0.0112077
0.0111576
0.011108
0.0110589
0.0110103
0.0109621
0.0119134
0.0118509
0.0117888
0.0117271
0.0116658
0.011605
0.0115446
0.0114847
0.0114252
0.0113661
0.0113075
0.0112494
0.0111917
0.0111345
0.0110778
0.0110216
0.0109658
0.0109105
0.0108557
0.0108014
0.0107476
0.0106943
0.0106415
0.0105892
0.0105374
0.0115308
0.0114637
0.0113971
0.0113309
0.0112652
0.0111999
0.0111351
0.0110707
0.0110067
0.0109433
0.0108803
0.0108178
0.0107557
0.0106941
0.0106331
0.0105725
0.0105124
0.0104528
0.0103937
0.0103351
0.010277
0.0102194
0.0101624
0.0101058
0.0100498
0.0110971
0.0110249
0.0109532
0.010882
0.0108111
0.0107408
0.0106709
0.0106015
0.0105325
0.010464
0.010396
0.0103285
0.0102615
0.0101949
0.0101289
0.0100633
0.00999829
0.00993376
0.00986974
0.00980624
0.00974325
0.00968078
0.00961883
0.00955741
0.00949651
0.0106101
0.0105322
0.0104547
0.0103778
0.0103012
0.0102252
0.0101496
0.0100745
0.00999982
0.00992568
0.00985202
0.00977886
0.0097062
0.00963404
0.00956239
0.00949126
0.00942063
0.00935052
0.00928094
0.00921187
0.00914334
0.00907533
0.00900785
0.00894091
0.0088745
0.0100672
0.0099829
0.00989903
0.00981563
0.00973271
0.00965026
0.00956829
0.00948682
0.00940583
0.00932534
0.00924535
0.00916587
0.00908689
0.00900843
0.00893048
0.00885306
0.00877615
0.00869978
0.00862393
0.00854861
0.00847383
0.00839958
0.00832587
0.00825271
0.00818008
0.00946553
0.00937405
0.00928305
0.00919252
0.00910247
0.00901291
0.00892384
0.00883526
0.00874719
0.00865963
0.00857257
0.00848602
0.0084
0.00831449
0.00822951
0.00814505
0.00806112
0.00797773
0.00789487
0.00781254
0.00773076
0.00764952
0.00756883
0.00748868
0.00740908
0.00880182
0.00870241
0.00860348
0.00850503
0.00840708
0.00830962
0.00821266
0.0081162
0.00802026
0.00792482
0.00782991
0.00773551
0.00764163
0.00754828
0.00745546
0.00736317
0.00727141
0.00718019
0.00708951
0.00699937
0.00690978
0.00682073
0.00673222
0.00664426
0.00655685
0.00807255
0.00796437
0.00785667
0.00774947
0.00764276
0.00753656
0.00743086
0.00732567
0.007221
0.00711684
0.0070132
0.00691009
0.0068075
0.00670544
0.00660392
0.00650292
0.00640246
0.00630254
0.00620316
0.00610432
0.00600602
0.00590826
0.00581105
0.00571439
0.00561827
0.00727393
0.00715607
0.00703869
0.00692182
0.00680545
0.00668958
0.00657422
0.00645938
0.00634505
0.00623124
0.00611795
0.00600519
0.00589295
0.00578124
0.00567006
0.00555942
0.0054493
0.00533972
0.00523068
0.00512217
0.0050142
0.00490677
0.00479987
0.00469352
0.0045877
0.00640187
0.00627334
0.0061453
0.00601775
0.00589072
0.00576419
0.00563817
0.00551267
0.00538768
0.0052632
0.00513925
0.00501582
0.00489291
0.00477052
0.00464866
0.00452733
0.00440652
0.00428624
0.00416648
0.00404726
0.00392855
0.00381038
0.00369273
0.0035756
0.003459
0.00545199
0.00531171
0.00517192
0.00503263
0.00489385
0.00475557
0.0046178
0.00448054
0.00434379
0.00420755
0.00407182
0.00393661
0.00380192
0.00366773
0.00353407
0.00340091
0.00326827
0.00313614
0.00300453
0.00287342
0.00274282
0.00261274
0.00248315
0.00235407
0.00222549
0.00441962
0.00426642
0.00411371
0.00396149
0.00380978
0.00365856
0.00350785
0.00335764
0.00320792
0.00305872
0.00291001
0.0027618
0.00261409
0.00246689
0.00232018
0.00217396
0.00202824
0.00188301
0.00173828
0.00159402
0.00145026
0.00130697
0.00116416
0.00102182
0.000879957
0.00329978
0.00313237
0.00296546
0.00279903
0.00263309
0.00246764
0.00230268
0.00213821
0.00197422
0.00181072
0.00164771
0.00148517
0.00132312
0.00116154
0.00100044
0.000839804
0.000679637
0.000519932
0.000360687
0.000201895
4.35522e-05
-0.000114346
-0.000271806
-0.000428832
-0.00058543
0.0020872
0.00190419
0.00172167
0.00153962
0.00135804
0.00117694
0.000996304
0.00081614
0.000636442
0.000457207
0.000278431
0.000100111
-7.77593e-05
-0.000255183
-0.000432166
-0.000608713
-0.00078483
-0.000960524
-0.0011358
-0.00131067
-0.00148513
-0.00165919
-0.00183287
-0.00200617
-0.00217909
0.000776249
0.000576116
0.000376443
0.000177227
-2.15363e-05
-0.000219849
-0.000417714
-0.000615138
-0.000812124
-0.00100868
-0.00120481
-0.00140052
-0.00159581
-0.0017907
-0.00198519
-0.0021793
-0.00237301
-0.00256636
-0.00275934
-0.00295197
-0.00314426
-0.0033362
-0.00352783
-0.00371914
-0.000639011
-0.000857947
-0.00107645
-0.00129452
-0.00151216
-0.00172938
-0.00194619
-0.00216259
-0.00237859
-0.00259421
-0.00280943
-0.00302429
-0.00323878
-0.00345291
-0.00366671
-0.00388016
-0.0040933
-0.00430613
-0.00451867
-0.00473092
-0.0049429
-0.00515462
-0.0053661
-0.00557735
-0.00216485
-0.00240443
-0.00264361
-0.00288238
-0.00312077
-0.00335877
-0.0035964
-0.00383367
-0.00407058
-0.00430716
-0.0045434
-0.00477933
-0.00501496
-0.0052503
-0.00548536
-0.00572016
-0.00595472
-0.00618905
-0.00642316
-0.00665708
-0.00689082
-0.0071244
-0.00735784
-0.00759116
-0.00380797
-0.0040702
-0.00433207
-0.00459358
-0.00485474
-0.00511557
-0.00537608
-0.00563628
-0.00589619
-0.00615583
-0.0064152
-0.00667432
-0.00693322
-0.00719191
-0.00745041
-0.00770873
-0.00796691
-0.00822495
-0.00848288
-0.00874073
-0.00899851
-0.00925625
-0.00951397
-0.00977169
-0.00557545
-0.00586255
-0.00614932
-0.00643579
-0.00672196
-0.00700787
-0.00729351
-0.00757892
-0.00786411
-0.00814909
-0.0084339
-0.00871855
-0.00900306
-0.00928746
-0.00957178
-0.00985602
-0.0101402
-0.0104244
-0.0107086
-0.0109929
-0.0112772
-0.0115617
-0.0118462
-0.0121309
-0.00747481
-0.00778918
-0.00810328
-0.00841714
-0.00873078
-0.00904422
-0.00935747
-0.00967057
-0.00998354
-0.0102964
-0.0106092
-0.0109219
-0.0112346
-0.0115473
-0.0118601
-0.0121729
-0.0124858
-0.0127988
-0.013112
-0.0134254
-0.0137391
-0.014053
-0.0143672
-0.0146818
-0.00951401
-0.0098583
-0.0102024
-0.0105463
-0.0108901
-0.0112338
-0.0115773
-0.0119209
-0.0122644
-0.0126079
-0.0129514
-0.013295
-0.0136387
-0.0139826
-0.0143266
-0.0146709
-0.0150154
-0.0153603
-0.0157055
-0.016051
-0.016397
-0.0167435
-0.0170905
-0.0174381
-0.0117015
-0.0120786
-0.0124556
-0.0128325
-0.0132094
-0.0135863
-0.0139631
-0.0143401
-0.0147171
-0.0150943
-0.0154716
-0.0158492
-0.016227
-0.0166052
-0.0169837
-0.0173626
-0.0177419
-0.0181218
-0.0185022
-0.0188833
-0.019265
-0.0196474
-0.0200307
-0.0204147
-0.0140464
-0.0144595
-0.0148726
-0.0152857
-0.0156988
-0.0161121
-0.0165255
-0.0169391
-0.017353
-0.0177671
-0.0181816
-0.0185965
-0.0190119
-0.0194277
-0.0198441
-0.0202612
-0.0206789
-0.0210974
-0.0215167
-0.0219368
-0.022358
-0.0227801
-0.0232033
-0.0236276
-0.0165582
-0.0170107
-0.0174633
-0.0179161
-0.0183691
-0.0188223
-0.0192758
-0.0197297
-0.020184
-0.0206388
-0.0210941
-0.02155
-0.0220066
-0.0224639
-0.022922
-0.023381
-0.023841
-0.0243019
-0.024764
-0.0252273
-0.0256919
-0.0261578
-0.0266251
-0.027094
-0.0192472
-0.0197429
-0.0202389
-0.0207352
-0.0212318
-0.0217288
-0.0222263
-0.0227243
-0.023223
-0.0237224
-0.0242225
-0.0247234
-0.0252253
-0.0257282
-0.0262322
-0.0267373
-0.0272437
-0.0277515
-0.0282607
-0.0287715
-0.0292839
-0.0297981
-0.0303142
-0.0308322
-0.0221242
-0.0226673
-0.0232108
-0.0237547
-0.0242992
-0.0248442
-0.0253899
-0.0259364
-0.0264837
-0.027032
-0.0275812
-0.0281316
-0.0286833
-0.0292362
-0.0297905
-0.0303464
-0.0309039
-0.0314632
-0.0320243
-0.0325873
-0.0331525
-0.0337199
-0.0342896
-0.0348618
-0.025201
-0.025796
-0.0263915
-0.0269876
-0.0275844
-0.0281821
-0.0287806
-0.0293802
-0.0299808
-0.0305827
-0.0311859
-0.0317905
-0.0323967
-0.0330046
-0.0336143
-0.0342259
-0.0348395
-0.0354553
-0.0360735
-0.0366941
-0.0373173
-0.0379433
-0.0385722
-0.0392042
-0.0284905
-0.0291422
-0.0297946
-0.0304478
-0.0311019
-0.0317571
-0.0324134
-0.0330711
-0.0337302
-0.0343908
-0.035053
-0.0357171
-0.0363831
-0.0370513
-0.0377216
-0.0383943
-0.0390696
-0.0397476
-0.0404284
-0.0411123
-0.0417993
-0.0424898
-0.0431838
-0.0438816
-0.0320056
-0.0327193
-0.0334339
-0.0341495
-0.0348664
-0.0355846
-0.0363042
-0.0370254
-0.0377484
-0.0384733
-0.0392003
-0.0399295
-0.040661
-0.0413952
-0.042132
-0.0428718
-0.0436147
-0.0443608
-0.0451105
-0.0458638
-0.046621
-0.0473824
-0.048148
-0.0489182
-0.0357613
-0.0365427
-0.0373253
-0.0381091
-0.0388945
-0.0396815
-0.0404702
-0.041261
-0.0420538
-0.042849
-0.0436467
-0.0444471
-0.0452503
-0.0460567
-0.0468664
-0.0476795
-0.0484965
-0.0493173
-0.0501424
-0.0509719
-0.051806
-0.0526452
-0.0534894
-0.0543392
-0.0397734
-0.0406287
-0.0414854
-0.0423437
-0.0432038
-0.0440659
-0.0449301
-0.0457967
-0.0466658
-0.0475377
-0.0484127
-0.0492908
-0.0501724
-0.0510577
-0.051947
-0.0528404
-0.0537383
-0.0546409
-0.0555485
-0.0564614
-0.0573798
-0.0583041
-0.0592346
-0.0601716
-0.0440584
-0.0449944
-0.045932
-0.0468715
-0.0478131
-0.0487571
-0.0497036
-0.0506528
-0.0516052
-0.0525608
-0.05352
-0.0544829
-0.05545
-0.0564215
-0.0573976
-0.0583786
-0.0593649
-0.0603569
-0.0613547
-0.0623587
-0.0633694
-0.064387
-0.0654119
-0.0664445
-0.0486362
-0.0496599
-0.0506855
-0.0517134
-0.0527436
-0.0537766
-0.0548126
-0.0558519
-0.0568947
-0.0579414
-0.0589923
-0.0600476
-0.0611077
-0.062173
-0.0632437
-0.0643203
-0.065403
-0.0664923
-0.0675885
-0.0686921
-0.0698034
-0.0709229
-0.0720509
-0.073188
-0.0535266
-0.0546456
-0.0557668
-0.0568905
-0.0580171
-0.0591469
-0.0602801
-0.0614171
-0.0625583
-0.0637039
-0.0648544
-0.0660101
-0.0671714
-0.0683386
-0.0695122
-0.0706926
-0.0718802
-0.0730755
-0.0742788
-0.0754907
-0.0767117
-0.0779422
-0.0791827
-0.0804338
-0.0587517
-0.0599742
-0.0611991
-0.062427
-0.0636581
-0.0648928
-0.0661315
-0.0673745
-0.0686222
-0.0698751
-0.0711336
-0.0723981
-0.073669
-0.0749468
-0.076232
-0.077525
-0.0788263
-0.0801365
-0.0814561
-0.0827857
-0.0841257
-0.0854768
-0.0868395
-0.0882146
-0.0643356
-0.0656702
-0.0670077
-0.0683483
-0.0696925
-0.0710408
-0.0723935
-0.0737512
-0.0751142
-0.0764832
-0.0778584
-0.0792405
-0.08063
-0.0820273
-0.0834331
-0.0848479
-0.0862722
-0.0877068
-0.0891521
-0.090609
-0.0920779
-0.0935596
-0.0950547
-0.0965641
-0.070307
-0.0717628
-0.0732216
-0.0746839
-0.0761502
-0.077621
-0.0790967
-0.0805779
-0.0820652
-0.0835591
-0.0850602
-0.0865689
-0.0880861
-0.0896121
-0.0911478
-0.0926938
-0.0942506
-0.0958192
-0.0974
-0.098994
-0.100602
-0.102224
-0.103862
-0.105517
-0.0766949
-0.0782814
-0.079871
-0.0814644
-0.0830621
-0.0846646
-0.0862726
-0.0878867
-0.0895075
-0.0911356
-0.0927717
-0.0944164
-0.0960706
-0.0977348
-0.0994098
-0.101096
-0.102795
-0.104508
-0.106234
-0.107975
-0.109732
-0.111506
-0.113297
-0.115107
-0.083535
-0.0852618
-0.0869919
-0.0887258
-0.0904643
-0.092208
-0.0939575
-0.0957137
-0.0974771
-0.0992487
-0.101029
-0.102819
-0.104619
-0.106431
-0.108255
-0.110091
-0.111942
-0.113807
-0.115688
-0.117587
-0.119503
-0.121437
-0.123392
-0.125369
-0.0908635
-0.0927407
-0.094621
-0.0965052
-0.0983941
-0.100288
-0.102189
-0.104096
-0.106012
-0.107936
-0.109869
-0.111814
-0.113769
-0.115737
-0.117718
-0.119714
-0.121726
-0.123753
-0.125799
-0.127863
-0.129948
-0.132053
-0.134182
-0.136334
-0.0987241
-0.100762
-0.102802
-0.104846
-0.106895
-0.108949
-0.11101
-0.113077
-0.115153
-0.117239
-0.119334
-0.121441
-0.12356
-0.125693
-0.12784
-0.130003
-0.132183
-0.134382
-0.1366
-0.138839
-0.1411
-0.143385
-0.145696
-0.148033
-0.107167
-0.109375
-0.111585
-0.113798
-0.116015
-0.118237
-0.120466
-0.122702
-0.124947
-0.127201
-0.129466
-0.131742
-0.134032
-0.136337
-0.138657
-0.140995
-0.143351
-0.145727
-0.148124
-0.150545
-0.15299
-0.155462
-0.157962
-0.160491
-0.116244
-0.118631
-0.12102
-0.123411
-0.125805
-0.128204
-0.130608
-0.13302
-0.13544
-0.137869
-0.140309
-0.142762
-0.145229
-0.147711
-0.150209
-0.152726
-0.155263
-0.157822
-0.160403
-0.163011
-0.165645
-0.168307
-0.171001
-0.173728
-0.126021
-0.128597
-0.131172
-0.133748
-0.136325
-0.138907
-0.141493
-0.144085
-0.146685
-0.149294
-0.151914
-0.154546
-0.157193
-0.159855
-0.162534
-0.165233
-0.167953
-0.170696
-0.173464
-0.17626
-0.179084
-0.18194
-0.184829
-0.187754
-0.136569
-0.13934
-0.142108
-0.144875
-0.147641
-0.150409
-0.15318
-0.155956
-0.158738
-0.161528
-0.164329
-0.167142
-0.169968
-0.17281
-0.17567
-0.178549
-0.181451
-0.184377
-0.187329
-0.19031
-0.193322
-0.196368
-0.199451
-0.202572
-0.147973
-0.150944
-0.153909
-0.156869
-0.159826
-0.162782
-0.165738
-0.168696
-0.171659
-0.174629
-0.177607
-0.180595
-0.183597
-0.186614
-0.189648
-0.192702
-0.195779
-0.19888
-0.20201
-0.205169
-0.208362
-0.211592
-0.214861
-0.218172
-0.160328
-0.163502
-0.166665
-0.169818
-0.172963
-0.176103
-0.17924
-0.182375
-0.185512
-0.188653
-0.1918
-0.194955
-0.198121
-0.201302
-0.204498
-0.207714
-0.210953
-0.214216
-0.217508
-0.220831
-0.22419
-0.227587
-0.231025
-0.234511
-0.173748
-0.177123
-0.180479
-0.18382
-0.187146
-0.190461
-0.193768
-0.197068
-0.200365
-0.203662
-0.206961
-0.210266
-0.213579
-0.216904
-0.220243
-0.223602
-0.226982
-0.230387
-0.233822
-0.23729
-0.240796
-0.244342
-0.247933
-0.251574
-0.188362
-0.191931
-0.195472
-0.198987
-0.20248
-0.205954
-0.209411
-0.212855
-0.216289
-0.219717
-0.223142
-0.226566
-0.229995
-0.233432
-0.23688
-0.240345
-0.24383
-0.24734
-0.25088
-0.254455
-0.258071
-0.261735
-0.265451
-0.269228
-0.204338
-0.208085
-0.21179
-0.215459
-0.219094
-0.222698
-0.226276
-0.229832
-0.233368
-0.23689
-0.2404
-0.243905
-0.247406
-0.25091
-0.25442
-0.257942
-0.26148
-0.265038
-0.268623
-0.27224
-0.275895
-0.279595
-0.283346
-0.287159
-0.22185
-0.22575
-0.229592
-0.23338
-0.237119
-0.240813
-0.244466
-0.248083
-0.251668
-0.255228
-0.258766
-0.262289
-0.265802
-0.269311
-0.272823
-0.276343
-0.27988
-0.28344
-0.28703
-0.290659
-0.294334
-0.298064
-0.301855
-0.305715
-0.241189
-0.245199
-0.249128
-0.252981
-0.256762
-0.260476
-0.264129
-0.267725
-0.271272
-0.274774
-0.278237
-0.281668
-0.285074
-0.288461
-0.291837
-0.295211
-0.298593
-0.301993
-0.305423
-0.308897
-0.312433
-0.316047
-0.319764
-0.323607
-0.26248
-0.266545
-0.270499
-0.274346
-0.278094
-0.281748
-0.285314
-0.288799
-0.292208
-0.295548
-0.298823
-0.30204
-0.305203
-0.308318
-0.311389
-0.314422
-0.317422
-0.320394
-0.323344
-0.326282
-0.329216
-0.33216
-0.335131
-0.338153
)
;

boundaryField
{
    inlet
    {
        type            zeroGradient;
    }
    outlet
    {
        type            fixedValue;
        value           nonuniform 0();
    }
    cylinder
    {
        type            zeroGradient;
    }
    top
    {
        type            symmetryPlane;
    }
    bottom
    {
        type            symmetryPlane;
    }
    frontAndBack
    {
        type            empty;
    }
    procBoundary3to2
    {
        type            processor;
        value           nonuniform List<scalar> 
173
(
-0.559349
-0.551146
-0.544784
-0.544784
-0.5426
-0.534556
-0.534556
-0.52914
-0.517902
-0.504893
-0.504893
-0.491113
-0.473689
-0.454966
-0.435391
-0.435391
-0.412939
-0.392439
-0.372338
-0.372338
-0.349008
-0.33
-0.311785
-0.294373
-0.294373
-0.273443
-0.278017
-0.350186
-0.331853
-0.314399
-0.29782
-0.29782
-0.431898
-0.411638
-0.391601
-0.372082
-0.372082
-0.487137
-0.470034
-0.451651
-0.451651
-0.522354
-0.511438
-0.498824
-0.498824
-0.533733
-0.525682
-0.525682
-0.54982
-0.541014
-0.534268
-0.534268
-0.252729
-0.230279
-0.209926
-0.191545
-0.174834
-0.159624
-0.145738
-0.133044
-0.121419
-0.110758
-0.100968
-0.0919693
-0.0836846
-0.0760536
-0.0690156
-0.0625193
-0.0565172
-0.0509682
-0.0468496
-0.0468496
-0.0420133
-0.0375334
-0.0333804
-0.0295297
-0.0259561
-0.022639
-0.0195583
-0.0166959
-0.0140364
-0.0115647
-0.00926702
-0.00713134
-0.00514618
-0.00330126
-0.00158705
5.17659e-06
0.0014834
0.00285503
0.00412691
0.00530531
0.00639607
0.00740458
0.00833584
0.00919449
0.00998482
0.0107108
0.0113761
0.0119842
0.0125382
0.013041
0.0134951
0.013903
0.0142666
0.0145878
0.014868
0.0151086
0.01531
0.015473
0.015597
0.0156818
0.0157259
0.013311
0.0132599
0.0131608
0.0130157
0.0128248
0.0125884
0.0123059
0.0119764
0.0115982
0.0111697
0.0106884
0.010152
0.00955748
0.0089017
0.00818122
0.00739229
0.00653091
0.00559277
0.00457332
0.00346767
0.00227068
0.000976844
-0.000419633
-0.00192486
-0.00354535
-0.00528802
-0.00716015
-0.00916951
-0.0113243
-0.0136333
-0.0161057
-0.0187516
-0.0215814
-0.0246065
-0.0278395
-0.0312928
-0.0349809
-0.0389193
-0.0431239
-0.0476142
-0.0524097
-0.0575315
-0.0630034
-0.0688538
-0.0751111
-0.0818109
-0.0889887
-0.0966884
-0.10496
-0.113856
-0.123444
-0.133794
-0.144993
-0.15714
-0.170352
-0.184763
-0.200548
-0.217888
-0.237092
-0.258297
)
;
    }
    procBoundary3to4
    {
        type            processor;
        value           nonuniform List<scalar> 
257
(
-0.389271
-0.388723
-0.388202
-0.387722
-0.387298
-0.386945
-0.386676
-0.386505
-0.386505
-0.387327
-0.387451
-0.387704
-0.388095
-0.388633
-0.389321
-0.390165
-0.391166
-0.391166
-0.393412
-0.394749
-0.39623
-0.397848
-0.397848
-0.400688
-0.402565
-0.40454
-0.406597
-0.406597
-0.409784
-0.411953
-0.414143
-0.414143
-0.417259
-0.419405
-0.421504
-0.421504
-0.424128
-0.426009
-0.426009
-0.427852
-0.429394
-0.430798
-0.430798
-0.431176
-0.432132
-0.432132
-0.430897
-0.431379
-0.431379
-0.428188
-0.428216
-0.428216
-0.422816
-0.422816
-0.415423
-0.414709
-0.414709
-0.404826
-0.404826
-0.393568
-0.391705
-0.391705
-0.376245
-0.376245
-0.363253
-0.363253
-0.332855
-0.359415
-0.341256
-0.359415
-0.364572
-0.364572
-0.370441
-0.370441
-0.370824
-0.372304
-0.372304
-0.37322
-0.37322
-0.371983
-0.372019
-0.372019
-0.372261
-0.372261
-0.370886
-0.371657
-0.371657
-0.370585
-0.372137
-0.372137
-0.371452
-0.373746
-0.373746
-0.373436
-0.376246
-0.376246
-0.376235
-0.376393
-0.379456
-0.379456
-0.379775
-0.380209
-0.383126
-0.383126
-0.383598
-0.384134
-0.386666
-0.386666
-0.387157
-0.387672
-0.388201
-0.390156
-0.390156
-0.390568
-0.390963
-0.391332
-0.392703
-0.392703
-0.392907
-0.393062
-0.393164
-0.393208
-0.393191
-0.393113
-0.392972
-0.393173
-0.393173
-0.392824
-0.39242
-0.391967
-0.391472
-0.390945
-0.390394
-0.389832
-0.332855
-0.311656
-0.288062
-0.265277
-0.244514
-0.224985
-0.206872
-0.190112
-0.174578
-0.1602
-0.146891
-0.134575
-0.123179
-0.112636
-0.10288
-0.0938531
-0.0854989
-0.0777655
-0.070605
-0.063973
-0.0578287
-0.0578287
-0.0529199
-0.047583
-0.0426335
-0.0380422
-0.0337822
-0.029829
-0.02616
-0.0227544
-0.0195933
-0.0166593
-0.0139361
-0.0114092
-0.00906482
-0.00689055
-0.00487484
-0.00300706
-0.00127739
0.000323229
0.00180317
0.00317016
0.00443135
0.00559336
0.00666228
0.00764374
0.00854294
0.00936464
0.0101132
0.0107926
0.0114064
0.0119578
0.0119578
0.0123827
0.0128219
0.0132052
0.0135343
0.0138102
0.0140333
0.0142035
0.0143195
0.0143808
0.0122205
0.0121532
0.0120249
0.0118362
0.0115884
0.0112814
0.0109145
0.0104862
0.00999424
0.00943615
0.00880864
0.00810801
0.00733003
0.00647
0.0055227
0.00448242
0.00334292
0.00209741
0.000738557
-0.000741606
-0.00235165
-0.00391015
-0.00391015
-0.00578839
-0.00782437
-0.0100294
-0.0124159
-0.0149968
-0.0177863
-0.0207997
-0.0240533
-0.0275645
-0.0313523
-0.0354367
-0.0398394
-0.0445833
-0.0496932
-0.0551947
-0.0611154
-0.0674851
-0.0743346
-0.081696
-0.0896026
-0.0980885
-0.107188
-0.116937
-0.127367
-0.138512
-0.150399
-0.163053
-0.17649
-0.190718
-0.205736
-0.221529
-0.238046
-0.255269
-0.273071
-0.291043
-0.309652
-0.327606
-0.341256
)
;
    }
}


// ************************************************************************* //
