/*--------------------------------*- C++ -*----------------------------------*\
  =========                 |
  \\      /  F ield         | OpenFOAM: The Open Source CFD Toolbox
   \\    /   O peration     | Website:  https://openfoam.org
    \\  /    A nd           | Version:  7
     \\/     M anipulation  |
\*---------------------------------------------------------------------------*/
FoamFile
{
    version     2.0;
    format      ascii;
    class       volScalarField;
    location    "60";
    object      p;
}
// * * * * * * * * * * * * * * * * * * * * * * * * * * * * * * * * * * * * * //

dimensions      [0 2 -2 0 0 0 0];

internalField   nonuniform List<scalar> 
4575
(
0.254594
0.263815
0.272841
0.287578
0.281662
0.296695
0.290268
0.305582
0.298648
0.314228
0.306791
0.331352
0.322621
0.314688
0.339955
0.330748
0.322327
0.348264
0.338597
0.329698
0.356269
0.346157
0.336791
0.374135
0.363955
0.353416
0.343596
0.381963
0.371313
0.360362
0.350102
0.38943
0.378328
0.366986
0.356301
0.396522
0.384992
0.373276
0.362184
0.403229
0.391293
0.379223
0.367742
0.421836
0.409539
0.39722
0.384817
0.372968
0.428125
0.415442
0.402765
0.39005
0.377852
0.433971
0.420929
0.407918
0.394913
0.382389
0.439364
0.42599
0.412672
0.399398
0.38657
0.444296
0.430618
0.417017
0.403498
0.390391
0.448757
0.434804
0.420948
0.407207
0.393846
0.452741
0.438541
0.424457
0.410517
0.396929
0.45624
0.441824
0.42754
0.413425
0.399635
0.459249
0.444647
0.43019
0.415925
0.401961
0.461763
0.447004
0.432403
0.418013
0.403904
0.463777
0.448893
0.434176
0.419685
0.405459
0.480376
0.465288
0.45031
0.435506
0.42094
0.406625
0.481447
0.466293
0.451252
0.436391
0.421774
0.407401
0.481978
0.46679
0.451719
0.436829
0.422186
0.407784
0.481967
0.46678
0.451709
0.436819
0.422177
0.407775
0.481414
0.466261
0.451221
0.436361
0.421745
0.407373
0.48032
0.465234
0.450258
0.435456
0.420891
0.406579
0.463702
0.448821
0.434106
0.419617
0.405394
0.461667
0.446911
0.432313
0.417926
0.40382
0.459132
0.444533
0.43008
0.415818
0.401859
0.456101
0.44169
0.42741
0.413299
0.399514
0.45258
0.438386
0.424308
0.410372
0.396789
0.448575
0.434628
0.420778
0.407042
0.393687
0.444092
0.430422
0.416828
0.403314
0.390214
0.439139
0.425773
0.412462
0.399195
0.386375
0.433725
0.420691
0.407689
0.394691
0.382174
0.427857
0.415184
0.402516
0.389808
0.377619
0.421547
0.40926
0.396951
0.384556
0.372716
0.402929
0.391004
0.378943
0.367472
0.396202
0.384683
0.372976
0.361895
0.389089
0.378
0.366667
0.355994
0.381602
0.370964
0.360024
0.349776
0.373753
0.363587
0.353059
0.343251
0.35588
0.345781
0.336428
0.347856
0.338202
0.329316
0.339527
0.330334
0.321927
0.330905
0.322187
0.314269
0.313776
0.306354
0.30511
0.298192
0.296204
0.289793
0.281169
0.272329
0.263284
0.11941
0.120732
0.123248
0.126789
0.131208
0.136418
0.142284
0.148735
0.155611
0.162821
0.170151
0.177465
0.18445
0.190915
0.1964
0.20067
0.203054
0.203363
0.200565
0.194807
0.184227
0.118335
0.119605
0.122014
0.125399
0.129605
0.13454
0.14006
0.146082
0.152436
0.159015
0.165594
0.172021
0.177978
0.183263
0.187424
0.19024
0.191071
0.189777
0.185438
0.178259
0.166846
0.117168
0.118382
0.120676
0.123892
0.127869
0.132509
0.137661
0.143232
0.149043
0.154975
0.160792
0.166339
0.171289
0.17545
0.17838
0.17989
0.17939
0.176805
0.171361
0.163336
0.151795
0.115906
0.11706
0.119231
0.122268
0.126003
0.130335
0.135105
0.140211
0.145464
0.15074
0.155794
0.160466
0.164435
0.167514
0.16929
0.169597
0.167924
0.164228
0.157923
0.149266
0.137695
0.114548
0.115638
0.117681
0.120529
0.124015
0.128027
0.132405
0.137036
0.141728
0.146346
0.150648
0.154469
0.1575
0.159563
0.160283
0.159515
0.156839
0.152227
0.145273
0.13618
0.124643
0.113092
0.114115
0.116024
0.118678
0.121905
0.125589
0.129567
0.133718
0.137849
0.141817
0.145385
0.148387
0.150535
0.151659
0.151433
0.149728
0.14622
0.140888
0.133476
0.124149
0.112777
0.111537
0.11249
0.114262
0.116714
0.119675
0.123026
0.126599
0.130268
0.133841
0.137172
0.14003
0.142253
0.143579
0.143846
0.142784
0.140278
0.136093
0.130218
0.122512
0.113123
0.102042
0.109883
0.110763
0.112393
0.114639
0.11733
0.120341
0.123508
0.126697
0.129721
0.132431
0.134611
0.1361
0.136668
0.136164
0.134371
0.131192
0.126469
0.120203
0.112341
0.103022
0.0923146
0.108128
0.108933
0.110419
0.112454
0.114871
0.117541
0.120302
0.123017
0.125506
0.127617
0.129153
0.129959
0.129835
0.128646
0.126224
0.122491
0.117353
0.110826
0.102919
0.0937676
0.083483
0.106273
0.107002
0.108342
0.110163
0.112304
0.114634
0.116992
0.119243
0.121212
0.122752
0.123683
0.123858
0.123111
0.121321
0.118366
0.114189
0.108745
0.102065
0.0942027
0.0852872
0.0754564
0.104319
0.104971
0.106162
0.107768
0.109634
0.111625
0.113589
0.115387
0.116857
0.117857
0.118224
0.117825
0.116521
0.114213
0.110815
0.106291
0.100636
0.0938928
0.0861444
0.0775145
0.0681544
0.102267
0.10284
0.103883
0.105275
0.106866
0.108524
0.110102
0.111463
0.112459
0.112951
0.112798
0.11188
0.110087
0.107338
0.10358
0.0987962
0.0930104
0.0862771
0.0786969
0.0703864
0.0615024
0.100118
0.100613
0.101507
0.102686
0.104007
0.105339
0.106542
0.107486
0.108032
0.108053
0.107426
0.106045
0.103827
0.100709
0.0966664
0.0916983
0.0858506
0.0791853
0.0718137
0.0638438
0.0554318
0.0978752
0.0982918
0.0990388
0.100007
0.101063
0.102078
0.102922
0.103469
0.103595
0.103181
0.102125
0.100337
0.0977545
0.0943349
0.0900747
0.0849877
0.0791351
0.0725838
0.0654498
0.0578316
0.0498809
0.0955404
0.0958797
0.0964818
0.0972441
0.0980418
0.0987519
0.0992528
0.099426
0.0991603
0.0983505
0.0969111
0.0947681
0.0918799
0.0882196
0.0838016
0.0786515
0.0728412
0.0664391
0.0595624
0.0522993
0.0447945
0.0931172
0.0933806
0.0938409
0.0944029
0.0949513
0.0953691
0.095545
0.0953691
0.0947437
0.0935763
0.0917981
0.0893509
0.0862104
0.0823642
0.0778409
0.072675
0.0669447
0.0607186
0.0541111
0.0472008
0.0401236
0.0906095
0.0907989
0.0911214
0.0914899
0.0917991
0.0919395
0.0918101
0.0913111
0.0903577
0.088871
0.0867975
0.0840936
0.0807501
0.0767673
0.0721842
0.0670418
0.0614217
0.0553906
0.0490587
0.0424945
0.0358249
0.0880217
0.0881395
0.0883289
0.0885119
0.0885935
0.0884727
0.0880591
0.0872635
0.0860144
0.0842457
0.0819184
0.0790024
0.0755009
0.0714248
0.0668209
0.0617347
0.0562482
0.0504253
0.0443706
0.0381429
0.03186
0.0853587
0.0854077
0.0854698
0.0854763
0.0853429
0.0849781
0.0843022
0.0832373
0.0817244
0.0797102
0.0771684
0.0740813
0.0704624
0.0663312
0.0617397
0.0567359
0.0514009
0.0457946
0.040015
0.0341123
0.0281948
0.0826259
0.0826093
0.0825504
0.0823904
0.0820557
0.0814651
0.0805496
0.0792427
0.0774973
0.0752724
0.0725532
0.0693326
0.0656326
0.0614794
0.0569282
0.052028
0.0468575
0.0414723
0.0359632
0.0303725
0.0247995
0.0798292
0.0797507
0.0795777
0.0792619
0.0787406
0.0779428
0.0768106
0.0752888
0.0733414
0.070939
0.0680768
0.0647568
0.061008
0.0568611
0.0523734
0.0475935
0.0425967
0.0374338
0.0321888
0.0268965
0.0216477
0.0769748
0.0768384
0.0765589
0.0760987
0.0754058
0.0744201
0.0730943
0.071384
0.0692641
0.0667154
0.0637419
0.0603533
0.0565838
0.0524677
0.0480624
0.0434156
0.0385983
0.0336568
0.0286679
0.02366
0.0187161
0.0740695
0.0738794
0.0735015
0.0729086
0.0720597
0.0709055
0.0694088
0.067536
0.0652715
0.0626056
0.0595497
0.0561202
0.0523546
0.0482898
0.0439823
0.039478
0.0348436
0.0301205
0.025379
0.0206417
0.0159839
0.0711203
0.0708809
0.0704129
0.0696996
0.0687106
0.0674071
0.0657619
0.0637513
0.0613687
0.0586126
0.0555007
0.0520545
0.0483142
0.0443177
0.0401202
0.0357653
0.0313149
0.026806
0.0223026
0.0178221
0.0134331
0.0681345
0.0678504
0.0673009
0.0664797
0.0653663
0.0639326
0.0621606
0.060036
0.05756
0.0547384
0.0515941
0.0481528
0.0444559
0.0405419
0.0364638
0.0322627
0.0279958
0.023696
0.0194209
0.015184
0.0110474
0.0651197
0.0647956
0.0641734
0.0632566
0.0620346
0.0604892
0.0586113
0.0563951
0.0538486
0.0509842
0.0478287
0.0444108
0.0407728
0.0369527
0.0330013
0.0289567
0.0248714
0.0207746
0.0167182
0.0127121
0.00881251
0.0620838
0.0617242
0.0610381
0.0600381
0.058723
0.0570839
0.0551199
0.052833
0.0502373
0.0473503
0.0442024
0.0408241
0.0372579
0.033541
0.0297212
0.0258341
0.0219277
0.0180273
0.0141801
0.0103925
0.00671558
0.0590344
0.0586441
0.0579029
0.0568317
0.0554385
0.0537229
0.0516917
0.0493535
0.0467279
0.0438368
0.0407127
0.0373879
0.0339041
0.0302975
0.0266129
0.0228831
0.0191518
0.0154412
0.0117936
0.00821283
0.00474525
0.0559796
0.0555631
0.0547753
0.0536449
0.0521879
0.0504122
0.0483313
0.0459598
0.0433218
0.0404427
0.0373569
0.0340972
0.0307046
0.0272136
0.0236662
0.0200924
0.016532
0.0130043
0.00954701
0.00616209
0.00289136
0.0529274
0.0524892
0.0516631
0.0504848
0.0489777
0.0471573
0.0450429
0.0426545
0.0400198
0.0371671
0.0341317
0.030947
0.0276524
0.0242809
0.0208716
0.0174518
0.0140576
0.0107057
0.00742985
0.00423031
0.00114482
0.0498856
0.0494301
0.0485736
0.0473582
0.0458141
0.0439632
0.0418302
0.0394398
0.0368224
0.0340086
0.0310341
0.0279324
0.0247411
0.0214917
0.0182203
0.0149518
0.0117187
0.0085356
0.00543259
0.00240854
-0.000502514
0.0468622
0.0463933
0.0455141
0.0442718
0.0427027
0.0408345
0.0386967
0.0363174
0.0337297
0.0309654
0.0280607
0.0250483
0.0219644
0.0188385
0.015704
0.0125835
0.00950643
0.00648516
0.00354666
0.00068876
-0.00205795
0.0438647
0.0433865
0.0424915
0.0412319
0.0396489
0.0377756
0.0356451
0.0332888
0.0307414
0.0280359
0.0252081
0.0222901
0.0193163
0.0163144
0.0133151
0.0103391
0.00741253
0.0045463
0.00176435
-0.000936243
-0.00352802
0.0409007
0.0404167
0.0395126
0.0382444
0.0366579
0.0347903
0.032678
0.030355
0.0278572
0.0252181
0.0224731
0.0196533
0.0167913
0.013913
0.0110467
0.00821104
0.00542961
0.00271173
7.87056e-05
-0.00247295
-0.00491861
0.0379775
0.0374909
0.0365838
0.0353152
0.0337343
0.0318821
0.0297977
0.0275169
0.0250765
0.0225102
0.0198525
0.0171335
0.014384
0.0116284
0.00889229
0.00619276
0.00355095
0.000974885
-0.00151654
-0.00392716
-0.00623497
0.035102
0.0346161
0.0337114
0.0324495
0.0308826
0.0290544
0.0270062
0.0247753
0.0223987
0.0199101
0.0173431
0.0147267
0.0120897
0.00945495
0.00684599
0.00427817
0.00177049
-0.000670159
-0.00302701
-0.00530411
-0.00748182
0.0322812
0.0317985
0.0309012
0.0296526
0.0281068
0.0263101
0.0243053
0.0221305
0.019823
0.017416
0.0149421
0.012429
0.00990382
0.00738777
0.00490245
0.00246177
8.27221e-05
-0.00222872
-0.00445774
-0.00660844
-0.00866339
0.0295213
0.0290443
0.0281588
0.026929
0.0254107
0.0236519
0.0216964
0.019583
0.0173487
0.0150261
0.0126467
0.0102369
0.00782218
0.00542224
0.00305684
0.000738599
-0.00151726
-0.00370557
-0.00581323
-0.00784434
-0.00978342
0.0268286
0.0263594
0.0254895
0.0242833
0.0227979
0.0210824
0.0191811
0.0171331
0.014975
0.0127387
0.0104544
0.00814722
0.00584105
0.00355421
0.00130477
-0.000895794
-0.00303387
-0.00510495
-0.0070975
-0.0090155
-0.0108453
0.0242089
0.0237493
0.0228981
0.0217197
0.0202717
0.0186037
0.0167605
0.0147811
0.0127013
0.0105523
0.00836285
0.006157
0.00395701
0.00177995
-0.000357662
-0.00244538
-0.00447103
-0.00643065
-0.0083141
-0.0101252
-0.0118519
0.0216678
0.0212193
0.0203894
0.0192422
0.0178351
0.0162181
0.0144359
0.0125271
0.0105269
0.00846534
0.00636997
0.00426359
0.00216701
9.61282e-05
-0.00193395
-0.0039137
-0.0058322
-0.00768601
-0.00946617
-0.0111763
-0.0128058
0.0192103
0.0187741
0.0179677
0.0168543
0.0154909
0.0139275
0.0122083
0.0103715
0.00845124
0.00647662
0.00447389
0.00246464
0.000468358
-0.00150019
-0.00342715
-0.00530383
-0.00712045
-0.00887394
-0.0105564
-0.0121713
-0.0137094
0.0168415
0.0164185
0.0156371
0.0145595
0.013242
0.0117339
0.0100789
0.00831453
0.00647387
0.00458503
0.00267297
0.000758117
-0.00114132
-0.00301158
-0.00483996
-0.0066185
-0.00833842
-0.00999697
-0.0115873
-0.0131125
-0.0145645
0.0145658
0.0141567
0.0134016
0.0123612
0.0110907
0.0096389
0.0080486
0.00635645
0.00459447
0.00278969
0.000965835
-0.000857749
-0.00266406
-0.00444025
-0.00617468
-0.00786
-0.00948836
-0.0110573
-0.0125607
-0.0140015
-0.0153727
0.0123877
0.011993
0.0112648
0.0102623
0.00903962
0.00764438
0.00611851
0.00449769
0.00281283
0.00108988
-0.000648635
-0.00238441
-0.00410156
-0.00578807
-0.00743324
-0.0090303
-0.0105722
-0.0120567
-0.0134784
-0.01484
-0.0161355
0.0103113
0.00993114
0.00923019
0.00826597
0.00709106
0.00575205
0.00428974
0.00273877
0.00112894
-0.000514877
-0.00217131
-0.00382304
-0.00545519
-0.00705654
-0.00861723
-0.010131
-0.0115915
-0.0129966
-0.0143418
-0.0156292
-0.0168539
0.00834057
0.00797495
0.00730119
0.00637499
0.00524737
0.00396364
0.00256344
0.00108033
-0.000457036
-0.00202484
-0.00360279
-0.00517449
-0.00672602
-0.00824685
-0.00972791
-0.0111634
-0.0125475
-0.0138783
-0.0151519
-0.0163701
-0.0175287
0.0064793
0.00612805
0.00548109
0.00459224
0.00351087
0.00228097
0.000940917
-0.000476836
-0.00194474
-0.00344001
-0.00494337
-0.00643932
-0.00791477
-0.00935986
-0.0107662
-0.0121283
-0.013441
-0.0147026
-0.0159094
-0.0170632
-0.0181604
0.00473126
0.00439403
0.00377316
0.00292057
0.00188398
0.000705952
-0.000576392
-0.00193172
-0.00333356
-0.00476013
-0.00619309
-0.00761776
-0.00902184
-0.0103961
-0.0117326
-0.0130264
-0.0142728
-0.0154699
-0.0166149
-0.0177091
-0.0187495
0.0031002
0.00277648
0.0021807
0.00136292
0.000369197
-0.000759346
-0.00198685
-0.00328309
-0.00462263
-0.00598462
-0.00735163
-0.00870971
-0.0100473
-0.0113556
-0.0126274
-0.0138579
-0.0150429
-0.0161806
-0.0172685
-0.0183078
-0.0192959
0.00158992
0.00127906
0.000707125
-7.76263e-05
-0.00103079
-0.00211264
-0.00328858
-0.00452943
-0.00581077
-0.00711261
-0.00841835
-0.00971471
-0.0109908
-0.0122383
-0.0134505
-0.0146228
-0.0157514
-0.0168346
-0.0178702
-0.0188591
-0.0197994
0.000204395
-9.44075e-05
-0.000643974
-0.0013978
-0.00231306
-0.00335139
-0.00447938
-0.0056689
-0.00689644
-0.00814282
-0.00939221
-0.0106319
-0.0118517
-0.0130436
-0.0142013
-0.0153206
-0.0163979
-0.0174315
-0.0184195
-0.0193628
-0.0202596
-0.00105218
-0.00133982
-0.00186873
-0.00259402
-0.00347436
-0.00447268
-0.00555671
-0.00669927
-0.00787772
-0.0090736
-0.0102718
-0.0114601
-0.0126289
-0.0137705
-0.0148791
-0.0159505
-0.0169815
-0.0179705
-0.0189158
-0.0198179
-0.0206758
-0.00217524
-0.00245275
-0.0029629
-0.0036623
-0.00451102
-0.00547318
-0.00651756
-0.00761785
-0.00875219
-0.00990279
-0.0110551
-0.0121976
-0.0133208
-0.0144176
-0.0154824
-0.0165113
-0.0175012
-0.0184506
-0.0193579
-0.0202237
-0.021047
-0.00315974
-0.00342825
-0.00392174
-0.00459818
-0.00541887
-0.00634903
-0.00735838
-0.00842139
-0.00951691
-0.0106277
-0.0117398
-0.012842
-0.0139254
-0.0149831
-0.0160096
-0.0170014
-0.0179554
-0.0188703
-0.0197446
-0.0205787
-0.0213719
-0.00400003
-0.00426077
-0.00473989
-0.00539653
-0.00619308
-0.00709572
-0.00807498
-0.00910603
-0.0101683
-0.0112451
-0.0123228
-0.0133907
-0.0144401
-0.0154644
-0.0164584
-0.0174186
-0.0183422
-0.0192277
-0.020074
-0.0208812
-0.0216489
-0.00468969
-0.00494399
-0.00541121
-0.00605146
-0.00682804
-0.00770795
-0.00866239
-0.00966712
-0.010702
-0.0117509
-0.0128004
-0.0138401
-0.0148616
-0.0158586
-0.016826
-0.0177604
-0.018659
-0.0195206
-0.020344
-0.0211292
-0.0218761
-0.0052213
-0.00547061
-0.00592859
-0.00655611
-0.0073172
-0.00817949
-0.00911474
-0.0100991
-0.0111129
-0.0121402
-0.0131679
-0.014186
-0.0151861
-0.016162
-0.0171089
-0.0180234
-0.0189029
-0.0197461
-0.0205518
-0.0213202
-0.022051
-0.00558631
-0.00583218
-0.00628377
-0.00690247
-0.00765285
-0.00850299
-0.00942503
-0.0103954
-0.0113948
-0.0124072
-0.01342
-0.0144232
-0.0154085
-0.0163701
-0.0173029
-0.0182038
-0.0190702
-0.0199008
-0.0206945
-0.0214514
-0.0221713
-0.00577467
-0.00601883
-0.00646714
-0.00708122
-0.00782598
-0.0086698
-0.00958502
-0.0105482
-0.0115401
-0.0125449
-0.01355
-0.0145455
-0.0155233
-0.0164773
-0.017403
-0.0182968
-0.0191565
-0.0199805
-0.0207681
-0.021519
-0.0222333
0.126387
0.127782
0.130511
0.134364
0.13925
0.145136
0.15192
0.159655
0.168232
0.177772
0.18814
0.199515
0.211723
0.225004
0.239132
0.254403
0.270528
0.287868
0.306017
0.325459
0.345536
0.367033
0.388698
0.126379
0.127774
0.130503
0.134355
0.139241
0.14513
0.15191
0.159643
0.168218
0.177757
0.188121
0.199492
0.211694
0.224967
0.239085
0.254344
0.270452
0.287772
0.305893
0.325302
0.345335
0.366781
0.388379
0.126363
0.127757
0.130486
0.134338
0.139222
0.145109
0.151888
0.159618
0.16819
0.177724
0.188081
0.199443
0.211634
0.224891
0.238988
0.254222
0.270296
0.287573
0.305639
0.324982
0.344927
0.366272
0.387731
0.126338
0.127732
0.13046
0.134311
0.139194
0.145078
0.151854
0.159581
0.168147
0.177673
0.18802
0.199369
0.211541
0.224776
0.238842
0.254037
0.270059
0.287274
0.305255
0.324499
0.344311
0.365504
0.386756
0.126305
0.127698
0.130425
0.134274
0.139156
0.145038
0.151809
0.15953
0.168089
0.177605
0.187939
0.199269
0.211417
0.224621
0.238646
0.253789
0.269742
0.286873
0.304743
0.323853
0.343489
0.364478
0.385456
0.126263
0.127656
0.130381
0.134229
0.139108
0.144986
0.151752
0.159467
0.168017
0.177519
0.187836
0.199144
0.211262
0.224427
0.238399
0.253479
0.269345
0.286371
0.304101
0.323046
0.342462
0.363197
0.383831
0.126213
0.127605
0.130329
0.134174
0.139051
0.144925
0.151684
0.15939
0.167929
0.177416
0.187713
0.198993
0.211075
0.224193
0.238104
0.253106
0.268868
0.285769
0.303331
0.322077
0.341229
0.361661
0.381885
0.126154
0.127545
0.130267
0.13411
0.138984
0.144852
0.151605
0.159301
0.167827
0.177296
0.187569
0.198817
0.210857
0.223921
0.237759
0.252671
0.268312
0.285066
0.302433
0.320948
0.339793
0.359871
0.379618
0.126087
0.127477
0.130197
0.134037
0.138907
0.14477
0.151514
0.159199
0.16771
0.177158
0.187404
0.198616
0.210608
0.22361
0.237364
0.252173
0.267676
0.284264
0.301408
0.319659
0.338154
0.35783
0.377034
0.126012
0.1274
0.130118
0.133955
0.138821
0.144677
0.151412
0.159084
0.167579
0.177004
0.187219
0.19839
0.210327
0.223259
0.236921
0.251614
0.266962
0.283362
0.300257
0.318212
0.336314
0.35554
0.374136
0.125928
0.127315
0.13003
0.133864
0.138725
0.144574
0.151299
0.158957
0.167433
0.176832
0.187014
0.198139
0.210016
0.222871
0.236429
0.250993
0.266169
0.282361
0.298979
0.316607
0.334275
0.353004
0.370928
0.125836
0.127221
0.129934
0.133764
0.138619
0.14446
0.151174
0.158817
0.167273
0.176644
0.186788
0.197863
0.209675
0.222444
0.235888
0.250312
0.265299
0.281263
0.297577
0.314845
0.332038
0.350223
0.367413
0.125736
0.127119
0.129829
0.133655
0.138505
0.144337
0.151039
0.158665
0.167099
0.176439
0.186542
0.197563
0.209302
0.221978
0.2353
0.249569
0.264351
0.280066
0.29605
0.312929
0.329606
0.347201
0.363597
0.125627
0.127008
0.129715
0.133537
0.138379
0.144203
0.150892
0.158501
0.16691
0.176217
0.186277
0.197238
0.2089
0.221475
0.234663
0.248766
0.263326
0.278773
0.2944
0.31086
0.32698
0.343941
0.359483
0.12551
0.12689
0.129593
0.133411
0.138228
0.144058
0.150735
0.158324
0.166708
0.175978
0.185991
0.196889
0.208467
0.220934
0.233979
0.247903
0.262225
0.277384
0.292629
0.308638
0.324163
0.340447
0.355076
0.125385
0.126763
0.129462
0.133277
0.138126
0.143903
0.150567
0.158135
0.166492
0.175723
0.185686
0.196516
0.208005
0.220356
0.233248
0.24698
0.261048
0.2759
0.290736
0.306267
0.321157
0.336722
0.350383
0.125252
0.126627
0.129323
0.133134
0.137958
0.143738
0.150388
0.157934
0.166262
0.175453
0.185362
0.196119
0.207513
0.21974
0.23247
0.245998
0.259796
0.274321
0.288724
0.303747
0.317965
0.332769
0.345409
0.125111
0.126484
0.129176
0.132982
0.137795
0.143565
0.150199
0.157721
0.166018
0.175166
0.185018
0.195699
0.206993
0.219088
0.231646
0.244957
0.258469
0.272648
0.286594
0.30108
0.314589
0.328594
0.34016
0.124961
0.126333
0.129021
0.13282
0.137626
0.143382
0.149999
0.157497
0.165761
0.174863
0.184655
0.195255
0.206443
0.2184
0.230775
0.243858
0.257069
0.270883
0.284347
0.298269
0.311033
0.3242
0.334642
0.124804
0.126173
0.128857
0.132651
0.137447
0.14319
0.149789
0.157261
0.165491
0.174544
0.184274
0.194788
0.205864
0.217675
0.22986
0.242701
0.255596
0.269027
0.281984
0.295315
0.307299
0.319591
0.328863
0.124638
0.126006
0.128685
0.132473
0.137259
0.142988
0.149569
0.157014
0.165207
0.174211
0.183874
0.194298
0.205257
0.216914
0.228899
0.241487
0.254052
0.267079
0.279508
0.292221
0.303391
0.314773
0.32283
0.124465
0.12583
0.128506
0.132284
0.137063
0.142778
0.149339
0.156755
0.164911
0.173862
0.183455
0.193785
0.204623
0.216118
0.227895
0.240216
0.252435
0.265042
0.276919
0.288989
0.299312
0.30975
0.316549
0.124284
0.125647
0.128319
0.132082
0.136858
0.142558
0.149099
0.156486
0.164602
0.173498
0.183019
0.19325
0.20396
0.215287
0.226846
0.23889
0.250749
0.262916
0.274219
0.285621
0.295065
0.304528
0.310029
0.124095
0.125457
0.128124
0.1319
0.136644
0.14233
0.148849
0.156205
0.164281
0.173119
0.182565
0.192694
0.20327
0.214421
0.225754
0.237508
0.248993
0.260703
0.27141
0.282119
0.290653
0.299111
0.303278
0.123898
0.125258
0.127921
0.131685
0.136421
0.142093
0.14859
0.155914
0.163947
0.172725
0.182093
0.192115
0.202554
0.213521
0.224618
0.236071
0.247169
0.258403
0.268493
0.278486
0.286081
0.293505
0.296303
0.123694
0.125052
0.127711
0.131464
0.136192
0.141847
0.148321
0.155613
0.163601
0.172318
0.181604
0.191515
0.20181
0.212587
0.223441
0.234579
0.245277
0.256017
0.265472
0.274725
0.281351
0.287716
0.289112
0.123482
0.124839
0.127493
0.131238
0.135954
0.141593
0.148043
0.155301
0.163243
0.171896
0.181098
0.190895
0.201041
0.21162
0.222221
0.233034
0.243318
0.253547
0.262346
0.270836
0.276468
0.281749
0.281714
0.123263
0.124618
0.127263
0.131004
0.135709
0.14133
0.147756
0.154978
0.162874
0.17146
0.180575
0.190253
0.200245
0.21062
0.220961
0.231436
0.241294
0.250994
0.259119
0.266824
0.271434
0.275609
0.274118
0.123036
0.124391
0.12702
0.130762
0.135456
0.141059
0.14746
0.154646
0.162493
0.171011
0.180036
0.189591
0.199424
0.209588
0.219659
0.229786
0.239205
0.248358
0.255792
0.262689
0.266255
0.269304
0.26633
0.122802
0.124156
0.126807
0.130513
0.135195
0.14078
0.147156
0.154305
0.162101
0.170549
0.17948
0.188909
0.198578
0.208524
0.218317
0.228084
0.237053
0.245641
0.252368
0.258435
0.260933
0.262838
0.258359
0.12256
0.123914
0.12655
0.130257
0.134927
0.140494
0.146843
0.153953
0.161698
0.170073
0.178909
0.188207
0.197707
0.207428
0.216936
0.226331
0.234837
0.242844
0.248848
0.254064
0.255474
0.256218
0.250212
0.122312
0.123665
0.126291
0.129994
0.134652
0.140199
0.146521
0.153593
0.161284
0.169585
0.178322
0.187486
0.196812
0.206301
0.215515
0.224528
0.23256
0.239967
0.245235
0.249577
0.24988
0.249448
0.241897
0.122056
0.123408
0.12603
0.129725
0.134369
0.139897
0.146191
0.153223
0.160859
0.169084
0.17772
0.186746
0.195892
0.205143
0.214055
0.222675
0.230221
0.237013
0.24153
0.244977
0.244157
0.242536
0.233418
0.121793
0.123145
0.125762
0.129448
0.13408
0.139588
0.145854
0.152844
0.160425
0.168572
0.177103
0.185987
0.19495
0.203955
0.212558
0.220774
0.227822
0.233982
0.237737
0.240265
0.238309
0.235487
0.224782
0.121523
0.122878
0.125487
0.129165
0.133784
0.139272
0.145508
0.152457
0.15998
0.168047
0.176471
0.18521
0.193984
0.202738
0.211022
0.218824
0.225364
0.230875
0.233855
0.235442
0.23234
0.228302
0.121247
0.1226
0.125205
0.128875
0.13348
0.138947
0.145154
0.15206
0.159523
0.167508
0.175822
0.184412
0.19299
0.201487
0.209445
0.216821
0.222841
0.227688
0.229883
0.230506
0.226253
0.220986
0.120963
0.122317
0.124917
0.128579
0.13317
0.138616
0.144792
0.151653
0.159056
0.166956
0.175156
0.183593
0.191971
0.200203
0.207826
0.214768
0.220258
0.224428
0.225829
0.225468
0.220065
0.213553
0.120672
0.122029
0.124625
0.12828
0.132859
0.138286
0.144434
0.151253
0.158598
0.166415
0.174503
0.182787
0.190965
0.19893
0.206213
0.212713
0.217663
0.221141
0.221736
0.220364
0.213803
0.206028
0.120377
0.121735
0.12433
0.127982
0.132552
0.137964
0.144089
0.150873
0.158165
0.165906
0.173889
0.182023
0.190002
0.197698
0.204634
0.210677
0.215061
0.217813
0.217561
0.215117
0.207355
0.198261
0.120072
0.121428
0.124013
0.127649
0.132196
0.137576
0.143656
0.150379
0.15759
0.165221
0.173059
0.181002
0.188735
0.19611
0.202646
0.208176
0.211947
0.213922
0.212806
0.209257
0.200371
0.120017
0.121371
0.123952
0.127582
0.132122
0.137493
0.143562
0.150271
0.157467
0.16508
0.172898
0.180818
0.188526
0.195872
0.202375
0.20787
0.211601
0.213534
0.21237
0.20877
0.199825
0.120323
0.121679
0.124271
0.127917
0.13248
0.137883
0.143997
0.150768
0.158045
0.165769
0.173732
0.181844
0.189798
0.197466
0.20437
0.210379
0.214725
0.217435
0.217136
0.214642
0.206823
0.197673
0.12062
0.121974
0.124567
0.128217
0.132789
0.138207
0.144344
0.151151
0.158481
0.166281
0.174351
0.182612
0.190766
0.198704
0.205957
0.212424
0.217336
0.220774
0.221323
0.219903
0.213286
0.205456
0.120912
0.122264
0.124861
0.128517
0.133101
0.138538
0.144704
0.151553
0.158942
0.166825
0.175008
0.183423
0.191778
0.199983
0.207577
0.214486
0.21994
0.22407
0.225428
0.22502
0.219562
0.212996
0.121197
0.122548
0.12515
0.128815
0.133413
0.138872
0.145069
0.151962
0.159412
0.167381
0.175677
0.184246
0.192802
0.201273
0.209202
0.216547
0.222532
0.227341
0.229493
0.230071
0.225764
0.220445
0.121475
0.122827
0.125433
0.129106
0.133718
0.139198
0.145425
0.152362
0.159872
0.167924
0.17633
0.18505
0.193801
0.20253
0.210787
0.218558
0.225063
0.230538
0.233476
0.235019
0.231865
0.227776
0.121746
0.123096
0.12571
0.129391
0.134016
0.139517
0.145773
0.152752
0.16032
0.168452
0.176966
0.185831
0.194772
0.203754
0.212329
0.220515
0.227531
0.233655
0.237368
0.239854
0.237849
0.234975
0.12201
0.12336
0.125979
0.129669
0.134307
0.139828
0.146113
0.153133
0.160757
0.168968
0.177587
0.186594
0.19572
0.204947
0.213833
0.222425
0.229938
0.236696
0.241173
0.244578
0.243711
0.242041
0.232865
0.122267
0.123618
0.126242
0.12994
0.134591
0.140132
0.146445
0.153506
0.161185
0.169472
0.178193
0.187339
0.196645
0.206111
0.2153
0.224285
0.232286
0.23966
0.244889
0.249191
0.249448
0.248968
0.24136
0.122517
0.123869
0.126501
0.130204
0.134869
0.140428
0.146769
0.153869
0.161602
0.169964
0.178784
0.188065
0.197545
0.207244
0.216728
0.226096
0.234572
0.242546
0.248513
0.25369
0.255055
0.255752
0.249693
0.12276
0.124113
0.126756
0.130462
0.135138
0.140717
0.147084
0.154223
0.162008
0.170443
0.179359
0.188771
0.198421
0.208346
0.218116
0.227857
0.236796
0.245353
0.252044
0.258074
0.260529
0.262388
0.257857
0.122995
0.124349
0.12698
0.130713
0.135401
0.140998
0.147391
0.154568
0.162403
0.170909
0.179919
0.189458
0.199273
0.209416
0.219465
0.229567
0.238958
0.24808
0.25548
0.26234
0.265864
0.268869
0.265845
0.123224
0.124578
0.127221
0.130956
0.135655
0.141271
0.147689
0.154902
0.162787
0.171361
0.180462
0.190124
0.200099
0.210455
0.220773
0.231225
0.241055
0.250726
0.258818
0.266487
0.271057
0.27519
0.27365
0.123444
0.1248
0.12745
0.131191
0.135903
0.141535
0.147979
0.155227
0.163159
0.171801
0.180989
0.190771
0.2009
0.211461
0.22204
0.23283
0.243088
0.253289
0.262056
0.270512
0.276104
0.281345
0.281264
0.123658
0.125015
0.12767
0.131418
0.136142
0.141792
0.148259
0.155542
0.16352
0.172226
0.181499
0.191396
0.201675
0.212434
0.223267
0.234383
0.245055
0.255769
0.265192
0.274412
0.281002
0.287327
0.288678
0.123863
0.125222
0.127882
0.131642
0.136373
0.142039
0.14853
0.155846
0.163869
0.172637
0.181992
0.192001
0.202423
0.213374
0.224451
0.235882
0.246956
0.258164
0.268225
0.278187
0.285745
0.293132
0.295886
0.124061
0.125422
0.128086
0.131867
0.136598
0.142279
0.148792
0.15614
0.164206
0.173034
0.182468
0.192584
0.203145
0.214279
0.225593
0.237327
0.248789
0.260474
0.271152
0.281832
0.290331
0.298753
0.302878
0.124252
0.125614
0.128282
0.132035
0.136814
0.142509
0.149044
0.156423
0.164531
0.173416
0.182926
0.193145
0.20384
0.215151
0.226692
0.238717
0.250554
0.262697
0.273972
0.285346
0.294757
0.304185
0.309646
0.124434
0.125798
0.128471
0.132245
0.137021
0.142731
0.149286
0.156695
0.164843
0.173784
0.183367
0.193684
0.204508
0.215988
0.227748
0.240051
0.252249
0.264832
0.276683
0.288726
0.299018
0.309422
0.316183
0.124609
0.125975
0.128652
0.132437
0.137219
0.142944
0.149519
0.156957
0.165142
0.174137
0.183789
0.194202
0.205148
0.21679
0.228759
0.241329
0.253873
0.266879
0.279283
0.291971
0.303111
0.31446
0.322481
0.124776
0.126144
0.128825
0.132616
0.137409
0.143147
0.149741
0.157207
0.165429
0.174474
0.184193
0.194696
0.20576
0.217557
0.229727
0.242551
0.255427
0.268837
0.281771
0.295077
0.307032
0.319294
0.328531
0.124934
0.126305
0.128991
0.132788
0.137589
0.143341
0.149954
0.157445
0.165702
0.174796
0.184579
0.195168
0.206344
0.218288
0.230649
0.243715
0.256909
0.270703
0.284145
0.298043
0.31078
0.323917
0.334327
0.125085
0.126458
0.129148
0.13295
0.137761
0.143526
0.150156
0.157672
0.165962
0.175102
0.184946
0.195616
0.206899
0.218983
0.231526
0.244822
0.258317
0.272478
0.286403
0.300866
0.31435
0.328327
0.339862
0.125228
0.126602
0.129297
0.133105
0.137925
0.143702
0.150348
0.157888
0.166209
0.175393
0.185293
0.196042
0.207426
0.219641
0.232357
0.245871
0.259652
0.27416
0.288544
0.303545
0.317739
0.332518
0.345128
0.125363
0.126739
0.129437
0.13325
0.138083
0.143868
0.150529
0.158091
0.166442
0.175667
0.185622
0.196443
0.207923
0.220262
0.233142
0.24686
0.260913
0.275749
0.290567
0.306077
0.320945
0.336485
0.350119
0.125489
0.126868
0.129569
0.133386
0.138216
0.144025
0.150699
0.158283
0.166662
0.175926
0.185931
0.196821
0.20839
0.220847
0.23388
0.247791
0.262099
0.277243
0.29247
0.308461
0.323964
0.340226
0.354829
0.125607
0.126988
0.129693
0.133514
0.13835
0.144172
0.150859
0.158463
0.166867
0.176168
0.186221
0.197175
0.208828
0.221394
0.234571
0.248662
0.263209
0.278642
0.294253
0.310695
0.326795
0.343736
0.359253
0.125718
0.1271
0.129808
0.133633
0.138479
0.144308
0.151008
0.15863
0.167059
0.176393
0.186491
0.197504
0.209236
0.221903
0.235214
0.249473
0.264242
0.279944
0.295913
0.312776
0.329435
0.347011
0.363384
0.125819
0.127203
0.129915
0.133744
0.138597
0.144434
0.151146
0.158785
0.167236
0.176602
0.186741
0.197809
0.209613
0.222374
0.23581
0.250223
0.265199
0.281151
0.297451
0.314705
0.331881
0.350048
0.367218
0.125913
0.127299
0.130013
0.133846
0.138704
0.14455
0.151273
0.158928
0.1674
0.176794
0.18697
0.19809
0.20996
0.222807
0.236357
0.250913
0.266078
0.282259
0.298864
0.316478
0.334131
0.352844
0.370749
0.125998
0.127385
0.130102
0.133938
0.138802
0.144656
0.151389
0.159058
0.167549
0.176969
0.18718
0.198346
0.210277
0.223202
0.236856
0.251541
0.26688
0.283269
0.300153
0.318095
0.336184
0.355396
0.373974
0.126075
0.127464
0.130183
0.134022
0.13889
0.144751
0.151493
0.159175
0.167683
0.177128
0.187369
0.198576
0.210562
0.223558
0.237306
0.252108
0.267602
0.284181
0.301315
0.319555
0.338038
0.357701
0.376889
0.126143
0.127533
0.130255
0.134097
0.138969
0.144835
0.151586
0.15928
0.167803
0.177269
0.187538
0.198782
0.210817
0.223876
0.237707
0.252613
0.268247
0.284993
0.302351
0.320856
0.33969
0.359757
0.37949
0.126203
0.127595
0.130318
0.134163
0.139038
0.14491
0.151668
0.159372
0.167908
0.177392
0.187686
0.198963
0.21104
0.224154
0.238059
0.253056
0.268812
0.285706
0.30326
0.321998
0.34114
0.361561
0.381774
0.126255
0.127647
0.130372
0.134219
0.139097
0.144974
0.151739
0.159451
0.167999
0.177499
0.187813
0.199118
0.211233
0.224394
0.238362
0.253437
0.269297
0.286318
0.304041
0.322979
0.342387
0.363113
0.383738
0.126298
0.127691
0.130418
0.134266
0.139147
0.145027
0.151798
0.159518
0.168075
0.177588
0.18792
0.199248
0.211393
0.224594
0.238615
0.253755
0.269703
0.286829
0.304693
0.323798
0.343428
0.36441
0.385379
0.126333
0.127727
0.130454
0.134304
0.139187
0.145071
0.151846
0.159571
0.168136
0.17766
0.188006
0.199352
0.211522
0.224755
0.238818
0.25401
0.270028
0.28724
0.305217
0.324456
0.344263
0.36545
0.386697
0.126359
0.127753
0.130482
0.134333
0.139217
0.145103
0.151882
0.159611
0.168182
0.177714
0.188071
0.199432
0.21162
0.224876
0.238971
0.254203
0.270274
0.287549
0.305611
0.324951
0.344892
0.366233
0.387688
0.126377
0.127771
0.1305
0.134353
0.139238
0.145126
0.151906
0.159639
0.168214
0.177751
0.188115
0.199485
0.211686
0.224958
0.239075
0.254333
0.270439
0.287757
0.305876
0.325284
0.345314
0.366759
0.388353
0.126386
0.127781
0.13051
0.134363
0.139248
0.145137
0.151919
0.159653
0.16823
0.177771
0.188138
0.199513
0.211721
0.225001
0.239128
0.2544
0.270524
0.287864
0.306012
0.325453
0.345529
0.367025
0.38869
-0.00583789
-0.00608199
-0.0065302
-0.00714416
-0.00788881
-0.00873256
-0.00964777
-0.0106111
-0.0116031
-0.0126082
-0.0136138
-0.0146098
-0.0155882
-0.0165431
-0.0174696
-0.0183644
-0.0192252
-0.0200504
-0.0208391
-0.0215913
-0.0223069
-0.00564958
-0.00589538
-0.00634685
-0.0069654
-0.00771563
-0.00856566
-0.00948766
-0.0104581
-0.0114576
-0.0124702
-0.0134834
-0.014487
-0.015473
-0.0164353
-0.017369
-0.0182707
-0.0191382
-0.0199698
-0.0207647
-0.0215228
-0.022244
-0.00528468
-0.00553389
-0.00599171
-0.00661903
-0.0073799
-0.00824201
-0.00917713
-0.0101615
-0.0111753
-0.0122027
-0.0132307
-0.0142491
-0.0152496
-0.0162262
-0.0171738
-0.018089
-0.0189695
-0.0198136
-0.0206204
-0.0213898
-0.0221218
-0.00475323
-0.00500741
-0.00547442
-0.00611439
-0.00689067
-0.00777027
-0.00872445
-0.00972898
-0.0107638
-0.0118126
-0.0128622
-0.0139021
-0.0149239
-0.0159213
-0.0168892
-0.0178242
-0.0187235
-0.0195859
-0.0204101
-0.0211963
-0.0219442
-0.00406382
-0.0043244
-0.00480325
-0.00545952
-0.00625564
-0.00715783
-0.00813667
-0.00916734
-0.0102293
-0.0113058
-0.0123834
-0.0134513
-0.0145007
-0.0155252
-0.0165195
-0.0174801
-0.0184041
-0.0192902
-0.0201372
-0.0209451
-0.0217135
-0.00322387
-0.00349218
-0.00398532
-0.00466128
-0.0054814
-0.00641096
-0.00741969
-0.00848211
-0.00957708
-0.0106874
-0.0117991
-0.012901
-0.0139842
-0.0150417
-0.0160683
-0.0170601
-0.0180144
-0.0189295
-0.0198042
-0.0206388
-0.0214325
-0.00223982
-0.00251709
-0.0030268
-0.00372561
-0.00457361
-0.00553498
-0.00657854
-0.00767799
-0.00881152
-0.00996137
-0.011113
-0.0122548
-0.0133775
-0.0144739
-0.0155384
-0.0165671
-0.0175568
-0.0185061
-0.0194136
-0.0202795
-0.021103
-0.00111735
-0.00140471
-0.00193309
-0.00265765
-0.00353711
-0.00453445
-0.00561743
-0.00675889
-0.00793625
-0.00913107
-0.0103282
-0.0115156
-0.0126835
-0.0138243
-0.0149322
-0.016003
-0.0170335
-0.0180221
-0.0189671
-0.019869
-0.0207267
0.000138488
-0.00015998
-0.000708927
-0.0014619
-0.00237611
-0.00341325
-0.00453995
-0.00572811
-0.00695427
-0.00819925
-0.00944726
-0.0106857
-0.0119041
-0.0130949
-0.0142515
-0.0153697
-0.0164461
-0.0174789
-0.0184662
-0.0194088
-0.0203051
0.00152312
0.00121263
0.000641412
-0.000142354
-0.00109431
-0.00217477
-0.00334917
-0.00458839
-0.00586803
-0.00716813
-0.00847213
-0.00976677
-0.0110412
-0.0122871
-0.0134977
-0.0146686
-0.0157958
-0.0168777
-0.0179121
-0.0189
-0.0198393
0.00303233
0.00270903
0.00211405
0.00129738
0.000305021
-0.000821932
-0.00204767
-0.003342
-0.00467954
-0.00603944
-0.00740433
-0.00876028
-0.0100957
-0.011402
-0.0126718
-0.0139004
-0.0150835
-0.0162194
-0.0173057
-0.0183433
-0.01933
0.00466214
0.00432538
0.00370537
0.002854
0.00181893
0.000642674
-0.000637677
-0.00199083
-0.00339036
-0.0048145
-0.00624497
-0.00766709
-0.00906862
-0.0104403
-0.0117743
-0.0130657
-0.0143097
-0.0155046
-0.0166474
-0.0177395
-0.0187779
0.00640875
0.006058
0.00541197
0.00452442
0.00344471
0.00221675
0.000878893
-0.000536442
-0.00200174
-0.00349426
-0.00499476
-0.00648775
-0.00796021
-0.00940229
-0.0108056
-0.0121648
-0.0134746
-0.0147333
-0.0159374
-0.0170886
-0.0181833
0.00826841
0.0079033
0.00723053
0.00630571
0.00517984
0.0038982
0.00250037
0.0010199
-0.000514591
-0.00207933
-0.00365406
-0.00522243
-0.00677053
-0.0082879
-0.00976546
-0.0111974
-0.0125781
-0.0139056
-0.0151758
-0.0163908
-0.0175463
0.0102374
0.00985771
0.00915778
0.008195
0.00702192
0.00568509
0.00422531
0.00267717
0.00107045
-0.000570035
-0.00222293
-0.00387095
-0.00549927
-0.00709669
-0.00865341
-0.0101632
-0.0116197
-0.0130209
-0.0143622
-0.0156458
-0.0168668
0.0123118
0.0119176
0.0111904
0.0101894
0.00896859
0.00757562
0.00605238
0.00443453
0.00275297
0.0010336
-0.000701093
-0.00243283
-0.00414576
-0.00582792
-0.00746865
-0.00906122
-0.0105986
-0.0120786
-0.0134959
-0.0148531
-0.0161442
0.0144878
0.0140792
0.0133251
0.0122861
0.0110175
0.00956802
0.00798041
0.00629133
0.00453278
0.00273178
0.000911989
-0.000907263
-0.00270902
-0.00448048
-0.00621003
-0.00789038
-0.00951371
-0.0110776
-0.012576
-0.0140118
-0.015378
0.0167611
0.0163387
0.0155583
0.0144821
0.0131664
0.0116606
0.0100083
0.00824704
0.00640991
0.00452497
0.00261715
0.000706864
-0.00118773
-0.00305291
-0.00487603
-0.00664915
-0.00836357
-0.0100165
-0.0116013
-0.0131209
-0.0145673
0.0191276
0.0186919
0.0178864
0.0167743
0.0154127
0.0138515
0.012135
0.0103013
0.00838451
0.00641385
0.00441548
0.00241097
0.000419753
-0.00154344
-0.0034648
-0.00533569
-0.00714636
-0.00889379
-0.0105702
-0.0121789
-0.0137109
0.0215826
0.0211345
0.0203055
0.0191595
0.017754
0.0161391
0.0143594
0.0124537
0.0104569
0.00839931
0.00630835
0.00420679
0.00211543
5.01093e-05
-0.0019741
-0.00394773
-0.00585992
-0.00770725
-0.00948083
-0.0111843
-0.0128072
0.0241212
0.023662
0.0228114
0.0216342
0.0201875
0.0185214
0.0166806
0.014704
0.0126276
0.0104824
0.00829736
0.00609634
0.00390163
0.00173026
-0.000401302
-0.00248266
-0.00450168
-0.00645447
-0.00833093
-0.0101349
-0.0118544
0.0267383
0.0262694
0.0254
0.0241947
0.0227105
0.0209966
0.0190974
0.0170521
0.0148971
0.0126645
0.0103844
0.00808197
0.00578105
0.00349992
0.00125663
-0.000937419
-0.00306866
-0.00513263
-0.00711786
-0.00902836
-0.0108505
0.0294284
0.0289516
0.0280665
0.0268373
0.0253199
0.0235625
0.0216087
0.0194976
0.0172661
0.014947
0.0125716
0.0101663
0.00775672
0.00536242
0.00300314
0.000691474
-0.00155743
-0.00373845
-0.00583856
-0.00786187
-0.00979302
0.0321856
0.031703
0.030806
0.0295577
0.0280125
0.0262168
0.0242133
0.0220405
0.0197354
0.0173315
0.0148612
0.0123524
0.00983207
0.00732147
0.00484215
0.00240797
3.58773e-05
-0.0022682
-0.00448953
-0.00663225
-0.00867901
0.035004
0.0345179
0.0336133
0.0323514
0.0307847
0.0289571
0.0269098
0.0246803
0.0223057
0.0198197
0.0172559
0.0146433
0.0120109
0.00938124
0.00677803
0.00421652
0.00171567
-0.000717671
-0.00306682
-0.00533585
-0.00750525
0.0378769
0.0373902
0.0364828
0.0352139
0.0336328
0.0317807
0.0296967
0.0274168
0.0249778
0.0224135
0.0197584
0.0170428
0.0142973
0.0115463
0.00881564
0.0061221
0.00348686
0.000917907
-0.00156595
-0.00396856
-0.00626804
0.0407978
0.0403134
0.0394088
0.0381399
0.0365528
0.0346847
0.0325722
0.0302495
0.0277525
0.0251147
0.0223717
0.0195546
0.016696
0.0138218
0.0109604
0.00813023
0.00535496
0.00264386
1.81415e-05
-0.0025257
-0.00496317
0.0437595
0.0432808
0.042385
0.0411243
0.0395402
0.0376659
0.0355345
0.0331778
0.0306304
0.0279255
0.025099
0.0221829
0.0192117
0.0162133
0.0132182
0.010247
0.00732609
0.00446615
0.00169108
-0.00100207
-0.00358595
0.0467549
0.0462854
0.045405
0.0441613
0.0425905
0.0407207
0.0385813
0.0362008
0.0336123
0.0308478
0.0279435
0.0249321
0.02185
0.0187267
0.0155955
0.0124793
0.00940704
0.00639139
0.00345918
0.000608202
-0.00213107
0.0497764
0.0493201
0.0484622
0.0472449
0.0456985
0.0438453
0.0417101
0.0393176
0.0366986
0.0338835
0.0309085
0.0278068
0.0246163
0.0213686
0.0180996
0.0148343
0.0116053
0.00842696
0.00532947
0.00231164
-0.00059261
0.0528165
0.0523774
0.0515495
0.0503688
0.0488589
0.0470355
0.044918
0.0425267
0.0398895
0.0370346
0.0339975
0.0308118
0.0275169
0.0241459
0.0207379
0.0173203
0.0139291
0.010581
0.00730976
0.00411556
0.00103606
0.0558672
0.0554496
0.0546597
0.0535265
0.052066
0.0502867
0.0482018
0.0458266
0.043185
0.0403026
0.037214
0.0339522
0.030558
0.0270663
0.023519
0.0199462
0.0163876
0.0128625
0.00940874
0.0060281
0.00276235
0.0589208
0.0585291
0.0577855
0.0567111
0.0553138
0.0535938
0.0515579
0.0492149
0.0465847
0.0436891
0.0405611
0.0372329
0.0337463
0.0301376
0.0264517
0.0227215
0.0189907
0.0152815
0.0116361
0.00805832
0.00459454
0.0619692
0.0616081
0.0609193
0.0599154
0.0585957
0.0569515
0.054982
0.0526893
0.0500879
0.0471954
0.0440422
0.0406591
0.0370887
0.0333683
0.0295458
0.0256568
0.0217493
0.0178489
0.0140024
0.0102163
0.00654189
0.0650044
0.0646786
0.0640534
0.0631323
0.0619051
0.0603538
0.0584695
0.0562466
0.0536933
0.050822
0.04766
0.0442359
0.0405922
0.0367671
0.0328114
0.0287632
0.0246753
0.0205767
0.0165196
0.0125134
0.00861475
0.0680188
0.0677328
0.06718
0.066354
0.0652348
0.0637945
0.0620152
0.059883
0.0573989
0.0545693
0.0514172
0.0479682
0.0442641
0.0403434
0.0362594
0.0320531
0.0277818
0.0234784
0.0192008
0.0149621
0.0108247
0.0710044
0.070763
0.0702913
0.0695729
0.0685775
0.0672667
0.0656134
0.0635941
0.0612024
0.058437
0.0553158
0.0518605
0.0481114
0.0441066
0.0399013
0.0355394
0.0310827
0.0265685
0.0220606
0.0175764
0.0131848
0.0739537
0.0737615
0.0733796
0.0727812
0.0719254
0.0707631
0.0692575
0.067375
0.0651003
0.0624239
0.0593574
0.0559172
0.0521412
0.0480663
0.0437492
0.039236
0.0345934
0.029863
0.025115
0.020372
0.0157095
0.0768594
0.0767208
0.0764371
0.0759708
0.0752705
0.0742762
0.0729406
0.0712198
0.0690886
0.0665281
0.0635425
0.0601418
0.0563602
0.0522323
0.0478156
0.0431579
0.0383304
0.0333794
0.0283819
0.0233662
0.0184153
0.0797145
0.0796337
0.0794562
0.079134
0.0786048
0.0777977
0.076655
0.0751217
0.073162
0.0707467
0.067871
0.0645374
0.0607748
0.0566143
0.0521133
0.0473205
0.0423114
0.0371368
0.031881
0.0265786
0.0213207
0.0825122
0.0824932
0.0824295
0.0822628
0.0819198
0.0813192
0.0803926
0.0790733
0.0773145
0.0750756
0.0723416
0.0691058
0.0653905
0.0612218
0.0566554
0.0517403
0.0465554
0.0411563
0.0356341
0.030031
0.0244465
0.0852463
0.0852926
0.0853498
0.0853493
0.0852072
0.084832
0.0841442
0.0830662
0.0815389
0.0795095
0.0769517
0.0738479
0.0702121
0.0660637
0.0614551
0.0564343
0.0510827
0.0454603
0.0396653
0.0337477
0.0278162
0.0879108
0.0880258
0.0882102
0.088386
0.0884584
0.0883267
0.0879007
0.0870912
0.0858269
0.0840419
0.0816973
0.0787632
0.0752433
0.0711482
0.0665253
0.06142
0.0559148
0.0500735
0.044001
0.037756
0.0314566
0.0905004
0.090687
0.0910042
0.0913652
0.091665
0.0917942
0.0916518
0.0911381
0.0901688
0.0886647
0.0865728
0.0838496
0.080486
0.0764826
0.0718786
0.0667152
0.0610742
0.0550223
0.0486703
0.0420862
0.0353977
0.0930101
0.0932706
0.0937256
0.0942799
0.0948186
0.0952248
0.0953872
0.0951961
0.0945539
0.0933683
0.0915707
0.0891029
0.0859409
0.0820724
0.0775265
0.0723375
0.0665842
0.060335
0.053705
0.0467723
0.0396736
0.0954355
0.0957719
0.0963686
0.0971231
0.0979109
0.098609
0.099096
0.0992536
0.0989704
0.0981416
0.0966817
0.094517
0.091606
0.0879218
0.0834794
0.0783044
0.0724689
0.0660416
0.0591399
0.051852
0.044323
0.0977728
0.0981865
0.098928
0.0998884
0.100934
0.101937
0.102767
0.103298
0.103405
0.102972
0.101894
0.100083
0.0974772
0.0940323
0.0897461
0.0846322
0.0787526
0.0721737
0.0650124
0.0573669
0.0493894
0.100019
0.10051
0.101399
0.10257
0.10388
0.1052
0.106389
0.107317
0.107844
0.107844
0.107195
0.105791
0.103547
0.100403
0.0963327
0.091336
0.0854591
0.0787642
0.071363
0.0633633
0.0549219
0.10217
0.102741
0.103777
0.105161
0.106742
0.108388
0.109951
0.111296
0.112272
0.112744
0.112568
0.111626
0.109806
0.107029
0.103243
0.0984285
0.0926117
0.0858467
0.0782345
0.0698918
0.0609758
0.104226
0.104874
0.10606
0.107658
0.109513
0.111492
0.113441
0.115222
0.116674
0.117652
0.117996
0.117571
0.11624
0.113903
0.110475
0.10592
0.100232
0.0934548
0.0856722
0.0770076
0.067613
0.106183
0.106909
0.108243
0.110056
0.112187
0.114504
0.116848
0.119081
0.121031
0.12255
0.123457
0.123607
0.122831
0.121012
0.118026
0.113816
0.108337
0.101622
0.0937227
0.08477
0.0749022
0.108041
0.108843
0.110324
0.112351
0.114757
0.117416
0.120162
0.12286
0.125329
0.127419
0.128931
0.129711
0.129558
0.128338
0.125884
0.122117
0.116943
0.110378
0.102433
0.0932422
0.082918
0.109799
0.110676
0.112301
0.114539
0.11722
0.120219
0.123371
0.126544
0.129549
0.132237
0.134393
0.135856
0.136394
0.135859
0.134033
0.130819
0.126058
0.119753
0.111851
0.102491
0.0917409
0.111457
0.112407
0.114173
0.116618
0.11957
0.122908
0.126467
0.13012
0.133674
0.136983
0.139817
0.142014
0.14331
0.143546
0.14245
0.139907
0.135684
0.129768
0.122021
0.112588
0.101462
0.113016
0.114035
0.11594
0.118586
0.121803
0.125476
0.12944
0.133575
0.137687
0.141634
0.145178
0.148153
0.150272
0.151364
0.151105
0.149362
0.145815
0.140441
0.132985
0.123612
0.112193
0.114475
0.115562
0.1176
0.120442
0.123918
0.127919
0.132283
0.136898
0.141572
0.146169
0.150447
0.154242
0.157244
0.159275
0.159961
0.159155
0.156439
0.151784
0.144785
0.135644
0.124058
0.115837
0.116988
0.119155
0.122185
0.125911
0.130232
0.134989
0.140079
0.145314
0.150569
0.1556
0.160247
0.164187
0.167235
0.168976
0.169246
0.167531
0.163792
0.157441
0.148734
0.137111
0.117102
0.118314
0.120604
0.123813
0.127781
0.132411
0.137551
0.143107
0.148899
0.154812
0.160607
0.166128
0.17105
0.17518
0.178076
0.179548
0.179007
0.176378
0.170885
0.16281
0.151214
0.118273
0.119541
0.121946
0.125325
0.129522
0.134447
0.139955
0.145962
0.152299
0.15886
0.165417
0.17182
0.177748
0.183003
0.18713
0.189908
0.190699
0.18936
0.184972
0.177741
0.16627
0.119353
0.120672
0.123184
0.126719
0.13113
0.13633
0.142186
0.148622
0.155482
0.162674
0.169983
0.177273
0.184232
0.190666
0.196118
0.200352
0.202695
0.202961
0.200113
0.194302
0.183663
)
;

boundaryField
{
    inlet
    {
        type            zeroGradient;
    }
    outlet
    {
        type            fixedValue;
        value           nonuniform 0();
    }
    cylinder
    {
        type            zeroGradient;
    }
    top
    {
        type            symmetryPlane;
    }
    bottom
    {
        type            symmetryPlane;
    }
    frontAndBack
    {
        type            empty;
    }
    procBoundary0to1
    {
        type            processor;
        value           nonuniform List<scalar> 
216
(
0.215921
0.225845
0.235601
0.245186
0.245186
0.258979
0.268708
0.278246
0.278246
0.29428
0.303921
0.313322
0.32247
0.32247
0.339458
0.348605
0.357442
0.365957
0.365957
0.384138
0.392471
0.40042
0.407972
0.415114
0.415114
0.434079
0.440777
0.447005
0.45275
0.458004
0.462758
0.467003
0.470732
0.473939
0.476619
0.478765
0.478765
0.495498
0.496641
0.497207
0.497195
0.496606
0.49544
0.478688
0.478688
0.476519
0.473817
0.470588
0.466837
0.462569
0.457793
0.452517
0.446749
0.4405
0.43378
0.414804
0.414804
0.40764
0.400067
0.392096
0.383742
0.365555
0.365555
0.35702
0.348161
0.338994
0.322003
0.322003
0.312835
0.303414
0.287068
0.287068
0.277716
0.26816
0.254044
0.254044
0.244618
0.235015
0.225239
0.170104
0.152493
0.137825
0.123941
0.111193
0.0998046
0.089651
0.0805423
0.0723403
0.0649424
0.0582582
0.0522044
0.0467067
0.0416996
0.0371264
0.0329378
0.0290905
0.0255472
0.0222754
0.0192466
0.0164362
0.0138226
0.0113868
0.00911234
0.00698454
0.00499051
0.00311882
0.00135931
-0.000297054
-0.00185833
-0.00333176
-0.00472378
-0.00604019
-0.00728619
-0.00846643
-0.00958507
-0.0106459
-0.0116521
-0.0126068
-0.0135125
-0.0143715
-0.0151857
-0.015957
-0.0166866
-0.0173758
-0.0180254
-0.0186361
-0.0192084
-0.0197425
-0.0202383
-0.0206956
-0.0211139
-0.0214925
-0.0218304
-0.0221263
-0.0223788
-0.022586
-0.0227456
-0.0228552
-0.022912
0.21599
0.21599
0.20704
0.197942
0.188697
0.179109
0.189812
0.189812
0.189207
0.189207
0.178448
0.188055
0.197318
0.206434
0.215401
0.224211
0.224211
-0.022987
-0.0229292
-0.0228175
-0.0226551
-0.0224443
-0.0221875
-0.0218867
-0.0215434
-0.021159
-0.0207346
-0.0202711
-0.019769
-0.0192289
-0.0186507
-0.0180346
-0.0173802
-0.016687
-0.0159543
-0.0151811
-0.0143661
-0.0135078
-0.0126044
-0.0116536
-0.0106531
-0.00959992
-0.00849085
-0.0073222
-0.00608981
-0.00478901
-0.00341456
-0.00196059
-0.000420539
0.00121295
0.00294811
0.00479417
0.00676149
0.00886172
0.011108
0.0135153
0.0161003
0.0188822
0.0218829
0.0251274
0.0286441
0.0324659
0.0366304
0.0411808
0.0461668
0.0516452
0.0576814
0.06435
0.0717344
0.0799251
0.0890246
0.0991715
0.110556
0.123302
0.137187
0.151857
0.169476
)
;
    }
}


// ************************************************************************* //
