/*--------------------------------*- C++ -*----------------------------------*\
  =========                 |
  \\      /  F ield         | OpenFOAM: The Open Source CFD Toolbox
   \\    /   O peration     | Website:  https://openfoam.org
    \\  /    A nd           | Version:  7
     \\/     M anipulation  |
\*---------------------------------------------------------------------------*/
FoamFile
{
    version     2.0;
    format      ascii;
    class       volScalarField;
    location    "200";
    object      p;
}
// * * * * * * * * * * * * * * * * * * * * * * * * * * * * * * * * * * * * * //

dimensions      [0 2 -2 0 0 0 0];

internalField   nonuniform List<scalar> 
4575
(
-0.130275
-0.13448
-0.120321
-0.153828
-0.138379
-0.12394
-0.110187
-0.158809
-0.142202
-0.127228
-0.113212
-0.0998803
-0.164253
-0.146457
-0.130358
-0.11588
-0.102304
-0.0894093
-0.170228
-0.151123
-0.133874
-0.118306
-0.104345
-0.091226
-0.0787831
-0.176831
-0.15626
-0.137748
-0.121071
-0.106058
-0.0926341
-0.0799881
-0.0680123
-0.184153
-0.161962
-0.142033
-0.124142
-0.108062
-0.0936264
-0.0807588
-0.0686026
-0.0571084
-0.192279
-0.168315
-0.146818
-0.127562
-0.110317
-0.0948591
-0.0810239
-0.0687323
-0.0570828
-0.0460853
-0.201264
-0.175403
-0.152186
-0.131416
-0.11286
-0.0962895
-0.0814775
-0.0682648
-0.0565686
-0.0454431
-0.034959
-0.211083
-0.183283
-0.158221
-0.135786
-0.115772
-0.0979448
-0.0820737
-0.0679315
-0.0553638
-0.0442824
-0.0336997
-0.0237484
-0.221539
-0.19194
-0.164981
-0.140754
-0.119133
-0.0999043
-0.0828324
-0.0676852
-0.0542363
-0.042336
-0.0318891
-0.0218697
-0.0124753
-0.232122
-0.201192
-0.172459
-0.146381
-0.123023
-0.102247
-0.0838315
-0.0675399
-0.0531399
-0.040407
-0.0291967
-0.0194042
-0.00997195
-0.00116688
-0.241824
-0.210555
-0.180489
-0.152667
-0.127508
-0.105053
-0.085149
-0.0675724
-0.0520845
-0.0384538
-0.0264586
-0.0159609
-0.0068433
0.00197285
0.0101402
-0.219063
-0.188615
-0.159462
-0.132593
-0.108388
-0.086865
-0.0678607
-0.0511464
-0.0364837
-0.0236425
-0.0124058
-0.00264261
0.00577955
0.0139428
0.0214021
-0.225102
-0.195912
-0.166338
-0.138144
-0.112266
-0.0890478
-0.0684847
-0.0504039
-0.0345734
-0.0207554
-0.00872169
0.00173759
0.0107451
0.0184526
0.0259217
0.0325838
-0.226375
-0.20081
-0.172408
-0.143759
-0.116566
-0.0917155
-0.069514
-0.0499365
-0.0328012
-0.0178738
-0.00491749
0.00629307
0.0159579
0.02419
0.0311692
0.0379068
0.0436586
-0.201058
-0.176154
-0.148592
-0.120915
-0.0947638
-0.0709729
-0.0498152
-0.0312461
-0.0150759
-0.00106852
0.0110117
0.0213864
0.0302419
0.0376829
0.0439328
0.0498971
0.0545232
-0.194043
-0.175371
-0.151178
-0.124506
-0.0978439
-0.0727708
-0.0500695
-0.02998
-0.0124399
0.00274798
0.0158209
0.0270135
0.0365428
0.0445783
0.0512255
0.0567674
0.0618585
0.0648875
-0.177584
-0.167484
-0.149362
-0.125928
-0.100192
-0.0745846
-0.0506223
-0.0290374
-0.0100379
0.00645523
0.0206457
0.0327721
0.0430681
0.0517454
0.0589584
0.0648348
0.0697195
0.0737468
0.0744819
-0.15029
-0.140612
-0.12308
-0.100449
-0.0756915
-0.0511758
-0.028354
-0.00790919
0.00998116
0.0254116
0.0385918
0.0497616
0.059154
0.0669751
0.0733725
0.0785238
0.0828005
0.0855883
0.0840178
-0.122611
-0.122716
-0.113481
-0.0965755
-0.0747884
-0.0510483
-0.0276571
-0.00600208
0.0132819
0.0300466
0.0444009
0.0565602
0.066765
0.0752477
0.08221
0.0878023
0.0922605
0.095887
0.0973067
0.0964333
-0.0942965
-0.0949135
-0.0861418
-0.0698974
-0.0489932
-0.0263056
-0.00406829
0.0163969
0.0345023
0.0501273
0.0633946
0.0745241
0.0837572
0.091325
0.0974264
0.102219
0.10597
0.108887
0.10952
0.10943
-0.0658045
-0.0669374
-0.0586484
-0.0430973
-0.0231108
-0.00150753
0.0195503
0.0388061
0.055718
0.0701922
0.0823635
0.0924563
0.100712
0.107361
0.1126
0.116595
0.119619
0.121807
0.121819
0.121821
-0.0371915
-0.0388429
-0.0310547
-0.0162262
0.00281096
0.023302
0.0431584
0.0611884
0.076895
0.0902096
0.101278
0.11033
0.117605
0.123332
0.127707
0.130902
0.133186
0.134654
0.134101
0.133882
-0.00851423
-0.0106851
-0.00341461
0.0106644
0.0287242
0.0480789
0.0667154
0.0835067
0.0979991
0.110148
0.12011
0.128116
0.134408
0.139213
0.142723
0.145114
0.146651
0.147404
0.146284
0.145699
0.0201705
0.0174802
0.0242176
0.0375231
0.0545809
0.0727788
0.0901807
0.105724
0.118996
0.129976
0.138829
0.145789
0.151098
0.154978
0.157624
0.159211
0.159995
0.160034
0.158329
0.157294
0.0488058
0.045597
0.0517877
0.0642986
0.0803335
0.0973579
0.113514
0.127802
0.139851
0.149661
0.157406
0.163321
0.167647
0.170606
0.172388
0.173168
0.173197
0.172521
0.170216
0.16868
0.0773347
0.0736097
0.0792417
0.0909396
0.105934
0.121772
0.136675
0.149705
0.160531
0.169172
0.175811
0.180684
0.184031
0.18607
0.186991
0.186967
0.18624
0.184848
0.181933
0.179863
0.105701
0.101462
0.106526
0.117395
0.131336
0.145978
0.159624
0.171396
0.181002
0.188478
0.194016
0.197853
0.200225
0.201349
0.201413
0.200586
0.199105
0.196997
0.193466
0.190843
0.133847
0.1291
0.133586
0.143615
0.156491
0.169933
0.182321
0.192839
0.201229
0.207548
0.211992
0.214799
0.216204
0.21642
0.215631
0.214007
0.211775
0.208954
0.204806
0.201615
0.161719
0.156467
0.160369
0.169549
0.181354
0.193593
0.204726
0.213997
0.221181
0.226351
0.229711
0.231497
0.231943
0.23126
0.229627
0.227211
0.224233
0.220705
0.215941
0.18926
0.18351
0.186824
0.195147
0.205878
0.216917
0.226802
0.234834
0.240823
0.244858
0.247144
0.247922
0.24742
0.245846
0.243378
0.24018
0.236463
0.232234
0.22686
0.216416
0.210174
0.212898
0.220362
0.23002
0.239863
0.24851
0.255316
0.260124
0.263037
0.264265
0.264047
0.262611
0.260159
0.256867
0.252895
0.248449
0.243528
0.237552
0.243132
0.236407
0.23854
0.245145
0.253733
0.26239
0.269812
0.275409
0.279053
0.28086
0.281046
0.279849
0.277492
0.274176
0.270073
0.26534
0.260175
0.254574
0.269357
0.262157
0.263701
0.269449
0.276975
0.284459
0.290672
0.295078
0.297577
0.298298
0.297461
0.295302
0.292041
0.287877
0.282978
0.277498
0.271626
0.265358
0.295038
0.287373
0.288331
0.293228
0.299703
0.30603
0.311054
0.31429
0.315667
0.315324
0.313484
0.310382
0.306236
0.301241
0.295562
0.28935
0.282787
0.275866
0.320125
0.312005
0.312383
0.316438
0.321876
0.327064
0.330923
0.333014
0.333292
0.331909
0.329089
0.325066
0.320056
0.31425
0.307809
0.300882
0.293643
0.286085
0.344568
0.336005
0.33581
0.339035
0.343453
0.347526
0.350244
0.351217
0.350423
0.348026
0.344252
0.339332
0.33348
0.326883
0.3197
0.312077
0.304179
0.368319
0.359325
0.358567
0.360975
0.364396
0.367378
0.368985
0.368869
0.367034
0.363651
0.358949
0.353157
0.346487
0.339122
0.331219
0.322919
0.314382
0.391331
0.38192
0.38061
0.382219
0.384665
0.386586
0.387112
0.38594
0.383095
0.378757
0.373156
0.36652
0.359058
0.350949
0.342348
0.333393
0.324236
0.413559
0.403745
0.401896
0.402727
0.404224
0.405116
0.404596
0.402402
0.398581
0.39332
0.386851
0.379401
0.371173
0.362347
0.353072
0.343484
0.33373
0.43496
0.424758
0.422385
0.422459
0.423038
0.422935
0.421405
0.418227
0.413466
0.407317
0.400013
0.391778
0.382814
0.373297
0.363374
0.353178
0.455492
0.444917
0.442038
0.44138
0.441073
0.440012
0.437512
0.433389
0.427726
0.420725
0.41262
0.403633
0.393963
0.383784
0.37324
0.362461
0.475115
0.464184
0.460817
0.459455
0.458297
0.456317
0.452889
0.447862
0.441337
0.433523
0.424652
0.414947
0.404604
0.393793
0.382655
0.371319
0.493791
0.482521
0.478686
0.47665
0.474678
0.471822
0.467509
0.461622
0.454278
0.445689
0.436091
0.425703
0.41472
0.403307
0.391606
0.379741
0.511483
0.499893
0.495611
0.492932
0.490188
0.4865
0.481348
0.474646
0.466526
0.457205
0.446919
0.435885
0.424295
0.412314
0.400079
0.387713
0.528158
0.516265
0.511561
0.508274
0.504798
0.500325
0.494382
0.486913
0.478062
0.468052
0.457117
0.445475
0.433315
0.420798
0.408062
0.543783
0.531608
0.526505
0.522645
0.518483
0.513273
0.50659
0.498402
0.488867
0.478212
0.466671
0.45446
0.441766
0.428749
0.415543
0.558328
0.54589
0.540415
0.536021
0.531218
0.525323
0.51795
0.509094
0.498923
0.487669
0.475565
0.462825
0.449636
0.436154
0.422512
0.571766
0.559085
0.553265
0.548376
0.542981
0.536452
0.528444
0.518971
0.508215
0.496408
0.483785
0.470558
0.456912
0.443001
0.428957
0.584071
0.571169
0.565032
0.559689
0.553751
0.546643
0.538054
0.528018
0.516727
0.504415
0.491318
0.477647
0.463583
0.449281
0.43487
0.595219
0.582117
0.575693
0.569938
0.56351
0.555878
0.546763
0.53622
0.524445
0.511678
0.498154
0.484081
0.46964
0.454985
0.440242
0.605189
0.591909
0.585229
0.579107
0.57224
0.564141
0.554559
0.543563
0.531358
0.518185
0.50428
0.48985
0.475074
0.460103
0.445066
0.613964
0.600528
0.593623
0.587177
0.579926
0.571419
0.561427
0.550035
0.537453
0.523927
0.509688
0.494945
0.479875
0.46463
0.449333
0.621526
0.607957
0.600858
0.594136
0.586557
0.577699
0.567357
0.555626
0.542723
0.528893
0.51437
0.499359
0.484039
0.468557
0.45304
0.627861
0.614183
0.606923
0.599972
0.592119
0.582971
0.572339
0.560328
0.547159
0.533077
0.518318
0.503086
0.487557
0.471881
0.45618
0.632959
0.619195
0.611807
0.604673
0.596604
0.587227
0.576365
0.564133
0.550753
0.536473
0.521527
0.50612
0.490427
0.474595
0.458749
0.636811
0.622983
0.615502
0.608234
0.600006
0.59046
0.57943
0.567035
0.553501
0.539076
0.523993
0.508457
0.492643
0.476697
0.63941
0.625542
0.618001
0.610647
0.602318
0.592665
0.581529
0.569031
0.555399
0.540882
0.525712
0.510094
0.494203
0.478185
0.640751
0.626867
0.6193
0.61191
0.603538
0.59384
0.582659
0.570118
0.556446
0.541889
0.526682
0.51103
0.495105
0.479055
0.640835
0.626958
0.619399
0.612021
0.603664
0.593984
0.58282
0.570296
0.556639
0.542097
0.526903
0.511263
0.495349
0.479309
0.639661
0.625816
0.618299
0.610981
0.602698
0.593096
0.582011
0.569564
0.555979
0.541506
0.526376
0.510794
0.494935
0.478946
0.637234
0.623443
0.616003
0.608794
0.600642
0.59118
0.580237
0.567925
0.55447
0.540117
0.525101
0.509625
0.493865
0.477968
0.633559
0.619846
0.612516
0.605465
0.597502
0.588241
0.577499
0.565383
0.552113
0.537935
0.523082
0.507759
0.492141
0.476377
0.46059
0.628645
0.615034
0.607846
0.601001
0.593283
0.584285
0.573806
0.561944
0.548915
0.534964
0.520323
0.505199
0.489767
0.474177
0.458552
0.622503
0.609016
0.602005
0.595412
0.587996
0.57932
0.569164
0.557615
0.544882
0.53121
0.516831
0.501951
0.486748
0.471372
0.455947
0.615146
0.601807
0.595004
0.58871
0.581651
0.573356
0.563583
0.552403
0.540022
0.526681
0.512612
0.498022
0.48309
0.467967
0.452779
0.606592
0.593422
0.586859
0.580909
0.57426
0.566405
0.557073
0.54632
0.534345
0.521384
0.507673
0.493418
0.4788
0.46397
0.449055
0.596857
0.58388
0.577586
0.572024
0.56584
0.558481
0.549647
0.539377
0.52786
0.515331
0.502024
0.488148
0.473885
0.459386
0.444782
0.585962
0.573199
0.567205
0.562074
0.556406
0.5496
0.54132
0.531587
0.52058
0.508532
0.495676
0.482223
0.468354
0.454225
0.439967
0.573932
0.561403
0.555738
0.551079
0.545977
0.539777
0.532107
0.522965
0.512519
0.501
0.48864
0.475651
0.462218
0.448496
0.434618
0.56079
0.548517
0.543209
0.539061
0.534574
0.529033
0.522026
0.513527
0.503692
0.492749
0.480929
0.468446
0.455487
0.442209
0.428745
0.546566
0.534568
0.529642
0.526045
0.522219
0.517388
0.511096
0.50329
0.494115
0.483793
0.472557
0.460621
0.448173
0.435374
0.422359
0.531288
0.519586
0.515067
0.512056
0.508936
0.504864
0.499337
0.492273
0.483805
0.47415
0.463539
0.452188
0.440289
0.428003
0.415469
0.514988
0.5036
0.499513
0.497123
0.494751
0.491486
0.486772
0.480498
0.472782
0.463835
0.45389
0.443164
0.431849
0.42011
0.408088
0.395904
0.497701
0.486646
0.483012
0.481275
0.479692
0.477277
0.473423
0.467984
0.461065
0.452869
0.443628
0.433563
0.422866
0.411708
0.400228
0.388552
0.479463
0.468758
0.465598
0.464544
0.463788
0.462266
0.459315
0.454756
0.448675
0.441269
0.432772
0.423402
0.413358
0.40281
0.391902
0.380762
0.460312
0.449974
0.447307
0.446964
0.44707
0.446482
0.444476
0.440838
0.435634
0.429058
0.421339
0.412699
0.40334
0.393433
0.383125
0.372547
0.440288
0.430333
0.428175
0.42857
0.429571
0.429953
0.428932
0.426254
0.421967
0.416256
0.40935
0.401473
0.392828
0.38359
0.373909
0.363919
0.419432
0.409875
0.408244
0.409397
0.411324
0.412711
0.412712
0.411032
0.407698
0.402887
0.396827
0.389743
0.381841
0.3733
0.364272
0.354892
0.345308
0.397789
0.388645
0.387552
0.389486
0.392365
0.394789
0.395846
0.395199
0.392851
0.388973
0.38379
0.377528
0.370398
0.362579
0.354227
0.345482
0.336495
0.375403
0.366685
0.366144
0.368875
0.37273
0.376221
0.378366
0.378783
0.377455
0.374539
0.370262
0.364851
0.358516
0.351445
0.343793
0.335703
0.327334
0.352321
0.344043
0.344062
0.347606
0.352458
0.357042
0.360303
0.361816
0.361535
0.359612
0.356267
0.351731
0.346218
0.339915
0.332984
0.32557
0.317839
0.328592
0.320765
0.321353
0.325721
0.331589
0.337288
0.341692
0.344326
0.345121
0.344215
0.341828
0.338192
0.333521
0.32801
0.321819
0.3151
0.308023
0.300591
0.304266
0.2969
0.298063
0.303265
0.310163
0.316996
0.322566
0.326347
0.328242
0.328378
0.326972
0.324256
0.320449
0.315747
0.310315
0.304307
0.297901
0.291101
0.279392
0.272499
0.274241
0.280282
0.288221
0.296206
0.302961
0.30791
0.310927
0.312126
0.311722
0.309946
0.307022
0.303147
0.298491
0.29321
0.287489
0.281334
0.254024
0.247613
0.249935
0.256819
0.265808
0.274955
0.282913
0.289048
0.293207
0.29549
0.296105
0.295288
0.293263
0.290231
0.286365
0.281824
0.276802
0.271306
0.264841
0.228215
0.222293
0.225196
0.232923
0.242965
0.253286
0.262459
0.269797
0.275114
0.278496
0.280148
0.280305
0.279194
0.277019
0.273956
0.270168
0.265855
0.261029
0.255149
0.202019
0.196593
0.200075
0.208643
0.219739
0.231239
0.241637
0.25019
0.256679
0.261176
0.263878
0.265022
0.264837
0.263532
0.261284
0.258258
0.254664
0.250518
0.245231
0.17549
0.170568
0.174624
0.184027
0.196175
0.208855
0.220485
0.230263
0.237936
0.243558
0.247323
0.249465
0.250218
0.249791
0.248367
0.246113
0.243246
0.239787
0.235099
0.231293
0.148686
0.144273
0.148897
0.159125
0.172318
0.186178
0.199043
0.210052
0.218917
0.225673
0.23051
0.23366
0.235359
0.235819
0.235227
0.23375
0.231615
0.22885
0.224765
0.22152
0.121662
0.117761
0.122946
0.133988
0.148216
0.16325
0.177349
0.189593
0.199655
0.207553
0.213468
0.217633
0.220285
0.221639
0.221883
0.22119
0.21979
0.217722
0.214241
0.211548
0.0944744
0.0910911
0.0968268
0.108667
0.123917
0.140115
0.155445
0.168923
0.180185
0.189229
0.196226
0.201411
0.20502
0.207272
0.208357
0.208449
0.207788
0.206417
0.203538
0.201383
0.0671818
0.0643177
0.0705926
0.0832134
0.0994675
0.116818
0.13337
0.148079
0.160541
0.170731
0.178814
0.185021
0.18959
0.192742
0.19467
0.195549
0.195624
0.194951
0.192667
0.191029
0.0398411
0.0374978
0.0442985
0.0576789
0.0749164
0.0934015
0.111165
0.127099
0.140756
0.152092
0.16126
0.16849
0.174019
0.178073
0.180844
0.182509
0.18332
0.183342
0.181641
0.180487
0.01251
0.0106879
0.0179994
0.0321157
0.0503119
0.0699116
0.0888713
0.10602
0.120867
0.133343
0.143594
0.151845
0.158334
0.163288
0.166901
0.16935
0.170892
0.171607
0.170474
0.169755
-0.014754
-0.0160554
-0.00824974
0.00657589
0.0257028
0.0463925
0.0665298
0.0848793
0.100906
0.114518
0.125846
0.135114
0.14256
0.148411
0.152865
0.156094
0.158361
0.159768
0.159186
0.158819
-0.0418934
-0.0426761
-0.0343941
-0.0188885
0.00113743
0.0228892
0.0441816
0.0637152
0.0809102
0.0956469
0.108046
0.118325
0.126722
0.133468
0.138759
0.142763
0.145746
0.147849
0.147816
0.14766
-0.0688512
-0.0691185
-0.0603792
-0.0442256
-0.0233356
-0.000553809
0.0218676
0.0425653
0.0609126
0.0767625
0.0902224
0.101505
0.110848
0.118483
0.124608
0.129384
0.133069
0.135875
0.136442
0.136206
-0.0955701
-0.0953274
-0.0861509
-0.0693836
-0.047668
-0.0238919
-0.000371194
0.0214668
0.040948
0.0578966
0.0724054
0.0846817
0.0949627
0.10348
0.110435
0.115981
0.12035
0.123839
0.125162
0.124207
-0.121248
-0.111655
-0.0943112
-0.0718117
-0.0470807
-0.0224943
0.000456951
0.0210506
0.0390804
0.0546239
0.0678823
0.0790915
0.0884833
0.0962642
0.102585
0.107622
0.111739
0.114369
0.112866
-0.146829
-0.13684
-0.118958
-0.0957197
-0.0700765
-0.0444615
-0.0204274
0.00125404
0.0203451
0.0369068
0.0511336
0.0632598
0.0735177
0.0821188
0.0892205
0.0949541
0.0996553
0.103458
0.104139
-0.161653
-0.143275
-0.119345
-0.092836
-0.0662331
-0.0411499
-0.0184083
0.00172138
0.0192823
0.0344616
0.0474919
0.0586059
0.0680202
0.0759066
0.0823758
0.087703
0.0925059
0.0953384
-0.167212
-0.142641
-0.115316
-0.0877699
-0.0616748
-0.0379036
-0.0167608
0.00177799
0.0178917
0.0318111
0.0437695
0.0539876
0.062653
0.0698761
0.0758737
0.0814963
0.0858322
-0.190721
-0.165563
-0.137476
-0.109033
-0.0819669
-0.0571999
-0.0350721
-0.0155792
0.00144855
0.0162395
0.0290279
0.0400377
0.0494688
0.0574401
0.0641257
0.0704731
0.0758711
-0.188067
-0.159273
-0.129986
-0.101992
-0.0762656
-0.0531837
-0.0327631
-0.014844
0.000798772
0.0144
0.0261859
0.0363657
0.0450673
0.0524375
0.0594689
0.0657232
-0.180669
-0.150591
-0.121716
-0.0950702
-0.0710678
-0.0497482
-0.0309629
-0.0144904
-9.60649e-05
0.0124479
0.023357
0.0327672
0.0408066
0.0484851
0.0554864
-0.170811
-0.141106
-0.113584
-0.0886971
-0.0665097
-0.0468855
-0.0296078
-0.0144425
-0.00116099
0.0104563
0.0205521
0.02924
0.037525
0.045187
-0.190613
-0.160131
-0.131777
-0.106045
-0.0830236
-0.0625901
-0.0445336
-0.0286215
-0.0146252
-0.0023225
0.00843519
0.0177495
0.0266044
0.0348581
-0.178759
-0.149623
-0.123087
-0.0992668
-0.0780555
-0.0592487
-0.0426159
-0.0279291
-0.0149649
-0.00356968
0.00634905
0.0157441
0.0245411
-0.167094
-0.139797
-0.115217
-0.0932614
-0.0737344
-0.0564085
-0.0410569
-0.027456
-0.0154478
-0.00494626
0.00496423
0.0142708
-0.156153
-0.130852
-0.108188
-0.0879727
-0.0699828
-0.0539933
-0.0397811
-0.0271842
-0.0161213
-0.00571736
0.00407328
-0.146152
-0.122816
-0.101946
-0.0833226
-0.0667229
-0.0519254
-0.0387642
-0.0271612
-0.0162841
-0.00603068
-0.137129
-0.115638
-0.0964122
-0.0792311
-0.0638747
-0.0501736
-0.0380518
-0.0267205
-0.016023
-0.129032
-0.109237
-0.0915038
-0.0756152
-0.0613989
-0.0487796
-0.0370127
-0.0258883
-0.121782
-0.103527
-0.0871339
-0.0724272
-0.0593322
-0.047148
-0.0356133
-0.115289
-0.0984187
-0.0832468
-0.0696979
-0.0571151
-0.0451867
-0.109458
-0.0938466
-0.0798664
-0.0669036
-0.0545986
-0.104217
-0.0898281
-0.0765044
-0.0638402
-0.0859092
-0.0729035
-0.0817813
0.0766109
0.0669273
0.0568712
0.0471054
0.037002
0.0265996
0.0161447
0.00570325
-0.00472758
-0.0151229
-0.0254482
-0.0356819
-0.0458111
-0.055825
-0.0657135
-0.0754683
-0.0850827
-0.0945508
-0.103867
-0.113028
-0.122028
0.0653388
0.0553165
0.0442336
0.0345278
0.0251588
0.0155516
0.00592093
-0.00356041
-0.0129079
-0.0221521
-0.0312858
-0.040297
-0.0491831
-0.0579447
-0.0665809
-0.0750898
-0.0834698
-0.0917193
-0.099837
-0.107821
-0.11567
0.0526202
0.0429656
0.0324097
0.0235236
0.0152823
0.00686836
-0.00162011
-0.00996947
-0.018167
-0.0262628
-0.0342696
-0.0421776
-0.0499817
-0.0576819
-0.0652779
-0.072768
-0.0801497
-0.0874211
-0.0945806
-0.101626
-0.108557
0.0404445
0.0315719
0.0221295
0.0142565
0.00701459
-0.000378213
-0.00787561
-0.0152699
-0.0225238
-0.0296801
-0.0367572
-0.0437476
-0.0506436
-0.0574437
-0.0641482
-0.0707562
-0.0772667
-0.0836787
-0.0899918
-0.0962058
-0.102321
0.0300504
0.0221101
0.0138311
0.00689376
0.0004906
-0.00603912
-0.0126652
-0.0192074
-0.0256231
-0.0319458
-0.0381949
-0.0443666
-0.0504543
-0.0564568
-0.0623749
-0.0682092
-0.0739594
-0.0796254
-0.0852073
-0.0907054
-0.0961201
0.0214251
0.0143372
0.00708972
0.000958889
-0.00473927
-0.0105365
-0.0164067
-0.0222028
-0.027887
-0.0334857
-0.0390165
-0.0444783
-0.049866
-0.0551786
-0.0604172
-0.0655828
-0.0706755
-0.0756958
-0.080644
-0.0855206
-0.0903262
0.0142665
0.00792511
0.0015895
-0.00381954
-0.00889007
-0.0140381
-0.0192353
-0.0243648
-0.0293974
-0.0343543
-0.0392502
-0.0440851
-0.0488555
-0.0535609
-0.0582023
-0.0627809
-0.0672972
-0.0717517
-0.076145
-0.0804777
-0.0847505
0.00835499
0.00268117
-0.00284484
-0.00760559
-0.0121134
-0.0166853
-0.0212877
-0.0258284
-0.0302868
-0.03468
-0.0390198
-0.0433065
-0.0475376
-0.0517129
-0.0558333
-0.0598999
-0.0639134
-0.0678744
-0.0717835
-0.0756413
-0.0794486
0.00353904
-0.00153127
-0.00634405
-0.0105303
-0.0145374
-0.0186
-0.0226785
-0.0267009
-0.0306539
-0.0345516
-0.038403
-0.0422084
-0.0459661
-0.0496759
-0.053339
-0.0569562
-0.0605282
-0.0640557
-0.0675391
-0.0709793
-0.0743769
-0.00031993
-0.00484713
-0.00903726
-0.0127192
-0.0162833
-0.0198963
-0.0235142
-0.027081
-0.0305895
-0.0340516
-0.0374741
-0.0408568
-0.0441986
-0.0474998
-0.0507612
-0.0539837
-0.0571678
-0.0603141
-0.0634233
-0.0664959
-0.0695326
-0.00335415
-0.00739534
-0.0110444
-0.014285
-0.0174573
-0.0206732
-0.0238856
-0.0270517
-0.0301691
-0.0332478
-0.0362927
-0.0393035
-0.0422794
-0.0452209
-0.0481286
-0.0510033
-0.0538455
-0.0566559
-0.0594348
-0.0621828
-0.0649007
-0.00568277
-0.00929032
-0.0124701
-0.0153246
-0.0181501
-0.021015
-0.0238704
-0.0266839
-0.0294568
-0.0321977
-0.0349099
-0.037593
-0.0402466
-0.0428709
-0.0454667
-0.0480346
-0.050575
-0.0530884
-0.0555753
-0.0580363
-0.0604717
-0.00740981
-0.0106309
-0.0134041
-0.0159208
-0.0184394
-0.020994
-0.0235348
-0.0260377
-0.028507
-0.03095
-0.0333688
-0.0357629
-0.0381319
-0.0404762
-0.0427964
-0.045093
-0.0473665
-0.0496171
-0.0518454
-0.0540518
-0.0562366
-0.00862572
-0.0115028
-0.0139239
-0.0161454
-0.0183924
-0.0206724
-0.0229357
-0.025165
-0.0273665
-0.0295465
-0.0317063
-0.033845
-0.0359625
-0.0380592
-0.0401356
-0.0421921
-0.0442291
-0.0462469
-0.0482458
-0.0502262
-0.0521884
-0.00940939
-0.0119804
-0.0140969
-0.0160603
-0.0180667
-0.0201037
-0.0221222
-0.0241102
-0.0260752
-0.0280229
-0.0299536
-0.0318665
-0.0337614
-0.0356389
-0.0374994
-0.0393431
-0.0411703
-0.0429813
-0.0447764
-0.0465559
-0.0483201
-0.0098295
-0.0121283
-0.0139813
-0.0157191
-0.0175124
-0.0193341
-0.0211365
-0.0229114
-0.0246675
-0.0264097
-0.0281376
-0.0298506
-0.0315485
-0.0332317
-0.0349005
-0.0365553
-0.0381963
-0.0398236
-0.0414375
-0.0430382
-0.044626
-0.00994579
-0.0120026
-0.0136278
-0.0151681
-0.0167726
-0.0184034
-0.0200148
-0.0216016
-0.0231729
-0.0247331
-0.0262815
-0.0278173
-0.0293404
-0.0308512
-0.03235
-0.033837
-0.0353123
-0.0367762
-0.0382288
-0.0396703
-0.0411009
-0.00981014
-0.0116519
-0.0130798
-0.0144474
-0.0158844
-0.017346
-0.0187884
-0.0202089
-0.0216167
-0.0230156
-0.0244049
-0.0257835
-0.0271516
-0.0285093
-0.0298569
-0.0311947
-0.0325227
-0.0338411
-0.0351499
-0.0364495
-0.0377399
-0.00946754
-0.011118
-0.0123754
-0.0135917
-0.0148802
-0.0161916
-0.0174845
-0.0187577
-0.0200207
-0.0212767
-0.0225247
-0.0237638
-0.0249941
-0.0262157
-0.027429
-0.0286339
-0.0298307
-0.0310194
-0.0322002
-0.0333731
-0.0345382
-0.00895699
-0.0104374
-0.0115472
-0.0126308
-0.0137875
-0.0149655
-0.016126
-0.017269
-0.0184035
-0.0195326
-0.0206552
-0.0217704
-0.0228781
-0.0239787
-0.0250723
-0.026159
-0.0272389
-0.0283119
-0.0293783
-0.0304381
-0.0314914
-0.00831226
-0.00964148
-0.0106233
-0.0115908
-0.0126304
-0.0136899
-0.014733
-0.0157604
-0.0167811
-0.0177975
-0.0188086
-0.0198136
-0.0208124
-0.0218052
-0.0227922
-0.0237735
-0.024749
-0.0257189
-0.0266831
-0.0276418
-0.0285951
-0.00756252
-0.00875718
-0.00962822
-0.0104937
-0.0114293
-0.0123835
-0.0133223
-0.0142474
-0.0151669
-0.0160831
-0.0169952
-0.0179021
-0.0188038
-0.0197006
-0.0205926
-0.0214798
-0.0223622
-0.0232399
-0.0241128
-0.0249812
-0.0258449
-0.00673291
-0.00780779
-0.00858272
-0.0093586
-0.0102018
-0.0110622
-0.0119086
-0.0127428
-0.0135723
-0.0143995
-0.0152233
-0.0160429
-0.0168581
-0.0176693
-0.0184765
-0.0192797
-0.0200789
-0.0208742
-0.0216655
-0.022453
-0.0232366
-0.00584503
-0.00681323
-0.00750473
-0.00820188
-0.00896288
-0.00973983
-0.010504
-0.0112574
-0.012007
-0.0127549
-0.0135
-0.0142417
-0.0149799
-0.0157146
-0.0164461
-0.0171742
-0.017899
-0.0186206
-0.0193389
-0.0200539
-0.0207656
-0.00491737
-0.00579049
-0.00640946
-0.00703733
-0.00772516
-0.00842775
-0.00911884
-0.00980031
-0.0104788
-0.011156
-0.011831
-0.0125032
-0.0131725
-0.0138389
-0.0145027
-0.0151637
-0.015822
-0.0164775
-0.0171303
-0.0177803
-0.0184276
-0.00396568
-0.004754
-0.00530984
-0.00587665
-0.00649929
-0.00713557
-0.00776155
-0.00837902
-0.00899403
-0.00960818
-0.0102206
-0.0108308
-0.0114385
-0.0120439
-0.012647
-0.0132479
-0.0138465
-0.0144428
-0.0150369
-0.0156286
-0.0162181
-0.0030033
-0.00371591
-0.00421669
-0.00472962
-0.00529414
-0.00587124
-0.00643914
-0.00699955
-0.00755795
-0.00811579
-0.00867231
-0.00922691
-0.00977952
-0.0103302
-0.0108791
-0.0114261
-0.0119712
-0.0125144
-0.0130557
-0.013595
-0.0141325
-0.00204145
-0.00268639
-0.00313905
-0.00360436
-0.00411701
-0.0046412
-0.00515726
-0.00566673
-0.00617454
-0.00668202
-0.00718848
-0.00769337
-0.00819662
-0.00869832
-0.00919849
-0.00969711
-0.0101941
-0.0106896
-0.0111834
-0.0116757
-0.0121663
-0.00108947
-0.00167389
-0.00208437
-0.0025075
-0.00297379
-0.00345066
-0.00392037
-0.00438428
-0.00484683
-0.0053092
-0.00577079
-0.00623111
-0.00669007
-0.00714776
-0.00760418
-0.00805932
-0.00851314
-0.00896562
-0.00941676
-0.00986655
-0.010315
-0.000155079
-0.000685279
-0.00105871
-0.00144439
-0.0018692
-0.00230367
-0.00273187
-0.00315499
-0.00357697
-0.00399888
-0.00442021
-0.00484049
-0.00525966
-0.00567777
-0.00609483
-0.00651083
-0.00692573
-0.0073395
-0.00775214
-0.00816364
-0.00857397
0.00075545
0.000273875
-6.68892e-05
-0.000419259
-0.000806898
-0.00120333
-0.00159428
-0.0019808
-0.00236636
-0.00275193
-0.00313705
-0.00352132
-0.00390467
-0.00428714
-0.00466875
-0.00504946
-0.00542924
-0.00580809
-0.00618597
-0.00656287
-0.00693879
0.00163709
0.00119918
0.000887319
0.000564666
0.000210394
-0.000151844
-0.00050934
-0.000862949
-0.00121575
-0.00156861
-0.00192114
-0.00227296
-0.00262402
-0.00297435
-0.00332395
-0.00367279
-0.00402086
-0.00436813
-0.00471457
-0.00506018
-0.00540494
0.0024859
0.00208728
0.00180108
0.00150501
0.00118074
0.000849277
0.00052191
0.000197933
-0.000125354
-0.000448723
-0.000771834
-0.00109437
-0.00141627
-0.00173755
-0.00205822
-0.00237824
-0.00269761
-0.00301629
-0.00333426
-0.00365151
-0.00396803
0.00329889
0.00293566
0.00267234
0.00240013
0.00210288
0.00179918
0.00149899
0.00120176
0.000905122
0.000608395
0.000311868
1.58181e-05
-0.000279692
-0.000574679
-0.000869142
-0.00116306
-0.0014564
-0.00174915
-0.00204129
-0.0023328
-0.00262367
0.0040739
0.00374259
0.00349977
0.00324902
0.00297618
0.00269755
0.00242194
0.00214889
0.00187636
0.00160375
0.0013313
0.00105925
0.000787658
0.000516518
0.00024583
-2.43847e-05
-0.000294101
-0.000563298
-0.000831958
-0.00110007
-0.00136761
0.00480945
0.00450699
0.00428261
0.00405124
0.00380047
0.00354454
0.00329118
0.00304005
0.00278938
0.00253864
0.00228803
0.00203777
0.0017879
0.00153842
0.00128934
0.00104068
0.000792458
0.000544693
0.000297404
5.06073e-05
-0.000195682
0.00550467
0.00522832
0.00502059
0.00480679
0.00457601
0.00434068
0.00410752
0.00387629
0.00364548
0.00341462
0.00318387
0.00295341
0.00272331
0.00249355
0.00226415
0.00203511
0.00180647
0.00157824
0.00135044
0.00112308
0.000896174
0.0061592
0.00590652
0.0057139
0.00551605
0.00530345
0.00508681
0.00487203
0.00465892
0.00444618
0.00423341
0.00402074
0.00380834
0.00359625
0.00338447
0.00317301
0.00296188
0.00275111
0.00254071
0.0023307
0.00212109
0.0019119
0.00677312
0.00654191
0.00636307
0.00617975
0.00598368
0.00578408
0.00558603
0.00538944
0.00519318
0.00499692
0.00480075
0.00460482
0.00440917
0.00421381
0.00401873
0.00382397
0.00362953
0.00343543
0.00324169
0.00304832
0.00285533
0.00734685
0.00713515
0.0069689
0.00679888
0.00661788
0.00643381
0.00625104
0.00606953
0.00588833
0.00570714
0.00552605
0.00534518
0.00516457
0.00498421
0.00480413
0.00462433
0.00444484
0.00426566
0.00408681
0.00390831
0.00373017
0.00788112
0.00768717
0.00753248
0.00737463
0.00720741
0.00703751
0.00686871
0.00670099
0.00653357
0.00636618
0.00619888
0.00603179
0.00586494
0.00569834
0.00553198
0.0053659
0.00520009
0.00503459
0.00486939
0.00470452
0.00453999
0.00837689
0.0081991
0.00805505
0.00790839
0.00775375
0.00759682
0.00744081
0.00728573
0.00713093
0.00697616
0.00682151
0.00666705
0.00651281
0.00635881
0.00620504
0.00605152
0.00589827
0.00574531
0.00559263
0.00544026
0.00528821
0.00883532
0.00867225
0.00853801
0.00840164
0.00825854
0.00811347
0.00796918
0.00782569
0.00768245
0.00753927
0.00739621
0.00725333
0.00711066
0.00696821
0.00682599
0.006684
0.00654228
0.00640081
0.00625963
0.00611874
0.00597815
0.00925771
0.00910805
0.00898288
0.008856
0.00872346
0.00858926
0.00845571
0.00832285
0.00819023
0.00805768
0.00792524
0.00779298
0.00766093
0.00752908
0.00739745
0.00726606
0.0071349
0.007004
0.00687336
0.006743
0.00661293
0.00964547
0.00950803
0.00939125
0.00927311
0.00915026
0.00902602
0.00890232
0.00877921
0.00865632
0.00853352
0.00841084
0.00828833
0.00816601
0.0080439
0.00792199
0.0078003
0.00767885
0.00755763
0.00743668
0.00731598
0.00719557
0.0100001
0.00987376
0.00976475
0.00965467
0.0095407
0.00942558
0.00931091
0.00919675
0.00908279
0.00896893
0.00885519
0.00874162
0.00862823
0.00851503
0.00840204
0.00828926
0.0081767
0.00806437
0.00795229
0.00784047
0.0077289
0.0103231
0.0102069
0.010105
0.0100024
0.00989655
0.00978977
0.00968337
0.0095774
0.00947163
0.00936596
0.00926041
0.00915502
0.00904981
0.00894479
0.00883996
0.00873533
0.00863092
0.00852674
0.00842279
0.00831908
0.00821562
0.010616
0.0105089
0.0104137
0.0103179
0.0102195
0.0101204
0.0100215
0.00992305
0.00982476
0.00972658
0.00962852
0.00953062
0.00943289
0.00933534
0.00923797
0.0091408
0.00904384
0.0089471
0.00885057
0.00875429
0.00865825
0.0108803
0.0107816
0.0106925
0.0106029
0.0105113
0.0104191
0.0103271
0.0102355
0.0101441
0.0100527
0.00996148
0.0098704
0.00977949
0.00968875
0.00959819
0.00950782
0.00941765
0.00932768
0.00923794
0.00914842
0.0111175
0.0110263
0.0109428
0.010859
0.0107735
0.0106876
0.0106019
0.0105165
0.0104312
0.0103461
0.0102611
0.0101762
0.0100915
0.0100069
0.00992255
0.00983836
0.00975435
0.00967055
0.00958696
0.00950358
0.0113291
0.0112445
0.0111661
0.0110875
0.0110077
0.0109275
0.0108474
0.0107676
0.010688
0.0106085
0.010529
0.0104498
0.0103706
0.0102917
0.0102129
0.0101343
0.0100559
0.00997761
0.00989958
0.00982176
0.0115163
0.0114377
0.0113639
0.01129
0.0112152
0.0111401
0.0110651
0.0109904
0.0109157
0.0108412
0.0107669
0.0106926
0.0106185
0.0105446
0.0104708
0.0103972
0.0103238
0.0102505
0.0101775
0.0101046
0.0116805
0.0116071
0.0115375
0.0114677
0.0113973
0.0113268
0.0112563
0.011186
0.0111159
0.0110459
0.010976
0.0109062
0.0108366
0.0107671
0.0106978
0.0106286
0.0105597
0.0104909
0.0104223
0.0103538
0.0118225
0.0117537
0.0116877
0.0116217
0.0115552
0.0114886
0.0114221
0.0113558
0.0112895
0.0112234
0.0111575
0.0110916
0.0110259
0.0109603
0.0108949
0.0108297
0.0107646
0.0106997
0.010635
0.0105705
0.0119435
0.0118787
0.0118158
0.0117529
0.0116898
0.0116266
0.0115635
0.0115006
0.0114377
0.011375
0.0113124
0.01125
0.0111876
0.0111255
0.0110634
0.0110016
0.0109399
0.0108784
0.010817
0.0107559
0.012044
0.0119824
0.0119222
0.011862
0.0118016
0.0117413
0.011681
0.0116209
0.0115609
0.0115011
0.0114413
0.0113817
0.0113222
0.0112629
0.0112037
0.0111447
0.0110858
0.0110271
0.0109686
0.0109103
0.0121248
0.0120658
0.0120077
0.0119497
0.0118916
0.0118335
0.0117756
0.0117177
0.01166
0.0116024
0.011545
0.0114877
0.0114305
0.0113734
0.0113166
0.0112599
0.0112033
0.011147
0.0110908
0.0110348
0.0121856
0.0121285
0.0120719
0.0120155
0.011959
0.0119027
0.0118464
0.0117903
0.0117343
0.0116784
0.0116227
0.0115671
0.0115116
0.0114564
0.0114012
0.0113463
0.0112915
0.0112369
0.0111825
0.0111282
0.0122273
0.0121714
0.0121158
0.0120604
0.0120051
0.0119498
0.0118947
0.0118397
0.0117848
0.0117301
0.0116755
0.0116211
0.0115669
0.0115128
0.0114588
0.0114051
0.0113515
0.0112981
0.0112449
0.0111919
0.0122479
0.0121924
0.0121371
0.012082
0.012027
0.0119722
0.0119174
0.0118629
0.0118085
0.0117542
0.0117001
0.0116462
0.0115925
0.0115389
0.0114855
0.0114324
0.0113794
0.0113266
0.011274
0.0112217
0.121516
0.0946531
0.102541
0.0796297
0.0877334
0.0667047
0.0741123
0.0540552
0.0618367
0.0427669
0.0511845
0.033241
0.042061
0.025276
0.0342588
0.0186062
0.0276078
0.0130533
0.0219766
0.00848273
0.0172493
0.0047709
0.0133179
0.00180292
0.0100832
-0.000524038
0.00745615
-0.00230044
0.00535703
-0.00360573
0.00371492
-0.00450968
0.00246674
-0.00507356
0.00155649
-0.00535101
0.00093458
-0.00538899
0.000557193
-0.00522851
0.000385683
-0.00490534
0.000386034
-0.00445062
0.000528373
-0.00389144
0.000786536
-0.00325121
0.00113768
-0.00255019
0.00156191
-0.00180577
0.002042
-0.00103284
0.00256308
-0.000244085
0.00311237
0.000549803
0.00367898
0.00133985
0.00425369
0.00211861
0.00482873
0.00287998
0.00539767
0.00361903
0.00595518
0.00433186
0.00649699
0.00501546
0.00701968
0.0056676
0.00752061
0.00628673
0.00799782
0.00687183
0.0084499
0.00742241
0.00887595
0.00793837
0.00927551
0.00841997
0.00964845
0.00886774
0.00999493
0.00928245
0.0103154
0.00966506
0.0106104
0.0100167
0.0108808
0.0103385
0.0111274
0.0106317
0.0113512
0.0108977
0.0115532
0.0111378
0.0117345
0.0113533
0.011896
0.0115455
0.0120388
0.0117155
0.0121638
0.0118645
0.0122719
0.0119934
0.0123637
0.0121031
0.01244
0.0121943
0.0125011
0.0122675
0.0125473
0.0123228
0.0125785
0.0123604
0.0125945
0.0123794
0.170473
0.160374
0.150092
0.139613
0.128645
0.142397
0.117113
0.16632
0.143334
0.154016
0.164136
0.173815
0.183309
0.192624
0.201752
0.0225304
0.0222752
0.0225228
0.0222643
0.0225077
0.0222424
0.0224851
0.0222101
0.022455
0.0221671
0.022417
0.0221133
0.0223709
0.0220481
0.0223162
0.0219712
0.0222524
0.0218819
0.022179
0.0217796
0.0220957
0.0216638
0.0220021
0.0215339
0.0218979
0.0213894
0.0217829
0.0212299
0.0216571
0.0210551
0.0215207
0.0208648
0.021374
0.0206591
0.0212176
0.0204382
0.0210523
0.0202024
0.0208792
0.0199526
0.0207
0.0196897
0.0205163
0.0194151
0.0203304
0.0191304
0.020145
0.0188378
0.0199634
0.0185398
0.0197893
0.0182396
0.019627
0.0179405
0.0194815
0.0176469
0.0193584
0.0173635
0.0192643
0.0170958
0.0192065
0.0168502
0.0191933
0.0166337
0.0192339
0.0164543
0.0193387
0.0163211
0.0195195
0.0162444
0.0197894
0.0162355
0.0201631
0.0163074
0.020657
0.0164746
0.0212897
0.0167533
0.0220821
0.0171621
0.0230575
0.0177218
0.0242425
0.0184563
0.0256672
0.0193926
0.0273657
0.0205618
0.0293769
0.0219996
0.0317449
0.0237471
0.0345202
0.0258519
0.0377602
0.0283689
0.0415305
0.0313621
0.045906
0.0349055
0.0509711
0.0390852
0.056819
0.0439986
0.0635512
0.0497515
0.0712875
0.0564633
0.0801896
0.0643024
0.0904528
0.0735243
0.102149
0.0842998
0.114983
0.096189
0.128815
0.108146
0.146595
0.122083
0.0221187
0.0220525
0.0219865
0.0219206
0.0218549
0.0217891
0.0217235
0.021658
0.0215926
0.0215273
0.0214621
0.0213971
0.0213322
0.0212674
0.0212027
0.0211383
0.0210739
0.0210098
0.0209457
0.0221061
0.0220395
0.0219732
0.021907
0.0218408
0.0217746
0.0217086
0.0216426
0.0215767
0.0215109
0.0214451
0.0213795
0.021314
0.0212486
0.0211834
0.0211182
0.0210532
0.0209884
0.0209236
0.0220799
0.0220119
0.0219445
0.0218771
0.0218097
0.0217423
0.021675
0.0216077
0.0215405
0.0214734
0.0214064
0.0213395
0.0212726
0.0212059
0.0211393
0.0210728
0.0210064
0.0209402
0.0208741
0.0220417
0.0219717
0.0219025
0.0218333
0.021764
0.0216948
0.0216255
0.0215564
0.0214872
0.0214182
0.0213492
0.0212804
0.0212116
0.0211429
0.0210743
0.0210058
0.0209374
0.0208692
0.020801
0.0219906
0.0219178
0.0218461
0.0217745
0.0217027
0.0216308
0.021559
0.0214873
0.0214156
0.0213439
0.0212724
0.0212009
0.0211295
0.0210581
0.0209869
0.0209158
0.0208448
0.0207739
0.0207032
0.0219269
0.0218505
0.0217757
0.021701
0.0216261
0.021551
0.021476
0.021401
0.0213261
0.0212512
0.0211764
0.0211017
0.0210271
0.0209525
0.0208781
0.0208037
0.0207295
0.0206553
0.0205814
0.0205075
0.0218497
0.021769
0.0216905
0.0216122
0.0215334
0.0214545
0.0213756
0.0212968
0.021218
0.0211393
0.0210607
0.0209821
0.0209036
0.0208252
0.0207469
0.0206686
0.0205905
0.0205126
0.0204347
0.020357
0.0217588
0.0216729
0.0215902
0.0215076
0.0214244
0.021341
0.0212576
0.0211743
0.0210911
0.0210079
0.0209248
0.0208417
0.0207587
0.0206758
0.020593
0.0205103
0.0204277
0.0203452
0.0202629
0.0201807
0.0216533
0.0215616
0.021474
0.0213865
0.0212983
0.0212097
0.0211212
0.0210327
0.0209444
0.0208561
0.0207678
0.0206796
0.0205915
0.0205035
0.0204155
0.0203277
0.02024
0.0201524
0.020065
0.0199777
0.0215327
0.0214343
0.0213413
0.0212483
0.0211543
0.0210599
0.0209656
0.0208714
0.0207772
0.0206832
0.0205891
0.0204951
0.0204012
0.0203074
0.0202137
0.0201201
0.0200266
0.0199332
0.01984
0.0197469
0.0213962
0.0212904
0.0211912
0.0210921
0.0209917
0.0208908
0.02079
0.0206893
0.0205887
0.0204882
0.0203876
0.0202872
0.0201868
0.0200865
0.0199864
0.0198863
0.0197863
0.0196865
0.0195868
0.0194873
0.0212432
0.0211289
0.021023
0.0209172
0.0208097
0.0207016
0.0205936
0.0204857
0.0203779
0.0202702
0.0201625
0.0200549
0.0199473
0.0198398
0.0197325
0.0196252
0.0195181
0.0194111
0.0193042
0.0191975
0.0210729
0.0209494
0.0208361
0.0207228
0.0206075
0.0204914
0.0203754
0.0202596
0.0201439
0.0200282
0.0199126
0.019797
0.0196816
0.0195662
0.0194509
0.0193357
0.0192206
0.0191057
0.0189909
0.0188763
0.0208849
0.0207511
0.0206296
0.0205083
0.0203844
0.0202594
0.0201347
0.0200102
0.0198858
0.0197614
0.019637
0.0195127
0.0193885
0.0192643
0.0191403
0.0190164
0.0188926
0.0187689
0.0186454
0.0185221
0.0206787
0.0205334
0.0204031
0.0202729
0.0201395
0.0200049
0.0198706
0.0197365
0.0196025
0.0194686
0.0193347
0.0192008
0.019067
0.0189332
0.0187996
0.0186661
0.0185327
0.0183995
0.0182664
0.0181335
0.0204538
0.020296
0.020156
0.0200161
0.0198724
0.0197273
0.0195824
0.0194379
0.0192934
0.019149
0.0190046
0.0188602
0.0187159
0.0185717
0.0184276
0.0182836
0.0181397
0.017996
0.0178524
0.0177089
0.02021
0.0200384
0.019888
0.0197375
0.0195826
0.0194259
0.0192695
0.0191135
0.0189577
0.0188018
0.0186459
0.0184901
0.0183343
0.0181786
0.018023
0.0178675
0.0177122
0.0175569
0.0174019
0.0172469
0.0199474
0.0197607
0.0195988
0.0194369
0.0192696
0.0191003
0.0189313
0.0187629
0.0185946
0.0184262
0.0182578
0.0180895
0.0179212
0.0177529
0.0175848
0.0174168
0.0172488
0.0170811
0.0169134
0.0167459
0.0196662
0.0194629
0.0192885
0.0191141
0.0189333
0.0187503
0.0185676
0.0183855
0.0182036
0.0180216
0.0178395
0.0176575
0.0174755
0.0172936
0.0171118
0.0169301
0.0167485
0.016567
0.0163857
0.0162045
0.0193667
0.0191452
0.0189573
0.0187692
0.0185738
0.0183757
0.018178
0.0179811
0.0177843
0.0175875
0.0173905
0.0171935
0.0169967
0.0167998
0.0166031
0.0164064
0.0162099
0.0160134
0.0158171
0.015621
0.0190496
0.0188082
0.0186055
0.0184026
0.0181911
0.0179766
0.0177626
0.0175495
0.0173365
0.0171234
0.0169102
0.016697
0.0164838
0.0162707
0.0160577
0.0158447
0.0156319
0.0154191
0.0152065
0.014994
0.018716
0.0184528
0.0182339
0.0180148
0.0177859
0.0175534
0.0173216
0.0170908
0.0168601
0.0166293
0.0163983
0.0161674
0.0159365
0.0157056
0.0154748
0.0152441
0.0150134
0.0147829
0.0145525
0.0143223
0.0183672
0.0180802
0.0178434
0.0176067
0.0173587
0.0171066
0.0168554
0.0166053
0.0163553
0.0161051
0.0158548
0.0156045
0.0153542
0.0151039
0.0148537
0.0146036
0.0143536
0.0141037
0.0138539
0.0136042
0.018005
0.0176917
0.0174356
0.0171795
0.0169106
0.0166371
0.0163646
0.0160934
0.0158224
0.0155511
0.0152796
0.0150082
0.0147367
0.0144653
0.014194
0.0139227
0.0136515
0.0133804
0.0131095
0.0128386
0.0176315
0.0172895
0.017012
0.0167347
0.016443
0.0161461
0.0158504
0.0155561
0.015262
0.0149677
0.0146731
0.0143785
0.014084
0.0137895
0.0134951
0.0132007
0.0129064
0.0126123
0.0123182
0.0120243
0.0172492
0.0168758
0.0165747
0.0162742
0.0159576
0.015635
0.0153138
0.0149943
0.0146751
0.0143555
0.0140357
0.0137159
0.0133962
0.0130765
0.0127568
0.0124372
0.0121177
0.0117984
0.0114791
0.01116
0.0168614
0.0164534
0.0161264
0.0158004
0.0154564
0.0151058
0.0147567
0.0144096
0.0140628
0.0137156
0.0133682
0.0130208
0.0126735
0.0123263
0.0119791
0.0116319
0.0112849
0.010938
0.0105913
0.0102446
0.0164716
0.0160257
0.01567
0.015316
0.014942
0.0145606
0.014181
0.0138037
0.0134267
0.0130493
0.0126717
0.0122941
0.0119166
0.0115392
0.0111619
0.0107847
0.0104076
0.0100307
0.00965388
0.00927723
0.0160841
0.0155966
0.0152091
0.0148242
0.0144173
0.0140021
0.0135891
0.0131786
0.0127685
0.012358
0.0119474
0.0115367
0.0111263
0.0107159
0.0103057
0.00989559
0.00948564
0.00907585
0.00866623
0.00825679
0.00784755
0.0157038
0.0151706
0.0147478
0.0143288
0.0138857
0.0134336
0.0129838
0.0125369
0.0120906
0.0116438
0.0111969
0.0107501
0.0103035
0.00985707
0.00941081
0.00896473
0.00851884
0.00807316
0.00762769
0.00718243
0.0067374
0.0153364
0.0147528
0.0142908
0.0138342
0.0133514
0.0128586
0.0123684
0.0118816
0.0113954
0.0109088
0.0104222
0.00993572
0.00944955
0.00896363
0.00847794
0.00799249
0.0075073
0.00702237
0.00653771
0.00605331
0.00556918
0.0149882
0.0143492
0.0138435
0.0133453
0.0128188
0.0122813
0.0117467
0.0112159
0.010686
0.0101558
0.00962551
0.00909555
0.00856599
0.00803679
0.00750791
0.00697937
0.00645116
0.0059233
0.00539578
0.0048686
0.00434175
0.0146664
0.0139665
0.013412
0.0128676
0.012293
0.0117064
0.011123
0.0105439
0.00996586
0.00938764
0.00880948
0.00823178
0.00765464
0.00707798
0.00650178
0.00592603
0.00535073
0.00477589
0.00420149
0.00362752
0.00305398
0.0143794
0.0136123
0.0130032
0.0124077
0.0117801
0.0111393
0.0105021
0.00986978
0.00923883
0.00860782
0.00797704
0.00734692
0.00671753
0.00608882
0.00546072
0.00483324
0.00420635
0.00358007
0.00295436
0.00232922
0.00170461
0.0141363
0.013295
0.0126248
0.0119725
0.0112865
0.010586
0.00988954
0.00919853
0.00850929
0.0078202
0.00713155
0.0064438
0.00575704
0.00507117
0.00438614
0.00370193
0.00301851
0.00233588
0.00165401
0.000972859
0.000292404
0.0139475
0.0130243
0.0122856
0.0115702
0.0108196
0.0100534
0.00929139
0.00853563
0.00778213
0.00702906
0.00627672
0.00552558
0.00477574
0.00402708
0.00327954
0.00253308
0.00178767
0.00104329
0.000299885
-0.000442578
-0.00118415
0.0138248
0.012811
0.0119954
0.0112096
0.0103877
0.00954883
0.00871451
0.00788723
0.0070628
0.00623919
0.00541667
0.00459574
0.0037765
0.00295882
0.0021426
0.00132779
0.000514354
-0.000297754
-0.00110859
-0.00191821
-0.00272667
0.0137814
0.0126673
0.0117651
0.0109008
0.01
0.0090809
0.00816653
0.00726015
0.00635735
0.00545589
0.00455597
0.00365813
0.00276246
0.00186881
0.00097706
8.7143e-05
-0.000800998
-0.00168743
-0.00257222
-0.00345545
-0.00433719
0.0138322
0.012607
0.011607
0.0106551
0.00966704
0.00865904
0.00765599
0.00666199
0.0056725
0.00468501
0.00369963
0.00271693
0.001737
0.000759678
-0.000215199
-0.00118772
-0.00215796
-0.003126
-0.00409194
-0.00505588
-0.00601792
0.0139941
0.0126454
0.0115353
0.0104852
0.00940032
0.00829385
0.00719241
0.00610122
0.0050157
0.003933
0.00285315
0.00177671
0.000703776
-0.000365836
-0.00143232
-0.00249579
-0.00355635
-0.00461411
-0.0056692
-0.00672174
-0.00777186
0.0142862
0.0128004
0.0115655
0.0104055
0.00921303
0.00799725
0.00678646
0.00558732
0.00439524
0.00320704
0.00202258
0.000842449
-0.000333268
-0.00150478
-0.00267232
-0.00383604
-0.00499607
-0.00615256
-0.00730565
-0.0084555
-0.00960228
0.0147306
0.0130919
0.0117157
0.0104322
0.00912001
0.00778271
0.00645018
0.00513088
0.00382037
0.00251506
0.00121461
-8.04182e-05
-0.00136992
-0.00265413
-0.00393332
-0.00520769
-0.00647741
-0.00774266
-0.00900363
-0.0102605
-0.0115135
0.0153522
0.0135431
0.0120062
0.0105838
0.00913818
0.00766551
0.00619718
0.00474389
0.00330151
0.00186595
0.000436629
-0.000985935
-0.00240161
-0.00381066
-0.00521342
-0.00661013
-0.008001
-0.00938626
-0.0107661
-0.0121408
-0.0135106
0.0161799
0.0141803
0.0124607
0.0108815
0.00928691
0.00766315
0.00604301
0.00443998
0.00285043
0.00126974
-0.000303065
-0.00186748
-0.00342335
-0.00497098
-0.00651075
-0.00804296
-0.00956789
-0.0110858
-0.0125969
-0.0141016
-0.0156001
0.0172471
0.0150345
0.0131063
0.0113498
0.00958853
0.00779577
0.00600553
0.00423478
0.00248063
0.000737825
-0.00099507
-0.00271761
-0.00442961
-0.00613139
-0.0078234
-0.00950602
-0.0111796
-0.0128444
-0.0145007
-0.016149
-0.0177896
0.0185927
0.0161412
0.0139747
0.0120173
0.010069
0.00808676
0.00610548
0.00414639
0.0022077
0.000283372
-0.00162859
-0.00352784
-0.00541413
-0.00728779
-0.00914937
-0.0109993
-0.012838
-0.0146659
-0.0164832
-0.0182905
-0.0200882
0.0202619
0.0175424
0.0151027
0.0129171
0.0107586
0.00856347
0.00636708
0.00419595
0.0020498
-7.82971e-05
-0.0021911
-0.00428835
-0.00636972
-0.00843556
-0.0104865
-0.0125231
-0.0145458
-0.016555
-0.0185513
-0.020535
-0.0225067
0.0223079
0.0192871
0.0165339
0.0140884
0.011693
0.00925811
0.00681887
0.00440839
0.0020284
-0.000329096
-0.00266779
-0.00498755
-0.00728793
-0.00956929
-0.0118323
-0.0140777
-0.016306
-0.0185177
-0.0207134
-0.0228935
-0.0250587
0.0247924
0.0214329
0.0183191
0.0155772
0.0129145
0.0102088
0.00749474
0.00481338
0.00216908
-0.000447408
-0.00304093
-0.00561149
-0.00815851
-0.0106823
-0.0131837
-0.0156634
-0.0181222
-0.0205605
-0.022979
-0.0253784
-0.0277592
0.0277881
0.0240476
0.0205187
0.017438
0.0144729
0.0114609
0.00843509
0.00544638
0.00250254
-0.00040718
-0.00328904
-0.00614321
-0.00896886
-0.0117663
-0.0145364
-0.01728
-0.019998
-0.0226909
-0.0253594
-0.0280043
-0.0306263
0.0313809
0.0272115
0.0232042
0.0197358
0.0164281
0.0130687
0.00968842
0.00635014
0.00306594
-0.000176731
-0.00338586
-0.00656178
-0.00970334
-0.0128107
-0.0158849
-0.0189269
-0.0219376
-0.0249176
-0.0278678
-0.0307889
-0.0336818
0.0356711
0.0310201
0.0264616
0.0225489
0.018852
0.0150979
0.0113136
0.00757677
0.00390487
0.000283107
-0.00329859
-0.00684069
-0.0103416
-0.0138012
-0.0172208
-0.0206014
-0.0239438
-0.027249
-0.0305175
-0.0337504
-0.0369484
0.0407713
0.0355825
0.0303912
0.0259703
0.0218312
0.0176276
0.0133819
0.00918978
0.00507516
0.00102049
-0.00298679
-0.00694717
-0.0108584
-0.0147201
-0.0185337
-0.0223004
-0.0260209
-0.029696
-0.0333266
-0.0369135
-0.0404576
0.0468006
0.0410129
0.0351008
0.0301044
0.0254659
0.0207513
0.0159788
0.0112668
0.00664661
0.00209697
-0.00239737
-0.00683656
-0.0112173
-0.0155392
-0.0198035
-0.0240115
-0.0281639
-0.0322615
-0.0363049
-0.0402951
-0.0442329
0.0538966
0.0474312
0.0407023
0.0350618
0.029863
0.0245691
0.0191976
0.013894
0.008697
0.00358057
-0.00147299
-0.0064626
-0.0113836
-0.0162352
-0.0210187
-0.025735
-0.0303848
-0.0349684
-0.0394866
-0.04394
-0.0483295
0.0622742
0.0550257
0.0473624
0.040993
0.0351572
0.0292034
0.0231537
0.0171828
0.0113333
0.00557263
-0.000118301
-0.00573611
-0.0112746
-0.0167326
-0.0221113
-0.0274112
-0.0326322
-0.0377746
-0.0428386
-0.0478246
-0.0527332
0.0722238
0.0641215
0.0553953
0.0481657
0.0415587
0.0348166
0.0279763
0.0212358
0.0146321
0.008124
0.00169335
-0.00465322
-0.0109086
-0.0170718
-0.0231433
-0.0291224
-0.0350085
-0.0408007
-0.046499
-0.0521032
-0.0576134
0.0837152
0.07492
0.065186
0.0570211
0.0494864
0.0417998
0.0340459
0.0264273
0.0189585
0.0115926
0.0043169
-0.00285977
-0.00993267
-0.0169022
-0.0237686
-0.0305303
-0.0371855
-0.0437328
-0.0501709
-0.0564987
-0.0627149
0.0955221
0.0864216
0.0762419
0.0673493
0.0587954
0.050026
0.0412348
0.0325871
0.0240715
0.0156597
0.00735835
-0.000820687
-0.00887463
-0.0168038
-0.0246073
-0.0322836
-0.039831
-0.0472485
-0.0545348
-0.0616887
-0.0687091
0.105926
0.0970821
0.087824
0.078867
0.0696246
0.0601125
0.0505583
0.0410271
0.0315168
0.0220505
0.0126602
0.00336683
-0.00581731
-0.0148817
-0.0238169
-0.0326149
-0.0412692
-0.0497743
-0.0581254
-0.0663182
-0.0743489
)
;

boundaryField
{
    inlet
    {
        type            zeroGradient;
    }
    outlet
    {
        type            fixedValue;
        value           nonuniform 0();
    }
    cylinder
    {
        type            zeroGradient;
    }
    top
    {
        type            symmetryPlane;
    }
    bottom
    {
        type            symmetryPlane;
    }
    frontAndBack
    {
        type            empty;
    }
    procBoundary1to0
    {
        type            processor;
        value           nonuniform List<scalar> 
216
(
0.180375
0.190081
0.199595
0.212174
0.208913
0.212174
0.222513
0.232623
0.248004
0.248004
0.258206
0.268145
0.27781
0.296002
0.296002
0.305603
0.314877
0.32381
0.342849
0.342849
0.35158
0.359913
0.367834
0.375333
0.395225
0.395225
0.402265
0.408824
0.414892
0.42046
0.425521
0.430067
0.434092
0.43759
0.440558
0.44299
0.460744
0.460744
0.462162
0.463003
0.463265
0.46295
0.462057
0.462057
0.444883
0.442996
0.440577
0.437631
0.434164
0.43018
0.425689
0.420697
0.415212
0.409245
0.402806
0.402806
0.383676
0.376803
0.369518
0.361832
0.353757
0.353757
0.335526
0.327272
0.318691
0.309792
0.309792
0.292439
0.283499
0.274295
0.274295
0.259329
0.250206
0.240857
0.240857
0.236418
0.228032
0.219456
0.210696
0.139272
0.12085
0.105496
0.0914773
0.078753
0.0674601
0.0575599
0.0489218
0.0414129
0.0349186
0.0293363
0.0245699
0.0205295
0.017132
0.0143016
0.0119695
0.0100736
0.00855762
0.00737133
0.00646958
0.00581209
0.00536298
0.00509039
0.0049661
0.00496518
0.00506572
0.00524849
0.00549668
0.00579569
0.0061329
0.00649743
0.00687999
0.00727268
0.00766888
0.00806305
0.00845065
0.00882799
0.00919214
0.00954083
0.00987236
0.0101855
0.0104795
0.0107539
0.0110087
0.0112438
0.0114597
0.0116568
0.0118358
0.0119973
0.0121421
0.0122711
0.0123849
0.0124843
0.0125701
0.0126429
0.0127032
0.0127515
0.0127879
0.0128124
0.012825
0.180375
0.185823
0.177603
0.169248
0.160772
0.151944
0.151944
0.156303
0.178335
0.175083
0.175083
0.18313
0.190879
0.198524
0.206043
0.213419
0.210696
0.0228029
0.0227988
0.0227908
0.0227786
0.0227622
0.0227413
0.0227154
0.0226843
0.0226476
0.022605
0.0225562
0.022501
0.0224395
0.0223716
0.0222976
0.022218
0.0221335
0.022045
0.0219537
0.0218613
0.0217695
0.0216809
0.0215982
0.0215246
0.0214641
0.0214209
0.0214001
0.0214076
0.0214499
0.0215343
0.0216691
0.0218636
0.0221283
0.0224748
0.0229161
0.0234668
0.024143
0.0249629
0.0259466
0.0271168
0.0284988
0.030121
0.0320151
0.034217
0.0367669
0.0397098
0.0430963
0.0469833
0.051434
0.0565191
0.0623161
0.0689089
0.0763888
0.0848614
0.0944516
0.10528
0.11737
0.130579
0.144964
0.162244
)
;
    }
    procBoundary1to2
    {
        type            processor;
        value           nonuniform List<scalar> 
205
(
-0.140043
-0.144823
-0.144823
-0.165226
-0.149323
-0.149323
-0.170919
-0.170919
-0.177125
-0.177125
-0.183921
-0.183921
-0.191409
-0.191409
-0.199683
-0.199683
-0.208828
-0.208828
-0.218899
-0.218899
-0.229862
-0.229862
-0.241502
-0.241502
-0.253281
-0.253281
-0.264156
-0.264156
-0.27242
-0.248986
-0.248986
-0.251275
-0.251275
-0.246025
-0.22024
-0.22024
-0.204546
-0.204546
-0.178484
-0.150691
-0.150691
-0.121993
-0.121993
-0.148066
-0.17202
-0.17202
-0.186044
-0.186044
-0.209963
-0.213756
-0.213756
-0.210109
-0.210109
-0.201622
-0.201622
-0.222096
-0.209962
-0.209962
-0.196962
-0.196962
-0.184163
-0.184163
-0.172131
-0.172131
-0.161097
-0.161097
-0.151107
-0.151107
-0.142114
-0.142114
-0.134035
-0.134035
-0.126777
-0.126777
-0.120242
-0.120242
-0.114348
-0.0995743
-0.0995743
-0.095111
-0.095111
-0.0904668
-0.130864
-0.123383
-0.115371
-0.108336
-0.101452
-0.0950616
-0.0889642
-0.0832061
-0.0777326
-0.0725341
-0.0675887
-0.062882
-0.0584002
-0.0541329
-0.0500693
-0.0462011
-0.0425208
-0.0390212
-0.0356958
-0.0325383
-0.0295429
-0.0267041
-0.0240164
-0.0214742
-0.0190723
-0.0168053
-0.014668
-0.0126553
-0.010762
-0.00898314
-0.0073137
-0.00574883
-0.0042838
-0.00291388
-0.00163456
-0.000441449
0.000669745
0.00170314
0.00266275
0.0035524
0.0043758
0.00513649
0.00583787
0.00648316
0.00707544
0.00761761
0.00811243
0.00856246
0.00905913
0.00905913
0.00942043
0.00974415
0.010032
0.0102856
0.0105062
0.0106949
0.0108522
0.010979
0.0110742
0.0111391
0.0111695
0.0208819
0.0208591
0.0208081
0.0207331
0.0206326
0.0206326
0.0204338
0.0202794
0.0200987
0.0198905
0.019654
0.0193879
0.019091
0.0187618
0.0183989
0.0180007
0.0175657
0.0170922
0.0165786
0.0160234
0.015425
0.0147818
0.0140922
0.0133547
0.012568
0.0117305
0.010841
0.00989817
0.00890075
0.00890075
0.0074385
0.00629258
0.00508532
0.00381522
0.00248084
0.00108052
-0.00038739
-0.00192486
-0.00353404
-0.00521753
-0.00697815
-0.00881967
-0.0107461
-0.0127627
-0.0148757
-0.0170927
-0.0194227
-0.0218765
-0.0244668
-0.0272095
-0.0301222
-0.033226
-0.0365471
-0.0401124
-0.0439599
-0.0481193
-0.0526558
-0.0575647
-0.0630299
-0.0688187
-0.0755951
-0.0822144
)
;
    }
}


// ************************************************************************* //
