/*--------------------------------*- C++ -*----------------------------------*\
  =========                 |
  \\      /  F ield         | OpenFOAM: The Open Source CFD Toolbox
   \\    /   O peration     | Website:  https://openfoam.org
    \\  /    A nd           | Version:  7
     \\/     M anipulation  |
\*---------------------------------------------------------------------------*/
FoamFile
{
    version     2.0;
    format      ascii;
    class       volScalarField;
    location    "200";
    object      p;
}
// * * * * * * * * * * * * * * * * * * * * * * * * * * * * * * * * * * * * * //

dimensions      [0 2 -2 0 0 0 0];

internalField   nonuniform List<scalar> 
7156
(
0.245303
0.252829
0.260202
0.272872
0.267418
0.280266
0.27447
0.287489
0.281354
0.294532
0.288064
0.308842
0.301392
0.294594
0.315824
0.30806
0.30094
0.322601
0.314532
0.307094
0.329166
0.320802
0.313054
0.343906
0.335514
0.326863
0.318813
0.350345
0.341638
0.332711
0.324366
0.356543
0.347533
0.338339
0.329709
0.362495
0.353193
0.343744
0.334837
0.368194
0.358613
0.348919
0.339746
0.383531
0.373636
0.363787
0.35386
0.344431
0.388978
0.378814
0.368712
0.358562
0.348887
0.394143
0.383725
0.373381
0.363021
0.353112
0.399022
0.388363
0.377792
0.367232
0.3571
0.403608
0.392723
0.381938
0.371191
0.36085
0.407899
0.396802
0.385817
0.374895
0.364356
0.41189
0.400596
0.389425
0.37834
0.367617
0.427167
0.415576
0.4041
0.392757
0.381522
0.370628
0.43072
0.418954
0.407312
0.395812
0.384439
0.373388
0.433944
0.422021
0.410227
0.398585
0.387088
0.375894
0.436837
0.424773
0.412844
0.401074
0.389466
0.378143
0.439397
0.427208
0.41516
0.403277
0.391571
0.380134
0.44162
0.429323
0.417172
0.405192
0.3934
0.381864
0.443504
0.431116
0.418878
0.406816
0.394952
0.383332
0.445048
0.432586
0.420277
0.408148
0.396226
0.384536
0.446249
0.433731
0.421367
0.409187
0.39722
0.385477
0.447107
0.434549
0.422147
0.409931
0.397933
0.386155
0.447621
0.43504
0.422617
0.41038
0.398366
0.386564
0.447789
0.435204
0.422776
0.410534
0.398515
0.386709
0.447612
0.435039
0.422623
0.410392
0.398382
0.386586
0.44709
0.434547
0.422159
0.409954
0.397967
0.386195
0.446224
0.433728
0.421384
0.409222
0.397271
0.385539
0.445014
0.432582
0.4203
0.408195
0.396294
0.384619
0.443462
0.431112
0.418907
0.406874
0.395037
0.383434
0.441569
0.429317
0.417206
0.405262
0.393502
0.381986
0.439337
0.427201
0.415199
0.403359
0.391689
0.380275
0.436768
0.424764
0.412889
0.401167
0.389601
0.378305
0.433865
0.42201
0.410277
0.398689
0.38724
0.376076
0.430631
0.418942
0.407367
0.395927
0.384608
0.373591
0.427069
0.415562
0.40416
0.392883
0.381707
0.370851
0.423183
0.411873
0.40066
0.389562
0.378541
0.367859
0.40788
0.396871
0.385965
0.375112
0.364619
0.403587
0.392797
0.382096
0.371424
0.361132
0.398997
0.38844
0.37796
0.367481
0.357403
0.394115
0.383806
0.37356
0.363286
0.353434
0.388946
0.378899
0.3689
0.358842
0.34923
0.383495
0.373724
0.363986
0.354156
0.344793
0.377768
0.368286
0.358821
0.34923
0.340129
0.36259
0.353411
0.34407
0.33524
0.356641
0.34776
0.338681
0.330132
0.350445
0.341875
0.333067
0.324809
0.344009
0.33576
0.327234
0.319276
0.337338
0.329422
0.321188
0.313537
0.322866
0.314933
0.307598
0.316098
0.308476
0.301463
0.309125
0.301822
0.295139
0.301953
0.294978
0.288629
0.28795
0.281941
0.280743
0.275079
0.273365
0.268048
0.265821
0.260855
0.253506
0.246004
0.238357
0.113771
0.114438
0.115752
0.11762
0.119994
0.122828
0.126085
0.129725
0.133709
0.137997
0.142539
0.147281
0.152152
0.157075
0.161946
0.166655
0.171054
0.174991
0.178261
0.18067
0.181939
0.18185
0.180026
0.176288
0.170073
0.161447
0.149281
0.113093
0.113736
0.114999
0.116796
0.119072
0.121782
0.124884
0.128337
0.132094
0.136114
0.140339
0.144709
0.149147
0.153569
0.157865
0.16192
0.165581
0.168695
0.171058
0.172484
0.172706
0.171525
0.168598
0.163779
0.156578
0.147087
0.134425
0.112368
0.112986
0.114196
0.115915
0.118087
0.120665
0.123603
0.126858
0.130381
0.134121
0.138019
0.14201
0.14601
0.14993
0.153658
0.157073
0.160025
0.162361
0.163886
0.164424
0.163728
0.161628
0.157816
0.152197
0.144355
0.134449
0.121841
0.111596
0.112186
0.11334
0.114978
0.117041
0.119481
0.122249
0.125299
0.128578
0.132032
0.135595
0.139198
0.142754
0.14617
0.149329
0.152112
0.154367
0.155949
0.156669
0.156367
0.154818
0.151878
0.147284
0.140974
0.132627
0.122415
0.109907
0.110774
0.111336
0.112432
0.113985
0.115935
0.118233
0.120826
0.123666
0.126696
0.129858
0.133083
0.136297
0.13941
0.142326
0.144928
0.147096
0.148684
0.14955
0.149521
0.148449
0.146135
0.14246
0.137207
0.130341
0.121628
0.111225
0.0988435
0.109904
0.110436
0.111472
0.112937
0.114771
0.116922
0.119337
0.121962
0.124739
0.127606
0.130492
0.133318
0.135993
0.13842
0.140482
0.142061
0.143017
0.143218
0.142503
0.140741
0.137763
0.133468
0.12769
0.12041
0.11147
0.101009
0.0888497
0.108984
0.109486
0.11046
0.111835
0.113549
0.11555
0.117781
0.120189
0.12271
0.125281
0.127828
0.13027
0.132516
0.134466
0.136008
0.137028
0.137392
0.136979
0.135645
0.133275
0.129727
0.124923
0.118738
0.111171
0.102123
0.0917242
0.0798803
0.108015
0.108485
0.109396
0.110678
0.11227
0.114117
0.116163
0.11835
0.120614
0.12289
0.1251
0.127164
0.128989
0.13048
0.131525
0.132017
0.131832
0.130859
0.12897
0.12607
0.122042
0.116829
0.110342
0.102597
0.0935401
0.0832967
0.0718314
0.106996
0.107434
0.10828
0.109468
0.110935
0.112626
0.114484
0.116449
0.118457
0.120438
0.122316
0.12401
0.125429
0.126478
0.127052
0.12705
0.12636
0.12488
0.122502
0.119147
0.114723
0.109191
0.102497
0.0946653
0.0856817
0.0756642
0.0646197
0.105928
0.106333
0.107112
0.108204
0.109545
0.111079
0.112748
0.114491
0.116242
0.117933
0.119485
0.12082
0.121846
0.122475
0.122607
0.122147
0.120996
0.119064
0.116261
0.112521
0.10778
0.102013
0.0951916
0.0873525
0.0785088
0.0687716
0.0581776
0.104811
0.105182
0.105895
0.106888
0.108102
0.109478
0.110957
0.112479
0.113977
0.115382
0.116617
0.117604
0.118256
0.118487
0.118206
0.117326
0.115759
0.113428
0.11026
0.106205
0.101218
0.0952884
0.0884117
0.080631
0.0719809
0.0625651
0.0524415
0.103645
0.103982
0.104627
0.105522
0.106607
0.107825
0.109116
0.110419
0.111668
0.112793
0.11372
0.114373
0.114669
0.114528
0.113865
0.112603
0.110665
0.107988
0.104513
0.100205
0.0950361
0.08901
0.0821386
0.0744709
0.0660566
0.0569921
0.0473496
0.102431
0.102734
0.103311
0.104107
0.105064
0.106123
0.107227
0.108315
0.109319
0.110173
0.110804
0.111139
0.1111
0.110611
0.109599
0.107993
0.105728
0.102754
0.0990271
0.0945233
0.0892318
0.0831657
0.076351
0.0688406
0.0606947
0.0520016
0.042843
0.10117
0.101438
0.101947
0.102645
0.103473
0.104376
0.105296
0.106171
0.106938
0.10753
0.107878
0.107911
0.107558
0.106749
0.105419
0.103507
0.100959
0.0977361
0.0938072
0.0891605
0.0837978
0.0777408
0.0710259
0.0637081
0.0558544
0.0475451
0.038867
0.0998632
0.100097
0.100537
0.101137
0.101838
0.102587
0.103325
0.103994
0.104531
0.104872
0.10495
0.104699
0.104055
0.102954
0.101338
0.0991565
0.0963671
0.0929393
0.0888555
0.0841131
0.0787247
0.0727186
0.0661389
0.0590411
0.0514962
0.0435765
0.0353708
0.0985114
0.0987105
0.0990837
0.0995856
0.100162
0.100759
0.101321
0.101789
0.102104
0.102205
0.102028
0.101514
0.100601
0.0992345
0.097365
0.0949503
0.091958
0.0883675
0.0841713
0.0793754
0.0740008
0.0680809
0.0616648
0.0548079
0.0475821
0.0400525
0.0323073
0.0971162
0.0972811
0.0975877
0.0979936
0.098447
0.0988956
0.0992855
0.0995609
0.0996643
0.0995374
0.0991222
0.0983624
0.0972047
0.0956007
0.0935086
0.090895
0.0877368
0.0840221
0.079752
0.0749397
0.0696129
0.0638084
0.0575785
0.0509771
0.044076
0.0369326
0.0296335
0.0956794
0.0958105
0.0960516
0.0963632
0.0966965
0.0970009
0.097225
0.0973152
0.0972171
0.0968761
0.0962387
0.0952539
0.0938749
0.0920601
0.0897755
0.0869958
0.0837062
0.0799024
0.075593
0.0707968
0.0655464
0.0598811
0.0538546
0.0475186
0.0409433
0.0341792
0.0273097
0.0942027
0.0943007
0.0944776
0.0946973
0.0949137
0.0950789
0.0951436
0.0950574
0.094769
0.0942278
0.0933853
0.0921957
0.0906187
0.0886194
0.0861713
0.0832564
0.0798672
0.0760062
0.071688
0.0669359
0.0617861
0.0562789
0.0504683
0.0444035
0.0381519
0.0317574
0.0252995
0.0926882
0.0927539
0.0928683
0.0929987
0.0931022
0.0931335
0.0930462
0.0927928
0.0923259
0.0915991
0.0905686
0.0891946
0.0874425
0.0852842
0.0827001
0.0796787
0.0762192
0.0723295
0.0680294
0.0633454
0.0583159
0.0529815
0.0473956
0.0416041
0.0356713
0.0296348
0.0235701
0.0911381
0.0911724
0.0912263
0.0912705
0.0912655
0.0911689
0.0909373
0.0905267
0.0898936
0.0889959
0.0877951
0.0862565
0.0843518
0.082059
0.0793647
0.0762635
0.0727602
0.0688675
0.0646087
0.0600129
0.0551196
0.0499692
0.0446131
0.0390943
0.0334732
0.0277819
0.0220912
0.089555
0.0895589
0.0895545
0.0895159
0.0894072
0.0891891
0.0888216
0.0882642
0.0874775
0.086424
0.0850702
0.0833868
0.0813511
0.078947
0.0761669
0.0730104
0.0694873
0.0656139
0.0614164
0.0569255
0.0521811
0.0472222
0.0420985
0.0368494
0.0315313
0.0261714
0.0208355
0.0879412
0.087916
0.0878558
0.0877382
0.087531
0.0871984
0.0867036
0.0860102
0.0850829
0.0838887
0.082399
0.0805899
0.0784441
0.0759507
0.0731071
0.0699178
0.0663962
0.0625617
0.0584426
0.0540702
0.0494841
0.0447219
0.0398306
0.0348463
0.0298213
0.0247782
0.0197781
0.0862997
0.0862466
0.0861333
0.0859408
0.0856408
0.0852008
0.084588
0.0837695
0.0827146
0.0813947
0.0797861
0.0778699
0.0756337
0.0730715
0.0701853
0.0669833
0.0634821
0.0597035
0.0556768
0.0514337
0.0470128
0.0424498
0.0377891
0.0330632
0.0283206
0.0235796
0.0188967
0.0846333
0.0845538
0.0843902
0.0841272
0.0837402
0.0832005
0.0824789
0.0815467
0.0803771
0.0789464
0.0772353
0.0752297
0.0729218
0.07031
0.0674
0.0642034
0.0607393
0.057031
0.0531084
0.0490029
0.0447518
0.0403887
0.035955
0.0314801
0.0270085
0.0225546
0.0181707
0.082945
0.0828406
0.0826299
0.082301
0.0818331
0.0812015
0.0803806
0.0793459
0.0780747
0.0765476
0.07475
0.0726718
0.0703098
0.0676659
0.0647493
0.0615742
0.0581616
0.0545357
0.0507266
0.0467648
0.0426861
0.0385218
0.0343105
0.0300782
0.0258657
0.0216843
0.0175819
0.0812379
0.0811103
0.0808556
0.0804656
0.0799233
0.0792077
0.0782972
0.0771711
0.0758111
0.0742018
0.0723327
0.0701981
0.0677982
0.0651384
0.0622307
0.0590912
0.0557424
0.0522089
0.0485205
0.0447067
0.0408013
0.0368335
0.0328387
0.0288402
0.0248749
0.0209513
0.0171136
0.0795154
0.0793662
0.079071
0.0786247
0.0780145
0.077223
0.0762325
0.0750262
0.0735898
0.0719119
0.0699859
0.0678098
0.065387
0.062726
0.0598408
0.0567494
0.0534747
0.0500418
0.0464796
0.0428164
0.0390838
0.0353089
0.0315241
0.0277499
0.02402
0.0203401
0.0167508
0.0777806
0.0776117
0.0772793
0.0767819
0.0761103
0.075251
0.0741901
0.0729146
0.0714138
0.0696803
0.0677111
0.0655074
0.0630756
0.0604266
0.0575761
0.0545433
0.0513516
0.0480256
0.0445935
0.0410819
0.0375205
0.0339341
0.0303521
0.0267927
0.0232863
0.0198364
0.0164802
0.0760371
0.0758502
0.0754841
0.0749408
0.0742144
0.0732954
0.0721735
0.0708392
0.0692858
0.0675091
0.0655095
0.0632912
0.060863
0.0582377
0.0554326
0.0524674
0.0493656
0.0461515
0.0428518
0.0394918
0.036099
0.0326958
0.0293093
0.025955
0.0226604
0.0194273
0.0162895
0.0742881
0.0740851
0.073689
0.0731047
0.0723302
0.0713595
0.0701858
0.0688031
0.0672081
0.0654
0.063382
0.0611608
0.0587475
0.0561564
0.0534058
0.0505158
0.0475096
0.0444109
0.0412449
0.0380353
0.0348076
0.0315821
0.0283831
0.0252242
0.0221302
0.0191011
0.0161679
0.0725372
0.0723198
0.0718972
0.0712772
0.0704612
0.0694465
0.0682299
0.0668087
0.0651827
0.0633541
0.0613287
0.0591155
0.0567272
0.0541795
0.0514912
0.0486826
0.0457764
0.0427953
0.0397632
0.0367021
0.0336354
0.0305814
0.027562
0.0245891
0.0216846
0.0188473
0.0161057
0.0707878
0.0705579
0.0701124
0.0694617
0.0686104
0.0675594
0.0663085
0.0648583
0.0632113
0.0613724
0.0593497
0.0571542
0.0548
0.0523036
0.0496841
0.0469619
0.0441588
0.0412965
0.0383976
0.0354823
0.032572
0.0296832
0.0268355
0.024039
0.0213135
0.0186566
0.0160941
0.0690433
0.0688028
0.0683377
0.0676613
0.0667811
0.0657011
0.0644242
0.0629538
0.061295
0.0594553
0.0574446
0.0552755
0.0529632
0.0505249
0.0479797
0.0453477
0.0426499
0.0399068
0.0371396
0.0343668
0.0316079
0.0288777
0.0261938
0.0235646
0.0210078
0.0185203
0.0161254
0.0673071
0.0670577
0.0665766
0.0658792
0.0649761
0.0638742
0.0625791
0.0610969
0.0594351
0.0576031
0.0556127
0.0534777
0.0512142
0.0488397
0.0463732
0.0438341
0.0412429
0.0386186
0.0359809
0.0333469
0.0307342
0.028156
0.025628
0.0231572
0.0207594
0.0184308
0.0161926
0.0655825
0.065326
0.0648321
0.0641184
0.0631982
0.0620811
0.0607752
0.0592889
0.057632
0.0558157
0.0538531
0.051759
0.0495501
0.047244
0.0448596
0.0424156
0.0399312
0.0374246
0.0349138
0.0324145
0.0299426
0.0275097
0.0251299
0.0228089
0.0205609
0.0183813
0.0162896
0.0638727
0.0636108
0.0631073
0.0623819
0.0614501
0.060324
0.0590142
0.0575312
0.0558864
0.0540928
0.0521645
0.0501172
0.0479679
0.0457341
0.0434342
0.0410863
0.0387086
0.036318
0.0339311
0.031562
0.0292253
0.0269312
0.024692
0.0225127
0.0204055
0.0183657
0.0164109
0.062181
0.0619152
0.0614052
0.0606722
0.059734
0.0586049
0.0572976
0.0558244
0.0541985
0.0524338
0.0505457
0.0485502
0.0464645
0.0443059
0.0420924
0.039841
0.0375691
0.0352923
0.0330258
0.0307825
0.0285754
0.0264135
0.0243077
0.022262
0.0202873
0.0183785
0.0165516
0.0605104
0.0602422
0.0597285
0.058992
0.0580523
0.0569257
0.0556268
0.0541694
0.0525682
0.0508381
0.048995
0.0470556
0.0450367
0.0429556
0.0408294
0.0386745
0.0365069
0.0343413
0.0321916
0.0300694
0.0279863
0.0259502
0.0239707
0.0220511
0.0202009
0.0184149
0.0167075
0.0588637
0.0585946
0.05808
0.0573437
0.056407
0.055288
0.0540027
0.0525667
0.0509953
0.0493046
0.0475109
0.0456309
0.0436815
0.0416793
0.0396408
0.0375816
0.0355167
0.0334594
0.0314226
0.0294166
0.027452
0.0255354
0.0236756
0.0218748
0.0201416
0.0184705
0.0168748
0.0572438
0.0569751
0.0564621
0.0557295
0.0547999
0.0536931
0.0524264
0.0510164
0.0494796
0.0478324
0.0460916
0.0442738
0.0423956
0.0404733
0.0385224
0.0365578
0.0345933
0.0326412
0.0307132
0.0288188
0.026967
0.025164
0.0234172
0.0217283
0.0201049
0.0185417
0.0170503
0.0556532
0.0553863
0.0548771
0.0541513
0.0532328
0.0521423
0.0508985
0.0495188
0.0480205
0.0464203
0.0447353
0.0429818
0.0411761
0.0393339
0.0374701
0.0355984
0.0337318
0.0318816
0.0300584
0.0282706
0.0265264
0.024831
0.023191
0.0216075
0.0200873
0.0186249
0.0172311
0.0540945
0.0538304
0.0533272
0.0526112
0.051707
0.0506366
0.0494194
0.0480738
0.0466173
0.0450671
0.04344
0.0417523
0.0400199
0.0382577
0.0364798
0.0346992
0.0329278
0.031176
0.0294534
0.0277675
0.0261256
0.0245322
0.0229929
0.0215087
0.0200853
0.0187174
0.0174146
0.0525699
0.0523096
0.0518143
0.0511107
0.050224
0.0491769
0.0479897
0.0466812
0.0452693
0.0437713
0.0422039
0.0405831
0.0389241
0.0372412
0.0355479
0.0338562
0.0321771
0.0305201
0.0288939
0.0273053
0.0257605
0.0242636
0.0228194
0.0214285
0.0200959
0.0188165
0.0175988
0.0510815
0.0508261
0.0503404
0.0496513
0.0487848
0.0477638
0.0466095
0.0453407
0.0439757
0.0425317
0.0410251
0.0394716
0.0378858
0.0362813
0.0346709
0.0330656
0.0314757
0.0299099
0.028376
0.0268799
0.0254273
0.0240216
0.0226671
0.0213639
0.0201165
0.0189199
0.0177819
0.0496314
0.0493815
0.0489069
0.0482345
0.0473904
0.0463981
0.0452788
0.044052
0.0427356
0.0413468
0.0399017
0.0384155
0.0369022
0.0353749
0.0338453
0.0323239
0.0308201
0.0293417
0.0278959
0.0264879
0.0251227
0.0238032
0.0225331
0.0213125
0.020145
0.0190259
0.0179622
0.0482212
0.0479776
0.0475154
0.0468614
0.0460416
0.0450799
0.0439977
0.0428144
0.0415479
0.0402151
0.0388318
0.0374126
0.0359709
0.0345191
0.0330682
0.0316279
0.0302068
0.0288122
0.0274504
0.026126
0.0248436
0.0236055
0.022415
0.0212718
0.0201792
0.0191327
0.0181385
0.0468525
0.0466158
0.0461671
0.0455328
0.0447391
0.0438097
0.042766
0.0416274
0.0404117
0.0391353
0.0378136
0.0364606
0.0350892
0.0337111
0.0323365
0.0309744
0.0296328
0.0283182
0.0270364
0.0257914
0.0245873
0.023426
0.0223103
0.0212399
0.0202176
0.019239
0.0183097
0.0455267
0.0452974
0.0448631
0.0442498
0.0434833
0.0425874
0.0415834
0.0404904
0.0393258
0.0381058
0.0368452
0.0355575
0.0342549
0.0329483
0.0316475
0.0303607
0.0290953
0.0278571
0.0266512
0.0254815
0.0243514
0.0232625
0.0222172
0.0212151
0.0202585
0.0193435
0.0184749
0.0442451
0.0440236
0.0436043
0.0430129
0.0422748
0.0414133
0.0404496
0.0394025
0.0382892
0.0371253
0.035925
0.0347012
0.0334656
0.0322285
0.0309988
0.0297842
0.0285916
0.0274261
0.0262925
0.025194
0.0241337
0.0231129
0.0221338
0.0211958
0.0203009
0.0194453
0.0186334
0.0430086
0.0427952
0.0423916
0.0418228
0.0411136
0.0402871
0.0393642
0.0383632
0.0373009
0.0361923
0.0350512
0.0338898
0.0327193
0.0315492
0.0303879
0.0292426
0.0281193
0.027023
0.0259578
0.0249267
0.0239322
0.0229757
0.0220587
0.0211808
0.0203436
0.0195437
0.0187847
0.0418182
0.0416131
0.0412255
0.0406797
0.0399999
0.0392088
0.0383267
0.0373715
0.0363596
0.0353055
0.0342222
0.0331216
0.032014
0.0309084
0.0298128
0.0287335
0.0276764
0.0266458
0.0256454
0.0246778
0.0237454
0.0228492
0.0219906
0.021169
0.0203858
0.0196378
0.0189283
0.0406745
0.0404779
0.0401066
0.039584
0.0389338
0.038178
0.0373365
0.0364267
0.0354644
0.0344635
0.0334366
0.0323947
0.0313478
0.0303043
0.0292713
0.0282552
0.0272609
0.0262924
0.0253533
0.0244457
0.0235717
0.0227322
0.0219283
0.0211594
0.0204268
0.0197274
0.0190641
0.0395783
0.0393902
0.0390352
0.0385359
0.0379152
0.0371945
0.0363931
0.035528
0.0346141
0.0336651
0.0326928
0.0317077
0.0307191
0.0297349
0.0287619
0.0278056
0.0268709
0.0259614
0.02508
0.0242289
0.0234098
0.0226235
0.0218709
0.0211514
0.020466
0.0198119
0.0191917
0.0385298
0.0383502
0.0380114
0.0375353
0.0369438
0.0362578
0.0354959
0.0346744
0.0338078
0.032909
0.0319894
0.0310589
0.0301262
0.0291986
0.0282826
0.0273833
0.026505
0.0256511
0.0248242
0.0240262
0.0232587
0.0225222
0.0218176
0.0211442
0.020503
0.0198912
0.0193111
0.0375294
0.0373582
0.0370356
0.0365823
0.0360196
0.0353676
0.0346442
0.0338651
0.0330444
0.0321941
0.0313252
0.0304469
0.0295676
0.0286941
0.0278322
0.0269868
0.0261618
0.0253602
0.0245846
0.0238365
0.0231173
0.0224274
0.0217677
0.0211375
0.0205374
0.0199651
0.0194225
0.0365773
0.0364144
0.0361076
0.0356767
0.0351422
0.0345234
0.0338374
0.0330995
0.0323229
0.0315193
0.0306989
0.0298706
0.0290421
0.0282198
0.0274092
0.0266146
0.0258399
0.0250876
0.0243601
0.0236587
0.0229848
0.0223386
0.0217208
0.0211307
0.020569
0.0200335
0.0195257
0.0356736
0.0355189
0.0352274
0.0348184
0.0343114
0.0337246
0.0330748
0.0323765
0.0316424
0.0308834
0.0301094
0.0293286
0.0285483
0.0277745
0.0270123
0.0262658
0.0255382
0.0248322
0.0241498
0.0234922
0.0228605
0.022255
0.0216763
0.0211238
0.0205978
0.0200964
0.019621
0.0348183
0.0346715
0.034395
0.0340072
0.0335266
0.0329709
0.0323559
0.0316956
0.0310019
0.0302856
0.0295556
0.0288199
0.0280852
0.0273572
0.0266406
0.0259391
0.0252559
0.0245932
0.0239529
0.0233362
0.0227439
0.0221764
0.0216341
0.0211163
0.0206236
0.0201539
0.0197086
0.0340114
0.0338722
0.0336102
0.0332427
0.0327876
0.0322616
0.0316799
0.0310558
0.0304008
0.0297249
0.0290366
0.0283435
0.0276518
0.0269668
0.0262929
0.0256337
0.0249919
0.0243697
0.0237687
0.0231901
0.0226345
0.0221023
0.0215937
0.0211084
0.0206464
0.0202062
0.0197887
0.0332529
0.0331209
0.0328727
0.0325248
0.032094
0.0315964
0.0310464
0.0304567
0.0298382
0.0292004
0.0285515
0.0278984
0.0272471
0.0266024
0.0259686
0.0253488
0.0247457
0.0241611
0.0235967
0.0230534
0.0225319
0.0220324
0.0215552
0.0210998
0.0206663
0.0202533
0.0198616
0.0325425
0.0324175
0.0321825
0.0318531
0.0314454
0.0309747
0.0304547
0.0298974
0.0293134
0.0287116
0.0280996
0.027484
0.0268704
0.0262634
0.0256668
0.0250837
0.0245165
0.023967
0.0234365
0.0229259
0.0224359
0.0219667
0.0215184
0.0210906
0.0206834
0.0202956
0.0199276
0.0318802
0.0317618
0.0315392
0.0312274
0.0308415
0.0303961
0.0299043
0.0293776
0.0288259
0.0282576
0.02768
0.0270994
0.0265209
0.0259489
0.025387
0.0248379
0.0243039
0.0237867
0.0232875
0.0228072
0.0223462
0.0219049
0.0214832
0.0210809
0.0206979
0.0203332
0.019987
0.0312659
0.0311537
0.0309428
0.0306475
0.030282
0.0298603
0.0293949
0.0288966
0.028375
0.027838
0.0272924
0.0267442
0.0261982
0.0256585
0.0251285
0.0246108
0.0241074
0.02362
0.0231496
0.022697
0.0222628
0.021847
0.0214498
0.0210708
0.02071
0.0203664
0.0200402
0.0306996
0.0305931
0.0303931
0.0301131
0.0297666
0.029367
0.028926
0.0284542
0.0279604
0.0274522
0.0269362
0.0264178
0.0259017
0.0253918
0.0248911
0.0244021
0.0239268
0.0234666
0.0230225
0.0225953
0.0221855
0.021793
0.0214181
0.0210604
0.0207198
0.0203954
0.0200875
0.0301812
0.0300801
0.0298901
0.0296242
0.0292953
0.028916
0.0284975
0.0280499
0.0275817
0.0271
0.026611
0.0261199
0.0256312
0.0251483
0.0246744
0.0242116
0.0237618
0.0233263
0.0229062
0.022502
0.0221143
0.021743
0.0213883
0.0210498
0.0207276
0.0204207
0.0201293
0.0297108
0.0296146
0.0294339
0.0291809
0.028868
0.0285072
0.0281093
0.0276838
0.0272387
0.026781
0.0263166
0.0258503
0.0253862
0.024928
0.0244781
0.024039
0.0236122
0.0231991
0.0228005
0.0224171
0.0220493
0.0216971
0.0213605
0.0210394
0.0207336
0.0204424
0.0201658
0.0292887
0.0291969
0.0290245
0.0287832
0.0284848
0.0281407
0.0277613
0.0273556
0.0269314
0.0264953
0.0260529
0.0256087
0.0251669
0.0247305
0.0243023
0.0238843
0.0234781
0.0230849
0.0227056
0.0223407
0.0219905
0.0216553
0.021335
0.0210293
0.0207381
0.0204609
0.0201975
0.0289153
0.0288274
0.0286624
0.0284314
0.0281459
0.0278166
0.0274536
0.0270656
0.0266599
0.0262429
0.0258199
0.0253954
0.0249731
0.0245561
0.024147
0.0237476
0.0233595
0.0229838
0.0226214
0.0222727
0.0219382
0.0216179
0.0213118
0.0210196
0.0207414
0.0204764
0.0202246
0.0285911
0.0285066
0.028348
0.0281262
0.0278518
0.0275355
0.0271868
0.0268141
0.0264245
0.0260241
0.025618
0.0252104
0.0248051
0.0244049
0.0240122
0.0236289
0.0232564
0.0228959
0.0225481
0.0222135
0.0218925
0.021585
0.0212912
0.0210108
0.0207436
0.0204892
0.0202474
0.0283169
0.0282353
0.0280823
0.0278681
0.0276032
0.0272979
0.0269613
0.0266015
0.0262255
0.0258392
0.0254473
0.0250541
0.0246631
0.0242771
0.0238983
0.0235285
0.0231693
0.0228216
0.0224861
0.0221633
0.0218536
0.021557
0.0212734
0.0210028
0.020745
0.0204995
0.0202661
0.0280939
0.0280147
0.0278661
0.0276582
0.0274011
0.0271047
0.0267779
0.0264288
0.0260638
0.0256889
0.0253086
0.0249271
0.0245477
0.0241731
0.0238056
0.0234469
0.0230984
0.022761
0.0224355
0.0221223
0.0218217
0.0215339
0.0212587
0.0209961
0.0207458
0.0205075
0.0202809
0.0279234
0.027846
0.0277008
0.0274978
0.0272466
0.0269571
0.0266379
0.0262968
0.0259403
0.025574
0.0252027
0.0248301
0.0244595
0.0240937
0.0237348
0.0233845
0.0230441
0.0227146
0.0223967
0.0220909
0.0217973
0.0215161
0.0212474
0.0209908
0.0207463
0.0205135
0.0202921
0.0278073
0.0277311
0.0275883
0.0273885
0.0271415
0.0268566
0.0265425
0.0262069
0.0258562
0.0254959
0.0251305
0.024764
0.0243995
0.0240397
0.0236866
0.023342
0.0230072
0.022683
0.0223703
0.0220694
0.0217806
0.021504
0.0212395
0.0209871
0.0207465
0.0205174
0.0202995
0.0277478
0.0276723
0.0275306
0.0273326
0.0270876
0.0268051
0.0264937
0.0261609
0.0258131
0.0254559
0.0250936
0.0247302
0.0243688
0.024012
0.0236619
0.0233203
0.0229883
0.0226669
0.0223568
0.0220584
0.021772
0.0214977
0.0212355
0.0209852
0.0207465
0.0205193
0.0203032
0.119197
0.119914
0.121377
0.123447
0.126123
0.129353
0.133129
0.137439
0.14228
0.147657
0.153571
0.160041
0.16707
0.174688
0.182895
0.191734
0.201207
0.211351
0.222165
0.233708
0.245953
0.258973
0.272713
0.287274
0.302528
0.318666
0.335389
0.353089
0.371063
0.119198
0.119915
0.121378
0.123448
0.126124
0.129354
0.133129
0.137439
0.142279
0.147656
0.15357
0.16004
0.167068
0.174685
0.182891
0.191728
0.2012
0.211341
0.222152
0.233691
0.245934
0.258946
0.27268
0.28723
0.302467
0.318593
0.335302
0.352983
0.370915
0.119194
0.119911
0.121374
0.123444
0.126119
0.129349
0.133124
0.137433
0.142272
0.147648
0.15356
0.160029
0.167055
0.174669
0.18287
0.191702
0.20117
0.211303
0.222105
0.233633
0.245863
0.258855
0.27256
0.287092
0.30229
0.318383
0.335059
0.352704
0.370621
0.119185
0.119903
0.121365
0.123434
0.126109
0.129338
0.133112
0.137421
0.142258
0.147632
0.153542
0.160007
0.16703
0.174639
0.182833
0.191657
0.201118
0.211237
0.222024
0.233531
0.245731
0.2587
0.272354
0.286873
0.302059
0.318089
0.334671
0.352229
0.370019
0.119173
0.11989
0.121351
0.123421
0.126095
0.129323
0.133095
0.137402
0.142237
0.147608
0.153515
0.159976
0.166993
0.174595
0.18278
0.191592
0.201043
0.211143
0.221904
0.233386
0.245536
0.258505
0.272158
0.286573
0.301674
0.317621
0.33411
0.351557
0.369196
0.119155
0.119873
0.121333
0.123402
0.126075
0.129301
0.133072
0.137376
0.142209
0.147577
0.153479
0.159935
0.166944
0.174538
0.182711
0.191509
0.200945
0.211004
0.221743
0.233214
0.245375
0.258241
0.271807
0.286167
0.30118
0.317027
0.333393
0.350698
0.368153
0.119134
0.11985
0.121311
0.123378
0.12605
0.129275
0.133044
0.137345
0.142174
0.147538
0.153434
0.159883
0.166884
0.174467
0.182625
0.191405
0.200812
0.210816
0.2216
0.233007
0.24508
0.257903
0.271395
0.285677
0.300585
0.31631
0.332521
0.349653
0.366883
0.119107
0.119824
0.121283
0.123349
0.12602
0.129243
0.133009
0.137307
0.142133
0.147491
0.15338
0.159822
0.166812
0.174382
0.182522
0.191268
0.20064
0.210763
0.221376
0.232736
0.244749
0.257511
0.270921
0.285101
0.299884
0.315465
0.331494
0.34842
0.365386
0.119077
0.119793
0.121251
0.123316
0.125985
0.129205
0.132969
0.137263
0.142084
0.147436
0.153318
0.159751
0.166728
0.174285
0.1824
0.191094
0.200531
0.210513
0.221115
0.232428
0.24438
0.257062
0.270375
0.284438
0.299076
0.314489
0.33031
0.347
0.363664
0.119041
0.119757
0.121214
0.123278
0.125944
0.129163
0.132923
0.137213
0.142029
0.147374
0.153247
0.15967
0.166633
0.174175
0.182261
0.191054
0.200303
0.210257
0.220829
0.232084
0.243963
0.256554
0.269756
0.283686
0.298161
0.313385
0.32897
0.345395
0.361718
0.119002
0.119717
0.121173
0.123235
0.125899
0.129115
0.132871
0.137156
0.141966
0.147304
0.153167
0.159579
0.166527
0.174044
0.182147
0.190837
0.200072
0.209995
0.220512
0.231699
0.243495
0.255986
0.269063
0.282847
0.29714
0.312154
0.327476
0.343605
0.35955
0.118958
0.119672
0.121127
0.123187
0.125849
0.129061
0.132814
0.137093
0.141897
0.147226
0.153079
0.159478
0.166408
0.173891
0.18198
0.19062
0.199835
0.209707
0.220162
0.231275
0.242978
0.255358
0.268299
0.28192
0.296013
0.310795
0.325829
0.341632
0.357161
0.118909
0.119623
0.121076
0.123134
0.125794
0.129003
0.132751
0.137024
0.141821
0.147141
0.152982
0.159369
0.166275
0.173778
0.181786
0.1904
0.199577
0.209391
0.219779
0.230809
0.242412
0.25467
0.267462
0.280907
0.294781
0.309309
0.324028
0.339476
0.354553
0.118856
0.119569
0.121021
0.123077
0.125733
0.128939
0.132682
0.136949
0.141739
0.147048
0.152877
0.159251
0.166137
0.17359
0.181582
0.190163
0.199294
0.209048
0.219363
0.230304
0.241798
0.253924
0.266553
0.279806
0.293444
0.307697
0.322076
0.33714
0.351728
0.118799
0.119511
0.120961
0.123015
0.125668
0.12887
0.132608
0.136868
0.14165
0.146948
0.152763
0.159116
0.166006
0.1734
0.181367
0.189907
0.198988
0.208677
0.218913
0.229759
0.241134
0.253119
0.265573
0.27862
0.292002
0.30596
0.319973
0.334624
0.348689
0.118737
0.119448
0.120896
0.122948
0.125598
0.128795
0.132528
0.13678
0.141554
0.146841
0.152641
0.158961
0.165827
0.173206
0.181138
0.189633
0.198659
0.208279
0.218431
0.229174
0.240422
0.252255
0.264522
0.277347
0.290457
0.304098
0.317721
0.331931
0.345437
0.118671
0.119381
0.120827
0.122877
0.125523
0.128716
0.132442
0.136687
0.141452
0.146726
0.15251
0.158845
0.165643
0.173001
0.180893
0.189339
0.198308
0.207854
0.217916
0.228549
0.239662
0.251333
0.263399
0.275989
0.288808
0.302113
0.31532
0.329062
0.341976
0.118601
0.119309
0.120754
0.1228
0.125443
0.128631
0.132351
0.136588
0.141343
0.146604
0.152366
0.158664
0.165453
0.172782
0.180633
0.189028
0.197935
0.207402
0.217368
0.227885
0.238854
0.250353
0.262207
0.274546
0.287057
0.300006
0.312772
0.326019
0.338307
0.118526
0.119234
0.120676
0.12272
0.125359
0.128542
0.132255
0.136482
0.141228
0.146476
0.152238
0.158485
0.165255
0.17255
0.180357
0.188698
0.197539
0.206924
0.216787
0.227181
0.237998
0.249314
0.260944
0.273019
0.285205
0.297777
0.310079
0.322805
0.334434
0.118447
0.119153
0.120593
0.122634
0.125269
0.128447
0.132153
0.136371
0.141106
0.146338
0.15209
0.158305
0.165046
0.172305
0.180066
0.18835
0.19712
0.206418
0.216175
0.226438
0.237094
0.248218
0.259611
0.271407
0.283251
0.295428
0.307242
0.319421
0.33036
0.118363
0.119069
0.120506
0.122544
0.125175
0.128347
0.132046
0.136254
0.140978
0.146189
0.151916
0.158117
0.164827
0.172047
0.179759
0.187983
0.19668
0.205886
0.21553
0.225656
0.236143
0.247065
0.258209
0.269713
0.281197
0.292959
0.304263
0.315869
0.326088
0.118276
0.11898
0.120415
0.12245
0.125076
0.128242
0.131933
0.13613
0.140846
0.146057
0.151738
0.157919
0.164597
0.171777
0.179438
0.187599
0.196218
0.205328
0.214853
0.224835
0.235145
0.245855
0.256738
0.267936
0.279044
0.290372
0.301143
0.312152
0.321622
0.118184
0.118887
0.12032
0.12235
0.124972
0.128132
0.131815
0.136001
0.140706
0.145904
0.151556
0.157712
0.164356
0.171493
0.179101
0.187196
0.195734
0.204743
0.214144
0.223976
0.234099
0.244588
0.255199
0.266076
0.276792
0.287668
0.297884
0.308272
0.316964
0.118088
0.11879
0.12022
0.122247
0.124864
0.128018
0.131692
0.135867
0.140556
0.14573
0.151367
0.157496
0.164104
0.171197
0.17875
0.186776
0.195228
0.204132
0.213403
0.223078
0.233008
0.243265
0.253591
0.264136
0.274443
0.284849
0.294488
0.304233
0.312118
0.117987
0.118688
0.120115
0.122139
0.124751
0.127898
0.131564
0.135727
0.140399
0.145552
0.15117
0.157272
0.163843
0.170889
0.178384
0.186337
0.194701
0.203495
0.212631
0.222141
0.23187
0.241886
0.251917
0.262114
0.271996
0.281915
0.290956
0.300035
0.307089
0.117883
0.118582
0.120007
0.122027
0.124634
0.127774
0.131431
0.135583
0.140257
0.14537
0.150966
0.157038
0.16357
0.170568
0.178003
0.185881
0.194153
0.202832
0.211828
0.221167
0.230686
0.240452
0.250175
0.260013
0.269454
0.278868
0.287291
0.295682
0.30188
0.117774
0.118472
0.119894
0.12191
0.124512
0.127645
0.131292
0.135424
0.140079
0.145182
0.150754
0.156795
0.163287
0.170235
0.177607
0.185408
0.193583
0.202144
0.210993
0.220155
0.229456
0.238962
0.248367
0.257832
0.266818
0.27571
0.283494
0.291178
0.296494
0.117661
0.118358
0.119777
0.121789
0.124385
0.127511
0.131149
0.13525
0.139901
0.144988
0.150535
0.156543
0.162994
0.16989
0.177197
0.184917
0.192992
0.20143
0.210128
0.219105
0.228181
0.237417
0.246493
0.255573
0.264087
0.272441
0.279568
0.286524
0.290937
0.117544
0.11824
0.119656
0.121663
0.124254
0.127373
0.131003
0.13517
0.139722
0.144788
0.150309
0.156283
0.162691
0.169532
0.176772
0.184408
0.19238
0.20069
0.209232
0.218018
0.226861
0.235818
0.244554
0.253235
0.261264
0.269064
0.275514
0.281723
0.285212
0.117423
0.118118
0.11953
0.121534
0.124119
0.12723
0.130848
0.134985
0.139537
0.144582
0.150075
0.156013
0.162377
0.169163
0.176333
0.183882
0.191748
0.199926
0.208305
0.216894
0.225497
0.234165
0.24255
0.250821
0.258349
0.26558
0.271335
0.276779
0.279323
0.117298
0.117991
0.119401
0.1214
0.123979
0.127082
0.130686
0.134801
0.139346
0.144369
0.149833
0.155736
0.162054
0.168782
0.17588
0.18334
0.191095
0.199136
0.207348
0.215734
0.224087
0.232459
0.240481
0.24833
0.255343
0.26199
0.267033
0.271695
0.273275
0.117169
0.117861
0.119268
0.121262
0.123835
0.126931
0.130539
0.134621
0.139151
0.14415
0.149585
0.15545
0.16172
0.168389
0.175413
0.18278
0.190421
0.198322
0.206362
0.214536
0.222634
0.230699
0.23835
0.245763
0.252248
0.258297
0.262609
0.266474
0.267073
0.117036
0.117727
0.11913
0.12112
0.123687
0.126774
0.130371
0.134436
0.138949
0.143924
0.149329
0.155155
0.161377
0.167984
0.174932
0.182204
0.189727
0.197482
0.205345
0.213303
0.221137
0.228886
0.236155
0.243122
0.249065
0.254501
0.258066
0.261118
0.260719
0.116899
0.117589
0.118989
0.120973
0.123535
0.126611
0.130194
0.134247
0.138743
0.143693
0.149066
0.154852
0.161024
0.167568
0.174437
0.181611
0.189014
0.196619
0.204298
0.212033
0.219597
0.227021
0.233898
0.240406
0.245794
0.250604
0.253407
0.255632
0.25422
0.116758
0.117447
0.118844
0.120823
0.123379
0.126453
0.130015
0.134053
0.13853
0.143455
0.148795
0.154541
0.160662
0.16714
0.173929
0.181002
0.18828
0.195731
0.203223
0.210727
0.218014
0.225104
0.231579
0.237617
0.242437
0.246608
0.248632
0.250018
0.247579
0.116613
0.117301
0.118694
0.120669
0.123218
0.126284
0.129832
0.133855
0.138312
0.14321
0.148518
0.154222
0.16029
0.166702
0.173407
0.180376
0.187526
0.194819
0.202118
0.209386
0.216388
0.223136
0.229199
0.234756
0.238995
0.242515
0.243745
0.244281
0.2408
0.116464
0.117151
0.118541
0.120511
0.123052
0.126107
0.129645
0.133651
0.138089
0.14296
0.148234
0.153895
0.159908
0.166252
0.172872
0.179734
0.186753
0.193883
0.200984
0.20801
0.21472
0.221116
0.226759
0.231823
0.23547
0.238325
0.238747
0.238423
0.233889
0.116311
0.116998
0.118385
0.120349
0.12289
0.125928
0.129454
0.133443
0.13786
0.142704
0.147944
0.15356
0.159518
0.165791
0.172323
0.179076
0.18596
0.192924
0.199821
0.206599
0.21301
0.219045
0.224259
0.228818
0.231863
0.234042
0.233641
0.232448
0.226847
0.116155
0.116841
0.118224
0.120181
0.122717
0.125745
0.129259
0.13323
0.137627
0.142442
0.147646
0.153217
0.159118
0.165319
0.171762
0.178402
0.185148
0.191941
0.19863
0.205153
0.211258
0.216925
0.2217
0.225743
0.228174
0.229665
0.228428
0.226359
0.21968
0.115995
0.11668
0.11806
0.120005
0.122539
0.125559
0.129059
0.133013
0.137388
0.142175
0.147342
0.152867
0.158709
0.164837
0.171187
0.177713
0.184317
0.190935
0.197411
0.203673
0.209465
0.214754
0.219083
0.222598
0.224406
0.225197
0.223111
0.220161
0.115831
0.116516
0.117893
0.119865
0.122358
0.125368
0.128855
0.132791
0.137144
0.141902
0.147032
0.152509
0.158292
0.164343
0.1706
0.177008
0.183467
0.189905
0.196163
0.202158
0.207631
0.212533
0.216407
0.219384
0.22056
0.220639
0.217693
0.213857
0.115663
0.116348
0.117721
0.119682
0.122174
0.125174
0.128647
0.132565
0.136895
0.141623
0.146715
0.152144
0.157865
0.16384
0.17
0.176288
0.182598
0.188853
0.194887
0.20061
0.205756
0.210264
0.213674
0.216102
0.216637
0.215992
0.212175
0.207449
0.115492
0.116176
0.117546
0.119499
0.121986
0.124976
0.128435
0.132334
0.136641
0.141339
0.146392
0.151771
0.15743
0.163326
0.169387
0.175552
0.181711
0.187778
0.193584
0.199027
0.203841
0.207946
0.210885
0.212752
0.212638
0.211257
0.206559
0.200942
0.115317
0.116001
0.117368
0.119315
0.121795
0.124774
0.128219
0.132099
0.136382
0.141049
0.146063
0.151392
0.156987
0.162802
0.168763
0.174802
0.180805
0.18668
0.192254
0.197412
0.201885
0.20558
0.208039
0.209335
0.208566
0.206434
0.20085
0.194338
0.115139
0.115822
0.117186
0.119127
0.1216
0.124568
0.127998
0.13186
0.136119
0.140754
0.145728
0.151005
0.156535
0.162268
0.168126
0.174036
0.179881
0.18556
0.190895
0.195762
0.199889
0.203164
0.205136
0.205851
0.204419
0.201524
0.195047
0.187637
0.114957
0.11564
0.117
0.118936
0.121401
0.124358
0.127774
0.131616
0.13585
0.140453
0.145385
0.150609
0.156072
0.161721
0.167473
0.173252
0.178934
0.184412
0.189504
0.194075
0.197848
0.200696
0.202173
0.202296
0.200197
0.196524
0.189154
0.114771
0.115455
0.116812
0.118742
0.121199
0.124145
0.127545
0.131367
0.135576
0.140146
0.145036
0.150206
0.155601
0.161163
0.166808
0.172452
0.177968
0.183242
0.188086
0.192354
0.195767
0.198183
0.199158
0.198681
0.195911
0.191449
0.183191
0.114583
0.115267
0.116621
0.118546
0.120996
0.123932
0.127319
0.131123
0.135308
0.139846
0.144696
0.149814
0.155143
0.16062
0.166159
0.171669
0.17702
0.182089
0.186683
0.190645
0.193694
0.19567
0.196135
0.195048
0.191597
0.186327
0.177179
0.114391
0.115076
0.116428
0.11835
0.120794
0.123722
0.127097
0.130886
0.13505
0.139561
0.144374
0.149444
0.15471
0.160106
0.165541
0.170919
0.176104
0.180965
0.185302
0.188949
0.191618
0.193133
0.193062
0.191331
0.187163
0.181031
0.170955
0.114194
0.114878
0.116224
0.118137
0.120569
0.123481
0.126834
0.130594
0.134723
0.139188
0.143944
0.148943
0.15412
0.159407
0.164705
0.169916
0.174897
0.179509
0.183549
0.186838
0.189088
0.190106
0.189469
0.187069
0.18218
0.175166
0.164216
0.113676
0.11435
0.115691
0.117591
0.120014
0.12291
0.126242
0.129973
0.134067
0.138487
0.143185
0.148112
0.153202
0.158384
0.163559
0.168623
0.173432
0.177845
0.18165
0.18467
0.186606
0.187269
0.18622
0.183365
0.177944
0.170372
0.158732
0.113884
0.114559
0.115906
0.117816
0.120253
0.123167
0.126522
0.130282
0.134414
0.13888
0.143636
0.148637
0.153817
0.159111
0.164423
0.169658
0.174673
0.179335
0.18344
0.186819
0.189176
0.190338
0.189855
0.187669
0.182966
0.176271
0.165509
0.114086
0.114761
0.116109
0.118022
0.120465
0.123386
0.126753
0.13053
0.134683
0.139178
0.143972
0.149022
0.154267
0.159645
0.165064
0.170433
0.175617
0.180491
0.184856
0.188555
0.191295
0.19292
0.192976
0.191436
0.187452
0.181615
0.171787
0.114286
0.114959
0.11631
0.118228
0.120677
0.123609
0.12699
0.130785
0.134962
0.139489
0.144325
0.149429
0.154742
0.160206
0.165733
0.171238
0.176591
0.181673
0.186291
0.190299
0.193407
0.195476
0.196045
0.195117
0.191817
0.186783
0.177855
0.114482
0.115155
0.11651
0.118432
0.12089
0.123833
0.127229
0.131044
0.135248
0.139809
0.144688
0.149848
0.155231
0.160783
0.16642
0.172062
0.177583
0.182872
0.187741
0.192055
0.195526
0.198031
0.199105
0.198778
0.196153
0.191904
0.183876
0.114675
0.115347
0.116706
0.118633
0.121099
0.124053
0.127464
0.1313
0.135529
0.140124
0.145046
0.150259
0.155711
0.161349
0.167093
0.17287
0.178556
0.184049
0.189165
0.193778
0.197607
0.200542
0.202115
0.202382
0.200429
0.196954
0.189831
0.181633
0.114864
0.115536
0.116898
0.11883
0.121305
0.12427
0.127695
0.13155
0.135805
0.140432
0.145395
0.150662
0.15618
0.161902
0.167752
0.173659
0.179507
0.185199
0.190556
0.195464
0.199644
0.203001
0.205067
0.205918
0.204633
0.201917
0.195699
0.188378
0.11505
0.115722
0.117087
0.119024
0.121507
0.124482
0.127923
0.131797
0.136076
0.140735
0.145739
0.151057
0.156641
0.162446
0.168398
0.174434
0.180439
0.186326
0.19192
0.197117
0.20164
0.205413
0.207962
0.209387
0.208765
0.206796
0.201476
0.195034
0.115232
0.115904
0.117273
0.119215
0.121705
0.124691
0.128146
0.132039
0.136342
0.141032
0.146076
0.151446
0.157093
0.162979
0.169032
0.175193
0.181354
0.187432
0.193257
0.198737
0.203598
0.207777
0.210803
0.212791
0.212825
0.21159
0.207161
0.2016
0.11541
0.116083
0.117456
0.119402
0.1219
0.124896
0.128365
0.132276
0.136604
0.141325
0.146408
0.151827
0.157537
0.163502
0.169654
0.175938
0.18225
0.188515
0.194567
0.200324
0.205515
0.210093
0.213589
0.21613
0.216811
0.2163
0.212752
0.208073
0.115584
0.116258
0.117632
0.119585
0.122091
0.125098
0.12858
0.132509
0.13686
0.141611
0.146733
0.152201
0.157973
0.164015
0.170263
0.176668
0.183127
0.189575
0.195849
0.201877
0.207393
0.212361
0.216318
0.219401
0.220723
0.220923
0.218246
0.21445
0.115755
0.116429
0.117807
0.119765
0.122278
0.125295
0.128791
0.132738
0.137112
0.141892
0.147052
0.152567
0.158399
0.164517
0.17086
0.177382
0.183986
0.190612
0.197104
0.203396
0.20923
0.214581
0.218991
0.222605
0.224558
0.22546
0.22364
0.220726
0.213447
0.115922
0.116597
0.117979
0.11994
0.122461
0.125488
0.128998
0.132962
0.137358
0.142168
0.147364
0.152926
0.158817
0.165009
0.171443
0.17808
0.184826
0.191626
0.19833
0.204882
0.211027
0.216751
0.221606
0.22574
0.228315
0.229908
0.228933
0.226898
0.220696
0.116085
0.116761
0.118146
0.120112
0.122641
0.125678
0.1292
0.133181
0.1376
0.142438
0.147669
0.153277
0.159225
0.16549
0.172014
0.178763
0.185646
0.192617
0.199529
0.206333
0.212782
0.218872
0.224163
0.228807
0.231994
0.234267
0.234122
0.232961
0.227824
0.116245
0.116921
0.11831
0.120283
0.122817
0.125863
0.129398
0.133396
0.137836
0.142701
0.147968
0.153621
0.159625
0.16596
0.172572
0.17943
0.186448
0.193585
0.200699
0.20775
0.214496
0.220943
0.226661
0.231804
0.235591
0.238533
0.239205
0.238913
0.234828
0.1164
0.117077
0.11847
0.120452
0.122989
0.126044
0.129592
0.133606
0.138067
0.142959
0.14826
0.153956
0.160015
0.166418
0.173116
0.180081
0.18723
0.194529
0.20184
0.209132
0.216169
0.222964
0.229101
0.234731
0.239107
0.242707
0.244181
0.244748
0.241703
0.116552
0.11723
0.118626
0.120601
0.123157
0.126221
0.129781
0.133811
0.138292
0.143211
0.148545
0.154284
0.160396
0.166866
0.173647
0.180715
0.187992
0.195449
0.202952
0.210479
0.217799
0.224934
0.231479
0.237586
0.242539
0.246786
0.249046
0.250464
0.248447
0.116699
0.117379
0.118778
0.120763
0.12332
0.126393
0.129965
0.134011
0.138512
0.143456
0.148823
0.154603
0.160767
0.167302
0.174164
0.181334
0.188735
0.196345
0.204036
0.21179
0.219387
0.226852
0.233798
0.24037
0.245887
0.250769
0.2538
0.256057
0.255054
0.116843
0.117523
0.118926
0.120918
0.12348
0.126561
0.130145
0.134205
0.138726
0.143696
0.149094
0.154914
0.161129
0.167727
0.174668
0.181935
0.189458
0.197217
0.20509
0.213066
0.220932
0.228719
0.236054
0.243081
0.249149
0.254653
0.25844
0.261524
0.261521
0.116983
0.117664
0.11907
0.121066
0.123635
0.126725
0.13032
0.134395
0.138935
0.143929
0.149358
0.155217
0.161481
0.168141
0.175158
0.182521
0.190161
0.198065
0.206114
0.214306
0.222434
0.230534
0.238249
0.245718
0.252325
0.258438
0.262963
0.26686
0.267842
0.117118
0.117801
0.11921
0.12121
0.123786
0.126884
0.13049
0.13458
0.139138
0.144155
0.149615
0.155512
0.161823
0.168543
0.175634
0.183089
0.190843
0.198887
0.207109
0.21551
0.223892
0.232297
0.240381
0.248282
0.255412
0.262121
0.267368
0.272063
0.274014
0.11725
0.117934
0.119346
0.12135
0.123932
0.127038
0.130655
0.134759
0.139335
0.144376
0.149864
0.155798
0.162155
0.168933
0.176096
0.183641
0.191505
0.199685
0.208073
0.216677
0.225306
0.234006
0.24245
0.25077
0.25841
0.2657
0.271652
0.277129
0.280031
0.117377
0.118063
0.119478
0.121486
0.124074
0.127188
0.130816
0.134933
0.139527
0.144589
0.150106
0.156075
0.162477
0.169311
0.176544
0.184175
0.192146
0.200458
0.209008
0.217808
0.226677
0.235662
0.244455
0.253182
0.261319
0.269175
0.275814
0.282056
0.28589
0.1175
0.118188
0.119606
0.121618
0.124213
0.127334
0.130971
0.135102
0.139712
0.144796
0.15034
0.156344
0.162788
0.169677
0.176977
0.184692
0.192767
0.201206
0.209912
0.218901
0.228002
0.237265
0.246395
0.255517
0.264136
0.272543
0.279851
0.28684
0.291586
0.11762
0.118308
0.11973
0.121745
0.124348
0.127474
0.131121
0.135265
0.139892
0.144996
0.150566
0.156603
0.16309
0.17003
0.177396
0.185192
0.193366
0.201929
0.210785
0.219958
0.229283
0.238813
0.248271
0.257776
0.26686
0.275803
0.283761
0.291478
0.297115
0.117735
0.118425
0.119849
0.121868
0.124465
0.12761
0.131267
0.135423
0.140065
0.14519
0.150785
0.156854
0.163381
0.170372
0.1778
0.185674
0.193945
0.202626
0.211628
0.220977
0.230518
0.240307
0.25008
0.259955
0.269491
0.278954
0.287542
0.295967
0.302472
0.117845
0.118537
0.119964
0.121987
0.124591
0.127742
0.131407
0.135575
0.140232
0.145376
0.150996
0.157096
0.163662
0.170701
0.17819
0.186139
0.194502
0.203297
0.212439
0.221958
0.231708
0.241746
0.251824
0.262056
0.272028
0.281993
0.291192
0.300304
0.307654
0.117952
0.118645
0.120075
0.122101
0.124713
0.127868
0.131542
0.135721
0.140393
0.145556
0.151199
0.157329
0.163932
0.171018
0.178565
0.186586
0.195038
0.203942
0.213219
0.222902
0.232852
0.243129
0.253501
0.264078
0.27447
0.28492
0.29471
0.304487
0.312656
0.118054
0.118749
0.120181
0.122211
0.124829
0.12799
0.131672
0.135862
0.140548
0.145729
0.151395
0.157553
0.164191
0.171322
0.178924
0.187015
0.195552
0.204561
0.213968
0.223807
0.23395
0.244457
0.25511
0.266019
0.276815
0.287733
0.298092
0.308513
0.317475
0.118152
0.118849
0.120284
0.122316
0.12494
0.128106
0.131797
0.135997
0.140697
0.145894
0.151582
0.157768
0.16444
0.171614
0.179269
0.187426
0.196045
0.205155
0.214685
0.224674
0.235002
0.245729
0.256652
0.267878
0.279063
0.290431
0.301338
0.312379
0.322106
0.118246
0.118944
0.120381
0.122417
0.125045
0.128217
0.131916
0.136126
0.140839
0.146053
0.151761
0.157973
0.164678
0.171893
0.179599
0.187818
0.196516
0.205721
0.21537
0.225502
0.236006
0.246944
0.258126
0.269656
0.281212
0.293013
0.304445
0.316082
0.326547
0.118335
0.119035
0.120475
0.122514
0.125146
0.128324
0.13203
0.13625
0.140974
0.146204
0.151932
0.158169
0.164905
0.172159
0.179913
0.188193
0.196965
0.206262
0.216023
0.226292
0.236964
0.248102
0.25953
0.271352
0.283263
0.295476
0.307413
0.319621
0.330793
0.11842
0.119121
0.120563
0.122605
0.125242
0.128425
0.132138
0.136368
0.141104
0.146348
0.152095
0.158355
0.165121
0.172412
0.180213
0.188549
0.197392
0.206776
0.216644
0.227042
0.237874
0.249204
0.260866
0.272965
0.285214
0.297821
0.310238
0.322992
0.334842
0.118501
0.119203
0.120648
0.122692
0.125333
0.128521
0.132241
0.136479
0.141226
0.146485
0.15225
0.158532
0.165326
0.172652
0.180496
0.188887
0.197797
0.207263
0.217232
0.227754
0.238737
0.250248
0.262133
0.274494
0.287064
0.300045
0.31292
0.326195
0.33869
0.118578
0.119281
0.120728
0.122775
0.12542
0.128613
0.132339
0.136585
0.141343
0.146615
0.152396
0.1587
0.16552
0.172879
0.180765
0.189206
0.19818
0.207723
0.217788
0.228426
0.239552
0.251234
0.263329
0.275939
0.288813
0.302149
0.315456
0.329225
0.342335
0.11865
0.119355
0.120803
0.122853
0.125501
0.128699
0.132431
0.136685
0.141452
0.146737
0.152534
0.158858
0.165703
0.173093
0.181017
0.189507
0.19854
0.208156
0.218311
0.229058
0.240319
0.252162
0.264455
0.277299
0.29046
0.30413
0.317846
0.332082
0.345772
0.118717
0.119424
0.120874
0.122926
0.125579
0.128779
0.132517
0.136778
0.141555
0.146851
0.152663
0.159006
0.165875
0.173294
0.181254
0.189789
0.198878
0.208562
0.218802
0.229651
0.241038
0.253032
0.26551
0.278575
0.292004
0.305988
0.320089
0.334764
0.349
0.118781
0.119488
0.12094
0.122995
0.125652
0.128855
0.132598
0.136866
0.141651
0.146959
0.152784
0.159144
0.166035
0.173481
0.181476
0.190052
0.199193
0.20894
0.219259
0.230204
0.241708
0.253843
0.266495
0.279764
0.293444
0.307722
0.322182
0.337268
0.352016
0.118839
0.119548
0.121001
0.123058
0.125719
0.128926
0.132673
0.136947
0.141741
0.147058
0.152897
0.159273
0.166184
0.173655
0.181681
0.190296
0.199485
0.209292
0.219684
0.230717
0.24233
0.254596
0.267408
0.280868
0.29478
0.309331
0.324125
0.339594
0.354818
0.118894
0.119604
0.121058
0.123117
0.12578
0.128991
0.132743
0.137023
0.141823
0.14715
0.153001
0.159392
0.166321
0.173816
0.181871
0.190522
0.199755
0.209616
0.220075
0.231189
0.242903
0.25529
0.268249
0.281884
0.296012
0.310814
0.325916
0.341739
0.357403
0.118944
0.119655
0.121111
0.123171
0.125837
0.129051
0.132807
0.137092
0.141899
0.147235
0.153096
0.159501
0.166447
0.173963
0.182044
0.190728
0.200002
0.209913
0.220433
0.231622
0.243428
0.255924
0.269018
0.282815
0.297138
0.312171
0.327555
0.343702
0.359769
0.118989
0.119701
0.121158
0.123221
0.125889
0.129105
0.132865
0.137155
0.141968
0.147312
0.153183
0.1596
0.166562
0.174097
0.182202
0.190915
0.200226
0.210182
0.220758
0.232014
0.243903
0.256499
0.269716
0.283657
0.298159
0.313401
0.329041
0.345481
0.361914
0.11903
0.119743
0.121201
0.123265
0.125935
0.129154
0.132917
0.137212
0.142031
0.147381
0.153261
0.159689
0.166665
0.174217
0.182344
0.191083
0.200427
0.210423
0.221049
0.232365
0.244328
0.257014
0.27034
0.284412
0.299073
0.314503
0.330372
0.347076
0.363837
0.119067
0.11978
0.12124
0.123305
0.125976
0.129198
0.132964
0.137262
0.142086
0.147443
0.15333
0.159768
0.166756
0.174324
0.182469
0.191232
0.200605
0.210636
0.221306
0.232676
0.244705
0.257469
0.270893
0.28508
0.299881
0.315476
0.331548
0.348486
0.365537
0.119099
0.119813
0.121273
0.12334
0.126013
0.129237
0.133005
0.137306
0.142134
0.147496
0.153391
0.159837
0.166836
0.174417
0.182579
0.191362
0.200761
0.210822
0.22153
0.232946
0.245032
0.257865
0.271372
0.285659
0.300582
0.316321
0.332568
0.349709
0.367011
0.119126
0.119842
0.121302
0.12337
0.126044
0.12927
0.13304
0.137344
0.142176
0.147542
0.153443
0.159896
0.166904
0.174496
0.182672
0.191472
0.200893
0.21098
0.22172
0.233175
0.24531
0.2582
0.271778
0.28615
0.301176
0.317037
0.333432
0.350744
0.368258
0.11915
0.119865
0.121327
0.123395
0.12607
0.129297
0.13307
0.137376
0.142211
0.147581
0.153486
0.159945
0.166961
0.174562
0.182749
0.191563
0.201002
0.21111
0.221877
0.233364
0.245538
0.258475
0.272111
0.286552
0.301662
0.317623
0.334138
0.351592
0.369278
0.119168
0.119884
0.121346
0.123416
0.126091
0.129319
0.133093
0.137401
0.142238
0.147612
0.15352
0.159985
0.167006
0.174614
0.18281
0.191635
0.201088
0.211212
0.222
0.233511
0.245716
0.25869
0.272371
0.286866
0.30204
0.318078
0.334688
0.352251
0.37007
0.119182
0.119899
0.121361
0.123431
0.126107
0.129336
0.133111
0.13742
0.142259
0.147634
0.153546
0.160014
0.167039
0.174653
0.182855
0.191687
0.20115
0.211286
0.222089
0.233618
0.245845
0.258845
0.272558
0.287091
0.302311
0.318405
0.33508
0.352721
0.370634
0.119192
0.119909
0.121371
0.123441
0.126118
0.129347
0.133123
0.137433
0.142273
0.14765
0.153563
0.160033
0.167061
0.174677
0.182883
0.19172
0.20119
0.211333
0.222144
0.233684
0.245924
0.258939
0.272672
0.287227
0.302474
0.318601
0.335314
0.353001
0.370968
0.0256441
0.0255702
0.0254316
0.0252378
0.0249983
0.0247224
0.0244187
0.0240947
0.0237567
0.0234102
0.0230595
0.0227086
0.0223604
0.0220175
0.021682
0.0213553
0.0210388
0.0207333
0.0204393
0.0201573
0.0198874
0.0196296
0.0193839
0.0191501
0.0189279
0.0187169
0.0257024
0.0256278
0.0254879
0.0252923
0.0250505
0.0247721
0.0244657
0.0241387
0.0237975
0.0234478
0.0230938
0.0227396
0.0223881
0.022042
0.0217033
0.0213736
0.021054
0.0207456
0.0204488
0.0201641
0.0198917
0.0196315
0.0193835
0.0191474
0.0189231
0.0187101
0.0258161
0.0257403
0.0255979
0.0253988
0.0251527
0.0248693
0.0245574
0.0242245
0.0238773
0.0235212
0.0231609
0.0228002
0.0224423
0.0220899
0.021745
0.0214092
0.0210838
0.0207697
0.0204675
0.0201775
0.0199
0.0196351
0.0193825
0.0191421
0.0189137
0.0186968
0.0259832
0.0259055
0.0257595
0.0255552
0.0253029
0.0250122
0.0246923
0.0243508
0.0239946
0.0236293
0.0232595
0.0228893
0.022522
0.0221603
0.0218062
0.0214616
0.0211275
0.0208051
0.0204948
0.0201971
0.0199123
0.0196403
0.019381
0.0191343
0.0188998
0.0186772
0.0262021
0.0261218
0.025971
0.0257601
0.0254995
0.0251994
0.0248689
0.0245163
0.0241483
0.0237708
0.0233888
0.0230062
0.0226265
0.0222526
0.0218866
0.0215302
0.0211848
0.0208514
0.0205306
0.0202228
0.0199283
0.019647
0.0193789
0.0191238
0.0188814
0.0186513
0.0264713
0.0263879
0.0262314
0.0260123
0.0257416
0.0254298
0.0250865
0.0247201
0.0243377
0.0239453
0.023548
0.0231502
0.0227553
0.0223664
0.0219856
0.0216148
0.0212554
0.0209085
0.0205746
0.0202543
0.0199478
0.0196551
0.0193761
0.0191107
0.0188585
0.018619
0.0267899
0.0267029
0.0265396
0.0263109
0.0260284
0.0257028
0.0253444
0.0249617
0.0245621
0.0241521
0.0237369
0.023321
0.0229081
0.0225013
0.022103
0.0217151
0.0213391
0.0209761
0.0206268
0.0202916
0.0199708
0.0196645
0.0193726
0.0190948
0.0188309
0.0185803
0.0271575
0.0270663
0.0268951
0.0266555
0.0263593
0.026018
0.0256421
0.0252407
0.0248215
0.0243911
0.0239552
0.0235185
0.0230848
0.0226574
0.0222389
0.0218312
0.0214359
0.0210543
0.020687
0.0203345
0.0199972
0.0196751
0.0193682
0.0190761
0.0187986
0.0185351
0.0275734
0.0274776
0.0272976
0.0270456
0.026734
0.026375
0.0259795
0.0255569
0.0251156
0.0246623
0.024203
0.0237426
0.0232854
0.0228346
0.0223931
0.0219629
0.0215458
0.021143
0.0207552
0.0203831
0.020027
0.0196869
0.0193629
0.0190544
0.0187615
0.0184833
0.0280376
0.0279366
0.0277468
0.0274812
0.0271526
0.0267739
0.0263566
0.0259106
0.0254445
0.0249657
0.0244803
0.0239936
0.02351
0.0230332
0.0225659
0.0221106
0.0216689
0.0212423
0.0208316
0.0204375
0.0200602
0.0196999
0.0193565
0.0190297
0.0187193
0.0184245
0.0285499
0.0284432
0.0282429
0.0279622
0.0276151
0.0272148
0.0267736
0.0263018
0.0258086
0.0253017
0.0247875
0.0242718
0.0237591
0.0232533
0.0227576
0.0222744
0.0218055
0.0213525
0.0209164
0.0204977
0.0200969
0.019714
0.0193491
0.0190018
0.018672
0.0183587
0.0291104
0.0289977
0.0287858
0.0284889
0.0281216
0.027698
0.0272308
0.0267311
0.0262083
0.0256706
0.0251251
0.0245776
0.024033
0.0234956
0.0229686
0.0224547
0.0219559
0.0214739
0.0210096
0.0205639
0.0201371
0.0197294
0.0193407
0.0189708
0.0186195
0.0182857
0.0297193
0.0296
0.0293758
0.0290615
0.0286726
0.0282239
0.0277287
0.0271987
0.026644
0.0260732
0.0254936
0.0249115
0.0243324
0.0237604
0.0231994
0.022652
0.0221206
0.0216067
0.0211117
0.0206363
0.020181
0.019746
0.0193313
0.0189365
0.0185615
0.0182052
0.0303767
0.0302505
0.0300132
0.0296804
0.0292684
0.0287928
0.0282677
0.0277054
0.0271164
0.0265099
0.0258936
0.0252744
0.0246578
0.0240486
0.0234506
0.0228669
0.0223
0.0217516
0.0212231
0.0207154
0.020229
0.0197642
0.0193209
0.0188989
0.0184981
0.0181171
0.031083
0.0309495
0.0306982
0.0303459
0.0299095
0.0294055
0.0288486
0.0282518
0.0276263
0.0269816
0.0263261
0.025667
0.0250102
0.0243608
0.023723
0.0231002
0.0224948
0.021909
0.0213442
0.0208014
0.0202813
0.019784
0.0193098
0.0188581
0.0184291
0.0180212
0.0318384
0.0316972
0.0314314
0.0310584
0.0305964
0.0300624
0.029472
0.0288387
0.0281744
0.0274892
0.0267919
0.0260902
0.0253904
0.024698
0.0240175
0.0233525
0.0227058
0.0220797
0.0214757
0.020895
0.0203383
0.019806
0.0192981
0.0188143
0.0183547
0.0179175
0.0326432
0.0324939
0.0322129
0.0318185
0.0313296
0.0307641
0.0301385
0.0294669
0.0287617
0.0280337
0.0272921
0.026545
0.0257995
0.0250612
0.0243351
0.0236249
0.0229339
0.0222644
0.0216182
0.0209967
0.0204006
0.0198303
0.0192862
0.0187675
0.0182748
0.0178059
0.0334974
0.0333399
0.0330431
0.0326264
0.0321096
0.0315114
0.030849
0.0301373
0.0293892
0.028616
0.0278276
0.0270327
0.0262386
0.0254515
0.0246767
0.0239184
0.02318
0.022464
0.0217727
0.0211072
0.0204688
0.0198576
0.0192743
0.0187181
0.0181895
0.0176865
0.0344014
0.0342353
0.0339223
0.0334826
0.0329369
0.0323049
0.0316043
0.0308507
0.0300577
0.0292372
0.0283997
0.0275543
0.0267089
0.0258702
0.0250438
0.0242342
0.0234452
0.0226797
0.02194
0.0212275
0.0205436
0.0198885
0.019263
0.0186664
0.0180993
0.0175592
0.035355
0.0351803
0.0348507
0.0343875
0.0338121
0.0331452
0.0324051
0.0316082
0.0307685
0.0298987
0.0290097
0.0281113
0.0272119
0.0263187
0.0254376
0.0245736
0.0237309
0.0229125
0.0221212
0.0213584
0.0206258
0.0199237
0.019253
0.0186129
0.0180042
0.0174243
0.0363585
0.0361749
0.0358284
0.0353412
0.0347356
0.0340329
0.0332523
0.0324106
0.0315226
0.0306015
0.0296589
0.0287051
0.0277491
0.0267984
0.0258596
0.0249381
0.0240384
0.0231639
0.0223175
0.0215012
0.0207165
0.019964
0.0192448
0.0185581
0.0179048
0.0172821
0.0374115
0.037219
0.0368555
0.036344
0.0357077
0.0349687
0.0341466
0.033259
0.0323212
0.0313471
0.0303488
0.0293372
0.0283219
0.027311
0.0263115
0.0253293
0.0243693
0.0234353
0.0225305
0.021657
0.0208168
0.0200105
0.0192394
0.0185027
0.0178015
0.0171328
0.0385139
0.0383125
0.0379319
0.0373961
0.0367289
0.035953
0.0350888
0.0341543
0.0331655
0.0321367
0.0310808
0.0300093
0.0289322
0.0278582
0.0267951
0.025749
0.0247254
0.0237284
0.0227616
0.0218274
0.020928
0.0200644
0.0192378
0.0184476
0.0176951
0.0169771
0.0396653
0.039455
0.0390575
0.0384973
0.0377992
0.0369863
0.0360795
0.0350974
0.0340565
0.0329718
0.0318565
0.0307229
0.0295817
0.0284421
0.0273123
0.0261991
0.0251084
0.0240449
0.0230125
0.0220139
0.0210517
0.0201269
0.0192411
0.0183937
0.0175864
0.0168155
0.0408651
0.0406461
0.0402319
0.0396477
0.0389188
0.038069
0.0371195
0.0360894
0.0349957
0.0338537
0.0326777
0.0314801
0.0302724
0.0290645
0.0278651
0.0266817
0.0255206
0.024387
0.0232853
0.0222185
0.0211895
0.0201996
0.0192508
0.0183424
0.0174764
0.0166488
0.0421126
0.0418851
0.0414546
0.0408469
0.0400878
0.0392014
0.0382094
0.0371311
0.035984
0.0347841
0.0335458
0.0322826
0.0310064
0.0297277
0.028456
0.0271992
0.0259642
0.0247569
0.023582
0.022443
0.0213433
0.0202843
0.0192683
0.0182948
0.0173661
0.016478
0.0434069
0.0431714
0.0427252
0.0420947
0.0413061
0.0403838
0.0393497
0.0382234
0.0370228
0.0357642
0.0344628
0.0331325
0.0317858
0.030434
0.0290871
0.0277538
0.0264417
0.025157
0.023905
0.0226899
0.0215152
0.0203829
0.0192955
0.0182526
0.017257
0.0163041
0.0447471
0.0445039
0.0440427
0.0433904
0.0425734
0.0416162
0.0405409
0.0393672
0.0381132
0.0367957
0.0354305
0.0340318
0.032613
0.0311859
0.0297613
0.0283485
0.0269557
0.0255899
0.024257
0.0229615
0.0217076
0.0204975
0.0193343
0.0182175
0.0171507
0.0161286
0.0461319
0.0458814
0.0454062
0.0447334
0.0438894
0.0428987
0.0417833
0.0405631
0.0392563
0.0378801
0.0364506
0.0349827
0.0334903
0.0319859
0.0304811
0.0289859
0.0275092
0.0260586
0.0246407
0.0232606
0.0219231
0.0206306
0.0193869
0.0181916
0.0170488
0.0159529
0.0475598
0.0473028
0.0468147
0.0461228
0.0452535
0.044231
0.0430772
0.0418118
0.0404533
0.0390188
0.0375251
0.0359874
0.0344202
0.0328369
0.0312496
0.0296691
0.0281052
0.0265661
0.0250593
0.0235903
0.0221645
0.020785
0.019456
0.0181772
0.0169534
0.0157787
0.0490292
0.0487664
0.0482668
0.0475577
0.0466651
0.0456129
0.0444228
0.043114
0.0417051
0.0402134
0.0386558
0.0370481
0.0354054
0.0337417
0.0320698
0.0304015
0.0287472
0.027116
0.0255161
0.0239537
0.0224351
0.0209636
0.0195442
0.0181768
0.0168669
0.0156082
0.0505384
0.0502706
0.0497611
0.0490367
0.0481233
0.0470441
0.04582
0.0444702
0.0430128
0.0414653
0.0398447
0.0381673
0.0364486
0.0347033
0.0329451
0.0311864
0.0294387
0.0277118
0.0260147
0.0243545
0.0227382
0.0211697
0.0196546
0.0181933
0.0167918
0.0154437
0.0520853
0.0518136
0.0512958
0.0505586
0.0496271
0.0485238
0.0472688
0.0458807
0.0443773
0.0427759
0.0410937
0.0393472
0.0375526
0.0357249
0.0338789
0.0320276
0.0301836
0.0283574
0.0265592
0.0247967
0.0230777
0.0214069
0.0197908
0.0182297
0.016731
0.0152876
0.0536678
0.0533931
0.0528691
0.0521218
0.0511754
0.0500513
0.0487689
0.0473458
0.0457993
0.0441466
0.0424047
0.0405904
0.0387201
0.0368098
0.0348748
0.032929
0.030986
0.0290572
0.0271538
0.0252843
0.0234578
0.0216793
0.0199563
0.0182898
0.0166877
0.0151429
0.0552836
0.055007
0.0544789
0.0537245
0.0527667
0.0516258
0.0503198
0.0488655
0.0472796
0.0455786
0.0437795
0.0418991
0.0399543
0.0379614
0.0359366
0.0338947
0.0318502
0.0298155
0.027803
0.0258221
0.0238828
0.0219912
0.0201555
0.0183772
0.0166655
0.0150128
0.05693
0.0566529
0.0561231
0.0553648
0.0543995
0.053246
0.0519209
0.05044
0.0488187
0.0470732
0.04522
0.0432758
0.041258
0.0391832
0.0370683
0.034929
0.0327808
0.0306373
0.0285118
0.0264149
0.0243578
0.0223472
0.0203928
0.0184964
0.0166684
0.014901
0.0586044
0.0583282
0.0577992
0.0570405
0.056072
0.0549107
0.0535715
0.0520688
0.0504171
0.0486314
0.0467278
0.044723
0.0426342
0.0404787
0.0382739
0.0360365
0.0337828
0.0315276
0.0292855
0.0270681
0.0248879
0.0227527
0.0206732
0.018652
0.0167007
0.0148114
0.0603039
0.06003
0.0595047
0.0587494
0.0577823
0.0566183
0.0552706
0.0537517
0.0520749
0.050254
0.0483047
0.0462429
0.0440861
0.0418517
0.0395577
0.0372217
0.0348611
0.0324918
0.0301296
0.0277874
0.0254789
0.0232131
0.0210022
0.0188491
0.0167673
0.0147485
0.0620256
0.0617556
0.0612368
0.060489
0.0595282
0.0583672
0.0570169
0.0554881
0.0537922
0.051942
0.049952
0.0478378
0.0456165
0.0433057
0.0409241
0.0384898
0.0360213
0.0335357
0.0310502
0.0285788
0.026137
0.0237346
0.0213855
0.0190934
0.0168734
0.0147171
0.0637663
0.0635018
0.0629926
0.0622566
0.0613075
0.0601554
0.0588091
0.0572771
0.0555689
0.0536959
0.0516713
0.0495099
0.0472284
0.0448446
0.0423774
0.0398457
0.0372689
0.0346654
0.0320535
0.029449
0.0268686
0.0243237
0.0218296
0.019391
0.0170248
0.0147227
0.0655229
0.0652655
0.0647691
0.0640495
0.0631176
0.0619809
0.0606456
0.0591176
0.0574046
0.055516
0.0534636
0.0512612
0.0489249
0.0464721
0.0439222
0.0412946
0.0386098
0.0358871
0.0331464
0.0304049
0.027681
0.0249875
0.0223414
0.0197486
0.017228
0.0147712
0.0672919
0.0670435
0.0665632
0.0658646
0.0649558
0.0638413
0.0625243
0.0610084
0.0592988
0.0574026
0.05533
0.0530936
0.0507085
0.0481919
0.0455631
0.042842
0.04005
0.0372075
0.034336
0.031454
0.0285818
0.0257335
0.0229285
0.0201735
0.0174897
0.014869
0.0690699
0.0688323
0.0683716
0.0676989
0.0668193
0.065734
0.0644434
0.062948
0.0612504
0.0593554
0.0572713
0.0550087
0.052582
0.0500075
0.0473045
0.0444932
0.0415957
0.0386335
0.0356297
0.032604
0.0295789
0.0265701
0.023599
0.0206736
0.0178176
0.0150232
0.0708536
0.0706285
0.070191
0.0695492
0.068705
0.0676564
0.0664004
0.0649345
0.0632584
0.0613742
0.0592878
0.057008
0.0545478
0.0519225
0.0491511
0.0462538
0.0432535
0.0401725
0.0370353
0.0338635
0.0306812
0.027506
0.0243615
0.0212575
0.0182199
0.0152416
0.0726395
0.0724288
0.0720179
0.0714121
0.0706097
0.0696054
0.0683928
0.0669659
0.0653213
0.0634581
0.0613797
0.0590927
0.0566082
0.0539403
0.0511074
0.0481294
0.0450298
0.0418318
0.0385612
0.0352411
0.0318978
0.0285506
0.0252257
0.0219344
0.0187055
0.0155327
0.0744239
0.0742295
0.0738488
0.0732841
0.0725302
0.0715781
0.0704177
0.0690397
0.0674372
0.0656062
0.063547
0.0612636
0.058765
0.0560639
0.0531776
0.0501255
0.0469314
0.0436191
0.0402159
0.0367462
0.0332385
0.029714
0.0262017
0.0227144
0.0192842
0.0159057
0.0762035
0.0760271
0.0756803
0.0751618
0.074463
0.073571
0.0724721
0.0711534
0.0696041
0.067817
0.065789
0.0635212
0.0610201
0.0582963
0.0553659
0.0522476
0.048965
0.0455424
0.0420083
0.0383885
0.0347137
0.0310071
0.0273004
0.0236085
0.0199667
0.0163709
0.0779746
0.0778182
0.0775087
0.0770416
0.0764045
0.0755807
0.0745528
0.0733038
0.0718196
0.0700888
0.0681048
0.0658654
0.0633745
0.06064
0.0576763
0.054501
0.0511374
0.0476097
0.0439476
0.0401782
0.0363344
0.0324413
0.0285336
0.0246284
0.0207645
0.0169392
0.079734
0.0795992
0.0793304
0.0789198
0.078351
0.0776035
0.0766561
0.0754879
0.0740807
0.0724192
0.0704929
0.0682961
0.0658291
0.0630972
0.0601125
0.056891
0.0534551
0.0498292
0.0460434
0.0421261
0.0381121
0.0340288
0.0299139
0.0257868
0.02169
0.0176227
0.0814782
0.0813667
0.0811421
0.0807929
0.0802989
0.0796358
0.0787784
0.0777021
0.0763844
0.0748057
0.0729517
0.0708123
0.0683842
0.0656695
0.0626776
0.0594223
0.0559248
0.052209
0.0483052
0.044243
0.0400591
0.0357828
0.0314549
0.0270975
0.0227569
0.0184347
0.0832039
0.0831174
0.0829401
0.0826571
0.0822442
0.0816735
0.0809158
0.0799425
0.078727
0.0772453
0.0754785
0.0734125
0.0710397
0.0683583
0.0653745
0.0620996
0.0585529
0.0547573
0.0507432
0.0465406
0.042188
0.0377169
0.033171
0.0285753
0.0239801
0.0193895
0.0849079
0.0848479
0.0847211
0.0845089
0.0841833
0.0837126
0.0830642
0.0822051
0.0811047
0.0797344
0.0780707
0.0760948
0.0737946
0.071164
0.0682054
0.0649269
0.0613454
0.0574821
0.0533671
0.0490305
0.0445123
0.0398457
0.0350778
0.0302361
0.0253755
0.020503
0.0865872
0.0865552
0.0864817
0.0863445
0.0861122
0.0857492
0.0852192
0.0844856
0.0835131
0.082269
0.0807248
0.0788566
0.0766475
0.0740867
0.071172
0.0679078
0.064308
0.0603914
0.056187
0.0517247
0.0470457
0.0421847
0.0371916
0.0320973
0.0269606
0.0217924
0.0882388
0.0882361
0.0882186
0.0881606
0.0880271
0.087779
0.0873766
0.0867793
0.0859478
0.0848447
0.0834367
0.0816946
0.0795962
0.0771255
0.0742752
0.0710452
0.0674457
0.0634925
0.0592127
0.0546356
0.0498025
0.0447498
0.0395301
0.0341772
0.0287543
0.0232765
0.08986
0.0898877
0.0899286
0.0899537
0.0899241
0.0897978
0.0895317
0.0890815
0.0884038
0.0874567
0.0862019
0.0846049
0.0826378
0.0802787
0.0775151
0.0743414
0.0707631
0.0667925
0.062454
0.0577753
0.0527976
0.0475581
0.0421118
0.0364957
0.0307772
0.0249759
0.0914481
0.0915073
0.0916089
0.0917204
0.0917996
0.0918016
0.0916799
0.0913871
0.0908759
0.0900997
0.0890153
0.0875828
0.0857684
0.083544
0.0808908
0.0777974
0.0742639
0.0702979
0.0659202
0.0611561
0.0560458
0.050627
0.0449565
0.0390741
0.0330514
0.0269133
0.0930006
0.0930923
0.0932565
0.0934575
0.0936499
0.093786
0.0938166
0.0936911
0.0933584
0.0927679
0.0918713
0.0906231
0.0889834
0.0869178
0.0844006
0.0814136
0.0779509
0.0740143
0.06962
0.0647899
0.0595624
0.0539748
0.0480847
0.0419351
0.0356011
0.0291132
0.0945153
0.0946402
0.0948687
0.0951618
0.0954713
0.0957469
0.0959371
0.0959882
0.0958458
0.0954553
0.0947636
0.0937197
0.0922775
0.0903957
0.0880413
0.0851891
0.0818257
0.0779463
0.0735615
0.0686885
0.0633626
0.0576199
0.0515182
0.045103
0.0384521
0.0316027
0.0959901
0.0961488
0.096443
0.0968305
0.0972604
0.0976804
0.0980366
0.098273
0.098332
0.0981554
0.0976854
0.0968658
0.0956441
0.093972
0.091809
0.0891218
0.0858887
0.0820976
0.0777517
0.0728629
0.0674614
0.0615815
0.0552796
0.0486033
0.0416325
0.0344113
0.0974232
0.0976161
0.097977
0.0984608
0.0990139
0.0995824
0.100111
0.10054
0.100811
0.100861
0.10063
0.100054
0.099076
0.0976403
0.0956982
0.093208
0.0901389
0.0864703
0.0821967
0.0773231
0.0718735
0.0658787
0.0593922
0.0524633
0.0451723
0.0375709
0.0988128
0.0990403
0.0994687
0.10005
0.100729
0.101449
0.102154
0.102784
0.103276
0.103566
0.103588
0.103276
0.102565
0.101393
0.0997021
0.0974427
0.0945737
0.091065
0.0869009
0.0820783
0.0766129
0.0705306
0.06388
0.0567113
0.0491036
0.0411164
0.100157
0.10042
0.100916
0.101596
0.102402
0.103277
0.104163
0.105
0.105722
0.106263
0.106554
0.106524
0.106102
0.105221
0.103813
0.101819
0.0991886
0.0958803
0.091867
0.087136
0.0816923
0.0755556
0.0687672
0.0613771
0.0534605
0.0450857
0.101456
0.101753
0.102317
0.103096
0.10403
0.105062
0.106133
0.107182
0.108141
0.108944
0.109517
0.109787
0.109678
0.109114
0.10802
0.106329
0.103977
0.100913
0.0970958
0.0925019
0.0871233
0.0809718
0.0740783
0.0664912
0.0582793
0.0495196
0.04031
0.102707
0.103038
0.103671
0.104549
0.105612
0.106802
0.10806
0.109324
0.110528
0.111601
0.11247
0.113057
0.113281
0.113061
0.112314
0.110962
0.108931
0.106158
0.102586
0.0981795
0.0929154
0.0867957
0.079837
0.0720851
0.063598
0.0544618
0.0447647
0.10391
0.104275
0.104976
0.105952
0.107144
0.108493
0.10994
0.111423
0.112876
0.114228
0.115403
0.116323
0.1169
0.11705
0.116681
0.115706
0.11404
0.111606
0.108332
0.10417
0.0990761
0.0930421
0.0860665
0.0781903
0.069456
0.0599592
0.0497725
0.105064
0.105463
0.10623
0.107305
0.108624
0.110132
0.111768
0.113473
0.115179
0.116816
0.118308
0.119574
0.120524
0.121068
0.121107
0.120548
0.11929
0.117246
0.114328
0.11047
0.10561
0.0997237
0.0927882
0.0848383
0.0758942
0.0660614
0.0553899
0.106169
0.106601
0.107434
0.108605
0.110052
0.111717
0.113542
0.115469
0.117431
0.119359
0.121176
0.1228
0.12414
0.125101
0.125578
0.125471
0.124667
0.123066
0.120562
0.117075
0.112517
0.10685
0.100022
0.0920595
0.0829538
0.0728203
0.0616769
0.107224
0.107688
0.108587
0.109853
0.111424
0.113245
0.115259
0.117408
0.119627
0.121849
0.123997
0.12599
0.127734
0.129134
0.130078
0.130458
0.130152
0.129048
0.12702
0.123974
0.119794
0.114426
0.107782
0.0998825
0.0906758
0.0802893
0.0686957
0.10823
0.108725
0.109687
0.111046
0.11274
0.114714
0.116915
0.119284
0.121761
0.124279
0.126763
0.129133
0.131295
0.133151
0.134587
0.13549
0.135725
0.135172
0.133685
0.131153
0.127433
0.122452
0.116082
0.108333
0.0991001
0.088525
0.076514
0.109185
0.10971
0.110735
0.112184
0.113998
0.116124
0.118507
0.121095
0.123828
0.126642
0.129464
0.132218
0.134808
0.137138
0.139089
0.140546
0.141364
0.141414
0.140533
0.138594
0.135421
0.130925
0.124931
0.117435
0.10827
0.0975925
0.0852186
0.110091
0.110646
0.11173
0.113267
0.115198
0.117471
0.120035
0.122838
0.125823
0.128933
0.132095
0.135235
0.138261
0.141078
0.143566
0.145606
0.147048
0.147754
0.147544
0.146277
0.143748
0.139844
0.134342
0.127223
0.118237
0.10757
0.0949169
0.110948
0.11153
0.112673
0.114295
0.116339
0.118756
0.121495
0.124509
0.127744
0.131146
0.134647
0.138175
0.141644
0.144958
0.148
0.150649
0.152752
0.154163
0.15469
0.154175
0.152387
0.149191
0.14431
0.137705
0.12903
0.118498
0.105644
0.111756
0.112365
0.113564
0.115267
0.11742
0.119975
0.122885
0.126105
0.129584
0.133273
0.137109
0.141025
0.144937
0.148754
0.152361
0.155639
0.15843
0.160586
0.161903
0.162209
0.161249
0.158861
0.154722
0.148758
0.140524
0.130227
0.117173
0.112516
0.113149
0.114401
0.11618
0.118437
0.121124
0.124197
0.127614
0.13133
0.135297
0.13946
0.143755
0.148104
0.152421
0.156594
0.160505
0.164
0.166922
0.169064
0.170238
0.17017
0.168667
0.165371
0.160152
0.152493
0.142526
0.129303
0.113229
0.113885
0.115187
0.117038
0.119394
0.122206
0.125434
0.129039
0.132981
0.137217
0.141697
0.146365
0.151146
0.155963
0.16071
0.165273
0.1695
0.173238
0.176276
0.178419
0.179381
0.178944
0.176718
0.172536
0.165809
0.156639
0.143826
)
;

boundaryField
{
    inlet
    {
        type            zeroGradient;
    }
    outlet
    {
        type            fixedValue;
        value           nonuniform 0();
    }
    cylinder
    {
        type            zeroGradient;
    }
    top
    {
        type            symmetryPlane;
    }
    bottom
    {
        type            symmetryPlane;
    }
    frontAndBack
    {
        type            empty;
    }
    procBoundary0to1
    {
        type            processor;
        value           nonuniform List<scalar> 
267
(
0.213778
0.221863
0.229815
0.23763
0.23763
0.249715
0.25759
0.265311
0.265311
0.278985
0.286726
0.294286
0.30166
0.30166
0.315867
0.323206
0.33033
0.337232
0.337232
0.352266
0.359037
0.365554
0.371813
0.377807
0.377807
0.39347
0.399198
0.404629
0.409759
0.414583
0.419095
0.423291
0.423291
0.438833
0.442568
0.445958
0.449
0.451691
0.454027
0.456007
0.457628
0.458889
0.459788
0.460325
0.460498
0.460308
0.459755
0.458839
0.457561
0.455922
0.453925
0.451571
0.448863
0.445802
0.442394
0.43864
0.434545
0.418976
0.418976
0.414453
0.409618
0.404477
0.399034
0.393294
0.387264
0.371769
0.371769
0.365506
0.358983
0.352208
0.345187
0.330439
0.330439
0.323317
0.31598
0.308435
0.294589
0.294589
0.287038
0.279309
0.271406
0.258117
0.258117
0.25026
0.242257
0.230569
0.230569
0.222646
0.214592
0.206413
0.134534
0.119566
0.107472
0.0957991
0.0850138
0.075434
0.0669655
0.0594569
0.0528078
0.0469422
0.0417871
0.0372722
0.0333324
0.029908
0.0269449
0.0243936
0.0222094
0.0203517
0.0187838
0.0174727
0.0163885
0.0155046
0.0147967
0.0142433
0.0138249
0.0135241
0.0133253
0.0132145
0.0131793
0.0132085
0.0132922
0.0134215
0.0135887
0.0137867
0.0140094
0.0142515
0.014508
0.014775
0.0150486
0.0153258
0.0156037
0.0158801
0.016153
0.0164205
0.0166814
0.0169343
0.0171784
0.017413
0.0176373
0.017851
0.0180538
0.0182456
0.0184261
0.0185956
0.018754
0.0189016
0.0190386
0.0191653
0.019282
0.0193891
0.0194869
0.0195758
0.0196563
0.0197288
0.0197937
0.0198514
0.0199022
0.0199466
0.0199848
0.0200172
0.020044
0.0200654
0.0200815
0.0200924
0.0200978
0.212391
0.212391
0.204981
0.197453
0.189808
0.182045
0.17416
0.18084
0.18084
0.173967
0.167036
0.159835
0.151976
0.145851
0.153722
0.160941
0.167896
0.174799
0.174799
0.167517
0.175464
0.183291
0.191002
0.198599
0.206081
0.206081
0.0185168
0.0185082
0.0184912
0.0184662
0.0184331
0.0183921
0.0183429
0.0182855
0.0182198
0.0181454
0.0180621
0.0179697
0.0178679
0.0177564
0.0176352
0.0175038
0.0173622
0.0172103
0.017048
0.0168753
0.0166924
0.0164995
0.0162968
0.0160849
0.0158642
0.0156356
0.0153999
0.0151582
0.0149117
0.014662
0.0144108
0.0141601
0.0139121
0.0136694
0.0134348
0.0132116
0.0130034
0.0128142
0.0126484
0.0125109
0.0124071
0.0123429
0.012325
0.0123605
0.0124572
0.0126238
0.0128698
0.0132055
0.0136423
0.0141927
0.0148704
0.0156904
0.0166694
0.0178255
0.0191788
0.0207515
0.022568
0.0246554
0.0270433
0.0297647
0.0328557
0.0363563
0.0363563
0.0307346
0.0346223
0.039048
0.0440737
0.0497668
0.0561973
0.06344
0.0715993
0.0808338
0.0912249
0.102407
0.113917
0.128444
)
;
    }
}


// ************************************************************************* //
