/*--------------------------------*- C++ -*----------------------------------*\
  =========                 |
  \\      /  F ield         | OpenFOAM: The Open Source CFD Toolbox
   \\    /   O peration     | Website:  https://openfoam.org
    \\  /    A nd           | Version:  7
     \\/     M anipulation  |
\*---------------------------------------------------------------------------*/
FoamFile
{
    version     2.0;
    format      ascii;
    class       labelList;
    note        "nPoints: 14878 nCells: 7158 nFaces: 28912 nInternalFaces: 14036";
    location    "constant/polyMesh";
    object      neighbour;
}
// * * * * * * * * * * * * * * * * * * * * * * * * * * * * * * * * * * * * * //


14036
(
1
29
7129
2
30
7130
3
31
7131
4
32
7132
5
33
7133
6
34
7134
7
35
7135
8
36
7136
9
37
7137
10
38
7138
11
39
7139
12
40
7140
13
41
7141
14
42
7142
15
43
7143
16
44
7144
17
45
7145
18
46
7146
19
47
7147
20
48
7148
21
49
7149
22
50
7150
23
51
7151
24
52
7152
25
53
7153
26
54
7154
27
55
7155
28
56
7156
57
7157
30
58
31
59
32
60
33
61
34
62
35
63
36
64
37
65
38
66
39
67
40
68
41
69
42
70
43
71
44
72
45
73
46
74
47
75
48
76
49
77
50
78
51
79
52
80
53
81
54
82
55
83
56
84
57
85
86
59
87
60
88
61
89
62
90
63
91
64
92
65
93
66
94
67
95
68
96
69
97
70
98
71
99
72
100
73
101
74
102
75
103
76
104
77
105
78
106
79
107
80
108
81
109
82
110
83
111
84
112
85
113
86
114
115
88
116
89
117
90
118
91
119
92
120
93
121
94
122
95
123
96
124
97
125
98
126
99
127
100
128
101
129
102
130
103
131
104
132
105
133
106
134
107
135
108
136
109
137
110
138
111
139
112
140
113
141
114
142
115
143
144
117
145
118
146
119
147
120
148
121
149
122
150
123
151
124
152
125
153
126
154
127
155
128
156
129
157
130
158
131
159
132
160
133
161
134
162
135
163
136
164
137
165
138
166
139
167
140
168
141
169
142
170
143
171
144
172
173
146
174
147
175
148
176
149
177
150
178
151
179
152
180
153
181
154
182
155
183
156
184
157
185
158
186
159
187
160
188
161
189
162
190
163
191
164
192
165
193
166
194
167
195
168
196
169
197
170
198
171
199
172
200
173
201
202
175
203
176
204
177
205
178
206
179
207
180
208
181
209
182
210
183
211
184
212
185
213
186
214
187
215
188
216
189
217
190
218
191
219
192
220
193
221
194
222
195
223
196
224
197
225
198
226
199
227
200
228
201
229
202
230
231
204
232
205
233
206
234
207
235
208
236
209
237
210
238
211
239
212
240
213
241
214
242
215
243
216
244
217
245
218
246
219
247
220
248
221
249
222
250
223
251
224
252
225
253
226
254
227
255
228
256
229
257
230
258
231
259
260
233
261
234
262
235
263
236
264
237
265
238
266
239
267
240
268
241
269
242
270
243
271
244
272
245
273
246
274
247
275
248
276
249
277
250
278
251
279
252
280
253
281
254
282
255
283
256
284
257
285
258
286
259
287
260
288
289
262
290
263
291
264
292
265
293
266
294
267
295
268
296
269
297
270
298
271
299
272
300
273
301
274
302
275
303
276
304
277
305
278
306
279
307
280
308
281
309
282
310
283
311
284
312
285
313
286
314
287
315
288
316
289
317
318
291
319
292
320
293
321
294
322
295
323
296
324
297
325
298
326
299
327
300
328
301
329
302
330
303
331
304
332
305
333
306
334
307
335
308
336
309
337
310
338
311
339
312
340
313
341
314
342
315
343
316
344
317
345
318
346
347
320
348
321
349
322
350
323
351
324
352
325
353
326
354
327
355
328
356
329
357
330
358
331
359
332
360
333
361
334
362
335
363
336
364
337
365
338
366
339
367
340
368
341
369
342
370
343
371
344
372
345
373
346
374
347
375
376
349
377
350
378
351
379
352
380
353
381
354
382
355
383
356
384
357
385
358
386
359
387
360
388
361
389
362
390
363
391
364
392
365
393
366
394
367
395
368
396
369
397
370
398
371
399
372
400
373
401
374
402
375
403
376
404
405
378
406
379
407
380
408
381
409
382
410
383
411
384
412
385
413
386
414
387
415
388
416
389
417
390
418
391
419
392
420
393
421
394
422
395
423
396
424
397
425
398
426
399
427
400
428
401
429
402
430
403
431
404
432
405
433
434
407
435
408
436
409
437
410
438
411
439
412
440
413
441
414
442
415
443
416
444
417
445
418
446
419
447
420
448
421
449
422
450
423
451
424
452
425
453
426
454
427
455
428
456
429
457
430
458
431
459
432
460
433
461
434
462
463
436
464
437
465
438
466
439
467
440
468
441
469
442
470
443
471
444
472
445
473
446
474
447
475
448
476
449
477
450
478
451
479
452
480
453
481
454
482
455
483
456
484
457
485
458
486
459
487
460
488
461
489
462
490
463
491
492
465
493
466
494
467
495
468
496
469
497
470
498
471
499
472
500
473
501
474
502
475
503
476
504
477
505
478
506
479
507
480
508
481
509
482
510
483
511
484
512
485
513
486
514
487
515
488
516
489
517
490
518
491
519
492
520
521
494
522
495
523
496
524
497
525
498
526
499
527
500
528
501
529
502
530
503
531
504
532
505
533
506
534
507
535
508
536
509
537
510
538
511
539
512
540
513
541
514
542
515
543
516
544
517
545
518
546
519
547
520
548
521
549
550
523
551
524
552
525
553
526
554
527
555
528
556
529
557
530
558
531
559
532
560
533
561
534
562
535
563
536
564
537
565
538
566
539
567
540
568
541
569
542
570
543
571
544
572
545
573
546
574
547
575
548
576
549
577
550
578
579
552
580
553
581
554
582
555
583
556
584
557
585
558
586
559
587
560
588
561
589
562
590
563
591
564
592
565
593
566
594
567
595
568
596
569
597
570
598
571
599
572
600
573
601
574
602
575
603
576
604
577
605
578
606
579
607
608
581
609
582
610
583
611
584
612
585
613
586
614
587
615
588
616
589
617
590
618
591
619
592
620
593
621
594
622
595
623
596
624
597
625
598
626
599
627
600
628
601
629
602
630
603
631
604
632
605
633
606
634
607
635
608
636
637
610
638
611
639
612
640
613
641
614
642
615
643
616
644
617
645
618
646
619
647
620
648
621
649
622
650
623
651
624
652
625
653
626
654
627
655
628
656
629
657
630
658
631
659
632
660
633
661
634
662
635
663
636
664
637
665
666
639
667
640
668
641
669
642
670
643
671
644
672
645
673
646
674
647
675
648
676
649
677
650
678
651
679
652
680
653
681
654
682
655
683
656
684
657
685
658
686
659
687
660
688
661
689
662
690
663
691
664
692
665
693
666
694
695
668
696
669
697
670
698
671
699
672
700
673
701
674
702
675
703
676
704
677
705
678
706
679
707
680
708
681
709
682
710
683
711
684
712
685
713
686
714
687
715
688
716
689
717
690
718
691
719
692
720
693
721
694
722
695
723
724
697
725
698
726
699
727
700
728
701
729
702
730
703
731
704
732
705
733
706
734
707
735
708
736
709
737
710
738
711
739
712
740
713
741
714
742
715
743
716
744
717
745
718
746
719
747
720
748
721
749
722
750
723
751
724
752
753
726
754
727
755
728
756
729
757
730
758
731
759
732
760
733
761
734
762
735
763
736
764
737
765
738
766
739
767
740
768
741
769
742
770
743
771
744
772
745
773
746
774
747
775
748
776
749
777
750
778
751
779
752
780
753
781
782
755
783
756
784
757
785
758
786
759
787
760
788
761
789
762
790
763
791
764
792
765
793
766
794
767
795
768
796
769
797
770
798
771
799
772
800
773
801
774
802
775
803
776
804
777
805
778
806
779
807
780
808
781
809
782
810
811
784
812
785
813
786
814
787
815
788
816
789
817
790
818
791
819
792
820
793
821
794
822
795
823
796
824
797
825
798
826
799
827
800
828
801
829
802
830
803
831
804
832
805
833
806
834
807
835
808
836
809
837
810
838
811
839
840
813
841
814
842
815
843
816
844
817
845
818
846
819
847
820
848
821
849
822
850
823
851
824
852
825
853
826
854
827
855
828
856
829
857
830
858
831
859
832
860
833
861
834
862
835
863
836
864
837
865
838
866
839
867
840
868
869
842
870
843
871
844
872
845
873
846
874
847
875
848
876
849
877
850
878
851
879
852
880
853
881
854
882
855
883
856
884
857
885
858
886
859
887
860
888
861
889
862
890
863
891
864
892
865
893
866
894
867
895
868
896
869
897
898
871
899
872
900
873
901
874
902
875
903
876
904
877
905
878
906
879
907
880
908
881
909
882
910
883
911
884
912
885
913
886
914
887
915
888
916
889
917
890
918
891
919
892
920
893
921
894
922
895
923
896
924
897
925
898
926
927
900
928
901
929
902
930
903
931
904
932
905
933
906
934
907
935
908
936
909
937
910
938
911
939
912
940
913
941
914
942
915
943
916
944
917
945
918
946
919
947
920
948
921
949
922
950
923
951
924
952
925
953
926
954
927
955
956
929
957
930
958
931
959
932
960
933
961
934
962
935
963
936
964
937
965
938
966
939
967
940
968
941
969
942
970
943
971
944
972
945
973
946
974
947
975
948
976
949
977
950
978
951
979
952
980
953
981
954
982
955
983
956
984
985
958
986
959
987
960
988
961
989
962
990
963
991
964
992
965
993
966
994
967
995
968
996
969
997
970
998
971
999
972
1000
973
1001
974
1002
975
1003
976
1004
977
1005
978
1006
979
1007
980
1008
981
1009
982
1010
983
1011
984
1012
985
1013
1014
987
1015
988
1016
989
1017
990
1018
991
1019
992
1020
993
1021
994
1022
995
1023
996
1024
997
1025
998
1026
999
1027
1000
1028
1001
1029
1002
1030
1003
1031
1004
1032
1005
1033
1006
1034
1007
1035
1008
1036
1009
1037
1010
1038
1011
1039
1012
1040
1013
1041
1014
1042
1043
1016
1044
1017
1045
1018
1046
1019
1047
1020
1048
1021
1049
1022
1050
1023
1051
1024
1052
1025
1053
1026
1054
1027
1055
1028
1056
1029
1057
1030
1058
1031
1059
1032
1060
1033
1061
1034
1062
1035
1063
1036
1064
1037
1065
1038
1066
1039
1067
1040
1068
1041
1069
1042
1070
1043
1071
1072
1045
1073
1046
1074
1047
1075
1048
1076
1049
1077
1050
1078
1051
1079
1052
1080
1053
1081
1054
1082
1055
1083
1056
1084
1057
1085
1058
1086
1059
1087
1060
1088
1061
1089
1062
1090
1063
1091
1064
1092
1065
1093
1066
1094
1067
1095
1068
1096
1069
1097
1070
1098
1071
1099
1072
1100
1101
1074
1102
1075
1103
1076
1104
1077
1105
1078
1106
1079
1107
1080
1108
1081
1109
1082
1110
1083
1111
1084
1112
1085
1113
1086
1114
1087
1115
1088
1116
1089
1117
1090
1118
1091
1119
1092
1120
1093
1121
1094
1122
1095
1123
1096
1124
1097
1125
1098
1126
1099
1127
1100
1128
1101
1129
1130
1103
1131
1104
1132
1105
1133
1106
1134
1107
1135
1108
1136
1109
1137
1110
1138
1111
1139
1112
1140
1113
1141
1114
1142
1115
1143
1116
1144
1117
1145
1118
1146
1119
1147
1120
1148
1121
1149
1122
1150
1123
1151
1124
1152
1125
1153
1126
1154
1127
1155
1128
1156
1129
1157
1130
1158
1159
1132
1160
1133
1161
1134
1162
1135
1163
1136
1164
1137
1165
1138
1166
1139
1167
1140
1168
1141
1169
1142
1170
1143
1171
1144
1172
1145
1173
1146
1174
1147
1175
1148
1176
1149
1177
1150
1178
1151
1179
1152
1180
1153
1181
1154
1182
1155
1183
1156
1184
1157
1185
1158
1186
1159
1187
1188
1161
1189
1162
1190
1163
1191
1164
1192
1165
1193
1166
1194
1167
1195
1168
1196
1169
1197
1170
1198
1171
1199
1172
1200
1173
1201
1174
1202
1175
1203
1176
1204
1177
1205
1178
1206
1179
1207
1180
1208
1181
1209
1182
1210
1183
1211
1184
1212
1185
1213
1186
1214
1187
1215
1188
1216
1217
1190
1218
1191
1219
1192
1220
1193
1221
1194
1222
1195
1223
1196
1224
1197
1225
1198
1226
1199
1227
1200
1228
1201
1229
1202
1230
1203
1231
1204
1232
1205
1233
1206
1234
1207
1235
1208
1236
1209
1237
1210
1238
1211
1239
1212
1240
1213
1241
1214
1242
1215
1243
1216
1244
1217
1245
1246
1219
1247
1220
1248
1221
1249
1222
1250
1223
1251
1224
1252
1225
1253
1226
1254
1227
1255
1228
1256
1229
1257
1230
1258
1231
1259
1232
1260
1233
1261
1234
1262
1235
1263
1236
1264
1237
1265
1238
1266
1239
1267
1240
1268
1241
1269
1242
1270
1243
1271
1244
1272
1245
1273
1246
1274
1275
1248
1276
1249
1277
1250
1278
1251
1279
1252
1280
1253
1281
1254
1282
1255
1283
1256
1284
1257
1285
1258
1286
1259
1287
1260
1288
1261
1289
1262
1290
1263
1291
1264
1292
1265
1293
1266
1294
1267
1295
1268
1296
1269
1297
1270
1298
1271
1299
1272
1300
1273
1301
1274
1302
1275
1303
1304
1277
1305
1278
1306
1279
1307
1280
1308
1281
1309
1282
1310
1283
1311
1284
1312
1285
1313
1286
1314
1287
1315
1288
1316
1289
1317
1290
1318
1291
1319
1292
1320
1293
1321
1294
1322
1295
1323
1296
1324
1297
1325
1298
1326
1299
1327
1300
1328
1301
1329
1302
1330
1303
1331
1304
1332
1333
1306
1334
1307
1335
1308
1336
1309
1337
1310
1338
1311
1339
1312
1340
1313
1341
1314
1342
1315
1343
1316
1344
1317
1345
1318
1346
1319
1347
1320
1348
1321
1349
1322
1350
1323
1351
1324
1352
1325
1353
1326
1354
1327
1355
1328
1356
1329
1357
1330
1358
1331
1359
1332
1360
1333
1361
1362
1335
1363
1336
1364
1337
1365
1338
1366
1339
1367
1340
1368
1341
1369
1342
1370
1343
1371
1344
1372
1345
1373
1346
1374
1347
1375
1348
1376
1349
1377
1350
1378
1351
1379
1352
1380
1353
1381
1354
1382
1355
1383
1356
1384
1357
1385
1358
1386
1359
1387
1360
1388
1361
1389
1362
1390
1391
1364
1392
1365
1393
1366
1394
1367
1395
1368
1396
1369
1397
1370
1398
1371
1399
1372
1400
1373
1401
1374
1402
1375
1403
1376
1404
1377
1405
1378
1406
1379
1407
1380
1408
1381
1409
1382
1410
1383
1411
1384
1412
1385
1413
1386
1414
1387
1415
1388
1416
1389
1417
1390
1418
1391
1419
1420
1393
1421
1394
1422
1395
1423
1396
1424
1397
1425
1398
1426
1399
1427
1400
1428
1401
1429
1402
1430
1403
1431
1404
1432
1405
1433
1406
1434
1407
1435
1408
1436
1409
1437
1410
1438
1411
1439
1412
1440
1413
1441
1414
1442
1415
1443
1416
1444
1417
1445
1418
1446
1419
1447
1420
1448
1449
1422
1423
1450
1424
1451
1425
1452
1426
1453
1427
1454
1428
1455
1429
1456
1430
1457
1431
1458
1432
1459
1433
1460
1434
1461
1435
1462
1436
1463
1437
1464
1438
1465
1439
1466
1440
1467
1441
1468
1442
1469
1443
1470
1444
1471
1445
1472
1446
1473
1447
1474
1448
1475
1449
1476
1477
1451
1478
1452
1479
1453
1480
1454
1481
1455
1482
1456
1483
1457
1484
1458
1485
1459
1486
1460
1487
1461
1488
1462
1489
1463
1490
1464
1491
1465
1492
1466
1493
1467
1494
1468
1495
1469
1496
1470
1497
1471
1498
1472
1499
1473
1500
1474
1501
1475
1502
1476
1503
1477
1504
1505
1479
1506
1480
1507
1481
1508
1482
1509
1483
1510
1484
1511
1485
1512
1486
1513
1487
1514
1488
1515
1489
1516
1490
1517
1491
1518
1492
1519
1493
1520
1494
1521
1495
1522
1496
1523
1497
1524
1498
1525
1499
1526
1500
1527
1501
1528
1502
1529
1503
1530
1504
1531
1505
1532
1533
1507
1534
1508
1535
1509
1536
1510
1537
1511
1538
1512
1539
1513
1540
1514
1541
1515
1542
1516
1543
1517
1544
1518
1545
1519
1546
1520
1547
1521
1548
1522
1549
1523
1550
1524
1551
1525
1552
1526
1553
1527
1554
1528
1555
1529
1556
1530
1557
1531
1558
1532
1559
1533
1560
1561
1535
1562
1536
1563
1537
1564
1538
1565
1539
1566
1540
1567
1541
1568
1542
1569
1543
1570
1544
1571
1545
1572
1546
1573
1547
1574
1548
1575
1549
1576
1550
1577
1551
1578
1552
1579
1553
1580
1554
1581
1555
1582
1556
1583
1557
1584
1558
1585
1559
1586
1560
1587
1561
1588
1589
1563
1590
1564
1591
1565
1592
1566
1593
1567
1594
1568
1595
1569
1596
1570
1597
1571
1598
1572
1599
1573
1600
1574
1601
1575
1602
1576
1603
1577
1604
1578
1605
1579
1606
1580
1607
1581
1608
1582
1609
1583
1610
1584
1611
1585
1612
1586
1613
1587
1614
1588
1615
1589
1616
1617
1591
1618
1592
1619
1593
1620
1594
1621
1595
1622
1596
1623
1597
1624
1598
1625
1599
1626
1600
1627
1601
1628
1602
1629
1603
1630
1604
1631
1605
1632
1606
1633
1607
1634
1608
1635
1609
1636
1610
1637
1611
1638
1612
1639
1613
1640
1614
1641
1615
1642
1616
1643
1617
1644
1645
1619
1646
1620
1647
1621
1648
1622
1649
1623
1650
1624
1651
1625
1652
1626
1653
1627
1654
1628
1655
1629
1656
1630
1657
1631
1658
1632
1659
1633
1660
1634
1661
1635
1662
1636
1663
1637
1664
1638
1665
1639
1666
1640
1667
1641
1668
1642
1669
1643
1670
1644
1671
1645
1672
1673
1647
1674
1648
1675
1649
1676
1650
1677
1651
1678
1652
1679
1653
1680
1654
1681
1655
1682
1656
1683
1657
1684
1658
1685
1659
1686
1660
1687
1661
1688
1662
1689
1663
1690
1664
1691
1665
1692
1666
1693
1667
1694
1668
1695
1669
1696
1670
1697
1671
1698
1672
1699
1673
1700
1701
1675
1702
1676
1703
1677
1704
1678
1705
1679
1706
1680
1707
1681
1708
1682
1709
1683
1710
1684
1711
1685
1712
1686
1713
1687
1714
1688
1715
1689
1716
1690
1717
1691
1718
1692
1719
1693
1720
1694
1721
1695
1722
1696
1723
1697
1724
1698
1725
1699
1726
1700
1727
1701
1728
1729
1703
1730
1704
1731
1705
1732
1706
1733
1707
1734
1708
1735
1709
1736
1710
1737
1711
1738
1712
1739
1713
1740
1714
1741
1715
1742
1716
1743
1717
1744
1718
1745
1719
1746
1720
1747
1721
1748
1722
1749
1723
1750
1724
1751
1725
1752
1726
1753
1727
1754
1728
1755
1729
1756
1757
1731
1758
1732
1759
1733
1760
1734
1761
1735
1762
1736
1763
1737
1764
1738
1765
1739
1766
1740
1767
1741
1768
1742
1769
1743
1770
1744
1771
1745
1772
1746
1773
1747
1774
1748
1775
1749
1776
1750
1777
1751
1778
1752
1779
1753
1780
1754
1781
1755
1782
1756
1783
1757
1784
1785
1759
1786
1760
1787
1761
1788
1762
1789
1763
1790
1764
1791
1765
1792
1766
1793
1767
1794
1768
1795
1769
1796
1770
1797
1771
1798
1772
1799
1773
1800
1774
1801
1775
1802
1776
1803
1777
1804
1778
1805
1779
1806
1780
1807
1781
1808
1782
1809
1783
1810
1784
1811
1785
1812
1813
1787
1814
1788
1815
1789
1816
1790
1817
1791
1818
1792
1819
1793
1820
1794
1821
1795
1822
1796
1823
1797
1824
1798
1825
1799
1826
1800
1827
1801
1828
1802
1829
1803
1830
1804
1831
1805
1832
1806
1833
1807
1834
1808
1835
1809
1836
1810
1837
1811
1838
1812
1839
1813
1840
1841
1815
1842
1816
1843
1817
1844
1818
1845
1819
1846
1820
1847
1821
1848
1822
1849
1823
1850
1824
1851
1825
1852
1826
1853
1827
1854
1828
1855
1829
1856
1830
1857
1831
1858
1832
1859
1833
1860
1834
1861
1835
1862
1836
1863
1837
1864
1838
1865
1839
1866
1840
1867
1841
1868
1869
1843
1870
1844
1871
1845
1872
1846
1873
1847
1874
1848
1875
1849
1876
1850
1877
1851
1878
1852
1879
1853
1880
1854
1881
1855
1882
1856
1883
1857
1884
1858
1885
1859
1886
1860
1887
1861
1888
1862
1889
1863
1890
1864
1891
1865
1892
1866
1893
1867
1894
1868
1895
1869
1896
1897
1871
1898
1872
1899
1873
1900
1874
1901
1875
1902
1876
1903
1877
1904
1878
1905
1879
1906
1880
1907
1881
1908
1882
1909
1883
1910
1884
1911
1885
1912
1886
1913
1887
1914
1888
1915
1889
1916
1890
1917
1891
1918
1892
1919
1893
1920
1894
1921
1895
1922
1896
1923
1897
1924
1925
1899
1926
1900
1927
1901
1928
1902
1929
1903
1930
1904
1931
1905
1932
1906
1933
1907
1934
1908
1935
1909
1936
1910
1937
1911
1938
1912
1939
1913
1940
1914
1941
1915
1942
1916
1943
1917
1944
1918
1945
1919
1946
1920
1947
1921
1948
1922
1949
1923
1950
1924
1951
1925
1952
1953
1927
1954
1928
1955
1929
1956
1930
1957
1931
1958
1932
1959
1933
1960
1934
1961
1935
1962
1936
1963
1937
1964
1938
1965
1939
1966
1940
1967
1941
1968
1942
1969
1943
1970
1944
1971
1945
1972
1946
1973
1947
1974
1948
1975
1949
1976
1950
1977
1951
1978
1952
1979
1953
1980
1981
1955
1982
1956
1983
1957
1984
1958
1985
1959
1986
1960
1987
1961
1988
1962
1989
1963
1990
1964
1991
1965
1992
1966
1993
1967
1994
1968
1995
1969
1996
1970
1997
1971
1998
1972
1999
1973
2000
1974
2001
1975
2002
1976
2003
1977
2004
1978
2005
1979
2006
1980
2007
1981
2008
2009
1983
2010
1984
2011
1985
2012
1986
2013
1987
2014
1988
2015
1989
2016
1990
2017
1991
2018
1992
2019
1993
2020
1994
2021
1995
2022
1996
2023
1997
2024
1998
2025
1999
2026
2000
2027
2001
2028
2002
2029
2003
2030
2004
2031
2005
2032
2006
2033
2007
2034
2008
2035
2009
2036
2037
2011
2038
2012
2039
2013
2040
2014
2041
2015
2042
2016
2043
2017
2044
2018
2045
2019
2046
2020
2047
2021
2048
2022
2049
2023
2050
2024
2051
2025
2052
2026
2053
2027
2054
2028
2055
2029
2056
2030
2057
2031
2058
2032
2059
2033
2060
2034
2061
2035
2062
2036
2063
2037
2064
2065
2039
2066
2040
2067
2041
2068
2042
2069
2043
2070
2044
2071
2045
2072
2046
2073
2047
2074
2048
2075
2049
2076
2050
2077
2051
2078
2052
2079
2053
2080
2054
2081
2055
2082
2056
2083
2057
2084
2058
2085
2059
2086
2060
2087
2061
2088
2062
2089
2063
2090
2064
2091
2065
2092
2093
2067
2094
2068
2095
2069
2096
2070
2097
2071
2098
2072
2099
2073
2100
2074
2101
2075
2102
2076
2103
2077
2104
2078
2105
2079
2106
2080
2107
2081
2108
2082
2109
2083
2110
2084
2111
2085
2112
2086
2113
2087
2114
2088
2115
2089
2116
2090
2117
2091
2118
2092
2119
2093
2120
2121
2095
2122
2096
2123
2097
2124
2098
2125
2099
2126
2100
2127
2101
2128
2102
2129
2103
2130
2104
2131
2105
2132
2106
2133
2107
2134
2108
2135
2109
2136
2110
2137
2111
2138
2112
2139
2113
2140
2114
2141
2115
2142
2116
2143
2117
2144
2118
2145
2119
2146
2120
2147
2121
2148
2149
2123
2150
2124
2151
2125
2152
2126
2153
2127
2154
2128
2155
2129
2156
2130
2157
2131
2158
2132
2159
2133
2160
2134
2161
2135
2162
2136
2163
2137
2164
2138
2165
2139
2166
2140
2167
2141
2168
2142
2169
2143
2170
2144
2171
2145
2172
2146
2173
2147
2174
2148
2175
2149
2176
2177
2151
2178
2152
2179
2153
2180
2154
2181
2155
2182
2156
2183
2157
2184
2158
2185
2159
2186
2160
2187
2161
2188
2162
2189
2163
2190
2164
2191
2165
2192
2166
2193
2167
2194
2168
2195
2169
2196
2170
2197
2171
2198
2172
2199
2173
2200
2174
2201
2175
2202
2176
2203
2177
2204
2205
2179
2206
2180
2207
2181
2208
2182
2209
2183
2210
2184
2211
2185
2212
2186
2213
2187
2214
2188
2215
2189
2216
2190
2217
2191
2218
2192
2219
2193
2220
2194
2221
2195
2222
2196
2223
2197
2224
2198
2225
2199
2226
2200
2227
2201
2228
2202
2229
2203
2230
2204
2231
2205
2232
2233
2207
2234
2208
2235
2209
2236
2210
2237
2211
2238
2212
2239
2213
2240
2214
2241
2215
2242
2216
2243
2217
2244
2218
2245
2219
2246
2220
2247
2221
2248
2222
2249
2223
2250
2224
2251
2225
2252
2226
2253
2227
2254
2228
2255
2229
2256
2230
2257
2231
2258
2232
2259
2233
2260
2261
2235
2262
2236
2263
2237
2264
2238
2265
2239
2266
2240
2267
2241
2268
2242
2269
2243
2270
2244
2271
2245
2272
2246
2273
2247
2274
2248
2275
2249
2276
2250
2277
2251
2278
2252
2279
2253
2280
2254
2281
2255
2282
2256
2283
2257
2284
2258
2285
2259
2286
2260
2287
2261
2288
2289
2263
2290
2264
2291
2265
2292
2266
2293
2267
2294
2268
2295
2269
2296
2270
2297
2271
2298
2272
2299
2273
2300
2274
2301
2275
2302
2276
2303
2277
2304
2278
2305
2279
2306
2280
2307
2281
2308
2282
2309
2283
2310
2284
2311
2285
2312
2286
2313
2287
2314
2288
2315
2289
2316
2317
2291
2318
2292
2319
2293
2320
2294
2321
2295
2322
2296
2323
2297
2324
2298
2325
2299
2326
2300
2327
2301
2328
2302
2329
2303
2330
2304
2331
2305
2332
2306
2333
2307
2334
2308
2335
2309
2336
2310
2337
2311
2338
2312
2339
2313
2340
2314
2341
2315
2342
2316
2343
2317
2344
2345
2319
2346
2320
2347
2321
2348
2322
2349
2323
2350
2324
2351
2325
2352
2326
2353
2327
2354
2328
2355
2329
2356
2330
2357
2331
2358
2332
2359
2333
2360
2334
2361
2335
2362
2336
2363
2337
2364
2338
2365
2339
2366
2340
2367
2341
2368
2342
2369
2343
2370
2344
2371
2345
2372
2373
2347
2374
2348
2375
2349
2376
2350
2377
2351
2378
2352
2379
2353
2380
2354
2381
2355
2382
2356
2383
2357
2384
2358
2385
2359
2386
2360
2387
2361
2388
2362
2389
2363
2390
2364
2391
2365
2392
2366
2393
2367
2394
2368
2395
2369
2396
2370
2397
2371
2398
2372
2399
2373
2400
2401
2375
2402
2376
2403
2377
2404
2378
2405
2379
2406
2380
2407
2381
2408
2382
2409
2383
2410
2384
2411
2385
2412
2386
2413
2387
2414
2388
2415
2389
2416
2390
2417
2391
2418
2392
2419
2393
2420
2394
2421
2395
2422
2396
2423
2397
2424
2398
2425
2399
2426
2400
2427
2401
2428
2429
2403
2430
2404
2431
2405
2432
2406
2433
2407
2434
2408
2435
2409
2436
2410
2437
2411
2438
2412
2439
2413
2440
2414
2441
2415
2442
2416
2443
2417
2444
2418
2445
2419
2446
2420
2447
2421
2448
2422
2449
2423
2450
2424
2451
2425
2452
2426
2453
2427
2454
2428
2455
2429
2456
2457
2431
2458
2432
2459
2433
2460
2434
2461
2435
2462
2436
2463
2437
2464
2438
2465
2439
2466
2440
2467
2441
2468
2442
2469
2443
2470
2444
2471
2445
2472
2446
2473
2447
2474
2448
2475
2449
2476
2450
2477
2451
2478
2452
2479
2453
2480
2454
2481
2455
2482
2456
2483
2457
2484
2485
2459
2486
2460
2487
2461
2488
2462
2489
2463
2490
2464
2491
2465
2492
2466
2493
2467
2494
2468
2495
2469
2496
2470
2497
2471
2498
2472
2499
2473
2500
2474
2501
2475
2502
2476
2503
2477
2504
2478
2505
2479
2506
2480
2507
2481
2508
2482
2509
2483
2510
2484
2511
2485
2512
2513
2487
2514
2488
2515
2489
2516
2490
2517
2491
2518
2492
2519
2493
2520
2494
2521
2495
2522
2496
2523
2497
2524
2498
2525
2499
2526
2500
2527
2501
2528
2502
2529
2503
2530
2504
2531
2505
2532
2506
2533
2507
2534
2508
2535
2509
2536
2510
2537
2511
2538
2512
2539
2513
2540
2541
2515
2542
2516
2543
2517
2544
2518
2545
2519
2546
2520
2547
2521
2548
2522
2549
2523
2550
2524
2551
2525
2552
2526
2553
2527
2554
2528
2555
2529
2556
2530
2557
2531
2558
2532
2559
2533
2560
2534
2561
2535
2562
2536
2563
2537
2564
2538
2565
2539
2566
2540
2567
2541
2568
2569
2543
2570
2544
2571
2545
2572
2546
2573
2547
2574
2548
2575
2549
2576
2550
2577
2551
2578
2552
2579
2553
2580
2554
2581
2555
2582
2556
2583
2557
2584
2558
2585
2559
2586
2560
2587
2561
2588
2562
2589
2563
2590
2564
2591
2565
2592
2566
2593
2567
2594
2568
2595
2569
2596
2597
2571
2598
2572
2599
2573
2600
2574
2601
2575
2602
2576
2603
2577
2604
2578
2605
2579
2606
2580
2607
2581
2608
2582
2609
2583
2610
2584
2611
2585
2612
2586
2613
2587
2614
2588
2615
2589
2616
2590
2617
2591
2618
2592
2619
2593
2620
2594
2621
2595
2622
2596
2623
2597
2624
2625
2599
2626
2600
2627
2601
2628
2602
2629
2603
2630
2604
2631
2605
2632
2606
2633
2607
2634
2608
2635
2609
2636
2610
2637
2611
2638
2612
2639
2613
2640
2614
2641
2615
2642
2616
2643
2617
2644
2618
2645
2619
2646
2620
2647
2621
2648
2622
2649
2623
2650
2624
2651
2625
2652
2653
2627
2654
2628
2655
2629
2656
2630
2657
2631
2658
2632
2659
2633
2660
2634
2661
2635
2662
2636
2663
2637
2664
2638
2665
2639
2666
2640
2667
2641
2668
2642
2669
2643
2670
2644
2671
2645
2672
2646
2673
2647
2674
2648
2675
2649
2676
2650
2677
2651
2678
2652
2679
2653
2680
2681
2655
2682
2656
2683
2657
2684
2658
2685
2659
2686
2660
2687
2661
2688
2662
2689
2663
2690
2664
2691
2665
2692
2666
2693
2667
2694
2668
2695
2669
2696
2670
2697
2671
2698
2672
2699
2673
2700
2674
2701
2675
2702
2676
2703
2677
2704
2678
2705
2679
2706
2680
2707
2681
2708
2709
2683
2710
2684
2711
2685
2712
2686
2713
2687
2714
2688
2715
2689
2716
2690
2717
2691
2718
2692
2719
2693
2720
2694
2721
2695
2722
2696
2723
2697
2724
2698
2725
2699
2726
2700
2727
2701
2728
2702
2729
2703
2730
2704
2731
2705
2732
2706
2733
2707
2734
2708
2735
2709
2736
2737
2711
2738
2712
2739
2713
2740
2714
2741
2715
2742
2716
2743
2717
2744
2718
2745
2719
2746
2720
2747
2721
2748
2722
2749
2723
2750
2724
2751
2725
2752
2726
2753
2727
2754
2728
2755
2729
2756
2730
2757
2731
2758
2732
2759
2733
2760
2734
2761
2735
2762
2736
2763
2737
2764
2765
2739
2766
2740
2767
2741
2768
2742
2769
2743
2770
2744
2771
2745
2772
2746
2773
2747
2774
2748
2775
2749
2776
2750
2777
2751
2778
2752
2779
2753
2780
2754
2781
2755
2782
2756
2783
2757
2784
2758
2785
2759
2786
2760
2787
2761
2788
2762
2789
2763
2790
2764
2791
2765
2792
2793
2767
2794
2768
2795
2769
2796
2770
2797
2771
2798
2772
2799
2773
2800
2774
2801
2775
2802
2776
2803
2777
2804
2778
2805
2779
2806
2780
2807
2781
2808
2782
2809
2783
2810
2784
2811
2785
2812
2786
2813
2787
2814
2788
2815
2789
2816
2790
2817
2791
2818
2792
2819
2793
2820
2821
2795
2822
2796
2823
2797
2824
2798
2825
2799
2826
2800
2827
2801
2828
2802
2829
2803
2830
2804
2831
2805
2832
2806
2833
2807
2834
2808
2835
2809
2836
2810
2837
2811
2838
2812
2839
2813
2840
2814
2841
2815
2842
2816
2843
2817
2844
2818
2845
2819
2846
2820
2847
2821
2848
2849
2823
2850
2824
2851
2825
2852
2826
2853
2827
2854
2828
2855
2829
2856
2830
2857
2831
2858
2832
2859
2833
2860
2834
2861
2835
2862
2836
2863
2837
2864
2838
2865
2839
2866
2840
2867
2841
2868
2842
2869
2843
2870
2844
2871
2845
2872
2846
2873
2847
2874
2848
2875
2849
2876
2877
2851
2878
2852
2879
2853
2880
2854
2881
2855
2882
2856
2883
2857
2884
2858
2885
2859
2886
2860
2887
2861
2888
2862
2889
2863
2890
2864
2891
2865
2892
2866
2893
2867
2894
2868
2895
2869
2896
2870
2897
2871
2898
2872
2899
2873
2900
2874
2901
2875
2902
2876
2903
2877
2904
2905
2879
2906
2880
2907
2881
2908
2882
2909
2883
2910
2884
2911
2885
2912
2886
2913
2887
2914
2888
2915
2889
2916
2890
2917
2891
2918
2892
2919
2893
2920
2894
2921
2895
2922
2896
2923
2897
2924
2898
2925
2899
2926
2900
2927
2901
2928
2902
2929
2903
2930
2904
2931
2905
2932
2933
2907
2934
2908
2935
2909
2936
2910
2937
2911
2938
2912
2939
2913
2940
2914
2941
2915
2942
2916
2943
2917
2944
2918
2945
2919
2946
2920
2947
2921
2948
2922
2949
2923
2950
2924
2951
2925
2952
2926
2953
2927
2954
2928
2955
2929
2956
2930
2957
2931
2958
2932
2959
2933
2960
2961
2935
2962
2936
2963
2937
2964
2938
2965
2939
2966
2940
2967
2941
2968
2942
2969
2943
2970
2944
2971
2945
2972
2946
2973
2947
2974
2948
2975
2949
2976
2950
2977
2951
2978
2952
2979
2953
2980
2954
2981
2955
2982
2956
2983
2957
2984
2958
2985
2959
2986
2960
2987
2961
2988
2989
2963
2990
2964
2991
2965
2992
2966
2993
2967
2994
2968
2995
2969
2996
2970
2997
2971
2998
2972
2999
2973
3000
2974
3001
2975
3002
2976
3003
2977
3004
2978
3005
2979
3006
2980
3007
2981
3008
2982
3009
2983
3010
2984
3011
2985
3012
2986
3013
2987
3014
2988
3015
2989
3016
3017
2991
3018
2992
3019
2993
3020
2994
3021
2995
3022
2996
3023
2997
3024
2998
3025
2999
3026
3000
3027
3001
3028
3002
3029
3003
3030
3004
3031
3005
3032
3006
3033
3007
3034
3008
3035
3009
3036
3010
3037
3011
3038
3012
3039
3013
3040
3014
3041
3015
3042
3016
3043
3017
3044
3045
3019
3046
3020
3047
3021
3048
3022
3049
3023
3050
3024
3051
3025
3052
3026
3053
3027
3054
3028
3055
3029
3056
3030
3057
3031
3058
3032
3059
3033
3060
3034
3061
3035
3062
3036
3063
3037
3064
3038
3065
3039
3066
3040
3067
3041
3068
3042
3069
3043
3070
3044
3071
3045
3072
3073
3047
3074
3048
3075
3049
3076
3050
3077
3051
3078
3052
3079
3053
3080
3054
3081
3055
3082
3056
3083
3057
3084
3058
3085
3059
3086
3060
3087
3061
3088
3062
3089
3063
3090
3064
3091
3065
3092
3066
3093
3067
3094
3068
3095
3069
3096
3070
3097
3071
3098
3072
3099
3073
3100
3101
3075
3102
3076
3103
3077
3104
3078
3105
3079
3106
3080
3107
3081
3108
3082
3109
3083
3110
3084
3111
3085
3112
3086
3113
3087
3114
3088
3115
3089
3116
3090
3117
3091
3118
3092
3119
3093
3120
3094
3121
3095
3122
3096
3123
3097
3124
3098
3125
3099
3126
3100
3127
3101
3128
3129
3103
3130
3104
3131
3105
3132
3106
3133
3107
3134
3108
3135
3109
3136
3110
3137
3111
3138
3112
3139
3113
3140
3114
3141
3115
3142
3116
3143
3117
3144
3118
3145
3119
3146
3120
3147
3121
3148
3122
3149
3123
3150
3124
3151
3125
3152
3126
3153
3127
3154
3128
3155
3129
3156
3157
3131
3158
3132
3159
3133
3160
3134
3161
3135
3162
3136
3163
3137
3164
3138
3165
3139
3166
3140
3167
3141
3168
3142
3169
3143
3170
3144
3171
3145
3172
3146
3173
3147
3174
3148
3175
3149
3176
3150
3177
3151
3178
3152
3179
3153
3180
3154
3181
3155
3182
3156
3183
3157
3184
3185
3159
3186
3160
3187
3161
3188
3162
3189
3163
3190
3164
3191
3165
3192
3166
3193
3167
3194
3168
3195
3169
3196
3170
3197
3171
3198
3172
3199
3173
3200
3174
3201
3175
3202
3176
3203
3177
3204
3178
3205
3179
3206
3180
3207
3181
3208
3182
3209
3183
3210
3184
3211
3185
3212
3213
3187
3214
3188
3215
3189
3216
3190
3217
3191
3218
3192
3219
3193
3220
3194
3221
3195
3222
3196
3223
3197
3224
3198
3225
3199
3226
3200
3227
3201
3228
3202
3229
3203
3230
3204
3231
3205
3232
3206
3233
3207
3234
3208
3235
3209
3236
3210
3237
3211
3238
3212
3239
3213
3240
3241
3215
3242
3216
3243
3217
3244
3218
3245
3219
3246
3220
3247
3221
3248
3222
3249
3223
3250
3224
3251
3225
3252
3226
3253
3227
3254
3228
3255
3229
3256
3230
3257
3231
3258
3232
3259
3233
3260
3234
3261
3235
3262
3236
3263
3237
3264
3238
3265
3239
3266
3240
3267
3241
3268
3269
3243
3270
3244
3271
3245
3272
3246
3273
3247
3274
3248
3275
3249
3276
3250
3277
3251
3278
3252
3279
3253
3280
3254
3281
3255
3282
3256
3283
3257
3284
3258
3285
3259
3286
3260
3287
3261
3288
3262
3289
3263
3290
3264
3291
3265
3292
3266
3293
3267
3294
3268
3295
3269
3296
3297
3271
3298
3272
3299
3273
3300
3274
3301
3275
3302
3276
3303
3277
3304
3278
3305
3279
3306
3280
3307
3281
3308
3282
3309
3283
3310
3284
3311
3285
3312
3286
3313
3287
3314
3288
3315
3289
3316
3290
3317
3291
3318
3292
3319
3293
3320
3294
3321
3295
3322
3296
3323
3297
3324
3325
3299
3326
3300
3327
3301
3328
3302
3329
3303
3330
3304
3331
3305
3332
3306
3333
3307
3334
3308
3335
3309
3336
3310
3337
3311
3338
3312
3339
3313
3340
3314
3341
3315
3342
3316
3343
3317
3344
3318
3345
3319
3346
3320
3347
3321
3348
3322
3349
3323
3350
3324
3351
3325
3352
3353
3327
3354
3328
3355
3329
3356
3330
3357
3331
3358
3332
3359
3333
3360
3334
3361
3335
3362
3336
3363
3337
3364
3338
3365
3339
3366
3340
3367
3341
3368
3342
3369
3343
3370
3344
3371
3345
3372
3346
3373
3347
3374
3348
3375
3349
3376
3350
3377
3351
3378
3352
3379
3353
3380
3381
3355
3382
3356
3383
3357
3384
3358
3385
3359
3386
3360
3387
3361
3388
3362
3389
3363
3390
3364
3391
3365
3392
3366
3393
3367
3394
3368
3395
3369
3396
3370
3397
3371
3398
3372
3399
3373
3400
3374
3401
3375
3402
3376
3403
3377
3404
3378
3405
3379
3406
3380
3407
3381
3408
3409
3383
3410
3384
3411
3385
3412
3386
3413
3387
3414
3388
3415
3389
3416
3390
3417
3391
3418
3392
3419
3393
3420
3394
3421
3395
3422
3396
3423
3397
3424
3398
3425
3399
3426
3400
3427
3401
3428
3402
3429
3403
3430
3404
3431
3405
3432
3406
3433
3407
3434
3408
3435
3409
3436
3437
3411
3438
3412
3439
3413
3440
3414
3441
3415
3442
3416
3443
3417
3444
3418
3445
3419
3446
3420
3447
3421
3448
3422
3449
3423
3450
3424
3451
3425
3452
3426
3453
3427
3454
3428
3455
3429
3456
3430
3457
3431
3458
3432
3459
3433
3460
3434
3461
3435
3462
3436
3463
3437
3464
3465
3439
3466
3440
3467
3441
3468
3442
3469
3443
3470
3444
3471
3445
3472
3446
3473
3447
3474
3448
3475
3449
3476
3450
3477
3451
3478
3452
3479
3453
3480
3454
3481
3455
3482
3456
3483
3457
3484
3458
3485
3459
3486
3460
3487
3461
3488
3462
3489
3463
3490
3464
3491
3465
3492
3493
3467
3494
3468
3495
3469
3496
3470
3497
3471
3498
3472
3499
3473
3500
3474
3501
3475
3502
3476
3503
3477
3504
3478
3505
3479
3506
3480
3507
3481
3508
3482
3509
3483
3510
3484
3511
3485
3512
3486
3513
3487
3514
3488
3515
3489
3516
3490
3517
3491
3518
3492
3519
3493
3520
3521
3495
3522
3496
3523
3497
3524
3498
3525
3499
3526
3500
3527
3501
3528
3502
3529
3503
3530
3504
3531
3505
3532
3506
3533
3507
3534
3508
3535
3509
3536
3510
3537
3511
3538
3512
3539
3513
3540
3514
3541
3515
3542
3516
3543
3517
3544
3518
3545
3519
3546
3520
3547
3521
3548
3549
3523
3524
3525
3526
3527
3528
3529
3530
3531
3532
3533
3534
3535
3536
3537
3538
3539
3540
3541
3542
3543
3544
3545
3546
3547
3548
3549
3551
3579
3552
3580
3553
3581
3554
3582
3555
3583
3556
3584
3557
3585
3558
3586
3559
3587
3560
3588
3561
3589
3562
3590
3563
3591
3564
3592
3565
3593
3566
3594
3567
3595
3568
3596
3569
3597
3570
3598
3571
3599
3572
3600
3573
3601
3574
3602
3575
3603
3576
3604
3577
3605
3578
3606
3607
3580
3608
3581
3609
3582
3610
3583
3611
3584
3612
3585
3613
3586
3614
3587
3615
3588
3616
3589
3617
3590
3618
3591
3619
3592
3620
3593
3621
3594
3622
3595
3623
3596
3624
3597
3625
3598
3626
3599
3627
3600
3628
3601
3629
3602
3630
3603
3631
3604
3632
3605
3633
3606
3634
3607
3635
3636
3609
3637
3610
3638
3611
3639
3612
3640
3613
3641
3614
3642
3615
3643
3616
3644
3617
3645
3618
3646
3619
3647
3620
3648
3621
3649
3622
3650
3623
3651
3624
3652
3625
3653
3626
3654
3627
3655
3628
3656
3629
3657
3630
3658
3631
3659
3632
3660
3633
3661
3634
3662
3635
3663
3636
3664
3665
3638
3666
3639
3667
3640
3668
3641
3669
3642
3670
3643
3671
3644
3672
3645
3673
3646
3674
3647
3675
3648
3676
3649
3677
3650
3678
3651
3679
3652
3680
3653
3681
3654
3682
3655
3683
3656
3684
3657
3685
3658
3686
3659
3687
3660
3688
3661
3689
3662
3690
3663
3691
3664
3692
3665
3693
3694
3667
3695
3668
3696
3669
3697
3670
3698
3671
3699
3672
3700
3673
3701
3674
3702
3675
3703
3676
3704
3677
3705
3678
3706
3679
3707
3680
3708
3681
3709
3682
3710
3683
3711
3684
3712
3685
3713
3686
3714
3687
3715
3688
3716
3689
3717
3690
3718
3691
3719
3692
3720
3693
3721
3694
3722
3723
3696
3724
3697
3725
3698
3726
3699
3727
3700
3728
3701
3729
3702
3730
3703
3731
3704
3732
3705
3733
3706
3734
3707
3735
3708
3736
3709
3737
3710
3738
3711
3739
3712
3740
3713
3741
3714
3742
3715
3743
3716
3744
3717
3745
3718
3746
3719
3747
3720
3748
3721
3749
3722
3750
3723
3751
3752
3725
3753
3726
3754
3727
3755
3728
3756
3729
3757
3730
3758
3731
3759
3732
3760
3733
3761
3734
3762
3735
3763
3736
3764
3737
3765
3738
3766
3739
3767
3740
3768
3741
3769
3742
3770
3743
3771
3744
3772
3745
3773
3746
3774
3747
3775
3748
3776
3749
3777
3750
3778
3751
3779
3752
3780
3781
3754
3782
3755
3783
3756
3784
3757
3785
3758
3786
3759
3787
3760
3788
3761
3789
3762
3790
3763
3791
3764
3792
3765
3793
3766
3794
3767
3795
3768
3796
3769
3797
3770
3798
3771
3799
3772
3800
3773
3801
3774
3802
3775
3803
3776
3804
3777
3805
3778
3806
3779
3807
3780
3808
3781
3809
3810
3783
3811
3784
3812
3785
3813
3786
3814
3787
3815
3788
3816
3789
3817
3790
3818
3791
3819
3792
3820
3793
3821
3794
3822
3795
3823
3796
3824
3797
3825
3798
3826
3799
3827
3800
3828
3801
3829
3802
3830
3803
3831
3804
3832
3805
3833
3806
3834
3807
3835
3808
3836
3809
3837
3810
3838
3839
3812
3840
3813
3841
3814
3842
3815
3843
3816
3844
3817
3845
3818
3846
3819
3847
3820
3848
3821
3849
3822
3850
3823
3851
3824
3852
3825
3853
3826
3854
3827
3855
3828
3856
3829
3857
3830
3858
3831
3859
3832
3860
3833
3861
3834
3862
3835
3863
3836
3864
3837
3865
3838
3866
3839
3867
3868
3841
3869
3842
3870
3843
3871
3844
3872
3845
3873
3846
3874
3847
3875
3848
3876
3849
3877
3850
3878
3851
3879
3852
3880
3853
3881
3854
3882
3855
3883
3856
3884
3857
3885
3858
3886
3859
3887
3860
3888
3861
3889
3862
3890
3863
3891
3864
3892
3865
3893
3866
3894
3867
3895
3868
3896
3897
3870
3898
3871
3899
3872
3900
3873
3901
3874
3902
3875
3903
3876
3904
3877
3905
3878
3906
3879
3907
3880
3908
3881
3909
3882
3910
3883
3911
3884
3912
3885
3913
3886
3914
3887
3915
3888
3916
3889
3917
3890
3918
3891
3919
3892
3920
3893
3921
3894
3922
3895
3923
3896
3924
3897
3925
3926
3899
3927
3900
3928
3901
3929
3902
3930
3903
3931
3904
3932
3905
3933
3906
3934
3907
3935
3908
3936
3909
3937
3910
3938
3911
3939
3912
3940
3913
3941
3914
3942
3915
3943
3916
3944
3917
3945
3918
3946
3919
3947
3920
3948
3921
3949
3922
3950
3923
3951
3924
3952
3925
3953
3926
3954
3955
3928
3956
3929
3957
3930
3958
3931
3959
3932
3960
3933
3961
3934
3962
3935
3963
3936
3964
3937
3965
3938
3966
3939
3967
3940
3968
3941
3969
3942
3970
3943
3971
3944
3972
3945
3973
3946
3974
3947
3975
3948
3976
3949
3977
3950
3978
3951
3979
3952
3980
3953
3981
3954
3982
3955
3983
3984
3957
3985
3958
3986
3959
3987
3960
3988
3961
3989
3962
3990
3963
3991
3964
3992
3965
3993
3966
3994
3967
3995
3968
3996
3969
3997
3970
3998
3971
3999
3972
4000
3973
4001
3974
4002
3975
4003
3976
4004
3977
4005
3978
4006
3979
4007
3980
4008
3981
4009
3982
4010
3983
4011
3984
4012
4013
3986
4014
3987
4015
3988
4016
3989
4017
3990
4018
3991
4019
3992
4020
3993
4021
3994
4022
3995
4023
3996
4024
3997
4025
3998
4026
3999
4027
4000
4028
4001
4029
4002
4030
4003
4031
4004
4032
4005
4033
4006
4034
4007
4035
4008
4036
4009
4037
4010
4038
4011
4039
4012
4040
4013
4041
4042
4015
4043
4016
4044
4017
4045
4018
4046
4019
4047
4020
4048
4021
4049
4022
4050
4023
4051
4024
4052
4025
4053
4026
4054
4027
4055
4028
4056
4029
4057
4030
4058
4031
4059
4032
4060
4033
4061
4034
4062
4035
4063
4036
4064
4037
4065
4038
4066
4039
4067
4040
4068
4041
4069
4042
4070
4071
4044
4072
4045
4073
4046
4074
4047
4075
4048
4076
4049
4077
4050
4078
4051
4079
4052
4080
4053
4081
4054
4082
4055
4083
4056
4084
4057
4085
4058
4086
4059
4087
4060
4088
4061
4089
4062
4090
4063
4091
4064
4092
4065
4093
4066
4094
4067
4095
4068
4096
4069
4097
4070
4098
4071
4099
4100
4073
4101
4074
4102
4075
4103
4076
4104
4077
4105
4078
4106
4079
4107
4080
4108
4081
4109
4082
4110
4083
4111
4084
4112
4085
4113
4086
4114
4087
4115
4088
4116
4089
4117
4090
4118
4091
4119
4092
4120
4093
4121
4094
4122
4095
4123
4096
4124
4097
4125
4098
4126
4099
4127
4100
4128
4129
4102
4130
4103
4131
4104
4132
4105
4133
4106
4134
4107
4135
4108
4136
4109
4137
4110
4138
4111
4139
4112
4140
4113
4141
4114
4142
4115
4143
4116
4144
4117
4145
4118
4146
4119
4147
4120
4148
4121
4149
4122
4150
4123
4151
4124
4152
4125
4153
4126
4154
4127
4155
4128
4156
4129
4157
4158
4131
4159
4132
4160
4133
4161
4134
4162
4135
4163
4136
4164
4137
4165
4138
4166
4139
4167
4140
4168
4141
4169
4142
4170
4143
4171
4144
4172
4145
4173
4146
4174
4147
4175
4148
4176
4149
4177
4150
4178
4151
4179
4152
4180
4153
4181
4154
4182
4155
4183
4156
4184
4157
4185
4158
4186
4187
4160
4188
4161
4189
4162
4190
4163
4191
4164
4192
4165
4193
4166
4194
4167
4195
4168
4196
4169
4197
4170
4198
4171
4199
4172
4200
4173
4201
4174
4202
4175
4203
4176
4204
4177
4205
4178
4206
4179
4207
4180
4208
4181
4209
4182
4210
4183
4211
4184
4212
4185
4213
4186
4214
4187
4215
4216
4189
4217
4190
4218
4191
4219
4192
4220
4193
4221
4194
4222
4195
4223
4196
4224
4197
4225
4198
4226
4199
4227
4200
4228
4201
4229
4202
4230
4203
4231
4204
4232
4205
4233
4206
4234
4207
4235
4208
4236
4209
4237
4210
4238
4211
4239
4212
4240
4213
4241
4214
4242
4215
4243
4216
4244
4245
4218
4246
4219
4247
4220
4248
4221
4249
4222
4250
4223
4251
4224
4252
4225
4253
4226
4254
4227
4255
4228
4256
4229
4257
4230
4258
4231
4259
4232
4260
4233
4261
4234
4262
4235
4263
4236
4264
4237
4265
4238
4266
4239
4267
4240
4268
4241
4269
4242
4270
4243
4271
4244
4272
4245
4273
4274
4247
4275
4248
4276
4249
4277
4250
4278
4251
4279
4252
4280
4253
4281
4254
4282
4255
4283
4256
4284
4257
4285
4258
4286
4259
4287
4260
4288
4261
4289
4262
4290
4263
4291
4264
4292
4265
4293
4266
4294
4267
4295
4268
4296
4269
4297
4270
4298
4271
4299
4272
4300
4273
4301
4274
4302
4303
4276
4304
4277
4305
4278
4306
4279
4307
4280
4308
4281
4309
4282
4310
4283
4311
4284
4312
4285
4313
4286
4314
4287
4315
4288
4316
4289
4317
4290
4318
4291
4319
4292
4320
4293
4321
4294
4322
4295
4323
4296
4324
4297
4325
4298
4326
4299
4327
4300
4328
4301
4329
4302
4330
4303
4331
4332
4305
4333
4306
4334
4307
4335
4308
4336
4309
4337
4310
4338
4311
4339
4312
4340
4313
4341
4314
4342
4315
4343
4316
4344
4317
4345
4318
4346
4319
4347
4320
4348
4321
4349
4322
4350
4323
4351
4324
4352
4325
4353
4326
4354
4327
4355
4328
4356
4329
4357
4330
4358
4331
4359
4332
4360
4361
4334
4362
4335
4363
4336
4364
4337
4365
4338
4366
4339
4367
4340
4368
4341
4369
4342
4370
4343
4371
4344
4372
4345
4373
4346
4374
4347
4375
4348
4376
4349
4377
4350
4378
4351
4379
4352
4380
4353
4381
4354
4382
4355
4383
4356
4384
4357
4385
4358
4386
4359
4387
4360
4388
4361
4389
4390
4363
4391
4364
4392
4365
4393
4366
4394
4367
4395
4368
4396
4369
4397
4370
4398
4371
4399
4372
4400
4373
4401
4374
4402
4375
4403
4376
4404
4377
4405
4378
4406
4379
4407
4380
4408
4381
4409
4382
4410
4383
4411
4384
4412
4385
4413
4386
4414
4387
4415
4388
4416
4389
4417
4390
4418
4419
4392
4420
4393
4421
4394
4422
4395
4423
4396
4424
4397
4425
4398
4426
4399
4427
4400
4428
4401
4429
4402
4430
4403
4431
4404
4432
4405
4433
4406
4434
4407
4435
4408
4436
4409
4437
4410
4438
4411
4439
4412
4440
4413
4441
4414
4442
4415
4443
4416
4444
4417
4445
4418
4446
4419
4447
4448
4421
4449
4422
4450
4423
4451
4424
4452
4425
4453
4426
4454
4427
4455
4428
4456
4429
4457
4430
4458
4431
4459
4432
4460
4433
4461
4434
4462
4435
4463
4436
4464
4437
4465
4438
4466
4439
4467
4440
4468
4441
4469
4442
4470
4443
4471
4444
4472
4445
4473
4446
4474
4447
4475
4448
4476
4477
4450
4478
4451
4479
4452
4480
4453
4481
4454
4482
4455
4483
4456
4484
4457
4485
4458
4486
4459
4487
4460
4488
4461
4489
4462
4490
4463
4491
4464
4492
4465
4493
4466
4494
4467
4495
4468
4496
4469
4497
4470
4498
4471
4499
4472
4500
4473
4501
4474
4502
4475
4503
4476
4504
4477
4505
4506
4479
4507
4480
4508
4481
4509
4482
4510
4483
4511
4484
4512
4485
4513
4486
4514
4487
4515
4488
4516
4489
4517
4490
4518
4491
4519
4492
4520
4493
4521
4494
4522
4495
4523
4496
4524
4497
4525
4498
4526
4499
4527
4500
4528
4501
4529
4502
4530
4503
4531
4504
4532
4505
4533
4506
4534
4535
4508
4536
4509
4537
4510
4538
4511
4539
4512
4540
4513
4541
4514
4542
4515
4543
4516
4544
4517
4545
4518
4546
4519
4547
4520
4548
4521
4549
4522
4550
4523
4551
4524
4552
4525
4553
4526
4554
4527
4555
4528
4556
4529
4557
4530
4558
4531
4559
4532
4560
4533
4561
4534
4562
4535
4563
4564
4537
4565
4538
4566
4539
4567
4540
4568
4541
4569
4542
4570
4543
4571
4544
4572
4545
4573
4546
4574
4547
4575
4548
4576
4549
4577
4550
4578
4551
4579
4552
4580
4553
4581
4554
4582
4555
4583
4556
4584
4557
4585
4558
4586
4559
4587
4560
4588
4561
4589
4562
4590
4563
4591
4564
4592
4593
4566
4594
4567
4595
4568
4596
4569
4597
4570
4598
4571
4599
4572
4600
4573
4601
4574
4602
4575
4603
4576
4604
4577
4605
4578
4606
4579
4607
4580
4608
4581
4609
4582
4610
4583
4611
4584
4612
4585
4613
4586
4614
4587
4615
4588
4616
4589
4617
4590
4618
4591
4619
4592
4620
4593
4621
4622
4595
4623
4596
4624
4597
4625
4598
4626
4599
4627
4600
4628
4601
4629
4602
4630
4603
4631
4604
4632
4605
4633
4606
4634
4607
4635
4608
4636
4609
4637
4610
4638
4611
4639
4612
4640
4613
4641
4614
4642
4615
4643
4616
4644
4617
4645
4618
4646
4619
4647
4620
4648
4621
4649
4622
4650
4651
4624
4652
4625
4653
4626
4654
4627
4655
4628
4656
4629
4657
4630
4658
4631
4659
4632
4660
4633
4661
4634
4662
4635
4663
4636
4664
4637
4665
4638
4666
4639
4667
4640
4668
4641
4669
4642
4670
4643
4671
4644
4672
4645
4673
4646
4674
4647
4675
4648
4676
4649
4677
4650
4678
4651
4679
4680
4653
4681
4654
4682
4655
4683
4656
4684
4657
4685
4658
4686
4659
4687
4660
4688
4661
4689
4662
4690
4663
4691
4664
4692
4665
4693
4666
4694
4667
4695
4668
4696
4669
4697
4670
4698
4671
4699
4672
4700
4673
4701
4674
4702
4675
4703
4676
4704
4677
4705
4678
4706
4679
4707
4680
4708
4709
4682
4710
4683
4711
4684
4712
4685
4713
4686
4714
4687
4715
4688
4716
4689
4717
4690
4718
4691
4719
4692
4720
4693
4721
4694
4722
4695
4723
4696
4724
4697
4725
4698
4726
4699
4727
4700
4728
4701
4729
4702
4730
4703
4731
4704
4732
4705
4733
4706
4734
4707
4735
4708
4736
4709
4737
4738
4711
4739
4712
4740
4713
4741
4714
4742
4715
4743
4716
4744
4717
4745
4718
4746
4719
4747
4720
4748
4721
4749
4722
4750
4723
4751
4724
4752
4725
4753
4726
4754
4727
4755
4728
4756
4729
4757
4730
4758
4731
4759
4732
4760
4733
4761
4734
4762
4735
4763
4736
4764
4737
4765
4738
4766
4767
4740
4768
4741
4769
4742
4770
4743
4771
4744
4772
4745
4773
4746
4774
4747
4775
4748
4776
4749
4777
4750
4778
4751
4779
4752
4780
4753
4781
4754
4782
4755
4783
4756
4784
4757
4785
4758
4786
4759
4787
4760
4788
4761
4789
4762
4790
4763
4791
4764
4792
4765
4793
4766
4794
4767
4795
4796
4769
4797
4770
4798
4771
4799
4772
4800
4773
4801
4774
4802
4775
4803
4776
4804
4777
4805
4778
4806
4779
4807
4780
4808
4781
4809
4782
4810
4783
4811
4784
4812
4785
4813
4786
4814
4787
4815
4788
4816
4789
4817
4790
4818
4791
4819
4792
4820
4793
4821
4794
4822
4795
4823
4796
4824
4825
4798
4826
4799
4827
4800
4828
4801
4829
4802
4830
4803
4831
4804
4832
4805
4833
4806
4834
4807
4835
4808
4836
4809
4837
4810
4838
4811
4839
4812
4840
4813
4841
4814
4842
4815
4843
4816
4844
4817
4845
4818
4846
4819
4847
4820
4848
4821
4849
4822
4850
4823
4851
4824
4852
4825
4853
4854
4827
4855
4828
4856
4829
4857
4830
4858
4831
4859
4832
4860
4833
4861
4834
4862
4835
4863
4836
4864
4837
4865
4838
4866
4839
4867
4840
4868
4841
4869
4842
4870
4843
4871
4844
4872
4845
4873
4846
4874
4847
4875
4848
4876
4849
4877
4850
4878
4851
4879
4852
4880
4853
4881
4854
4882
4883
4856
4884
4857
4885
4858
4886
4859
4887
4860
4888
4861
4889
4862
4890
4863
4891
4864
4892
4865
4893
4866
4894
4867
4895
4868
4896
4869
4897
4870
4898
4871
4899
4872
4900
4873
4901
4874
4902
4875
4903
4876
4904
4877
4905
4878
4906
4879
4907
4880
4908
4881
4909
4882
4910
4883
4911
4912
4885
4913
4886
4914
4887
4915
4888
4916
4889
4917
4890
4918
4891
4919
4892
4920
4893
4921
4894
4922
4895
4923
4896
4924
4897
4925
4898
4926
4899
4927
4900
4928
4901
4929
4902
4930
4903
4931
4904
4932
4905
4933
4906
4934
4907
4935
4908
4936
4909
4937
4910
4938
4911
4939
4912
4940
4941
4914
4942
4915
4943
4916
4944
4917
4945
4918
4946
4919
4947
4920
4948
4921
4949
4922
4950
4923
4951
4924
4952
4925
4953
4926
4954
4927
4955
4928
4956
4929
4957
4930
4958
4931
4959
4932
4960
4933
4961
4934
4962
4935
4963
4936
4964
4937
4965
4938
4966
4939
4967
4940
4968
4941
4969
4970
4943
4971
4944
4972
4945
4973
4946
4974
4947
4975
4948
4976
4949
4977
4950
4978
4951
4979
4952
4980
4953
4981
4954
4982
4955
4983
4956
4984
4957
4985
4958
4986
4959
4987
4960
4988
4961
4989
4962
4990
4963
4991
4964
4992
4965
4993
4966
4994
4967
4995
4968
4996
4969
4997
4970
4998
4999
4972
5000
4973
5001
4974
5002
4975
5003
4976
5004
4977
5005
4978
5006
4979
5007
4980
5008
4981
5009
4982
5010
4983
5011
4984
5012
4985
5013
4986
5014
4987
5015
4988
5016
4989
5017
4990
5018
4991
5019
4992
5020
4993
5021
4994
5022
4995
5023
4996
5024
4997
5025
4998
5026
4999
5027
5028
5001
5029
5002
5030
5003
5031
5004
5032
5005
5033
5006
5034
5007
5035
5008
5036
5009
5037
5010
5038
5011
5039
5012
5040
5013
5041
5014
5042
5015
5043
5016
5044
5017
5045
5018
5046
5019
5047
5020
5048
5021
5049
5022
5050
5023
5051
5024
5052
5025
5053
5026
5054
5027
5055
5028
5056
5057
5030
5058
5031
5059
5032
5060
5033
5061
5034
5062
5035
5063
5036
5064
5037
5065
5038
5066
5039
5067
5040
5068
5041
5069
5042
5070
5043
5071
5044
5072
5045
5073
5046
5074
5047
5075
5048
5076
5049
5077
5050
5078
5051
5079
5052
5080
5053
5081
5054
5082
5055
5083
5056
5084
5057
5085
5086
5059
5087
5060
5088
5061
5089
5062
5090
5063
5091
5064
5092
5065
5093
5066
5094
5067
5095
5068
5096
5069
5097
5070
5098
5071
5099
5072
5100
5073
5101
5074
5102
5075
5103
5076
5104
5077
5105
5078
5106
5079
5107
5080
5108
5081
5109
5082
5110
5083
5111
5084
5112
5085
5113
5086
5114
5115
5088
5116
5089
5117
5090
5118
5091
5119
5092
5120
5093
5121
5094
5122
5095
5123
5096
5124
5097
5125
5098
5126
5099
5127
5100
5128
5101
5129
5102
5130
5103
5131
5104
5132
5105
5133
5106
5134
5107
5135
5108
5136
5109
5137
5110
5138
5111
5139
5112
5140
5113
5141
5114
5142
5115
5143
5144
5117
5145
5118
5146
5119
5147
5120
5148
5121
5149
5122
5150
5123
5151
5124
5152
5125
5153
5126
5154
5127
5155
5128
5156
5129
5157
5130
5158
5131
5159
5132
5160
5133
5161
5134
5162
5135
5163
5136
5164
5137
5165
5138
5166
5139
5167
5140
5168
5141
5169
5142
5170
5143
5171
5144
5172
5173
5146
5174
5147
5175
5148
5176
5149
5177
5150
5178
5151
5179
5152
5180
5153
5181
5154
5182
5155
5183
5156
5184
5157
5185
5158
5186
5159
5187
5160
5188
5161
5189
5162
5190
5163
5191
5164
5192
5165
5193
5166
5194
5167
5195
5168
5196
5169
5197
5170
5198
5171
5199
5172
5200
5173
5201
5202
5175
5203
5176
5204
5177
5205
5178
5206
5179
5207
5180
5208
5181
5209
5182
5210
5183
5211
5184
5212
5185
5213
5186
5214
5187
5215
5188
5216
5189
5217
5190
5218
5191
5219
5192
5220
5193
5221
5194
5222
5195
5223
5196
5224
5197
5225
5198
5226
5199
5227
5200
5228
5201
5229
5202
5230
5231
5204
5205
5232
5206
5233
5207
5234
5208
5235
5209
5236
5210
5237
5211
5238
5212
5239
5213
5240
5214
5241
5215
5242
5216
5243
5217
5244
5218
5245
5219
5246
5220
5247
5221
5248
5222
5249
5223
5250
5224
5251
5225
5252
5226
5253
5227
5254
5228
5255
5229
5256
5230
5257
5231
5258
5259
5233
5260
5234
5261
5235
5262
5236
5263
5237
5264
5238
5265
5239
5266
5240
5267
5241
5268
5242
5269
5243
5270
5244
5271
5245
5272
5246
5273
5247
5274
5248
5275
5249
5276
5250
5277
5251
5278
5252
5279
5253
5280
5254
5281
5255
5282
5256
5283
5257
5284
5258
5285
5259
5286
5287
5261
5288
5262
5289
5263
5290
5264
5291
5265
5292
5266
5293
5267
5294
5268
5295
5269
5296
5270
5297
5271
5298
5272
5299
5273
5300
5274
5301
5275
5302
5276
5303
5277
5304
5278
5305
5279
5306
5280
5307
5281
5308
5282
5309
5283
5310
5284
5311
5285
5312
5286
5313
5287
5314
5315
5289
5316
5290
5317
5291
5318
5292
5319
5293
5320
5294
5321
5295
5322
5296
5323
5297
5324
5298
5325
5299
5326
5300
5327
5301
5328
5302
5329
5303
5330
5304
5331
5305
5332
5306
5333
5307
5334
5308
5335
5309
5336
5310
5337
5311
5338
5312
5339
5313
5340
5314
5341
5315
5342
5343
5317
5344
5318
5345
5319
5346
5320
5347
5321
5348
5322
5349
5323
5350
5324
5351
5325
5352
5326
5353
5327
5354
5328
5355
5329
5356
5330
5357
5331
5358
5332
5359
5333
5360
5334
5361
5335
5362
5336
5363
5337
5364
5338
5365
5339
5366
5340
5367
5341
5368
5342
5369
5343
5370
5371
5345
5372
5346
5373
5347
5374
5348
5375
5349
5376
5350
5377
5351
5378
5352
5379
5353
5380
5354
5381
5355
5382
5356
5383
5357
5384
5358
5385
5359
5386
5360
5387
5361
5388
5362
5389
5363
5390
5364
5391
5365
5392
5366
5393
5367
5394
5368
5395
5369
5396
5370
5397
5371
5398
5399
5373
5400
5374
5401
5375
5402
5376
5403
5377
5404
5378
5405
5379
5406
5380
5407
5381
5408
5382
5409
5383
5410
5384
5411
5385
5412
5386
5413
5387
5414
5388
5415
5389
5416
5390
5417
5391
5418
5392
5419
5393
5420
5394
5421
5395
5422
5396
5423
5397
5424
5398
5425
5399
5426
5427
5401
5428
5402
5429
5403
5430
5404
5431
5405
5432
5406
5433
5407
5434
5408
5435
5409
5436
5410
5437
5411
5438
5412
5439
5413
5440
5414
5441
5415
5442
5416
5443
5417
5444
5418
5445
5419
5446
5420
5447
5421
5448
5422
5449
5423
5450
5424
5451
5425
5452
5426
5453
5427
5454
5455
5429
5456
5430
5457
5431
5458
5432
5459
5433
5460
5434
5461
5435
5462
5436
5463
5437
5464
5438
5465
5439
5466
5440
5467
5441
5468
5442
5469
5443
5470
5444
5471
5445
5472
5446
5473
5447
5474
5448
5475
5449
5476
5450
5477
5451
5478
5452
5479
5453
5480
5454
5481
5455
5482
5483
5457
5484
5458
5485
5459
5486
5460
5487
5461
5488
5462
5489
5463
5490
5464
5491
5465
5492
5466
5493
5467
5494
5468
5495
5469
5496
5470
5497
5471
5498
5472
5499
5473
5500
5474
5501
5475
5502
5476
5503
5477
5504
5478
5505
5479
5506
5480
5507
5481
5508
5482
5509
5483
5510
5511
5485
5512
5486
5513
5487
5514
5488
5515
5489
5516
5490
5517
5491
5518
5492
5519
5493
5520
5494
5521
5495
5522
5496
5523
5497
5524
5498
5525
5499
5526
5500
5527
5501
5528
5502
5529
5503
5530
5504
5531
5505
5532
5506
5533
5507
5534
5508
5535
5509
5536
5510
5537
5511
5538
5539
5513
5540
5514
5541
5515
5542
5516
5543
5517
5544
5518
5545
5519
5546
5520
5547
5521
5548
5522
5549
5523
5550
5524
5551
5525
5552
5526
5553
5527
5554
5528
5555
5529
5556
5530
5557
5531
5558
5532
5559
5533
5560
5534
5561
5535
5562
5536
5563
5537
5564
5538
5565
5539
5566
5567
5541
5568
5542
5569
5543
5570
5544
5571
5545
5572
5546
5573
5547
5574
5548
5575
5549
5576
5550
5577
5551
5578
5552
5579
5553
5580
5554
5581
5555
5582
5556
5583
5557
5584
5558
5585
5559
5586
5560
5587
5561
5588
5562
5589
5563
5590
5564
5591
5565
5592
5566
5593
5567
5594
5595
5569
5596
5570
5597
5571
5598
5572
5599
5573
5600
5574
5601
5575
5602
5576
5603
5577
5604
5578
5605
5579
5606
5580
5607
5581
5608
5582
5609
5583
5610
5584
5611
5585
5612
5586
5613
5587
5614
5588
5615
5589
5616
5590
5617
5591
5618
5592
5619
5593
5620
5594
5621
5595
5622
5623
5597
5624
5598
5625
5599
5626
5600
5627
5601
5628
5602
5629
5603
5630
5604
5631
5605
5632
5606
5633
5607
5634
5608
5635
5609
5636
5610
5637
5611
5638
5612
5639
5613
5640
5614
5641
5615
5642
5616
5643
5617
5644
5618
5645
5619
5646
5620
5647
5621
5648
5622
5649
5623
5650
5651
5625
5652
5626
5653
5627
5654
5628
5655
5629
5656
5630
5657
5631
5658
5632
5659
5633
5660
5634
5661
5635
5662
5636
5663
5637
5664
5638
5665
5639
5666
5640
5667
5641
5668
5642
5669
5643
5670
5644
5671
5645
5672
5646
5673
5647
5674
5648
5675
5649
5676
5650
5677
5651
5678
5679
5653
5680
5654
5681
5655
5682
5656
5683
5657
5684
5658
5685
5659
5686
5660
5687
5661
5688
5662
5689
5663
5690
5664
5691
5665
5692
5666
5693
5667
5694
5668
5695
5669
5696
5670
5697
5671
5698
5672
5699
5673
5700
5674
5701
5675
5702
5676
5703
5677
5704
5678
5705
5679
5706
5707
5681
5709
5682
5710
5683
5711
5684
5712
5685
5713
5686
5714
5687
5715
5688
5716
5689
5717
5690
5718
5691
5719
5692
5720
5693
5721
5694
5722
5695
5723
5696
5724
5697
5725
5698
5726
5699
5727
5700
5728
5701
5729
5702
5730
5703
5731
5704
5732
5705
5733
5706
5734
5707
5735
5736
5709
5737
5710
5738
5711
5739
5712
5740
5713
5741
5714
5742
5715
5743
5716
5744
5717
5745
5718
5746
5719
5747
5720
5748
5721
5749
5722
5750
5723
5751
5724
5752
5725
5753
5726
5754
5727
5755
5728
5756
5729
5757
5730
5758
5731
5759
5732
5760
5733
5761
5734
5762
5735
5763
5736
5764
5765
5738
5766
5739
5767
5740
5768
5741
5769
5742
5770
5743
5771
5744
5772
5745
5773
5746
5774
5747
5775
5748
5776
5749
5777
5750
5778
5751
5779
5752
5780
5753
5781
5754
5782
5755
5783
5756
5784
5757
5785
5758
5786
5759
5787
5760
5788
5761
5789
5762
5790
5763
5791
5764
5792
5765
5793
5794
5767
5795
5768
5796
5769
5797
5770
5798
5771
5799
5772
5800
5773
5801
5774
5802
5775
5803
5776
5804
5777
5805
5778
5806
5779
5807
5780
5808
5781
5809
5782
5810
5783
5811
5784
5812
5785
5813
5786
5814
5787
5815
5788
5816
5789
5817
5790
5818
5791
5819
5792
5820
5793
5821
5794
5822
5823
5796
5824
5797
5825
5798
5826
5799
5827
5800
5828
5801
5829
5802
5830
5803
5831
5804
5832
5805
5833
5806
5834
5807
5835
5808
5836
5809
5837
5810
5838
5811
5839
5812
5840
5813
5841
5814
5842
5815
5843
5816
5844
5817
5845
5818
5846
5819
5847
5820
5848
5821
5849
5822
5850
5823
5851
5852
5825
5853
5826
5854
5827
5855
5828
5856
5829
5857
5830
5858
5831
5859
5832
5860
5833
5861
5834
5862
5835
5863
5836
5864
5837
5865
5838
5866
5839
5867
5840
5868
5841
5869
5842
5870
5843
5871
5844
5872
5845
5873
5846
5874
5847
5875
5848
5876
5849
5877
5850
5878
5851
5879
5852
5880
5881
5854
5882
5855
5883
5856
5884
5857
5885
5858
5886
5859
5887
5860
5888
5861
5889
5862
5890
5863
5891
5864
5892
5865
5893
5866
5894
5867
5895
5868
5896
5869
5897
5870
5898
5871
5899
5872
5900
5873
5901
5874
5902
5875
5903
5876
5904
5877
5905
5878
5906
5879
5907
5880
5908
5881
5909
5910
5883
5911
5884
5912
5885
5913
5886
5914
5887
5915
5888
5916
5889
5917
5890
5918
5891
5919
5892
5920
5893
5921
5894
5922
5895
5923
5896
5924
5897
5925
5898
5926
5899
5927
5900
5928
5901
5929
5902
5930
5903
5931
5904
5932
5905
5933
5906
5934
5907
5935
5908
5936
5909
5937
5910
5938
5939
5912
5940
5913
5941
5914
5942
5915
5943
5916
5944
5917
5945
5918
5946
5919
5947
5920
5948
5921
5949
5922
5950
5923
5951
5924
5952
5925
5953
5926
5954
5927
5955
5928
5956
5929
5957
5930
5958
5931
5959
5932
5960
5933
5961
5934
5962
5935
5963
5936
5964
5937
5965
5938
5966
5939
5967
5968
5941
5969
5942
5970
5943
5971
5944
5972
5945
5973
5946
5974
5947
5975
5948
5976
5949
5977
5950
5978
5951
5979
5952
5980
5953
5981
5954
5982
5955
5983
5956
5984
5957
5985
5958
5986
5959
5987
5960
5988
5961
5989
5962
5990
5963
5991
5964
5992
5965
5993
5966
5994
5967
5995
5968
5996
5997
5970
5998
5971
5999
5972
6000
5973
6001
5974
6002
5975
6003
5976
6004
5977
6005
5978
6006
5979
6007
5980
6008
5981
6009
5982
6010
5983
6011
5984
6012
5985
6013
5986
6014
5987
6015
5988
6016
5989
6017
5990
6018
5991
6019
5992
6020
5993
6021
5994
6022
5995
6023
5996
6024
5997
6025
6026
5999
6027
6000
6028
6001
6029
6002
6030
6003
6031
6004
6032
6005
6033
6006
6034
6007
6035
6008
6036
6009
6037
6010
6038
6011
6039
6012
6040
6013
6041
6014
6042
6015
6043
6016
6044
6017
6045
6018
6046
6019
6047
6020
6048
6021
6049
6022
6050
6023
6051
6024
6052
6025
6053
6026
6054
6055
6028
6056
6029
6057
6030
6058
6031
6059
6032
6060
6033
6061
6034
6062
6035
6063
6036
6064
6037
6065
6038
6066
6039
6067
6040
6068
6041
6069
6042
6070
6043
6071
6044
6072
6045
6073
6046
6074
6047
6075
6048
6076
6049
6077
6050
6078
6051
6079
6052
6080
6053
6081
6054
6082
6055
6083
6084
6057
6085
6058
6086
6059
6087
6060
6088
6061
6089
6062
6090
6063
6091
6064
6092
6065
6093
6066
6094
6067
6095
6068
6096
6069
6097
6070
6098
6071
6099
6072
6100
6073
6101
6074
6102
6075
6103
6076
6104
6077
6105
6078
6106
6079
6107
6080
6108
6081
6109
6082
6110
6083
6111
6084
6112
6113
6086
6114
6087
6115
6088
6116
6089
6117
6090
6118
6091
6119
6092
6120
6093
6121
6094
6122
6095
6123
6096
6124
6097
6125
6098
6126
6099
6127
6100
6128
6101
6129
6102
6130
6103
6131
6104
6132
6105
6133
6106
6134
6107
6135
6108
6136
6109
6137
6110
6138
6111
6139
6112
6140
6113
6141
6142
6115
6143
6116
6144
6117
6145
6118
6146
6119
6147
6120
6148
6121
6149
6122
6150
6123
6151
6124
6152
6125
6153
6126
6154
6127
6155
6128
6156
6129
6157
6130
6158
6131
6159
6132
6160
6133
6161
6134
6162
6135
6163
6136
6164
6137
6165
6138
6166
6139
6167
6140
6168
6141
6169
6142
6170
6171
6144
6172
6145
6173
6146
6174
6147
6175
6148
6176
6149
6177
6150
6178
6151
6179
6152
6180
6153
6181
6154
6182
6155
6183
6156
6184
6157
6185
6158
6186
6159
6187
6160
6188
6161
6189
6162
6190
6163
6191
6164
6192
6165
6193
6166
6194
6167
6195
6168
6196
6169
6197
6170
6198
6171
6199
6200
6173
6201
6174
6202
6175
6203
6176
6204
6177
6205
6178
6206
6179
6207
6180
6208
6181
6209
6182
6210
6183
6211
6184
6212
6185
6213
6186
6214
6187
6215
6188
6216
6189
6217
6190
6218
6191
6219
6192
6220
6193
6221
6194
6222
6195
6223
6196
6224
6197
6225
6198
6226
6199
6227
6200
6228
6229
6202
6230
6203
6231
6204
6232
6205
6233
6206
6234
6207
6235
6208
6236
6209
6237
6210
6238
6211
6239
6212
6240
6213
6241
6214
6242
6215
6243
6216
6244
6217
6245
6218
6246
6219
6247
6220
6248
6221
6249
6222
6250
6223
6251
6224
6252
6225
6253
6226
6254
6227
6255
6228
6256
6229
6257
6258
6231
6259
6232
6260
6233
6261
6234
6262
6235
6263
6236
6264
6237
6265
6238
6266
6239
6267
6240
6268
6241
6269
6242
6270
6243
6271
6244
6272
6245
6273
6246
6274
6247
6275
6248
6276
6249
6277
6250
6278
6251
6279
6252
6280
6253
6281
6254
6282
6255
6283
6256
6284
6257
6285
6258
6286
6287
6260
6288
6261
6289
6262
6290
6263
6291
6264
6292
6265
6293
6266
6294
6267
6295
6268
6296
6269
6297
6270
6298
6271
6299
6272
6300
6273
6301
6274
6302
6275
6303
6276
6304
6277
6305
6278
6306
6279
6307
6280
6308
6281
6309
6282
6310
6283
6311
6284
6312
6285
6313
6286
6314
6287
6315
6316
6289
6317
6290
6318
6291
6319
6292
6320
6293
6321
6294
6322
6295
6323
6296
6324
6297
6325
6298
6326
6299
6327
6300
6328
6301
6329
6302
6330
6303
6331
6304
6332
6305
6333
6306
6334
6307
6335
6308
6336
6309
6337
6310
6338
6311
6339
6312
6340
6313
6341
6314
6342
6315
6343
6316
6344
6345
6318
6346
6319
6347
6320
6348
6321
6349
6322
6350
6323
6351
6324
6352
6325
6353
6326
6354
6327
6355
6328
6356
6329
6357
6330
6358
6331
6359
6332
6360
6333
6361
6334
6362
6335
6363
6336
6364
6337
6365
6338
6366
6339
6367
6340
6368
6341
6369
6342
6370
6343
6371
6344
6372
6345
6373
6374
6347
6375
6348
6376
6349
6377
6350
6378
6351
6379
6352
6380
6353
6381
6354
6382
6355
6383
6356
6384
6357
6385
6358
6386
6359
6387
6360
6388
6361
6389
6362
6390
6363
6391
6364
6392
6365
6393
6366
6394
6367
6395
6368
6396
6369
6397
6370
6398
6371
6399
6372
6400
6373
6401
6374
6402
6403
6376
6404
6377
6405
6378
6406
6379
6407
6380
6408
6381
6409
6382
6410
6383
6411
6384
6412
6385
6413
6386
6414
6387
6415
6388
6416
6389
6417
6390
6418
6391
6419
6392
6420
6393
6421
6394
6422
6395
6423
6396
6424
6397
6425
6398
6426
6399
6427
6400
6428
6401
6429
6402
6430
6403
6431
6432
6405
6433
6406
6434
6407
6435
6408
6436
6409
6437
6410
6438
6411
6439
6412
6440
6413
6441
6414
6442
6415
6443
6416
6444
6417
6445
6418
6446
6419
6447
6420
6448
6421
6449
6422
6450
6423
6451
6424
6452
6425
6453
6426
6454
6427
6455
6428
6456
6429
6457
6430
6458
6431
6459
6432
6460
6461
6434
6462
6435
6463
6436
6464
6437
6465
6438
6466
6439
6467
6440
6468
6441
6469
6442
6470
6443
6471
6444
6472
6445
6473
6446
6474
6447
6475
6448
6476
6449
6477
6450
6478
6451
6479
6452
6480
6453
6481
6454
6482
6455
6483
6456
6484
6457
6485
6458
6486
6459
6487
6460
6488
6461
6489
6490
6463
6491
6464
6492
6465
6493
6466
6494
6467
6495
6468
6496
6469
6497
6470
6498
6471
6499
6472
6500
6473
6501
6474
6502
6475
6503
6476
6504
6477
6505
6478
6506
6479
6507
6480
6508
6481
6509
6482
6510
6483
6511
6484
6512
6485
6513
6486
6514
6487
6515
6488
6516
6489
6517
6490
6518
6519
6492
6520
6493
6521
6494
6522
6495
6523
6496
6524
6497
6525
6498
6526
6499
6527
6500
6528
6501
6529
6502
6530
6503
6531
6504
6532
6505
6533
6506
6534
6507
6535
6508
6536
6509
6537
6510
6538
6511
6539
6512
6540
6513
6541
6514
6542
6515
6543
6516
6544
6517
6545
6518
6546
6519
6547
6548
6521
6549
6522
6550
6523
6551
6524
6552
6525
6553
6526
6554
6527
6555
6528
6556
6529
6557
6530
6558
6531
6559
6532
6560
6533
6561
6534
6562
6535
6563
6536
6564
6537
6565
6538
6566
6539
6567
6540
6568
6541
6569
6542
6570
6543
6571
6544
6572
6545
6573
6546
6574
6547
6575
6548
6576
6577
6550
6578
6551
6579
6552
6580
6553
6581
6554
6582
6555
6583
6556
6584
6557
6585
6558
6586
6559
6587
6560
6588
6561
6589
6562
6590
6563
6591
6564
6592
6565
6593
6566
6594
6567
6595
6568
6596
6569
6597
6570
6598
6571
6599
6572
6600
6573
6601
6574
6602
6575
6603
6576
6604
6577
6605
6606
6579
6607
6580
6608
6581
6609
6582
6610
6583
6611
6584
6612
6585
6613
6586
6614
6587
6615
6588
6616
6589
6617
6590
6618
6591
6619
6592
6620
6593
6621
6594
6622
6595
6623
6596
6624
6597
6625
6598
6626
6599
6627
6600
6628
6601
6629
6602
6630
6603
6631
6604
6632
6605
6633
6606
6634
6635
6608
6636
6609
6637
6610
6638
6611
6639
6612
6640
6613
6641
6614
6642
6615
6643
6616
6644
6617
6645
6618
6646
6619
6647
6620
6648
6621
6649
6622
6650
6623
6651
6624
6652
6625
6653
6626
6654
6627
6655
6628
6656
6629
6657
6630
6658
6631
6659
6632
6660
6633
6661
6634
6662
6635
6663
6664
6637
6665
6638
6666
6639
6667
6640
6668
6641
6669
6642
6670
6643
6671
6644
6672
6645
6673
6646
6674
6647
6675
6648
6676
6649
6677
6650
6678
6651
6679
6652
6680
6653
6681
6654
6682
6655
6683
6656
6684
6657
6685
6658
6686
6659
6687
6660
6688
6661
6689
6662
6690
6663
6691
6664
6692
6693
6666
6694
6667
6695
6668
6696
6669
6697
6670
6698
6671
6699
6672
6700
6673
6701
6674
6702
6675
6703
6676
6704
6677
6705
6678
6706
6679
6707
6680
6708
6681
6709
6682
6710
6683
6711
6684
6712
6685
6713
6686
6714
6687
6715
6688
6716
6689
6717
6690
6718
6691
6719
6692
6720
6693
6721
6722
6695
6723
6696
6724
6697
6725
6698
6726
6699
6727
6700
6728
6701
6729
6702
6730
6703
6731
6704
6732
6705
6733
6706
6734
6707
6735
6708
6736
6709
6737
6710
6738
6711
6739
6712
6740
6713
6741
6714
6742
6715
6743
6716
6744
6717
6745
6718
6746
6719
6747
6720
6748
6721
6749
6722
6750
6751
6724
6752
6725
6753
6726
6754
6727
6755
6728
6756
6729
6757
6730
6758
6731
6759
6732
6760
6733
6761
6734
6762
6735
6763
6736
6764
6737
6765
6738
6766
6739
6767
6740
6768
6741
6769
6742
6770
6743
6771
6744
6772
6745
6773
6746
6774
6747
6775
6748
6776
6749
6777
6750
6778
6751
6779
6780
6753
6781
6754
6782
6755
6783
6756
6784
6757
6785
6758
6786
6759
6787
6760
6788
6761
6789
6762
6790
6763
6791
6764
6792
6765
6793
6766
6794
6767
6795
6768
6796
6769
6797
6770
6798
6771
6799
6772
6800
6773
6801
6774
6802
6775
6803
6776
6804
6777
6805
6778
6806
6779
6807
6780
6808
6809
6782
6810
6783
6811
6784
6812
6785
6813
6786
6814
6787
6815
6788
6816
6789
6817
6790
6818
6791
6819
6792
6820
6793
6821
6794
6822
6795
6823
6796
6824
6797
6825
6798
6826
6799
6827
6800
6828
6801
6829
6802
6830
6803
6831
6804
6832
6805
6833
6806
6834
6807
6835
6808
6836
6809
6837
6838
6811
6839
6812
6840
6813
6841
6814
6842
6815
6843
6816
6844
6817
6845
6818
6846
6819
6847
6820
6848
6821
6849
6822
6850
6823
6851
6824
6852
6825
6853
6826
6854
6827
6855
6828
6856
6829
6857
6830
6858
6831
6859
6832
6860
6833
6861
6834
6862
6835
6863
6836
6864
6837
6865
6838
6866
6867
6840
6868
6841
6869
6842
6870
6843
6871
6844
6872
6845
6873
6846
6874
6847
6875
6848
6876
6849
6877
6850
6878
6851
6879
6852
6880
6853
6881
6854
6882
6855
6883
6856
6884
6857
6885
6858
6886
6859
6887
6860
6888
6861
6889
6862
6890
6863
6891
6864
6892
6865
6893
6866
6894
6867
6895
6896
6869
6897
6870
6898
6871
6899
6872
6900
6873
6901
6874
6902
6875
6903
6876
6904
6877
6905
6878
6906
6879
6907
6880
6908
6881
6909
6882
6910
6883
6911
6884
6912
6885
6913
6886
6914
6887
6915
6888
6916
6889
6917
6890
6918
6891
6919
6892
6920
6893
6921
6894
6922
6895
6923
6896
6924
6925
6898
6926
6899
6927
6900
6928
6901
6929
6902
6930
6903
6931
6904
6932
6905
6933
6906
6934
6907
6935
6908
6936
6909
6937
6910
6938
6911
6939
6912
6940
6913
6941
6914
6942
6915
6943
6916
6944
6917
6945
6918
6946
6919
6947
6920
6948
6921
6949
6922
6950
6923
6951
6924
6952
6925
6953
6954
6927
6955
6928
6956
6929
6957
6930
6958
6931
6959
6932
6960
6933
6961
6934
6962
6935
6963
6936
6964
6937
6965
6938
6966
6939
6967
6940
6968
6941
6969
6942
6970
6943
6971
6944
6972
6945
6973
6946
6974
6947
6975
6948
6976
6949
6977
6950
6978
6951
6979
6952
6980
6953
6981
6954
6982
6983
6956
6984
6957
6985
6958
6986
6959
6987
6960
6988
6961
6989
6962
6990
6963
6991
6964
6992
6965
6993
6966
6994
6967
6995
6968
6996
6969
6997
6970
6998
6971
6999
6972
7000
6973
7001
6974
7002
6975
7003
6976
7004
6977
7005
6978
7006
6979
7007
6980
7008
6981
7009
6982
7010
6983
7011
7012
6985
7013
6986
7014
6987
7015
6988
7016
6989
7017
6990
7018
6991
7019
6992
7020
6993
7021
6994
7022
6995
7023
6996
7024
6997
7025
6998
7026
6999
7027
7000
7028
7001
7029
7002
7030
7003
7031
7004
7032
7005
7033
7006
7034
7007
7035
7008
7036
7009
7037
7010
7038
7011
7039
7012
7040
7041
7014
7042
7015
7043
7016
7044
7017
7045
7018
7046
7019
7047
7020
7048
7021
7049
7022
7050
7023
7051
7024
7052
7025
7053
7026
7054
7027
7055
7028
7056
7029
7057
7030
7058
7031
7059
7032
7060
7033
7061
7034
7062
7035
7063
7036
7064
7037
7065
7038
7066
7039
7067
7040
7068
7041
7069
7070
7043
7071
7044
7072
7045
7073
7046
7074
7047
7075
7048
7076
7049
7077
7050
7078
7051
7079
7052
7080
7053
7081
7054
7082
7055
7083
7056
7084
7057
7085
7058
7086
7059
7087
7060
7088
7061
7089
7062
7090
7063
7091
7064
7092
7065
7093
7066
7094
7067
7095
7068
7096
7069
7097
7070
7098
7099
7072
7100
7073
7101
7074
7102
7075
7103
7076
7104
7077
7105
7078
7106
7079
7107
7080
7108
7081
7109
7082
7110
7083
7111
7084
7112
7085
7113
7086
7114
7087
7115
7088
7116
7089
7117
7090
7118
7091
7119
7092
7120
7093
7121
7094
7122
7095
7123
7096
7124
7097
7125
7098
7126
7099
7127
7128
7101
7129
7102
7130
7103
7131
7104
7132
7105
7133
7106
7134
7107
7135
7108
7136
7109
7137
7110
7138
7111
7139
7112
7140
7113
7141
7114
7142
7115
7143
7116
7144
7117
7145
7118
7146
7119
7147
7120
7148
7121
7149
7122
7150
7123
7151
7124
7152
7125
7153
7126
7154
7127
7155
7128
7156
7157
7130
7131
7132
7133
7134
7135
7136
7137
7138
7139
7140
7141
7142
7143
7144
7145
7146
7147
7148
7149
7150
7151
7152
7153
7154
7155
7156
7157
)


// ************************************************************************* //
