/*--------------------------------*- C++ -*----------------------------------*\
  =========                 |
  \\      /  F ield         | OpenFOAM: The Open Source CFD Toolbox
   \\    /   O peration     | Website:  https://openfoam.org
    \\  /    A nd           | Version:  7
     \\/     M anipulation  |
\*---------------------------------------------------------------------------*/
FoamFile
{
    version     2.0;
    format      ascii;
    class       volScalarField;
    location    "40";
    object      p;
}
// * * * * * * * * * * * * * * * * * * * * * * * * * * * * * * * * * * * * * //

dimensions      [0 2 -2 0 0 0 0];

internalField   nonuniform List<scalar> 
4575
(
-0.241575
-0.240648
-0.239662
-0.238367
-0.236902
-0.235143
-0.23313
-0.230789
-0.228107
-0.225029
-0.221519
-0.217519
-0.212982
-0.207844
-0.202053
-0.19555
-0.188282
-0.180209
-0.171309
-0.161596
-0.151106
-0.139905
-0.128118
-0.241555
-0.240601
-0.239583
-0.238252
-0.236751
-0.234957
-0.232918
-0.23056
-0.227877
-0.224816
-0.221344
-0.217404
-0.212945
-0.207903
-0.202217
-0.195819
-0.18865
-0.180656
-0.171807
-0.162114
-0.151605
-0.140351
-0.128481
-0.241544
-0.240562
-0.239513
-0.238147
-0.236609
-0.234781
-0.232717
-0.230343
-0.22766
-0.224617
-0.221184
-0.217304
-0.212925
-0.207979
-0.202398
-0.196108
-0.189037
-0.181123
-0.172327
-0.162654
-0.152128
-0.140822
-0.128867
-0.241541
-0.240533
-0.239451
-0.238051
-0.236477
-0.234619
-0.232528
-0.23014
-0.227457
-0.224433
-0.221039
-0.21722
-0.212922
-0.208072
-0.202598
-0.196416
-0.189444
-0.18161
-0.172864
-0.163215
-0.152672
-0.141314
-0.129277
-0.241549
-0.240514
-0.239399
-0.237964
-0.236357
-0.234468
-0.232352
-0.229949
-0.227267
-0.224263
-0.220909
-0.217151
-0.212934
-0.208182
-0.202814
-0.19674
-0.189868
-0.182115
-0.173415
-0.163795
-0.153236
-0.141827
-0.129708
-0.241564
-0.240505
-0.239359
-0.237891
-0.236253
-0.234328
-0.232188
-0.229772
-0.227091
-0.224107
-0.220794
-0.217097
-0.212962
-0.208307
-0.203046
-0.19708
-0.190308
-0.182635
-0.173984
-0.164392
-0.153817
-0.142358
-0.130158
-0.241588
-0.240504
-0.239327
-0.237827
-0.236155
-0.234201
-0.232037
-0.229608
-0.226929
-0.223965
-0.220693
-0.217059
-0.213004
-0.208446
-0.203292
-0.197435
-0.190762
-0.183169
-0.174603
-0.165003
-0.154413
-0.142906
-0.130627
-0.241621
-0.240513
-0.239305
-0.237773
-0.236069
-0.234086
-0.231899
-0.229457
-0.226781
-0.223838
-0.220607
-0.217034
-0.213061
-0.208599
-0.203551
-0.197802
-0.191229
-0.183714
-0.175201
-0.165627
-0.155023
-0.143468
-0.131112
-0.241662
-0.24053
-0.239293
-0.237731
-0.235994
-0.233983
-0.231774
-0.22932
-0.226647
-0.223725
-0.220534
-0.217023
-0.21313
-0.208765
-0.203822
-0.198179
-0.191705
-0.184265
-0.17581
-0.166261
-0.155645
-0.144044
-0.131613
-0.24171
-0.240556
-0.239291
-0.237699
-0.235931
-0.233893
-0.231661
-0.229196
-0.226527
-0.223625
-0.220475
-0.217024
-0.213212
-0.208942
-0.204103
-0.198567
-0.19219
-0.184817
-0.176429
-0.166903
-0.156276
-0.144631
-0.132127
-0.241766
-0.240591
-0.239297
-0.237677
-0.235879
-0.233814
-0.231561
-0.229086
-0.226419
-0.223538
-0.220429
-0.217038
-0.213304
-0.209128
-0.204393
-0.198961
-0.192682
-0.185386
-0.177054
-0.167552
-0.156915
-0.145228
-0.132653
-0.119432
-0.241828
-0.240633
-0.239313
-0.237665
-0.235837
-0.233747
-0.231473
-0.228988
-0.226325
-0.223465
-0.220394
-0.217063
-0.213407
-0.209324
-0.20469
-0.199362
-0.19318
-0.185988
-0.177683
-0.168205
-0.157559
-0.145832
-0.13319
-0.119881
-0.241897
-0.240682
-0.239336
-0.237663
-0.235806
-0.233691
-0.231398
-0.228902
-0.226243
-0.223403
-0.220372
-0.217099
-0.213519
-0.209527
-0.204993
-0.199767
-0.19368
-0.186561
-0.178313
-0.168861
-0.158208
-0.146443
-0.133736
-0.120343
-0.24197
-0.240739
-0.239368
-0.237669
-0.235786
-0.233646
-0.231334
-0.228829
-0.226174
-0.223354
-0.220361
-0.217145
-0.21364
-0.209737
-0.2053
-0.200175
-0.19417
-0.187135
-0.178944
-0.169518
-0.158859
-0.147059
-0.134291
-0.120817
-0.242049
-0.240801
-0.239407
-0.237684
-0.235775
-0.233612
-0.231282
-0.228768
-0.226116
-0.223315
-0.220359
-0.217199
-0.213767
-0.209951
-0.205611
-0.200583
-0.194641
-0.18771
-0.179574
-0.170174
-0.159511
-0.147678
-0.134852
-0.121301
-0.242131
-0.240868
-0.239452
-0.237707
-0.235773
-0.233589
-0.231241
-0.228718
-0.226069
-0.223288
-0.220368
-0.217261
-0.213901
-0.21017
-0.205923
-0.200992
-0.195164
-0.188282
-0.1802
-0.170827
-0.160162
-0.148299
-0.135419
-0.121796
-0.242217
-0.24094
-0.239504
-0.237738
-0.23578
-0.233575
-0.23121
-0.228679
-0.226033
-0.22327
-0.220385
-0.217331
-0.214039
-0.210391
-0.206235
-0.201398
-0.19564
-0.188849
-0.180821
-0.171477
-0.160812
-0.148921
-0.135991
-0.1223
-0.242304
-0.241016
-0.23956
-0.237775
-0.235795
-0.23357
-0.231189
-0.22865
-0.226007
-0.223262
-0.22041
-0.217406
-0.214181
-0.210614
-0.206546
-0.201791
-0.196122
-0.18941
-0.181436
-0.172122
-0.161455
-0.149543
-0.136567
-0.122812
-0.242393
-0.241095
-0.239622
-0.237819
-0.235818
-0.233575
-0.231178
-0.228632
-0.225991
-0.223263
-0.220443
-0.217487
-0.214327
-0.210837
-0.206854
-0.202164
-0.196606
-0.189963
-0.182043
-0.172757
-0.162098
-0.150165
-0.137146
-0.123333
-0.242482
-0.241177
-0.239687
-0.237868
-0.235848
-0.233587
-0.231176
-0.228622
-0.225983
-0.223271
-0.220482
-0.217572
-0.214474
-0.211059
-0.207158
-0.202588
-0.197082
-0.190507
-0.18264
-0.173386
-0.162735
-0.150784
-0.137728
-0.12386
-0.242571
-0.241259
-0.239755
-0.237922
-0.235884
-0.233607
-0.231182
-0.228621
-0.225984
-0.223288
-0.220527
-0.217661
-0.214622
-0.211279
-0.207454
-0.202962
-0.197545
-0.191041
-0.183227
-0.174007
-0.163364
-0.1514
-0.13831
-0.124394
-0.242658
-0.241341
-0.239826
-0.23798
-0.235925
-0.233634
-0.231195
-0.228628
-0.225992
-0.223311
-0.220577
-0.217753
-0.214771
-0.211497
-0.207738
-0.203329
-0.198003
-0.191564
-0.183803
-0.174617
-0.163986
-0.152013
-0.138894
-0.124933
-0.242742
-0.241423
-0.239897
-0.23804
-0.235971
-0.233666
-0.231216
-0.228643
-0.226007
-0.22334
-0.220631
-0.217847
-0.214918
-0.21171
-0.208034
-0.203696
-0.198447
-0.192074
-0.184367
-0.175215
-0.1646
-0.152621
-0.139478
-0.125479
-0.242823
-0.241503
-0.239969
-0.238103
-0.236021
-0.233704
-0.231243
-0.228664
-0.226029
-0.223374
-0.220689
-0.217942
-0.215064
-0.211912
-0.208336
-0.204053
-0.198878
-0.19257
-0.184917
-0.175802
-0.165205
-0.153224
-0.140062
-0.126029
-0.242898
-0.241581
-0.24004
-0.238168
-0.236075
-0.233747
-0.231275
-0.228691
-0.226056
-0.223413
-0.22075
-0.218038
-0.215208
-0.212097
-0.208599
-0.204398
-0.199295
-0.193052
-0.185453
-0.176377
-0.1658
-0.153822
-0.140646
-0.126584
-0.241654
-0.240109
-0.238232
-0.23613
-0.233794
-0.231313
-0.228723
-0.226088
-0.223456
-0.220813
-0.218134
-0.215341
-0.212334
-0.208856
-0.20473
-0.199697
-0.193518
-0.185973
-0.176938
-0.166385
-0.154413
-0.141228
-0.127143
-0.241722
-0.240175
-0.238296
-0.236187
-0.233843
-0.231354
-0.228761
-0.226124
-0.223503
-0.220879
-0.218228
-0.215462
-0.212513
-0.209107
-0.205049
-0.200085
-0.193968
-0.186478
-0.177485
-0.166959
-0.154998
-0.141809
-0.127707
-0.241784
-0.240238
-0.238358
-0.236244
-0.233894
-0.231398
-0.228802
-0.226163
-0.223553
-0.220946
-0.218314
-0.215635
-0.212686
-0.209347
-0.205354
-0.200455
-0.194401
-0.186967
-0.178017
-0.167522
-0.155576
-0.142387
-0.128273
-0.241839
-0.240295
-0.238417
-0.2363
-0.233947
-0.231445
-0.228846
-0.226205
-0.223607
-0.221004
-0.218399
-0.215753
-0.212858
-0.209574
-0.205644
-0.20081
-0.194817
-0.187438
-0.178535
-0.168073
-0.156146
-0.142964
-0.128842
-0.241885
-0.240346
-0.238473
-0.236355
-0.233999
-0.231493
-0.228892
-0.22625
-0.223651
-0.221048
-0.218521
-0.215865
-0.213022
-0.20979
-0.205919
-0.201146
-0.195214
-0.187892
-0.179036
-0.168611
-0.156709
-0.143537
-0.129415
-0.241921
-0.24039
-0.238523
-0.236406
-0.234051
-0.231542
-0.228941
-0.226285
-0.223678
-0.221162
-0.218588
-0.215977
-0.213176
-0.209992
-0.206178
-0.201465
-0.195593
-0.188327
-0.179522
-0.169138
-0.157264
-0.144108
-0.129989
-0.241946
-0.240425
-0.238567
-0.236454
-0.2341
-0.23159
-0.228989
-0.226305
-0.223781
-0.221196
-0.218661
-0.216084
-0.213319
-0.210181
-0.20642
-0.201766
-0.195953
-0.188745
-0.179992
-0.169651
-0.15781
-0.144675
-0.130566
-0.241959
-0.24045
-0.238603
-0.236496
-0.234147
-0.231636
-0.229037
-0.226469
-0.223799
-0.221246
-0.218736
-0.216182
-0.213451
-0.210355
-0.206646
-0.202048
-0.196294
-0.189144
-0.180445
-0.170151
-0.158347
-0.145239
-0.131144
-0.241957
-0.240464
-0.238631
-0.236533
-0.234189
-0.231681
-0.229078
-0.226485
-0.22384
-0.221304
-0.218805
-0.216273
-0.213572
-0.210515
-0.206854
-0.202311
-0.196615
-0.189524
-0.180881
-0.170638
-0.158876
-0.145799
-0.131723
-0.24194
-0.240465
-0.238648
-0.236561
-0.234227
-0.231722
-0.229129
-0.226511
-0.22389
-0.221357
-0.218868
-0.216354
-0.213681
-0.210661
-0.207045
-0.202555
-0.196916
-0.189885
-0.181302
-0.171112
-0.159397
-0.146356
-0.132304
-0.241906
-0.240451
-0.238654
-0.23658
-0.234257
-0.231758
-0.229196
-0.226547
-0.223936
-0.221405
-0.218925
-0.216427
-0.213779
-0.210792
-0.207219
-0.202779
-0.197197
-0.190226
-0.181702
-0.171569
-0.159903
-0.146903
-0.13288
-0.241856
-0.240423
-0.238647
-0.236589
-0.234279
-0.231786
-0.229202
-0.22658
-0.223974
-0.221446
-0.218972
-0.216488
-0.213861
-0.210904
-0.207371
-0.20298
-0.197453
-0.190542
-0.18208
-0.172006
-0.160394
-0.147438
-0.133449
-0.240384
-0.238632
-0.236593
-0.234297
-0.231811
-0.229225
-0.226611
-0.224009
-0.221482
-0.219013
-0.216538
-0.213929
-0.210999
-0.207504
-0.203162
-0.197693
-0.190847
-0.182454
-0.172448
-0.160899
-0.147998
-0.134052
-0.240325
-0.238605
-0.236591
-0.234316
-0.23184
-0.22926
-0.226653
-0.224057
-0.221532
-0.219066
-0.216599
-0.214007
-0.211105
-0.20765
-0.203362
-0.197959
-0.191189
-0.182876
-0.172953
-0.16148
-0.148645
-0.134751
-0.240193
-0.238509
-0.236527
-0.234282
-0.231837
-0.229269
-0.226673
-0.224091
-0.221578
-0.219125
-0.216676
-0.214107
-0.211234
-0.207816
-0.20357
-0.198216
-0.191498
-0.18324
-0.173369
-0.161945
-0.149152
-0.135292
-0.239931
-0.238274
-0.236315
-0.234106
-0.231736
-0.229141
-0.226536
-0.223976
-0.221497
-0.219089
-0.21669
-0.214176
-0.211356
-0.207983
-0.203773
-0.19844
-0.19173
-0.183469
-0.173588
-0.162151
-0.149349
-0.135487
-0.120951
-0.238718
-0.23711
-0.235193
-0.233009
-0.230612
-0.228145
-0.225638
-0.223145
-0.220711
-0.218331
-0.215942
-0.213417
-0.210567
-0.20715
-0.202888
-0.197505
-0.190758
-0.182484
-0.172624
-0.16125
-0.148554
-0.134838
-0.120482
-0.23706
-0.235542
-0.233713
-0.23162
-0.229336
-0.226938
-0.224493
-0.222057
-0.219665
-0.217306
-0.214915
-0.212363
-0.209465
-0.205984
-0.201652
-0.196206
-0.18942
-0.181141
-0.171323
-0.160042
-0.147491
-0.133967
-0.119841
-0.234906
-0.233521
-0.23182
-0.229853
-0.22769
-0.225394
-0.223033
-0.220669
-0.218326
-0.215989
-0.213591
-0.211006
-0.208051
-0.2045
-0.200097
-0.194594
-0.18778
-0.179518
-0.169771
-0.158619
-0.146255
-0.132968
-0.119115
-0.232143
-0.230934
-0.229401
-0.227593
-0.225575
-0.22341
-0.221161
-0.218883
-0.216597
-0.214285
-0.211878
-0.209255
-0.20624
-0.202616
-0.198146
-0.192596
-0.185773
-0.177555
-0.167916
-0.156937
-0.144808
-0.131807
-0.118278
-0.228728
-0.227733
-0.226404
-0.224787
-0.222945
-0.220937
-0.218824
-0.216644
-0.214421
-0.212139
-0.209726
-0.207064
-0.203989
-0.200298
-0.195769
-0.19019
-0.183385
-0.175245
-0.165754
-0.154995
-0.14315
-0.130486
-0.117326
-0.224693
-0.223935
-0.222834
-0.221433
-0.219789
-0.217957
-0.215993
-0.213931
-0.211778
-0.20953
-0.207116
-0.204422
-0.201295
-0.197549
-0.19298
-0.187396
-0.180638
-0.172614
-0.163313
-0.152818
-0.141302
-0.129018
-0.116269
-0.22013
-0.219617
-0.218752
-0.217577
-0.216142
-0.214496
-0.21269
-0.210759
-0.208684
-0.206476
-0.204067
-0.20135
-0.198185
-0.194401
-0.189815
-0.184254
-0.177577
-0.169705
-0.160633
-0.150441
-0.139294
-0.127426
-0.115119
-0.215169
-0.214892
-0.214258
-0.213306
-0.212078
-0.210618
-0.208965
-0.207145
-0.205184
-0.203023
-0.200627
-0.1979
-0.194713
-0.190912
-0.186333
-0.180823
-0.174259
-0.166572
-0.157761
-0.147906
-0.137157
-0.125731
-0.11389
-0.209942
-0.209882
-0.209465
-0.208723
-0.207693
-0.206413
-0.204912
-0.203224
-0.201349
-0.199241
-0.196868
-0.194144
-0.190952
-0.187154
-0.182607
-0.177174
-0.17075
-0.163275
-0.154752
-0.145256
-0.134925
-0.123958
-0.112596
-0.204559
-0.204698
-0.204479
-0.203931
-0.203085
-0.201972
-0.200619
-0.199048
-0.197258
-0.195211
-0.192872
-0.190163
-0.186982
-0.183208
-0.178714
-0.173382
-0.167118
-0.159875
-0.151657
-0.142533
-0.13263
-0.12213
-0.11125
-0.1991
-0.19942
-0.199382
-0.199012
-0.198334
-0.197377
-0.19616
-0.1947
-0.192995
-0.191013
-0.188715
-0.186034
-0.18288
-0.179147
-0.174724
-0.16951
-0.163424
-0.156426
-0.148522
-0.139775
-0.130302
-0.120266
-0.109866
-0.193621
-0.194105
-0.194232
-0.194024
-0.193503
-0.192689
-0.1916
-0.190245
-0.188621
-0.186711
-0.184462
-0.181819
-0.178706
-0.17503
-0.170695
-0.165613
-0.159715
-0.152968
-0.145381
-0.13701
-0.127961
-0.118382
-0.108454
-0.188153
-0.188788
-0.189068
-0.189009
-0.188632
-0.187952
-0.186983
-0.185731
-0.184193
-0.182352
-0.180159
-0.177566
-0.174507
-0.170902
-0.166667
-0.161727
-0.156026
-0.149534
-0.142261
-0.13426
-0.125625
-0.116492
-0.107021
-0.182718
-0.183492
-0.183912
-0.183993
-0.183749
-0.183195
-0.182341
-0.18119
-0.179739
-0.177968
-0.17584
-0.173307
-0.170314
-0.166791
-0.162668
-0.15788
-0.152378
-0.146141
-0.139178
-0.131537
-0.123305
-0.114602
-0.105575
-0.177328
-0.178232
-0.178781
-0.178991
-0.178873
-0.178438
-0.177694
-0.176643
-0.175279
-0.173584
-0.171526
-0.169064
-0.166147
-0.162718
-0.158715
-0.154084
-0.148786
-0.142801
-0.136141
-0.128851
-0.121007
-0.112719
-0.104119
-0.171994
-0.173016
-0.173687
-0.174017
-0.174017
-0.173695
-0.173057
-0.172104
-0.170827
-0.169213
-0.167232
-0.164848
-0.162018
-0.158691
-0.154817
-0.150349
-0.145255
-0.13952
-0.133156
-0.126204
-0.118735
-0.110845
-0.102655
-0.166724
-0.167855
-0.168637
-0.169079
-0.169189
-0.168975
-0.16844
-0.167583
-0.166396
-0.164866
-0.162968
-0.16067
-0.157934
-0.154718
-0.150979
-0.146678
-0.141788
-0.136299
-0.130224
-0.1236
-0.11649
-0.108983
-0.101187
-0.161528
-0.162757
-0.163641
-0.164186
-0.164401
-0.164289
-0.163853
-0.16309
-0.161994
-0.160551
-0.158741
-0.156535
-0.153901
-0.150802
-0.147203
-0.143071
-0.138386
-0.133139
-0.127345
-0.121037
-0.114274
-0.107134
-0.0997154
-0.156412
-0.15773
-0.158706
-0.159347
-0.159659
-0.159644
-0.159303
-0.158633
-0.157628
-0.156276
-0.154557
-0.152449
-0.149921
-0.146945
-0.14349
-0.13953
-0.135048
-0.13004
-0.124519
-0.118516
-0.112086
-0.105298
-0.0982418
-0.151385
-0.152781
-0.153841
-0.15457
-0.154972
-0.155048
-0.154798
-0.15422
-0.153306
-0.152045
-0.150422
-0.148414
-0.145999
-0.14315
-0.139842
-0.136055
-0.131775
-0.127001
-0.121744
-0.116037
-0.109926
-0.103476
-0.0967673
-0.146453
-0.147918
-0.149053
-0.149862
-0.150347
-0.150509
-0.150347
-0.149858
-0.149034
-0.147866
-0.14634
-0.144437
-0.142136
-0.139417
-0.136259
-0.132645
-0.128565
-0.12402
-0.119021
-0.113598
-0.107795
-0.101669
-0.0952932
-0.141625
-0.143148
-0.144349
-0.14523
-0.145792
-0.146034
-0.145956
-0.145553
-0.144819
-0.143744
-0.142316
-0.140519
-0.138337
-0.13575
-0.132742
-0.129301
-0.125418
-0.121096
-0.116348
-0.1112
-0.105692
-0.0998771
-0.0938206
-0.136906
-0.138478
-0.139737
-0.140682
-0.141314
-0.141631
-0.141633
-0.141313
-0.140666
-0.139684
-0.138355
-0.136666
-0.134602
-0.132149
-0.129293
-0.126023
-0.122334
-0.118231
-0.113725
-0.108842
-0.103618
-0.0981011
-0.0923507
-0.132302
-0.133914
-0.135222
-0.136224
-0.136919
-0.137306
-0.137382
-0.137143
-0.136582
-0.135692
-0.134461
-0.13288
-0.130936
-0.128617
-0.125911
-0.12281
-0.119313
-0.115422
-0.111152
-0.106524
-0.101573
-0.0963417
-0.0908848
-0.127818
-0.129462
-0.13081
-0.131861
-0.132614
-0.133065
-0.133212
-0.133049
-0.132571
-0.131771
-0.130639
-0.129166
-0.127341
-0.125155
-0.122598
-0.119664
-0.116354
-0.112671
-0.108627
-0.104246
-0.0995566
-0.0945998
-0.0894241
-0.12346
-0.125126
-0.126508
-0.127601
-0.128404
-0.128914
-0.129127
-0.129037
-0.128639
-0.127927
-0.126892
-0.125526
-0.123819
-0.121765
-0.119355
-0.116586
-0.113458
-0.109976
-0.106152
-0.102008
-0.0975702
-0.0928763
-0.08797
-0.119231
-0.120912
-0.122319
-0.123447
-0.124295
-0.124858
-0.125132
-0.125111
-0.124791
-0.124164
-0.123224
-0.121962
-0.120373
-0.118448
-0.116183
-0.113575
-0.110624
-0.107337
-0.103727
-0.09981
-0.095614
-0.091172
-0.086524
-0.115134
-0.116822
-0.118247
-0.119405
-0.120292
-0.120902
-0.121232
-0.121277
-0.12103
-0.120486
-0.119638
-0.11848
-0.117005
-0.115207
-0.113084
-0.110632
-0.107854
-0.104756
-0.10135
-0.097653
-0.0936887
-0.089488
-0.0850872
-0.111173
-0.112861
-0.114298
-0.115478
-0.116397
-0.11705
-0.117432
-0.117537
-0.11736
-0.116895
-0.116137
-0.115079
-0.113716
-0.112043
-0.110058
-0.107758
-0.105148
-0.102233
-0.0990237
-0.0955371
-0.0917951
-0.0878254
-0.0836614
-0.107349
-0.109031
-0.110473
-0.11167
-0.112616
-0.113306
-0.113734
-0.113896
-0.113785
-0.113397
-0.112725
-0.111764
-0.11051
-0.108958
-0.107106
-0.104955
-0.102506
-0.0997671
-0.0967476
-0.0934632
-0.0899339
-0.0861854
-0.0822479
-0.103663
-0.105333
-0.106775
-0.107983
-0.108951
-0.109673
-0.110144
-0.110358
-0.110309
-0.109993
-0.109403
-0.108537
-0.107387
-0.105952
-0.10423
-0.102222
-0.0999295
-0.0973598
-0.0945225
-0.0914317
-0.0881062
-0.0845692
-0.0808483
-0.100118
-0.101771
-0.103207
-0.104421
-0.105405
-0.106154
-0.106663
-0.106924
-0.106934
-0.106686
-0.106175
-0.105398
-0.10435
-0.103028
-0.101431
-0.0995605
-0.0974186
-0.0950117
-0.092349
-0.0894437
-0.086313
-0.0829781
-0.0794643
-0.096713
-0.0983433
-0.0997694
-0.100984
-0.10198
-0.102752
-0.103294
-0.103599
-0.103662
-0.103479
-0.103043
-0.102351
-0.1014
-0.100187
-0.0987104
-0.0969719
-0.0949743
-0.0927234
-0.0902279
-0.0875
-0.0845554
-0.0814135
-0.0780974
-0.0934482
-0.0950521
-0.0964634
-0.0976744
-0.0986781
-0.0994682
-0.100038
-0.100383
-0.100496
-0.100373
-0.100008
-0.0993971
-0.0985386
-0.0974294
-0.0960685
-0.0944568
-0.0925974
-0.0904958
-0.0881601
-0.0856016
-0.0828346
-0.0798769
-0.0767494
-0.0903232
-0.0918972
-0.0932898
-0.0944932
-0.0955003
-0.0963045
-0.0968994
-0.097279
-0.0974376
-0.0973701
-0.0970717
-0.0965385
-0.0957679
-0.0947577
-0.093507
-0.0920164
-0.090289
-0.0883299
-0.0861467
-0.0837496
-0.0811519
-0.0783697
-0.075422
-0.0873371
-0.088878
-0.0902486
-0.0914409
-0.0924476
-0.0932619
-0.0938775
-0.0942882
-0.0944883
-0.0944725
-0.0942364
-0.0937762
-0.093089
-0.0921729
-0.0910268
-0.0896517
-0.08805
-0.0862267
-0.0841886
-0.0819453
-0.0795086
-0.0768935
-0.0741171
-0.0844887
-0.0859941
-0.0873398
-0.0885177
-0.0895206
-0.0903415
-0.090974
-0.0914118
-0.0916494
-0.0916814
-0.0915033
-0.0911114
-0.090503
-0.0896759
-0.0886292
-0.0873636
-0.0858815
-0.0841872
-0.0822872
-0.0801899
-0.0779063
-0.07545
-0.0728365
-0.0817766
-0.0832443
-0.0845627
-0.0857236
-0.0867195
-0.0875437
-0.0881896
-0.088651
-0.0889221
-0.0889977
-0.0888735
-0.0885454
-0.088011
-0.0872679
-0.0863152
-0.0851533
-0.0837845
-0.0822126
-0.0804434
-0.0784847
-0.0763465
-0.0740408
-0.0715821
-0.079199
-0.0806275
-0.0819166
-0.083058
-0.0840444
-0.0848689
-0.0855249
-0.0860063
-0.0863072
-0.0864226
-0.0863479
-0.0860793
-0.0856142
-0.08495
-0.0840858
-0.0830219
-0.0817602
-0.0803041
-0.0786588
-0.0768313
-0.0748307
-0.0726679
-0.0703559
-0.0767541
-0.0781423
-0.0794004
-0.0805204
-0.0814949
-0.082317
-0.0829802
-0.0834783
-0.0838056
-0.0839569
-0.0839276
-0.083714
-0.0833135
-0.0827233
-0.0819422
-0.0809705
-0.0798098
-0.0784629
-0.0769346
-0.0752311
-0.0733606
-0.0713329
-0.0691599
-0.0744398
-0.0757871
-0.0770131
-0.07811
-0.0790705
-0.0798879
-0.0805555
-0.0810674
-0.0814177
-0.0816012
-0.0816134
-0.0814501
-0.0811099
-0.0805887
-0.0798855
-0.0790003
-0.0779345
-0.0766905
-0.0752724
-0.0736858
-0.0719379
-0.0700379
-0.0679962
-0.0722541
-0.0735601
-0.0747532
-0.0758258
-0.0767707
-0.0775813
-0.0782509
-0.0787737
-0.0791438
-0.0793563
-0.0794066
-0.0792909
-0.0790044
-0.0785471
-0.0779167
-0.0771126
-0.0761356
-0.0749881
-0.0736735
-0.0721969
-0.0705646
-0.0687847
-0.066867
-0.0701948
-0.0714596
-0.0726194
-0.0736668
-0.0745948
-0.0753967
-0.0760662
-0.0765973
-0.0769844
-0.0772223
-0.0773066
-0.0772329
-0.0769979
-0.0765997
-0.0760369
-0.0753084
-0.0744146
-0.0733574
-0.0721398
-0.0707662
-0.0692424
-0.0675756
-0.0657744
-0.0682598
-0.0694838
-0.0706102
-0.0716318
-0.0725418
-0.0733336
-0.0740011
-0.0745382
-0.0749395
-0.0751998
-0.0753145
-0.0752795
-0.0750914
-0.074748
-0.0742476
-0.0735892
-0.0727728
-0.0717998
-0.0706729
-0.0693957
-0.0679735
-0.0664126
-0.0647207
-0.066447
-0.0676309
-0.0687242
-0.0697198
-0.0706111
-0.0713916
-0.0720554
-0.0725965
-0.0730095
-0.0732892
-0.0734311
-0.0734311
-0.0732858
-0.0729927
-0.07255
-0.0719564
-0.0712118
-0.0703172
-0.0692746
-0.0680873
-0.0667599
-0.065298
-0.0637085
-0.0647546
-0.0658995
-0.0669601
-0.0679297
-0.0688018
-0.0695702
-0.0702289
-0.0707722
-0.0711946
-0.0714912
-0.0716573
-0.0716888
-0.0715823
-0.0713352
-0.0709454
-0.0704116
-0.0697333
-0.0689111
-0.0679468
-0.066843
-0.0656038
-0.064234
-0.06274
-0.0631807
-0.0642878
-0.0653166
-0.0662605
-0.0671133
-0.0678689
-0.0685215
-0.0690654
-0.0694953
-0.0698062
-0.0699936
-0.0700534
-0.069982
-0.0697767
-0.0694354
-0.0689563
-0.068339
-0.0675837
-0.0666916
-0.0656651
-0.0645075
-0.0632233
-0.0618178
-0.0617237
-0.0627946
-0.0637927
-0.0647115
-0.0655451
-0.0662876
-0.0669332
-0.0674764
-0.067912
-0.0682351
-0.0684412
-0.068526
-0.0684862
-0.0683188
-0.0680214
-0.0675924
-0.0670309
-0.0663369
-0.0655113
-0.0645559
-0.0634736
-0.0622683
-0.0609448
-0.0603824
-0.0614189
-0.0623875
-0.0632822
-0.064097
-0.0648262
-0.0654642
-0.0660057
-0.0664455
-0.0667788
-0.067001
-0.067108
-0.0670963
-0.066963
-0.0667055
-0.0663219
-0.0658112
-0.0651731
-0.0644082
-0.0635179
-0.0625046
-0.0613718
-0.0601236
-0.0591558
-0.0601599
-0.0611007
-0.0619722
-0.0627687
-0.0634848
-0.0641149
-0.0646539
-0.0650966
-0.0654382
-0.0656744
-0.0658009
-0.0658142
-0.0657113
-0.0654895
-0.0651469
-0.0646821
-0.0640947
-0.0633849
-0.0625538
-0.0616034
-0.0605366
-0.0593572
-0.0580432
-0.0590172
-0.0599319
-0.0607816
-0.0615608
-0.0622641
-0.0628863
-0.0634221
-0.0638666
-0.064215
-0.0644631
-0.0646065
-0.0646418
-0.0645659
-0.0643759
-0.0640699
-0.0636463
-0.0631044
-0.0624442
-0.0616666
-0.060773
-0.059766
-0.0586489
-0.0570446
-0.0579909
-0.0588815
-0.059711
-0.0604739
-0.0611651
-0.0617794
-0.0623117
-0.0627571
-0.063111
-0.0633691
-0.0635271
-0.0635816
-0.0635293
-0.0633674
-0.0630937
-0.0627067
-0.0622053
-0.0615894
-0.0608594
-0.0600166
-0.0590631
-0.0580018
-0.0561603
-0.0570817
-0.0579505
-0.0587614
-0.0595094
-0.0601893
-0.060796
-0.0613246
-0.0617703
-0.0621285
-0.0623949
-0.0625654
-0.0626364
-0.0626045
-0.0624671
-0.0622217
-0.0618666
-0.0614009
-0.0608238
-0.0601358
-0.0593378
-0.0584315
-0.0574196
-0.0553915
-0.0562908
-0.0571401
-0.0579346
-0.0586691
-0.0593387
-0.0599384
-0.0604634
-0.0609089
-0.0612704
-0.0615437
-0.0617246
-0.0618097
-0.0617951
-0.0616784
-0.0614573
-0.0611299
-0.0606948
-0.0601514
-0.0594997
-0.0587404
-0.0578751
-0.056906
-0.0547399
-0.0556202
-0.0564528
-0.057233
-0.0579558
-0.0586163
-0.0592098
-0.0597313
-0.0601763
-0.0605403
-0.0608191
-0.0610085
-0.0611048
-0.0611048
-0.0610057
-0.060805
-0.0605007
-0.0600914
-0.0595763
-0.0589553
-0.0582288
-0.0573982
-0.0564653
-0.0542084
-0.0550729
-0.0558917
-0.05666
-0.057373
-0.058026
-0.058614
-0.0591325
-0.0595769
-0.0599427
-0.0602257
-0.0604218
-0.0605273
-0.0605389
-0.0604539
-0.0602696
-0.0599841
-0.0595957
-0.0591036
-0.0585075
-0.0578077
-0.0570052
-0.056102
-0.0538006
-0.0546529
-0.055461
-0.05622
-0.0569254
-0.0575724
-0.0581562
-0.0586722
-0.059116
-0.059483
-0.0597691
-0.0599702
-0.0600827
-0.0601031
-0.0600287
-0.0598569
-0.0595857
-0.0592133
-0.0587388
-0.0581617
-0.0574822
-0.0567014
-0.0558208
-0.0535216
-0.0543656
-0.0551662
-0.0559189
-0.056619
-0.0572617
-0.0578426
-0.0583569
-0.0588001
-0.0591679
-0.059456
-0.0596605
-0.0597777
-0.0598041
-0.0597369
-0.0595736
-0.0593121
-0.0589506
-0.058488
-0.0579239
-0.0572584
-0.0564924
-0.0556272
-0.0533779
-0.0542175
-0.0550143
-0.0557637
-0.056461
-0.0571016
-0.0576809
-0.0581943
-0.0586372
-0.0590054
-0.0592946
-0.0595008
-0.0596204
-0.0596498
-0.0595864
-0.0594274
-0.0591708
-0.0588149
-0.0583585
-0.0578011
-0.0571428
-0.0563843
-0.0555272
-0.0533208
-0.0541578
-0.0549519
-0.0556987
-0.0563934
-0.0570315
-0.0576084
-0.0581195
-0.0585604
-0.0589268
-0.0592146
-0.0594198
-0.0595388
-0.0595682
-0.0595051
-0.0593472
-0.0590923
-0.0587387
-0.0582853
-0.0577315
-0.0570774
-0.0563238
-0.0534645
-0.0543058
-0.0551037
-0.0558537
-0.056551
-0.0571912
-0.0577696
-0.0582815
-0.0587227
-0.0590886
-0.0593753
-0.0595787
-0.0596952
-0.0597216
-0.0596548
-0.0594925
-0.0592326
-0.0588734
-0.0584139
-0.0578535
-0.0571924
-0.0564313
-0.0537434
-0.054593
-0.0553982
-0.0561544
-0.056857
-0.0575012
-0.0580823
-0.0585959
-0.0590374
-0.0594024
-0.0596869
-0.0598868
-0.0599986
-0.0600188
-0.0599447
-0.0597739
-0.0595044
-0.0591344
-0.058663
-0.0580898
-0.0574149
-0.0566393
-0.0541513
-0.0550128
-0.0558286
-0.0565939
-0.0573039
-0.0579538
-0.058539
-0.0590548
-0.0594967
-0.0598602
-0.0601414
-0.0603361
-0.0604407
-0.060452
-0.0603671
-0.0601838
-0.0599
-0.0595142
-0.0590254
-0.0584333
-0.0577384
-0.0569415
-0.0546829
-0.05556
-0.0563894
-0.0571662
-0.0578857
-0.0585429
-0.0591332
-0.0596517
-0.0600939
-0.0604554
-0.0607319
-0.0609197
-0.0610149
-0.0610143
-0.0609153
-0.0607155
-0.060413
-0.0600063
-0.0594948
-0.0588781
-0.0581569
-0.0573323
-0.0553346
-0.0562304
-0.0570762
-0.0578671
-0.0585979
-0.0592638
-0.0598599
-0.0603814
-0.0608237
-0.0611823
-0.0614531
-0.061632
-0.0617155
-0.0617
-0.0615833
-0.0613631
-0.0610375
-0.0606052
-0.0600656
-0.0594187
-0.0586652
-0.0578066
-0.0561038
-0.0570213
-0.0578862
-0.0586931
-0.0594369
-0.0601126
-0.0607152
-0.0612398
-0.0616818
-0.0620366
-0.0623001
-0.0624683
-0.062538
-0.0625042
-0.0623664
-0.0621218
-0.0617686
-0.0613058
-0.0607329
-0.0600501
-0.0592585
-0.0583597
-0.0569885
-0.0579307
-0.0588169
-0.0596418
-0.0604001
-0.0610865
-0.0616961
-0.0622237
-0.0626648
-0.0630146
-0.063269
-0.0634239
-0.0634755
-0.0634223
-0.06326
-0.062987
-0.0626019
-0.0621037
-0.0614923
-0.0607682
-0.0599325
-0.0589873
-0.0579879
-0.0589573
-0.059867
-0.0607116
-0.0614855
-0.0621834
-0.0628001
-0.0633306
-0.0637699
-0.0641135
-0.0643571
-0.0644968
-0.0645292
-0.0644514
-0.0642607
-0.0639552
-0.0635335
-0.062995
-0.0623399
-0.0615688
-0.0606832
-0.0596857
-0.0591015
-0.0601005
-0.0610357
-0.0619014
-0.062692
-0.0634019
-0.0640257
-0.0645584
-0.0649951
-0.065331
-0.0655618
-0.0656838
-0.0656935
-0.0655881
-0.0653651
-0.0650228
-0.0645599
-0.0639762
-0.063272
-0.0624483
-0.061507
-0.060451
-0.0603295
-0.0613603
-0.0623228
-0.0632109
-0.0640188
-0.0647409
-0.0653717
-0.0659059
-0.0663386
-0.066665
-0.0668809
-0.0669825
-0.0669663
-0.0668298
-0.0665705
-0.0661869
-0.0656782
-0.0650441
-0.0642853
-0.0634034
-0.0624005
-0.06128
-0.0616727
-0.0627373
-0.0637285
-0.06464
-0.0654658
-0.0662
-0.0668372
-0.067372
-0.0677992
-0.0681142
-0.0683127
-0.0683909
-0.0683455
-0.068174
-0.0678743
-0.067445
-0.0668853
-0.0661956
-0.0653769
-0.064431
-0.0633606
-0.0621695
-0.0631321
-0.0642322
-0.0652533
-0.0661889
-0.0670329
-0.0677791
-0.068422
-0.068956
-0.069376
-0.0696773
-0.0698557
-0.0699074
-0.0698292
-0.0696188
-0.0692743
-0.0687944
-0.0681789
-0.0674283
-0.0665439
-0.0655282
-0.0643843
-0.0631164
-0.0647092
-0.0658463
-0.0668983
-0.0678585
-0.0687206
-0.0694782
-0.0701257
-0.0706574
-0.0710683
-0.0713535
-0.0715088
-0.0715306
-0.0714159
-0.0711623
-0.0707684
-0.0702331
-0.0695565
-0.0687394
-0.0677837
-0.0666922
-0.0654687
-0.0641178
-0.0664055
-0.0675809
-0.0686646
-0.0696497
-0.0705295
-0.0712977
-0.0719485
-0.0724762
-0.0728756
-0.0731419
-0.073271
-0.0732593
-0.0731039
-0.0728028
-0.0723547
-0.0717589
-0.0710158
-0.0701267
-0.0690938
-0.0679206
-0.0666112
-0.0651712
-0.0682232
-0.0694378
-0.0705536
-0.0715634
-0.0724604
-0.0732382
-0.0738907
-0.0744122
-0.0747975
-0.075042
-0.0751414
-0.0750923
-0.074892
-0.0745388
-0.0740315
-0.07337
-0.0725548
-0.0715878
-0.0704718
-0.0692107
-0.0678093
-0.0662738
-0.0701642
-0.0714187
-0.0725668
-0.0736009
-0.0745142
-0.0753001
-0.0759524
-0.0764654
-0.0768339
-0.0770532
-0.0771192
-0.0770286
-0.0767789
-0.0763686
-0.0757971
-0.0750644
-0.0741715
-0.0731206
-0.0719154
-0.0705602
-0.0690605
-0.067423
-0.0722307
-0.0735256
-0.0747058
-0.0757636
-0.076692
-0.0774842
-0.0781341
-0.0786359
-0.0789844
-0.0791749
-0.0792037
-0.0790673
-0.0787634
-0.0782911
-0.07765
-0.0768403
-0.0758637
-0.074723
-0.0734224
-0.0719667
-0.0703623
-0.0686166
-0.0744252
-0.0757604
-0.0769722
-0.0780527
-0.0789946
-0.0797912
-0.0804363
-0.0809239
-0.0812489
-0.0814068
-0.0813939
-0.0812072
-0.0808443
-0.0803049
-0.0795885
-0.0786959
-0.0776296
-0.0763929
-0.0749905
-0.073428
-0.0717124
-0.0698519
-0.0767499
-0.0781252
-0.0793678
-0.0804696
-0.0814232
-0.0822218
-0.0828591
-0.0833293
-0.0836272
-0.0837484
-0.0836891
-0.0834468
-0.0830204
-0.0824082
-0.0816107
-0.0806294
-0.0794673
-0.0781283
-0.0766176
-0.0749418
-0.0731085
-0.0711268
-0.0792073
-0.080622
-0.0818941
-0.0830155
-0.0839785
-0.0847765
-0.0854029
-0.0858521
-0.0861189
-0.0861991
-0.086089
-0.0857865
-0.0852903
-0.0845996
-0.0837151
-0.082639
-0.0813747
-0.0799269
-0.0783016
-0.0765058
-0.0745483
-0.0724388
-0.0817995
-0.0832526
-0.0845527
-0.0856915
-0.0866615
-0.0874558
-0.088068
-0.0884923
-0.0887239
-0.0887583
-0.0885925
-0.0882243
-0.0876528
-0.0868777
-0.0859002
-0.0847229
-0.0833501
-0.0817869
-0.0800402
-0.0781179
-0.0760295
-0.0737857
-0.0845287
-0.0860187
-0.0873448
-0.0884987
-0.0894727
-0.09026
-0.0908542
-0.0912497
-0.0914414
-0.0914254
-0.0911986
-0.090759
-0.0901064
-0.0892409
-0.0881641
-0.0868793
-0.0853912
-0.0837061
-0.0818313
-0.0797758
-0.07755
-0.0751654
-0.087397
-0.088922
-0.0902718
-0.0914379
-0.0924127
-0.0931894
-0.0937616
-0.0941237
-0.0942709
-0.0941993
-0.0939061
-0.0933896
-0.0926498
-0.0916876
-0.090505
-0.0891061
-0.0874962
-0.0856823
-0.0836727
-0.0814774
-0.0791074
-0.0765755
-0.0904062
-0.0919639
-0.0933346
-0.0945097
-0.0954817
-0.0962438
-0.0967897
-0.0971139
-0.0972116
-0.0970791
-0.0967138
-0.0961144
-0.0952814
-0.0942161
-0.0929212
-0.0914014
-0.0896628
-0.0877133
-0.0855622
-0.0832202
-0.0806996
-0.0780139
-0.0935578
-0.0951455
-0.0965338
-0.0977144
-0.0986797
-0.0994231
-0.0999381
-0.100219
-0.100263
-0.100064
-0.0996207
-0.0989322
-0.0979995
-0.0968246
-0.0954107
-0.0937631
-0.0918889
-0.089797
-0.0874975
-0.0850022
-0.0823242
-0.0794783
-0.0968531
-0.0984674
-0.0998699
-0.101052
-0.102007
-0.102727
-0.103206
-0.103439
-0.103422
-0.103152
-0.102625
-0.101841
-0.100803
-0.0995112
-0.0979713
-0.0961889
-0.0941723
-0.0919309
-0.0894762
-0.0868209
-0.0839791
-0.0809667
-0.100293
-0.10193
-0.103343
-0.104522
-0.105462
-0.106154
-0.106592
-0.106773
-0.10669
-0.106341
-0.105724
-0.10484
-0.103689
-0.102274
-0.100601
-0.0986768
-0.0965105
-0.0941128
-0.091496
-0.088674
-0.085662
-0.0824768
-0.103878
-0.105534
-0.106952
-0.108125
-0.109044
-0.109703
-0.110096
-0.110218
-0.110064
-0.109631
-0.108918
-0.107926
-0.106655
-0.10511
-0.103297
-0.101224
-0.0989012
-0.0963402
-0.0935545
-0.0905591
-0.0873705
-0.0840065
-0.107608
-0.109278
-0.110698
-0.111858
-0.112752
-0.113373
-0.113716
-0.113773
-0.113542
-0.11302
-0.112204
-0.111097
-0.1097
-0.108018
-0.106058
-0.103829
-0.101342
-0.0986104
-0.095649
-0.0924738
-0.0891024
-0.0855536
-0.111482
-0.113162
-0.114578
-0.115721
-0.116585
-0.117163
-0.117449
-0.117437
-0.117123
-0.116505
-0.11558
-0.114352
-0.112821
-0.110995
-0.10888
-0.106488
-0.10383
-0.100921
-0.097777
-0.0944156
-0.0908553
-0.087116
-0.1155
-0.117184
-0.11859
-0.119711
-0.12054
-0.12107
-0.121294
-0.121207
-0.120805
-0.120084
-0.119044
-0.117687
-0.116016
-0.114038
-0.111761
-0.109198
-0.106362
-0.103269
-0.0999359
-0.0963819
-0.0926268
-0.0886914
-0.11966
-0.121342
-0.122734
-0.123827
-0.124615
-0.125091
-0.125249
-0.125081
-0.124584
-0.123755
-0.122593
-0.121101
-0.119283
-0.117145
-0.114699
-0.111958
-0.108936
-0.105651
-0.102123
-0.0983702
-0.0944146
-0.0902779
-0.12396
-0.125634
-0.127005
-0.128066
-0.128808
-0.129225
-0.12931
-0.129056
-0.128459
-0.127516
-0.126225
-0.124591
-0.122618
-0.120314
-0.117691
-0.114763
-0.111549
-0.108066
-0.104335
-0.100378
-0.0962161
-0.0918731
-0.128396
-0.130056
-0.131401
-0.132424
-0.133115
-0.133468
-0.133476
-0.13313
-0.132427
-0.131363
-0.129938
-0.128154
-0.126018
-0.12354
-0.120732
-0.117611
-0.114197
-0.110508
-0.106569
-0.102401
-0.0980289
-0.093475
-0.132965
-0.134605
-0.135919
-0.136897
-0.137533
-0.137817
-0.137742
-0.1373
-0.136485
-0.135294
-0.133728
-0.131788
-0.129482
-0.126822
-0.123821
-0.120499
-0.116877
-0.112976
-0.108822
-0.104439
-0.0998505
-0.0950814
-0.137662
-0.139277
-0.140553
-0.141482
-0.142057
-0.142268
-0.142106
-0.141562
-0.140631
-0.139307
-0.137593
-0.13549
-0.133006
-0.130155
-0.126954
-0.123423
-0.119586
-0.115466
-0.111092
-0.106487
-0.101678
-0.0966901
-0.142484
-0.144066
-0.145299
-0.146175
-0.146685
-0.146818
-0.146564
-0.145915
-0.144861
-0.143399
-0.14153
-0.139256
-0.136587
-0.133538
-0.130128
-0.12638
-0.12232
-0.117975
-0.113374
-0.108543
-0.10351
-0.098299
-0.147423
-0.148966
-0.150151
-0.150969
-0.15141
-0.151462
-0.151114
-0.150353
-0.149172
-0.147567
-0.145536
-0.143084
-0.140222
-0.136966
-0.133339
-0.129366
-0.125076
-0.120498
-0.115665
-0.110604
-0.105342
-0.0999059
-0.152474
-0.153973
-0.155105
-0.155861
-0.15623
-0.156197
-0.155749
-0.154875
-0.153563
-0.151807
-0.149608
-0.146971
-0.143908
-0.140437
-0.136584
-0.132377
-0.127849
-0.123033
-0.117962
-0.112666
-0.107173
-0.101509
-0.15763
-0.159078
-0.160153
-0.160844
-0.161137
-0.161018
-0.160469
-0.159476
-0.158028
-0.156118
-0.153745
-0.150914
-0.147641
-0.143947
-0.139858
-0.13541
-0.130636
-0.125575
-0.120261
-0.114726
-0.108999
-0.103106
-0.162882
-0.164276
-0.16529
-0.165913
-0.166129
-0.16592
-0.165267
-0.164154
-0.162566
-0.160496
-0.157942
-0.154911
-0.151419
-0.147492
-0.143159
-0.13846
-0.133434
-0.12812
-0.122558
-0.116781
-0.110819
-0.104694
-0.168224
-0.169558
-0.170508
-0.171061
-0.171199
-0.170899
-0.170141
-0.168905
-0.167174
-0.164939
-0.162198
-0.158958
-0.155239
-0.151068
-0.146483
-0.141524
-0.136236
-0.130665
-0.12485
-0.118828
-0.112628
-0.106272
-0.173645
-0.174916
-0.175801
-0.176283
-0.176341
-0.175951
-0.175087
-0.173726
-0.171849
-0.169444
-0.166509
-0.163052
-0.159096
-0.154673
-0.149824
-0.144596
-0.139039
-0.133203
-0.127132
-0.120863
-0.114424
-0.107837
-0.179138
-0.180343
-0.18116
-0.181572
-0.181551
-0.18107
-0.1801
-0.178613
-0.176587
-0.174008
-0.170871
-0.167189
-0.162987
-0.158301
-0.153178
-0.147671
-0.141838
-0.135731
-0.129399
-0.12288
-0.116203
-0.109386
-0.184692
-0.185828
-0.186578
-0.186919
-0.186821
-0.186251
-0.185174
-0.183561
-0.181384
-0.178624
-0.17528
-0.171364
-0.166905
-0.161945
-0.156537
-0.150742
-0.144624
-0.138241
-0.131645
-0.124875
-0.11796
-0.110916
-0.190295
-0.191361
-0.192043
-0.192314
-0.19214
-0.191482
-0.1903
-0.18856
-0.18623
-0.183286
-0.179726
-0.175567
-0.170841
-0.165596
-0.159892
-0.153799
-0.147388
-0.140723
-0.133861
-0.126841
-0.11969
-0.112421
-0.195932
-0.196926
-0.197539
-0.197742
-0.197493
-0.196749
-0.195463
-0.193594
-0.19111
-0.187976
-0.184193
-0.179783
-0.174779
-0.169238
-0.163229
-0.156829
-0.150118
-0.143167
-0.136036
-0.128767
-0.121383
-0.113894
-0.201579
-0.202497
-0.203041
-0.203175
-0.202853
-0.202024
-0.200636
-0.198639
-0.195995
-0.192667
-0.188657
-0.183987
-0.178698
-0.172851
-0.166527
-0.159812
-0.152795
-0.145556
-0.138156
-0.13064
-0.123029
-0.115326
-0.207198
-0.208035
-0.208506
-0.208569
-0.208175
-0.207262
-0.205774
-0.203655
-0.200843
-0.197319
-0.193079
-0.188144
-0.182561
-0.176403
-0.169757
-0.162723
-0.155398
-0.147869
-0.140203
-0.132445
-0.124612
-0.116703
-0.212728
-0.213476
-0.213868
-0.213859
-0.21339
-0.212395
-0.210808
-0.208564
-0.205591
-0.201872
-0.197402
-0.192202
-0.186325
-0.179853
-0.172885
-0.16553
-0.157898
-0.150082
-0.142154
-0.134161
-0.126115
-0.11801
-0.109818
-0.21808
-0.218726
-0.219031
-0.218946
-0.218404
-0.217329
-0.215644
-0.213279
-0.210155
-0.206251
-0.201557
-0.196098
-0.189933
-0.183152
-0.175867
-0.168198
-0.160263
-0.152167
-0.143987
-0.135767
-0.127519
-0.119228
-0.110858
-0.223128
-0.223661
-0.223873
-0.223709
-0.223095
-0.22195
-0.220182
-0.217699
-0.214439
-0.210366
-0.205465
-0.199763
-0.193325
-0.18625
-0.178661
-0.170689
-0.162465
-0.1541
-0.145677
-0.137242
-0.128804
-0.120339
-0.111804
-0.22773
-0.22814
-0.228256
-0.228016
-0.227339
-0.226133
-0.224295
-0.221719
-0.218349
-0.214131
-0.209048
-0.203129
-0.196444
-0.189099
-0.181227
-0.172973
-0.164476
-0.155858
-0.147206
-0.138569
-0.129952
-0.121326
-0.112639
-0.231745
-0.232034
-0.232059
-0.231754
-0.231028
-0.229777
-0.227889
-0.225257
-0.221806
-0.217475
-0.212244
-0.206143
-0.199244
-0.191661
-0.183537
-0.175026
-0.166279
-0.157427
-0.148563
-0.139738
-0.130954
-0.122178
-0.113349
-0.235076
-0.235255
-0.235204
-0.23485
-0.234097
-0.232827
-0.230917
-0.228259
-0.22476
-0.220353
-0.215014
-0.20877
-0.201698
-0.193916
-0.185575
-0.176838
-0.167868
-0.158803
-0.149744
-0.140744
-0.131804
-0.122888
-0.113927
-0.237696
-0.237786
-0.237678
-0.237295
-0.236537
-0.235271
-0.233369
-0.230712
-0.227198
-0.222752
-0.217345
-0.211002
-0.203799
-0.19586
-0.18734
-0.178412
-0.169248
-0.159993
-0.150756
-0.141592
-0.132506
-0.123456
-0.11437
-0.239662
-0.239686
-0.239541
-0.239142
-0.238389
-0.237145
-0.23528
-0.232652
-0.229153
-0.224702
-0.219266
-0.212864
-0.205573
-0.197517
-0.188857
-0.179774
-0.170444
-0.161022
-0.151623
-0.142308
-0.133082
-0.123902
-0.114694
-0.241098
-0.241077
-0.240914
-0.240518
-0.239775
-0.23855
-0.236748
-0.234171
-0.230714
-0.226287
-0.220854
-0.214428
-0.207085
-0.198949
-0.190185
-0.180975
-0.171506
-0.161938
-0.152391
-0.142933
-0.133571
-0.124264
-0.114936
-0.242085
-0.242032
-0.241866
-0.241497
-0.240835
-0.239718
-0.237862
-0.235309
-0.231889
-0.227492
-0.222076
-0.215648
-0.20828
-0.200094
-0.191256
-0.181952
-0.172369
-0.162676
-0.152997
-0.143405
-0.133911
-0.124478
-0.115028
-0.242289
-0.242185
-0.241972
-0.241548
-0.240815
-0.239592
-0.23781
-0.235272
-0.231868
-0.227494
-0.222106
-0.215709
-0.20837
-0.200205
-0.191376
-0.182065
-0.172459
-0.162723
-0.152984
-0.143318
-0.13374
-0.124218
-0.24246
-0.242327
-0.242084
-0.241629
-0.240864
-0.23962
-0.237791
-0.235214
-0.231771
-0.22736
-0.221935
-0.215505
-0.208135
-0.199944
-0.191092
-0.181761
-0.172136
-0.162381
-0.152623
-0.142934
-0.133332
-0.123783
-0.242675
-0.242607
-0.242456
-0.242194
-0.241714
-0.240922
-0.239655
-0.23777
-0.235142
-0.231647
-0.22718
-0.221702
-0.21522
-0.207805
-0.199576
-0.190694
-0.18134
-0.171697
-0.16193
-0.15216
-0.142459
-0.132841
-0.123272
-0.242801
-0.242721
-0.242553
-0.242274
-0.241772
-0.240954
-0.239668
-0.237735
-0.235066
-0.231529
-0.227019
-0.221499
-0.214978
-0.207529
-0.199272
-0.190367
-0.180996
-0.171339
-0.161559
-0.151776
-0.14206
-0.132423
-0.122832
-0.242907
-0.242814
-0.242628
-0.242331
-0.241806
-0.240959
-0.239564
-0.237677
-0.23497
-0.231395
-0.226848
-0.221293
-0.214741
-0.207266
-0.198987
-0.190065
-0.18068
-0.171012
-0.16122
-0.151423
-0.141689
-0.132031
-0.122413
-0.242997
-0.242889
-0.242685
-0.242368
-0.241818
-0.240942
-0.239537
-0.237596
-0.234851
-0.23124
-0.226657
-0.221071
-0.214491
-0.206993
-0.198696
-0.189761
-0.180364
-0.170686
-0.160883
-0.151072
-0.141319
-0.131637
-0.121992
-0.243069
-0.242947
-0.242723
-0.242386
-0.24181
-0.240905
-0.239484
-0.237495
-0.234712
-0.231067
-0.226451
-0.220835
-0.214231
-0.206714
-0.198403
-0.189456
-0.180052
-0.170365
-0.160551
-0.150725
-0.140953
-0.131247
-0.121572
-0.243125
-0.242987
-0.242744
-0.242385
-0.241783
-0.240848
-0.2394
-0.237373
-0.234554
-0.230877
-0.226231
-0.220589
-0.213965
-0.206433
-0.198111
-0.189157
-0.179746
-0.170053
-0.160229
-0.150388
-0.140596
-0.130862
-0.121156
-0.243164
-0.243011
-0.242747
-0.242366
-0.241737
-0.240771
-0.239293
-0.23723
-0.234378
-0.23067
-0.225997
-0.220334
-0.213693
-0.20615
-0.197821
-0.188864
-0.17945
-0.169751
-0.159918
-0.150062
-0.140248
-0.130485
-0.120745
-0.243188
-0.243019
-0.242733
-0.242329
-0.241672
-0.240676
-0.239167
-0.237068
-0.234184
-0.230448
-0.225751
-0.220069
-0.213416
-0.205866
-0.197535
-0.188577
-0.179163
-0.16946
-0.159619
-0.149748
-0.139909
-0.130116
-0.120339
-0.243197
-0.243012
-0.242704
-0.242275
-0.241589
-0.240562
-0.239022
-0.236888
-0.233974
-0.230212
-0.225493
-0.219797
-0.213135
-0.205582
-0.197253
-0.188298
-0.178886
-0.169182
-0.159332
-0.149445
-0.139582
-0.129756
-0.119941
-0.243193
-0.242991
-0.242659
-0.242205
-0.241489
-0.24043
-0.238859
-0.236691
-0.233747
-0.229961
-0.225225
-0.219517
-0.212851
-0.2053
-0.196976
-0.188028
-0.17862
-0.168917
-0.15906
-0.149155
-0.139266
-0.129406
-0.119549
-0.243176
-0.242956
-0.2426
-0.24212
-0.241373
-0.240282
-0.238678
-0.236477
-0.233506
-0.229698
-0.224946
-0.219231
-0.212565
-0.20502
-0.196705
-0.187767
-0.178368
-0.168665
-0.158802
-0.14888
-0.138963
-0.129066
-0.119165
-0.243147
-0.242909
-0.242527
-0.242019
-0.241241
-0.240117
-0.238482
-0.236247
-0.233251
-0.229424
-0.224659
-0.21894
-0.212278
-0.204743
-0.196442
-0.187518
-0.178128
-0.16843
-0.158559
-0.14862
-0.138674
-0.128737
-0.11879
-0.243106
-0.242849
-0.242441
-0.241905
-0.241095
-0.239937
-0.238269
-0.236002
-0.232983
-0.229138
-0.224364
-0.218646
-0.211991
-0.20447
-0.196187
-0.18728
-0.177904
-0.16821
-0.158334
-0.148377
-0.1384
-0.128421
-0.118426
-0.243342
-0.243055
-0.242778
-0.242343
-0.241777
-0.240934
-0.239742
-0.238042
-0.235743
-0.232702
-0.228843
-0.224063
-0.218348
-0.211706
-0.204203
-0.195941
-0.187055
-0.177695
-0.168008
-0.158127
-0.148151
-0.138142
-0.12812
-0.118072
-0.2433
-0.242993
-0.242697
-0.242232
-0.241638
-0.240759
-0.239534
-0.237802
-0.235472
-0.232411
-0.228539
-0.223756
-0.218048
-0.211422
-0.203942
-0.195706
-0.186845
-0.177503
-0.167825
-0.157939
-0.147944
-0.137901
-0.127833
-0.117731
-0.24325
-0.242922
-0.242604
-0.242112
-0.241485
-0.240573
-0.239313
-0.237549
-0.235187
-0.23211
-0.228227
-0.223445
-0.217748
-0.211142
-0.203689
-0.195483
-0.186649
-0.177329
-0.167661
-0.157772
-0.147757
-0.137679
-0.127562
-0.117403
-0.243192
-0.242843
-0.242502
-0.241981
-0.241322
-0.240375
-0.23908
-0.237284
-0.234864
-0.231801
-0.227909
-0.22313
-0.217448
-0.210866
-0.203445
-0.195272
-0.18647
-0.177174
-0.167519
-0.157627
-0.147592
-0.137476
-0.127308
-0.117089
-0.243127
-0.242756
-0.242392
-0.241841
-0.24115
-0.240166
-0.238836
-0.237009
-0.234572
-0.231485
-0.227586
-0.222813
-0.217149
-0.210596
-0.20321
-0.195075
-0.186308
-0.177039
-0.167398
-0.157504
-0.147448
-0.137294
-0.127073
-0.11679
-0.243056
-0.242662
-0.242274
-0.241692
-0.240968
-0.239947
-0.238582
-0.236724
-0.234283
-0.231162
-0.227258
-0.222495
-0.216853
-0.210332
-0.202986
-0.194893
-0.186165
-0.176926
-0.167301
-0.157405
-0.147328
-0.137135
-0.126858
-0.116509
-0.242979
-0.242562
-0.24215
-0.241535
-0.240777
-0.23972
-0.23832
-0.236431
-0.233973
-0.230833
-0.226928
-0.222177
-0.21656
-0.210076
-0.202773
-0.194726
-0.186041
-0.176834
-0.167228
-0.157331
-0.147233
-0.136998
-0.126664
-0.116245
-0.242897
-0.242457
-0.242019
-0.241372
-0.24058
-0.239485
-0.23805
-0.236131
-0.233652
-0.2305
-0.226595
-0.22186
-0.216272
-0.209829
-0.202574
-0.194577
-0.185937
-0.176767
-0.16718
-0.157283
-0.147164
-0.136886
-0.126491
-0.116001
-0.242812
-0.242347
-0.241883
-0.241203
-0.240375
-0.239243
-0.237774
-0.235825
-0.233326
-0.230163
-0.226262
-0.221545
-0.21599
-0.209591
-0.202388
-0.194445
-0.185855
-0.176723
-0.167158
-0.157263
-0.147121
-0.1368
-0.126343
-0.115777
-0.242723
-0.242234
-0.241743
-0.241029
-0.240166
-0.238996
-0.237491
-0.235514
-0.232997
-0.229824
-0.225929
-0.221234
-0.215715
-0.209364
-0.202217
-0.194332
-0.185795
-0.176704
-0.167164
-0.157271
-0.147107
-0.13674
-0.126218
-0.115575
-0.242632
-0.242118
-0.2416
-0.240852
-0.239952
-0.238744
-0.237205
-0.2352
-0.232665
-0.229483
-0.225597
-0.220927
-0.215448
-0.209149
-0.202062
-0.194238
-0.185758
-0.176712
-0.167197
-0.157308
-0.147122
-0.136709
-0.12612
-0.115395
-0.24254
-0.242001
-0.241454
-0.240671
-0.239734
-0.238488
-0.236915
-0.234884
-0.232338
-0.229144
-0.225268
-0.220625
-0.21519
-0.208946
-0.201923
-0.194165
-0.185745
-0.176747
-0.16726
-0.157374
-0.147166
-0.136705
-0.126048
-0.115239
-0.242447
-0.241882
-0.241307
-0.240488
-0.239514
-0.238231
-0.236623
-0.234566
-0.232021
-0.228805
-0.224943
-0.220331
-0.214941
-0.208758
-0.201802
-0.194113
-0.185757
-0.176809
-0.167352
-0.157472
-0.147241
-0.136732
-0.126003
-0.115107
-0.242355
-0.241763
-0.241159
-0.240304
-0.239293
-0.237971
-0.23633
-0.234247
-0.231664
-0.22847
-0.224623
-0.220044
-0.214704
-0.208583
-0.201699
-0.194083
-0.185794
-0.176899
-0.167474
-0.1576
-0.147348
-0.136789
-0.125987
-0.115002
-0.242265
-0.241646
-0.241012
-0.240121
-0.239072
-0.237712
-0.236037
-0.23393
-0.231334
-0.228138
-0.224309
-0.219765
-0.214478
-0.208424
-0.201615
-0.194076
-0.185856
-0.177017
-0.167627
-0.157761
-0.147486
-0.136877
-0.126
-0.114927
-0.242176
-0.24153
-0.240866
-0.239938
-0.238852
-0.237454
-0.235746
-0.233613
-0.231005
-0.227811
-0.224002
-0.219497
-0.214266
-0.208281
-0.20155
-0.194092
-0.185946
-0.177165
-0.167811
-0.157953
-0.147656
-0.136996
-0.126046
-0.242091
-0.241417
-0.240722
-0.239757
-0.238633
-0.237198
-0.235457
-0.2333
-0.230678
-0.227491
-0.223703
-0.219239
-0.214067
-0.208155
-0.201506
-0.194131
-0.186061
-0.177342
-0.168026
-0.158178
-0.147859
-0.137148
-0.126125
-0.242009
-0.241308
-0.240581
-0.23958
-0.238417
-0.236944
-0.235171
-0.23299
-0.230356
-0.227177
-0.223413
-0.218993
-0.213882
-0.208047
-0.201482
-0.194194
-0.186204
-0.177548
-0.168273
-0.158436
-0.148095
-0.137334
-0.126222
-0.241932
-0.241203
-0.240444
-0.239406
-0.238205
-0.236695
-0.23489
-0.232686
-0.230042
-0.226871
-0.223133
-0.218759
-0.213712
-0.207956
-0.20148
-0.194281
-0.186373
-0.177784
-0.16855
-0.158725
-0.148363
-0.137554
-0.126342
-0.24186
-0.241103
-0.240313
-0.239237
-0.237998
-0.236451
-0.234615
-0.232389
-0.229736
-0.226575
-0.222864
-0.218538
-0.213558
-0.207883
-0.201498
-0.194392
-0.186569
-0.178048
-0.168858
-0.159046
-0.148663
-0.137795
-0.126512
-0.241795
-0.241009
-0.240186
-0.239074
-0.237797
-0.236213
-0.234346
-0.2321
-0.229438
-0.226288
-0.222607
-0.218331
-0.21342
-0.207829
-0.201538
-0.194527
-0.186792
-0.178341
-0.169196
-0.159399
-0.148997
-0.138068
-0.12671
-0.241735
-0.240921
-0.240066
-0.238917
-0.237602
-0.235982
-0.234084
-0.231819
-0.229149
-0.226012
-0.222362
-0.218138
-0.213298
-0.207795
-0.201599
-0.194686
-0.18704
-0.178662
-0.169564
-0.159782
-0.149363
-0.13838
-0.126934
-0.241683
-0.240841
-0.239953
-0.238767
-0.237414
-0.235758
-0.233831
-0.231543
-0.228872
-0.225747
-0.22213
-0.21796
-0.213193
-0.207779
-0.201682
-0.194868
-0.187315
-0.179011
-0.16996
-0.160195
-0.149754
-0.13872
-0.127188
-0.241639
-0.240768
-0.239848
-0.238625
-0.237235
-0.235544
-0.233587
-0.231281
-0.228605
-0.225495
-0.221912
-0.217798
-0.213106
-0.207782
-0.201785
-0.195073
-0.187614
-0.179385
-0.170384
-0.160636
-0.150179
-0.139087
-0.127471
-0.241603
-0.240704
-0.239751
-0.238491
-0.237064
-0.235338
-0.233353
-0.23103
-0.22835
-0.225255
-0.221709
-0.217651
-0.213035
-0.207804
-0.201909
-0.195301
-0.187936
-0.179785
-0.170834
-0.161104
-0.15063
-0.139483
-0.127781
)
;

boundaryField
{
    inlet
    {
        type            zeroGradient;
    }
    outlet
    {
        type            fixedValue;
        value           nonuniform 0();
    }
    cylinder
    {
        type            zeroGradient;
    }
    top
    {
        type            symmetryPlane;
    }
    bottom
    {
        type            symmetryPlane;
    }
    frontAndBack
    {
        type            empty;
    }
    procBoundary5to4
    {
        type            processor;
        value           nonuniform List<scalar> 
204
(
-0.242099
-0.242102
-0.242114
-0.242134
-0.242164
-0.242202
-0.242248
-0.242303
-0.242365
-0.242435
-0.242511
-0.242593
-0.24268
-0.242772
-0.242868
-0.242966
-0.243066
-0.243167
-0.243268
-0.243368
-0.243465
-0.243559
-0.243649
-0.243732
-0.24381
-0.242968
-0.242968
-0.24303
-0.243084
-0.243129
-0.243162
-0.243184
-0.243191
-0.243184
-0.243161
-0.24312
-0.243059
-0.24298
-0.241792
-0.241792
-0.241699
-0.241529
-0.241242
-0.239978
-0.238228
-0.235936
-0.232988
-0.229349
-0.225068
-0.220257
-0.215061
-0.209618
-0.204039
-0.198403
-0.192762
-0.187145
-0.181572
-0.176056
-0.170607
-0.165234
-0.159944
-0.154746
-0.149648
-0.144656
-0.139778
-0.135019
-0.130386
-0.125882
-0.121513
-0.117281
-0.113189
-0.10924
-0.105434
-0.101773
-0.0982578
-0.094887
-0.0916603
-0.0885767
-0.0856347
-0.0828326
-0.0801683
-0.0776396
-0.0752442
-0.0729796
-0.0708433
-0.0688329
-0.0669458
-0.0651797
-0.0635325
-0.0620019
-0.0605863
-0.0592841
-0.058094
-0.0570154
-0.0560478
-0.0551915
-0.0544473
-0.0538169
-0.0533028
-0.0529085
-0.0526389
-0.0524999
-0.0524454
-0.0525844
-0.0528541
-0.0532486
-0.053763
-0.0543938
-0.0551386
-0.0559957
-0.0569644
-0.0580445
-0.0592364
-0.0605411
-0.0619597
-0.0634939
-0.0651458
-0.0669174
-0.0688111
-0.0708294
-0.072975
-0.0752507
-0.0776589
-0.0802026
-0.0828842
-0.0857063
-0.088671
-0.0917806
-0.0950366
-0.0984406
-0.101993
-0.105696
-0.109548
-0.113548
-0.117697
-0.121991
-0.126428
-0.131005
-0.135718
-0.140562
-0.145531
-0.150618
-0.155817
-0.16112
-0.166517
-0.172
-0.17756
-0.183185
-0.188863
-0.19458
-0.200312
-0.206023
-0.211657
-0.217128
-0.222313
-0.227066
-0.231236
-0.234713
-0.237458
-0.23952
-0.241025
-0.242061
-0.242311
-0.242511
-0.242511
-0.242732
-0.242874
-0.242998
-0.243105
-0.243194
-0.243266
-0.243322
-0.243364
-0.243391
-0.243404
-0.243405
-0.243395
-0.243373
-0.243373
-0.243474
-0.243442
-0.243402
-0.243354
-0.243299
-0.243239
-0.243173
-0.243103
-0.24303
-0.242954
-0.242877
-0.242799
-0.242722
-0.242645
-0.242571
-0.242499
-0.242432
-0.242368
-0.24231
-0.242258
-0.242212
-0.242174
-0.242143
-0.24212
-0.242105
)
;
    }
    procBoundary5to6
    {
        type            processor;
        value           nonuniform List<scalar> 
205
(
-0.115909
-0.116164
-0.116443
-0.116747
-0.117073
-0.11742
-0.117787
-0.118173
-0.118577
-0.118997
-0.118997
-0.105846
-0.106195
-0.106561
-0.106942
-0.10734
-0.107751
-0.108177
-0.108615
-0.109066
-0.10953
-0.110004
-0.11049
-0.110987
-0.111494
-0.11201
-0.112537
-0.113072
-0.113616
-0.114168
-0.114728
-0.115295
-0.11587
-0.116451
-0.117039
-0.117632
-0.118225
-0.118816
-0.119447
-0.120181
-0.120746
-0.120746
-0.106174
-0.105908
-0.10552
-0.10509
-0.104593
-0.104023
-0.103384
-0.10268
-0.101916
-0.101097
-0.10023
-0.0993203
-0.0983737
-0.0973949
-0.0963876
-0.095355
-0.0942996
-0.0932236
-0.0921288
-0.0910171
-0.0898901
-0.0887495
-0.087597
-0.0864343
-0.0852631
-0.0840851
-0.0829022
-0.081716
-0.0805283
-0.079341
-0.078156
-0.0769751
-0.0758001
-0.0746331
-0.073476
-0.0723307
-0.0711994
-0.0700841
-0.0689868
-0.0679098
-0.0668552
-0.0658253
-0.0648224
-0.0638488
-0.0629071
-0.0619996
-0.061129
-0.0602978
-0.059509
-0.0587654
-0.0580699
-0.0574259
-0.0568365
-0.0563053
-0.0558362
-0.0554331
-0.0551004
-0.0548427
-0.0546653
-0.0545735
-0.055472
-0.0555716
-0.0557644
-0.0560444
-0.0564062
-0.0568449
-0.057356
-0.0579354
-0.0585792
-0.0592838
-0.0600458
-0.0608621
-0.0617296
-0.0626454
-0.0636067
-0.064611
-0.0656555
-0.066738
-0.0678558
-0.0690067
-0.0701884
-0.0713986
-0.072635
-0.0738955
-0.075178
-0.0764804
-0.0778005
-0.0791364
-0.080486
-0.0818474
-0.0832186
-0.0845977
-0.0859828
-0.0873721
-0.0887637
-0.0901559
-0.091547
-0.0929353
-0.0943191
-0.095697
-0.0970674
-0.0984287
-0.0997796
-0.101118
-0.102443
-0.10375
-0.105037
-0.106297
-0.107521
-0.1087
-0.1087
-0.101513
-0.102374
-0.103154
-0.103834
-0.104403
-0.10485
-0.10517
-0.105376
-0.105502
-0.10548
-0.114681
-0.114681
-0.114216
-0.113682
-0.113215
-0.112768
-0.112317
-0.111864
-0.111413
-0.110965
-0.110521
-0.110081
-0.109645
-0.109216
-0.108792
-0.108376
-0.107968
-0.107569
-0.10718
-0.106803
-0.106438
-0.106087
-0.10575
-0.10543
-0.105126
-0.104841
-0.104575
-0.104329
-0.104104
-0.103902
-0.103735
-0.114883
-0.114883
-0.114841
-0.114842
-0.114881
-0.114945
-0.115035
-0.115154
-0.115302
-0.115477
-0.11568
)
;
    }
}


// ************************************************************************* //
