/*--------------------------------*- C++ -*----------------------------------*\
  =========                 |
  \\      /  F ield         | OpenFOAM: The Open Source CFD Toolbox
   \\    /   O peration     | Website:  https://openfoam.org
    \\  /    A nd           | Version:  7
     \\/     M anipulation  |
\*---------------------------------------------------------------------------*/
FoamFile
{
    version     2.0;
    format      ascii;
    class       volScalarField;
    location    "120";
    object      p;
}
// * * * * * * * * * * * * * * * * * * * * * * * * * * * * * * * * * * * * * //

dimensions      [0 2 -2 0 0 0 0];

internalField   nonuniform List<scalar> 
7156
(
-0.388621
-0.389252
-0.389639
-0.389943
-0.387308
-0.38809
-0.388564
-0.388938
-0.385999
-0.386932
-0.387492
-0.387937
-0.384706
-0.385788
-0.386432
-0.386945
-0.383436
-0.384665
-0.385391
-0.385973
-0.3822
-0.383572
-0.38438
-0.385027
-0.381007
-0.382519
-0.383405
-0.384116
-0.379867
-0.381514
-0.382475
-0.383248
-0.378789
-0.380566
-0.381599
-0.382431
-0.377783
-0.379683
-0.380785
-0.381674
-0.376858
-0.378873
-0.380041
-0.380983
-0.376022
-0.378146
-0.379374
-0.380367
-0.375283
-0.377507
-0.378792
-0.379832
-0.374649
-0.376964
-0.3783
-0.379384
-0.380281
-0.374126
-0.376523
-0.377906
-0.37903
-0.379962
-0.373722
-0.376191
-0.377615
-0.378775
-0.379739
-0.373441
-0.375971
-0.377431
-0.378622
-0.379616
-0.373289
-0.375869
-0.377359
-0.378578
-0.379598
-0.373269
-0.375888
-0.377402
-0.378644
-0.379686
-0.373385
-0.376031
-0.377562
-0.378823
-0.379885
-0.373638
-0.376299
-0.377842
-0.379116
-0.380194
-0.381091
-0.37403
-0.376694
-0.378242
-0.379524
-0.380614
-0.381525
-0.37456
-0.377214
-0.378761
-0.380048
-0.381145
-0.382068
-0.375228
-0.37786
-0.379399
-0.380684
-0.381786
-0.382717
-0.376032
-0.37863
-0.380154
-0.381433
-0.382535
-0.383471
-0.384284
-0.376969
-0.37952
-0.381024
-0.382291
-0.383388
-0.384327
-0.385145
-0.378034
-0.380527
-0.382003
-0.383254
-0.384343
-0.38528
-0.386102
-0.379224
-0.381647
-0.383089
-0.384317
-0.385394
-0.386327
-0.38715
-0.380532
-0.382874
-0.384276
-0.385477
-0.386537
-0.387461
-0.388282
-0.389014
-0.381952
-0.384202
-0.385558
-0.386727
-0.387765
-0.388678
-0.389494
-0.390225
-0.383477
-0.385626
-0.386929
-0.388061
-0.389073
-0.389969
-0.390777
-0.391504
-0.385099
-0.387138
-0.388382
-0.389472
-0.390453
-0.39133
-0.392125
-0.392846
-0.38681
-0.38873
-0.389911
-0.390953
-0.391899
-0.392751
-0.39353
-0.39424
-0.394873
-0.388602
-0.390395
-0.391508
-0.392497
-0.393403
-0.394226
-0.394984
-0.39568
-0.396302
-0.390465
-0.392126
-0.393165
-0.394097
-0.394958
-0.395747
-0.39648
-0.397157
-0.397764
-0.392391
-0.393913
-0.394875
-0.395745
-0.396556
-0.397306
-0.398009
-0.398662
-0.39925
-0.399746
-0.394371
-0.395751
-0.396631
-0.397435
-0.39819
-0.398896
-0.399563
-0.400187
-0.40075
-0.401224
-0.396396
-0.39763
-0.398426
-0.399158
-0.399853
-0.40051
-0.401135
-0.401723
-0.402256
-0.402702
-0.398458
-0.399545
-0.400252
-0.400909
-0.401539
-0.402141
-0.402719
-0.403265
-0.40376
-0.404171
-0.404457
-0.40055
-0.401487
-0.402104
-0.402682
-0.403242
-0.403782
-0.404306
-0.404804
-0.405255
-0.405625
-0.40587
-0.402663
-0.403452
-0.403975
-0.404471
-0.404956
-0.405429
-0.405893
-0.406335
-0.406734
-0.407055
-0.407252
-0.407269
-0.404792
-0.405433
-0.405861
-0.406271
-0.406676
-0.407077
-0.407473
-0.407853
-0.408192
-0.408456
-0.408598
-0.408558
-0.406932
-0.407426
-0.407757
-0.408078
-0.408399
-0.408721
-0.409043
-0.409353
-0.409625
-0.409824
-0.409901
-0.409797
-0.40944
-0.409076
-0.409426
-0.40966
-0.409888
-0.41012
-0.410358
-0.410599
-0.410831
-0.411029
-0.411154
-0.411159
-0.410982
-0.41055
-0.411222
-0.411431
-0.411567
-0.4117
-0.411839
-0.411986
-0.41214
-0.412287
-0.412401
-0.412445
-0.412368
-0.41211
-0.411597
-0.413367
-0.413439
-0.413476
-0.413511
-0.413552
-0.413605
-0.413665
-0.413719
-0.413742
-0.413695
-0.41353
-0.413182
-0.412578
-0.411629
-0.415509
-0.415447
-0.415386
-0.415321
-0.415261
-0.415212
-0.415172
-0.415127
-0.415051
-0.414906
-0.414643
-0.414198
-0.413495
-0.412447
-0.417648
-0.417457
-0.417297
-0.41713
-0.416965
-0.416811
-0.416664
-0.416512
-0.41633
-0.41608
-0.415711
-0.415161
-0.414352
-0.413197
-0.411593
-0.419784
-0.419469
-0.41921
-0.418939
-0.418666
-0.4184
-0.418141
-0.417876
-0.417581
-0.417218
-0.416737
-0.416073
-0.415152
-0.413883
-0.412165
-0.421919
-0.421484
-0.421126
-0.42075
-0.420365
-0.419984
-0.419608
-0.419224
-0.418809
-0.418326
-0.417725
-0.416942
-0.415901
-0.414512
-0.412674
-0.410274
-0.424057
-0.423504
-0.423048
-0.422565
-0.422065
-0.421566
-0.421066
-0.420558
-0.420017
-0.419408
-0.418681
-0.417772
-0.416605
-0.41509
-0.413126
-0.410602
-0.407402
-0.426199
-0.425534
-0.424979
-0.424387
-0.423771
-0.423148
-0.422522
-0.421883
-0.421211
-0.420471
-0.419612
-0.418571
-0.417272
-0.415626
-0.41353
-0.410877
-0.407552
-0.428352
-0.427577
-0.426924
-0.426222
-0.425485
-0.424737
-0.423979
-0.423207
-0.422399
-0.421521
-0.420524
-0.419347
-0.41791
-0.416126
-0.413893
-0.411104
-0.407649
-0.403423
-0.430521
-0.429637
-0.428886
-0.428072
-0.427214
-0.426336
-0.425444
-0.424533
-0.423585
-0.422565
-0.421427
-0.420107
-0.418528
-0.4166
-0.414224
-0.411293
-0.407701
-0.403348
-0.432711
-0.431721
-0.43087
-0.429944
-0.428962
-0.427952
-0.426923
-0.42587
-0.424777
-0.423613
-0.422328
-0.42086
-0.419133
-0.417056
-0.41453
-0.41145
-0.407711
-0.403221
-0.39791
-0.434928
-0.433833
-0.432883
-0.431843
-0.430735
-0.429591
-0.428421
-0.427224
-0.425984
-0.42467
-0.423234
-0.421615
-0.419734
-0.417502
-0.414819
-0.411581
-0.407686
-0.403045
-0.397596
-0.391317
-0.437181
-0.435979
-0.434929
-0.433774
-0.432538
-0.431259
-0.429947
-0.428602
-0.427212
-0.425745
-0.424156
-0.42238
-0.42034
-0.417946
-0.415098
-0.411692
-0.407629
-0.402823
-0.397217
-0.390792
-0.439475
-0.438166
-0.437014
-0.435743
-0.434379
-0.432962
-0.431505
-0.430012
-0.428469
-0.426847
-0.425099
-0.423163
-0.420959
-0.418395
-0.415373
-0.411789
-0.407544
-0.402557
-0.396774
-0.390177
-0.382828
-0.441819
-0.440401
-0.439146
-0.437756
-0.436262
-0.434706
-0.433104
-0.43146
-0.429762
-0.427982
-0.426073
-0.423971
-0.421596
-0.418856
-0.41565
-0.411876
-0.407436
-0.402251
-0.396269
-0.389476
-0.381925
-0.373611
-0.444219
-0.442689
-0.441329
-0.43982
-0.438194
-0.436498
-0.434749
-0.432953
-0.431099
-0.429158
-0.427084
-0.424811
-0.422259
-0.419334
-0.415934
-0.411956
-0.407306
-0.401905
-0.395706
-0.388693
-0.380915
-0.372363
-0.363501
-0.446683
-0.445037
-0.44357
-0.44194
-0.440181
-0.438344
-0.436447
-0.434497
-0.432485
-0.430381
-0.428138
-0.425689
-0.422953
-0.419833
-0.416227
-0.412032
-0.407156
-0.401522
-0.395085
-0.387833
-0.379809
-0.371004
-0.36182
-0.449217
-0.447451
-0.445874
-0.444121
-0.442228
-0.440249
-0.438204
-0.4361
-0.433928
-0.431658
-0.429241
-0.426611
-0.423681
-0.420356
-0.416532
-0.412106
-0.406987
-0.401103
-0.394411
-0.386902
-0.378618
-0.369551
-0.360055
-0.348987
-0.451829
-0.449936
-0.448247
-0.44637
-0.444342
-0.44222
-0.440025
-0.437766
-0.435432
-0.432993
-0.430399
-0.42758
-0.424449
-0.420907
-0.416851
-0.412179
-0.406801
-0.400649
-0.393685
-0.385905
-0.37735
-0.368019
-0.358226
-0.346981
-0.338368
-0.454523
-0.452498
-0.450694
-0.44869
-0.446526
-0.444261
-0.441916
-0.4395
-0.437002
-0.434391
-0.431614
-0.428599
-0.425257
-0.421487
-0.417185
-0.41225
-0.406596
-0.40016
-0.39291
-0.384847
-0.376014
-0.366421
-0.356348
-0.344947
-0.335792
-0.457306
-0.455142
-0.45322
-0.451087
-0.448785
-0.446376
-0.443881
-0.441307
-0.438643
-0.435856
-0.43289
-0.429671
-0.426106
-0.422095
-0.417532
-0.412318
-0.406372
-0.399637
-0.392088
-0.383732
-0.374619
-0.364767
-0.354433
-0.342895
-0.333284
-0.460182
-0.457872
-0.455829
-0.453566
-0.451125
-0.44857
-0.445923
-0.44319
-0.440358
-0.43739
-0.434229
-0.430796
-0.426998
-0.422731
-0.41789
-0.412382
-0.406128
-0.399079
-0.391219
-0.382565
-0.37317
-0.363066
-0.35249
-0.34083
-0.330836
-0.463156
-0.460692
-0.458524
-0.456128
-0.453547
-0.450847
-0.448047
-0.445153
-0.442149
-0.438995
-0.435631
-0.431974
-0.42793
-0.423392
-0.418259
-0.412439
-0.405861
-0.398486
-0.390306
-0.381348
-0.371673
-0.361324
-0.350523
-0.338756
-0.328443
-0.46623
-0.463605
-0.461309
-0.458778
-0.456055
-0.453208
-0.450255
-0.447197
-0.444017
-0.440672
-0.437096
-0.433205
-0.4289
-0.424076
-0.418633
-0.412485
-0.405569
-0.397856
-0.389348
-0.380083
-0.370131
-0.359546
-0.348538
-0.336674
-0.326094
-0.469407
-0.466613
-0.464185
-0.461518
-0.458652
-0.455657
-0.452548
-0.449324
-0.445964
-0.44242
-0.438624
-0.434485
-0.429905
-0.424779
-0.41901
-0.412518
-0.40525
-0.397187
-0.388346
-0.378773
-0.368548
-0.357736
-0.346535
-0.334584
-0.323782
-0.472688
-0.469718
-0.467155
-0.464349
-0.461339
-0.458195
-0.454928
-0.451535
-0.447989
-0.444239
-0.440211
-0.435812
-0.430942
-0.425496
-0.419383
-0.412532
-0.404899
-0.396479
-0.387299
-0.37742
-0.366927
-0.355895
-0.344516
-0.332484
-0.321497
-0.476075
-0.472921
-0.47022
-0.467273
-0.464117
-0.460822
-0.457395
-0.453829
-0.450092
-0.446126
-0.441855
-0.437181
-0.432004
-0.426222
-0.419749
-0.412522
-0.404513
-0.395728
-0.386207
-0.376022
-0.365267
-0.354026
-0.34248
-0.330374
-0.319231
-0.479567
-0.476222
-0.47338
-0.47029
-0.466987
-0.463539
-0.459949
-0.456205
-0.452269
-0.448079
-0.443551
-0.438587
-0.433086
-0.426949
-0.420099
-0.412484
-0.404088
-0.394931
-0.385069
-0.374581
-0.36357
-0.352127
-0.340425
-0.32825
-0.316974
-0.483163
-0.47962
-0.476634
-0.4734
-0.469948
-0.466345
-0.462589
-0.458662
-0.454519
-0.450093
-0.445294
-0.440024
-0.43418
-0.427672
-0.420428
-0.412412
-0.403619
-0.394087
-0.383882
-0.373095
-0.361836
-0.350199
-0.33835
-0.326108
-0.314718
-0.486861
-0.483114
-0.479982
-0.476601
-0.472999
-0.469239
-0.465313
-0.461196
-0.456838
-0.452162
-0.447078
-0.441484
-0.43528
-0.428381
-0.420729
-0.412299
-0.403103
-0.393192
-0.382645
-0.371565
-0.360063
-0.348239
-0.336252
-0.323947
-0.312457
-0.490659
-0.486702
-0.483421
-0.479893
-0.476138
-0.472218
-0.468118
-0.463804
-0.459219
-0.454282
-0.448896
-0.442959
-0.436376
-0.42907
-0.420995
-0.412139
-0.402533
-0.392242
-0.381357
-0.369987
-0.35825
-0.346247
-0.334128
-0.321761
-0.310182
-0.494552
-0.49038
-0.486949
-0.483271
-0.479362
-0.47528
-0.471
-0.466481
-0.461659
-0.456445
-0.45074
-0.444442
-0.437461
-0.42973
-0.421216
-0.411927
-0.401906
-0.391234
-0.380014
-0.368361
-0.356395
-0.344219
-0.331974
-0.319547
-0.307887
-0.498537
-0.494145
-0.490562
-0.486734
-0.482669
-0.47842
-0.473954
-0.469222
-0.464149
-0.458642
-0.4526
-0.445921
-0.438523
-0.430351
-0.421387
-0.411655
-0.401217
-0.390165
-0.378613
-0.366683
-0.354495
-0.342153
-0.329788
-0.317301
-0.305567
-0.502607
-0.497991
-0.494256
-0.490277
-0.486053
-0.481634
-0.476976
-0.472019
-0.466682
-0.460866
-0.454466
-0.447387
-0.439554
-0.430925
-0.421499
-0.411317
-0.400459
-0.38903
-0.377152
-0.364951
-0.352549
-0.340046
-0.327565
-0.315019
-0.303214
-0.506755
-0.501914
-0.498025
-0.493893
-0.48951
-0.484916
-0.480057
-0.474865
-0.469249
-0.463106
-0.456329
-0.44883
-0.440542
-0.431441
-0.421543
-0.410907
-0.399628
-0.387825
-0.375627
-0.363162
-0.350552
-0.337894
-0.3253
-0.312697
-0.300824
-0.510976
-0.505906
-0.501863
-0.497579
-0.493033
-0.488259
-0.483192
-0.477752
-0.471841
-0.465351
-0.458177
-0.450237
-0.441477
-0.43189
-0.421511
-0.410418
-0.398719
-0.386546
-0.374034
-0.361313
-0.348501
-0.335693
-0.322991
-0.31033
-0.298392
-0.51526
-0.50996
-0.505764
-0.501326
-0.496615
-0.491655
-0.486371
-0.480669
-0.474446
-0.467589
-0.459998
-0.451596
-0.442349
-0.432263
-0.421396
-0.409842
-0.397727
-0.385189
-0.37237
-0.3594
-0.346393
-0.33344
-0.320632
-0.307914
-0.295912
-0.519598
-0.514068
-0.509718
-0.505127
-0.500248
-0.495097
-0.489584
-0.483607
-0.477053
-0.469809
-0.461778
-0.452897
-0.443144
-0.43255
-0.421188
-0.409174
-0.396645
-0.38375
-0.370631
-0.357419
-0.344223
-0.33113
-0.31822
-0.305445
-0.293381
-0.523979
-0.51822
-0.513719
-0.508973
-0.503923
-0.498573
-0.492821
-0.486552
-0.479649
-0.471996
-0.463506
-0.454125
-0.443853
-0.43274
-0.42088
-0.408407
-0.395469
-0.382222
-0.368812
-0.355366
-0.341988
-0.328759
-0.31575
-0.30292
-0.290793
-0.528394
-0.522406
-0.517754
-0.512854
-0.50763
-0.502074
-0.49607
-0.489493
-0.48222
-0.474138
-0.465166
-0.455269
-0.444464
-0.432824
-0.420464
-0.407533
-0.394193
-0.380603
-0.366909
-0.353236
-0.339682
-0.326322
-0.313218
-0.300332
-0.288144
-0.532828
-0.526614
-0.521813
-0.516759
-0.511356
-0.505587
-0.499318
-0.492416
-0.484753
-0.47622
-0.466746
-0.456315
-0.444965
-0.432792
-0.419932
-0.406548
-0.392811
-0.378886
-0.364918
-0.351026
-0.337302
-0.323816
-0.310618
-0.297679
-0.28543
-0.525885
-0.520676
-0.515091
-0.509099
-0.502551
-0.495305
-0.487231
-0.478225
-0.468231
-0.45725
-0.445346
-0.432635
-0.419275
-0.405443
-0.391318
-0.377067
-0.362833
-0.34873
-0.334843
-0.321234
-0.307948
-0.294956
-0.282647
-0.51882
-0.512595
-0.505753
-0.498145
-0.489639
-0.480138
-0.469604
-0.45806
-0.445593
-0.432343
-0.418486
-0.404213
-0.389709
-0.375141
-0.36065
-0.346343
-0.3323
-0.318574
-0.305201
-0.292158
-0.279791
-0.50092
-0.49196
-0.481945
-0.470853
-0.458733
-0.445696
-0.431906
-0.417557
-0.40285
-0.387977
-0.373103
-0.358364
-0.343862
-0.329668
-0.31583
-0.302374
-0.289283
-0.276858
-0.471963
-0.459256
-0.445645
-0.431316
-0.416481
-0.401349
-0.386116
-0.370947
-0.35597
-0.341281
-0.326943
-0.312997
-0.299462
-0.286324
-0.273845
-0.430564
-0.415249
-0.399703
-0.384122
-0.368668
-0.353462
-0.338594
-0.324119
-0.310071
-0.296461
-0.28328
-0.270747
-0.36626
-0.350837
-0.335798
-0.321192
-0.307047
-0.293367
-0.280144
-0.267561
-0.30392
-0.290175
-0.276915
-0.264283
-0.342971
-0.328746
-0.315075
-0.301941
-0.289486
-0.406999
-0.391004
-0.375416
-0.360307
-0.345718
-0.331664
-0.318137
-0.305118
-0.292788
-0.456063
-0.440297
-0.424373
-0.408507
-0.392867
-0.377579
-0.362723
-0.348347
-0.334472
-0.321098
-0.308201
-0.296002
-0.509766
-0.497759
-0.48466
-0.470635
-0.455903
-0.440706
-0.425284
-0.409851
-0.394582
-0.379606
-0.365014
-0.350861
-0.337174
-0.323962
-0.311194
-0.299133
-0.53426
-0.526116
-0.516989
-0.506768
-0.495422
-0.483004
-0.469649
-0.455549
-0.440931
-0.426024
-0.411038
-0.396151
-0.381501
-0.367185
-0.353265
-0.339776
-0.326733
-0.314101
-0.302183
-0.543036
-0.536592
-0.529599
-0.521876
-0.513258
-0.503623
-0.492918
-0.481168
-0.468477
-0.455012
-0.44098
-0.426597
-0.412071
-0.397581
-0.383269
-0.36924
-0.355563
-0.342281
-0.329415
-0.316926
-0.305158
-0.554662
-0.549267
-0.54367
-0.537778
-0.531573
-0.524891
-0.517564
-0.509427
-0.500352
-0.490265
-0.479166
-0.46713
-0.454299
-0.440858
-0.42701
-0.412956
-0.398875
-0.384913
-0.371183
-0.35776
-0.344693
-0.332013
-0.319673
-0.308061
-0.555762
-0.548926
-0.543679
-0.538235
-0.532525
-0.526547
-0.520157
-0.513199
-0.505516
-0.496972
-0.487479
-0.477012
-0.465621
-0.45342
-0.440573
-0.427267
-0.413696
-0.400036
-0.386438
-0.373017
-0.359859
-0.347017
-0.33453
-0.322347
-0.310896
-0.549807
-0.543213
-0.538118
-0.532827
-0.527293
-0.521529
-0.515412
-0.508801
-0.501543
-0.493502
-0.484575
-0.47472
-0.46396
-0.452384
-0.440131
-0.427374
-0.414296
-0.401069
-0.387846
-0.374748
-0.361864
-0.349256
-0.336971
-0.324951
-0.313667
-0.543886
-0.537537
-0.532597
-0.527459
-0.522096
-0.516536
-0.510675
-0.504385
-0.497525
-0.489957
-0.48157
-0.472304
-0.462159
-0.451199
-0.43954
-0.427336
-0.41476
-0.401978
-0.389142
-0.376377
-0.363779
-0.351414
-0.33934
-0.327489
-0.316378
-0.538013
-0.531911
-0.527128
-0.522144
-0.516948
-0.511582
-0.505959
-0.499969
-0.49348
-0.486355
-0.47848
-0.469779
-0.46023
-0.449875
-0.438806
-0.427159
-0.415091
-0.402764
-0.390327
-0.377908
-0.365607
-0.353495
-0.34164
-0.329966
-0.319034
-0.5322
-0.526348
-0.521724
-0.516894
-0.511861
-0.506679
-0.501281
-0.495569
-0.489424
-0.482714
-0.475321
-0.467157
-0.458185
-0.448421
-0.437937
-0.426847
-0.415295
-0.403433
-0.391406
-0.379344
-0.367351
-0.355503
-0.343875
-0.332386
-0.321638
-0.52646
-0.520858
-0.516395
-0.511719
-0.506846
-0.501841
-0.496653
-0.491199
-0.485372
-0.479048
-0.472107
-0.464455
-0.456036
-0.446847
-0.436939
-0.426406
-0.415374
-0.403985
-0.39238
-0.380687
-0.369013
-0.357439
-0.346048
-0.334751
-0.324195
-0.520803
-0.515452
-0.511151
-0.506629
-0.501913
-0.497079
-0.492087
-0.486873
-0.48134
-0.475373
-0.468855
-0.461684
-0.453794
-0.445164
-0.435821
-0.425841
-0.415332
-0.404424
-0.393251
-0.381939
-0.370598
-0.359308
-0.348165
-0.337067
-0.326709
-0.515238
-0.510137
-0.506001
-0.501633
-0.497072
-0.492401
-0.487595
-0.482602
-0.47734
-0.471703
-0.465577
-0.45886
-0.451473
-0.44338
-0.43459
-0.425157
-0.415173
-0.404753
-0.394022
-0.383103
-0.372105
-0.361112
-0.350226
-0.339337
-0.329185
-0.509774
-0.504923
-0.500951
-0.496738
-0.49233
-0.487817
-0.483186
-0.478399
-0.473386
-0.468051
-0.462289
-0.455994
-0.449084
-0.441507
-0.433254
-0.424361
-0.4149
-0.404972
-0.394693
-0.384179
-0.373538
-0.362853
-0.352236
-0.341564
-0.331627
-0.504418
-0.499815
-0.496008
-0.49195
-0.487694
-0.483333
-0.478868
-0.474271
-0.469487
-0.46443
-0.459002
-0.453101
-0.446638
-0.439553
-0.43182
-0.423456
-0.414517
-0.405085
-0.395266
-0.385168
-0.374896
-0.364534
-0.354197
-0.343752
-0.334039
-0.499177
-0.49482
-0.491178
-0.487275
-0.483168
-0.478956
-0.474648
-0.470228
-0.465653
-0.46085
-0.455729
-0.450192
-0.444148
-0.437529
-0.430297
-0.42245
-0.414027
-0.405094
-0.395742
-0.386071
-0.376182
-0.366155
-0.356112
-0.345904
-0.336427
-0.494056
-0.489942
-0.486465
-0.482717
-0.478759
-0.474691
-0.470532
-0.466277
-0.461894
-0.457322
-0.452481
-0.447278
-0.441624
-0.435445
-0.428692
-0.421348
-0.413433
-0.404999
-0.396121
-0.386888
-0.377396
-0.367717
-0.357983
-0.348023
-0.338797
-0.48906
-0.485186
-0.481873
-0.478279
-0.474468
-0.470542
-0.466525
-0.462424
-0.458217
-0.453855
-0.449267
-0.44437
-0.439077
-0.433311
-0.427014
-0.420156
-0.412741
-0.404804
-0.396404
-0.38762
-0.378536
-0.369223
-0.359811
-0.350112
-0.341152
-0.484193
-0.480556
-0.477406
-0.473965
-0.4703
-0.466511
-0.462631
-0.458674
-0.454628
-0.450455
-0.446097
-0.441479
-0.436518
-0.431136
-0.42527
-0.41888
-0.411953
-0.404509
-0.396592
-0.388264
-0.379604
-0.37067
-0.361599
-0.352174
-0.3435
-0.479458
-0.476053
-0.473066
-0.469777
-0.466256
-0.462602
-0.458853
-0.45503
-0.451132
-0.447131
-0.44298
-0.438613
-0.433955
-0.42893
-0.42347
-0.417527
-0.411075
-0.404117
-0.396683
-0.388822
-0.380598
-0.37206
-0.363348
-0.354212
-0.345847
-0.474857
-0.471681
-0.468853
-0.465716
-0.462337
-0.458814
-0.455191
-0.451495
-0.447732
-0.443887
-0.439921
-0.435781
-0.431399
-0.426702
-0.421621
-0.416103
-0.41011
-0.403631
-0.39668
-0.389291
-0.381516
-0.373392
-0.365058
-0.356227
-0.348198
-0.470392
-0.467441
-0.464771
-0.461783
-0.458544
-0.45515
-0.451648
-0.448071
-0.444432
-0.440727
-0.436928
-0.432991
-0.428857
-0.42446
-0.419732
-0.414615
-0.409063
-0.403052
-0.396582
-0.38967
-0.382357
-0.374664
-0.36673
-0.358222
-0.350563
-0.466065
-0.463334
-0.46082
-0.457978
-0.454877
-0.451609
-0.448224
-0.444758
-0.441235
-0.437655
-0.434004
-0.430248
-0.426337
-0.422213
-0.417811
-0.41307
-0.40794
-0.402385
-0.39639
-0.38996
-0.383119
-0.375873
-0.368363
-0.360198
-0.352949
-0.461877
-0.459362
-0.457
-0.454303
-0.451336
-0.448191
-0.444918
-0.441558
-0.43814
-0.434674
-0.431155
-0.427558
-0.423847
-0.419969
-0.415865
-0.411476
-0.406746
-0.401631
-0.396105
-0.390157
-0.383799
-0.377018
-0.369956
-0.362157
-0.355364
-0.45783
-0.455524
-0.453311
-0.450756
-0.447921
-0.444895
-0.441729
-0.43847
-0.435149
-0.431785
-0.428382
-0.424927
-0.421392
-0.417735
-0.413903
-0.40984
-0.405487
-0.400796
-0.395729
-0.390262
-0.384395
-0.378095
-0.371508
-0.364097
-0.357818
-0.453923
-0.451822
-0.449755
-0.447337
-0.444631
-0.44172
-0.438658
-0.435492
-0.432261
-0.428989
-0.425689
-0.422359
-0.418979
-0.415519
-0.411933
-0.408169
-0.40417
-0.399882
-0.395262
-0.390272
-0.384902
-0.379099
-0.373016
-0.36602
-0.36032
-0.450159
-0.448257
-0.446332
-0.444047
-0.441465
-0.438666
-0.435702
-0.432625
-0.429477
-0.426288
-0.423079
-0.419856
-0.416613
-0.413326
-0.409961
-0.406471
-0.402801
-0.398897
-0.394708
-0.390189
-0.385319
-0.380027
-0.374475
-0.367922
-0.36288
-0.446538
-0.444829
-0.44304
-0.440885
-0.438423
-0.435731
-0.432862
-0.429868
-0.426795
-0.42368
-0.420551
-0.417423
-0.414298
-0.411165
-0.407997
-0.404755
-0.401389
-0.397845
-0.394069
-0.390011
-0.385641
-0.380871
-0.375881
-0.369801
-0.365506
-0.443062
-0.441539
-0.439882
-0.437851
-0.435504
-0.432914
-0.430134
-0.427219
-0.424216
-0.421168
-0.418108
-0.415061
-0.412039
-0.409039
-0.406046
-0.403027
-0.39994
-0.396733
-0.393351
-0.389739
-0.385866
-0.381626
-0.377225
-0.371649
-0.439731
-0.438387
-0.436857
-0.434945
-0.432708
-0.430215
-0.42752
-0.424678
-0.421739
-0.41875
-0.415751
-0.412774
-0.40984
-0.406957
-0.404117
-0.401298
-0.398464
-0.395568
-0.392558
-0.389375
-0.38599
-0.382282
-0.378497
-0.436548
-0.435375
-0.433965
-0.432167
-0.430035
-0.427634
-0.425018
-0.422244
-0.419363
-0.416427
-0.413482
-0.410565
-0.407706
-0.404922
-0.402216
-0.399575
-0.39697
-0.394359
-0.391695
-0.388922
-0.38601
-0.382833
-0.433514
-0.432504
-0.431208
-0.429517
-0.427483
-0.425169
-0.422628
-0.419917
-0.41709
-0.414201
-0.411301
-0.408435
-0.40564
-0.402942
-0.400352
-0.397867
-0.395467
-0.393116
-0.390772
-0.388382
-0.385924
-0.383267
-0.430632
-0.429774
-0.428586
-0.426995
-0.425055
-0.422822
-0.42035
-0.417697
-0.414918
-0.412071
-0.409211
-0.406389
-0.403648
-0.401022
-0.398533
-0.396184
-0.393965
-0.391848
-0.389796
-0.387761
-0.385732
-0.427902
-0.427187
-0.426099
-0.424603
-0.422749
-0.420592
-0.418185
-0.415585
-0.41285
-0.410041
-0.407215
-0.404429
-0.401733
-0.399169
-0.396765
-0.394535
-0.392475
-0.390567
-0.388778
-0.387067
-0.425327
-0.424743
-0.423748
-0.422339
-0.420566
-0.418479
-0.416132
-0.413581
-0.410887
-0.40811
-0.405314
-0.402559
-0.399901
-0.397389
-0.395058
-0.39293
-0.39101
-0.389285
-0.38773
-0.38631
-0.422909
-0.422445
-0.421534
-0.420206
-0.418507
-0.416485
-0.414193
-0.411688
-0.409029
-0.406282
-0.403512
-0.400783
-0.398158
-0.395689
-0.39342
-0.39138
-0.389581
-0.388017
-0.386667
-0.420648
-0.420291
-0.419457
-0.418203
-0.416572
-0.41461
-0.412369
-0.409905
-0.40728
-0.40456
-0.401812
-0.399106
-0.396507
-0.394075
-0.39186
-0.389895
-0.388201
-0.386776
-0.418547
-0.418283
-0.417518
-0.416329
-0.414761
-0.412854
-0.41066
-0.408235
-0.405641
-0.402945
-0.400218
-0.397532
-0.394957
-0.392557
-0.390386
-0.388486
-0.386882
-0.385578
-0.416605
-0.416421
-0.415715
-0.414586
-0.413074
-0.411218
-0.409067
-0.406678
-0.404114
-0.401441
-0.398734
-0.396066
-0.393512
-0.391139
-0.389008
-0.387165
-0.385639
-0.414823
-0.414703
-0.41405
-0.412973
-0.411511
-0.409701
-0.407591
-0.405237
-0.4027
-0.40005
-0.397362
-0.394713
-0.392178
-0.389831
-0.387735
-0.385941
-0.384483
-0.413199
-0.413129
-0.412519
-0.411488
-0.410071
-0.408304
-0.406232
-0.40391
-0.401401
-0.398775
-0.396106
-0.393475
-0.390961
-0.388638
-0.386574
-0.384825
-0.411732
-0.411697
-0.411122
-0.410129
-0.408753
-0.407025
-0.404989
-0.4027
-0.400219
-0.397616
-0.394969
-0.392358
-0.389865
-0.387566
-0.385534
-0.41042
-0.410404
-0.409856
-0.408895
-0.407555
-0.405863
-0.403862
-0.401604
-0.399152
-0.396576
-0.393952
-0.391364
-0.388894
-0.386622
-0.384622
-0.409257
-0.409248
-0.408717
-0.407783
-0.406474
-0.404815
-0.402848
-0.400623
-0.398201
-0.395653
-0.393057
-0.390495
-0.388052
-0.385809
-0.408241
-0.408223
-0.407703
-0.40679
-0.405508
-0.40388
-0.401945
-0.399753
-0.397364
-0.394848
-0.392283
-0.389752
-0.38734
-0.385131
-0.407365
-0.407325
-0.406809
-0.405911
-0.404652
-0.403053
-0.401151
-0.398993
-0.396639
-0.394159
-0.39163
-0.389135
-0.38676
-0.406624
-0.406549
-0.40603
-0.405141
-0.403902
-0.40233
-0.400461
-0.398339
-0.396024
-0.393583
-0.391094
-0.388641
-0.386309
-0.406009
-0.405889
-0.405359
-0.404476
-0.403253
-0.401708
-0.399871
-0.397787
-0.395513
-0.393117
-0.390675
-0.38827
-0.405513
-0.405337
-0.404791
-0.40391
-0.402701
-0.40118
-0.399376
-0.397332
-0.395103
-0.392756
-0.390366
-0.388016
-0.405127
-0.404886
-0.40432
-0.403436
-0.402238
-0.400741
-0.398972
-0.396969
-0.394789
-0.392495
-0.390164
-0.387875
-0.404843
-0.404528
-0.403937
-0.403047
-0.401859
-0.400386
-0.398651
-0.396692
-0.394564
-0.392329
-0.390062
-0.404649
-0.404256
-0.403637
-0.402738
-0.401558
-0.400107
-0.398407
-0.396495
-0.394422
-0.392251
-0.390054
-0.404538
-0.40406
-0.40341
-0.4025
-0.401327
-0.399899
-0.398235
-0.396372
-0.394358
-0.392255
-0.404497
-0.403933
-0.403249
-0.402327
-0.401159
-0.399754
-0.398128
-0.396315
-0.394364
-0.392334
-0.404518
-0.403865
-0.403146
-0.402211
-0.401048
-0.399666
-0.398078
-0.396319
-0.394433
-0.39248
-0.404591
-0.403847
-0.403094
-0.402145
-0.400987
-0.399628
-0.39808
-0.396375
-0.394558
-0.404704
-0.403873
-0.403084
-0.402121
-0.400969
-0.399633
-0.398127
-0.396479
-0.394733
-0.404849
-0.403931
-0.403108
-0.402133
-0.400986
-0.399676
-0.398211
-0.396622
-0.394951
-0.405016
-0.404015
-0.40316
-0.402173
-0.401033
-0.399748
-0.398328
-0.396799
-0.405196
-0.404117
-0.403231
-0.402234
-0.401102
-0.399844
-0.398469
-0.397003
-0.40538
-0.404228
-0.403314
-0.402309
-0.401188
-0.399958
-0.398629
-0.397227
-0.405559
-0.40434
-0.403403
-0.402392
-0.401283
-0.400084
-0.398802
-0.397465
-0.405726
-0.404448
-0.40349
-0.402477
-0.401382
-0.400215
-0.398983
-0.405873
-0.404543
-0.403569
-0.402557
-0.401479
-0.400345
-0.399164
-0.405992
-0.404619
-0.403634
-0.402626
-0.401567
-0.40047
-0.39934
-0.406078
-0.40467
-0.403679
-0.40268
-0.401643
-0.400583
-0.406124
-0.40469
-0.403699
-0.402711
-0.4017
-0.400679
-0.406123
-0.404674
-0.403687
-0.402716
-0.401733
-0.400754
-0.406071
-0.404617
-0.403639
-0.402689
-0.401737
-0.400801
-0.405964
-0.404513
-0.403552
-0.402626
-0.401709
-0.400818
-0.405796
-0.40436
-0.40342
-0.402523
-0.401643
-0.405564
-0.404153
-0.403239
-0.402376
-0.401537
-0.405264
-0.403889
-0.403007
-0.402181
-0.401385
-0.404895
-0.403565
-0.402721
-0.401936
-0.401186
-0.404454
-0.403179
-0.402379
-0.401639
-0.400937
-0.40394
-0.40273
-0.401978
-0.401287
-0.400635
-0.403353
-0.402217
-0.401518
-0.400879
-0.400281
-0.402691
-0.401639
-0.400998
-0.400415
-0.401956
-0.400996
-0.400418
-0.399894
-0.40115
-0.40029
-0.399779
-0.399315
-0.400273
-0.399523
-0.399081
-0.398681
-0.399329
-0.398695
-0.398328
-0.397993
-0.398322
-0.397811
-0.39752
-0.397252
-0.397256
-0.396873
-0.396662
-0.396463
-0.396135
-0.395887
-0.395757
-0.395629
-0.394965
-0.394856
-0.39481
-0.394753
-0.393753
-0.393787
-0.393826
-0.393841
-0.392505
-0.392685
-0.392811
-0.392897
-0.391228
-0.391557
-0.39177
-0.391929
-0.389931
-0.39041
-0.39071
-0.390942
-0.247875
-0.251073
-0.254189
-0.257224
-0.260181
-0.263064
-0.265873
-0.268613
-0.271284
-0.27389
-0.276433
-0.278915
-0.281337
-0.283702
-0.286012
-0.288267
-0.29047
-0.292622
-0.294725
-0.29678
-0.29879
-0.300756
-0.302682
-0.304571
-0.306429
-0.30826
-0.310074
-0.311881
-0.313693
-0.229804
-0.232906
-0.235939
-0.238904
-0.241803
-0.244638
-0.247413
-0.250127
-0.252785
-0.255388
-0.257938
-0.260438
-0.26289
-0.265298
-0.267663
-0.269989
-0.272279
-0.274537
-0.276766
-0.278972
-0.281158
-0.283331
-0.285496
-0.287661
-0.289834
-0.292024
-0.29424
-0.296496
-0.298803
-0.213068
-0.21605
-0.218974
-0.221841
-0.224653
-0.227412
-0.230119
-0.232776
-0.235385
-0.237948
-0.240466
-0.242941
-0.245376
-0.247773
-0.250133
-0.252459
-0.254753
-0.257018
-0.259257
-0.261472
-0.263667
-0.265845
-0.26801
-0.270164
-0.272313
-0.274461
-0.276613
-0.278774
-0.280949
-0.197634
-0.200481
-0.203279
-0.20603
-0.208733
-0.211392
-0.214006
-0.216577
-0.219107
-0.221597
-0.224047
-0.226461
-0.228838
-0.231181
-0.23349
-0.235769
-0.238017
-0.240237
-0.242432
-0.244601
-0.246749
-0.248877
-0.250987
-0.253083
-0.255167
-0.257244
-0.259317
-0.261391
-0.263471
-0.265564
-0.183362
-0.186069
-0.188735
-0.191359
-0.193944
-0.196491
-0.199
-0.201471
-0.203908
-0.206309
-0.208677
-0.211013
-0.213317
-0.215591
-0.217836
-0.220053
-0.222243
-0.224409
-0.226551
-0.22867
-0.23077
-0.23285
-0.234914
-0.236963
-0.239
-0.241027
-0.243047
-0.245062
-0.247077
-0.249095
-0.170145
-0.17271
-0.175239
-0.177733
-0.180194
-0.182622
-0.185017
-0.187381
-0.189715
-0.192018
-0.194293
-0.196539
-0.198757
-0.200949
-0.203116
-0.205257
-0.207375
-0.20947
-0.211543
-0.213596
-0.215628
-0.217642
-0.219639
-0.221619
-0.223585
-0.225538
-0.227479
-0.229411
-0.231334
-0.233252
-0.157886
-0.160308
-0.162701
-0.165064
-0.167398
-0.169705
-0.171983
-0.174235
-0.17646
-0.17866
-0.180834
-0.182983
-0.185109
-0.187211
-0.189291
-0.191349
-0.193385
-0.195401
-0.197396
-0.199372
-0.20133
-0.203271
-0.205194
-0.207101
-0.208994
-0.210872
-0.212737
-0.214591
-0.216434
-0.218268
-0.146501
-0.148784
-0.151042
-0.153275
-0.155483
-0.157668
-0.159828
-0.161966
-0.164081
-0.166174
-0.168245
-0.170295
-0.172324
-0.174333
-0.176322
-0.178291
-0.180242
-0.182174
-0.184089
-0.185986
-0.187866
-0.18973
-0.191578
-0.193411
-0.195229
-0.197034
-0.198825
-0.200604
-0.20237
-0.204126
-0.135916
-0.138064
-0.140191
-0.142296
-0.144381
-0.146445
-0.148489
-0.150513
-0.152518
-0.154504
-0.156472
-0.158421
-0.160352
-0.162265
-0.164162
-0.166041
-0.167904
-0.16975
-0.171581
-0.173397
-0.175197
-0.176983
-0.178754
-0.180512
-0.182255
-0.183986
-0.185704
-0.187409
-0.189103
-0.190785
-0.126066
-0.128084
-0.130084
-0.132066
-0.134031
-0.135977
-0.137907
-0.13982
-0.141717
-0.143597
-0.145461
-0.14731
-0.149143
-0.150962
-0.152765
-0.154554
-0.156329
-0.158089
-0.159836
-0.161569
-0.163289
-0.164996
-0.166691
-0.168372
-0.170042
-0.1717
-0.173346
-0.174981
-0.176604
-0.178217
-0.116891
-0.118785
-0.120664
-0.122527
-0.124376
-0.126209
-0.128028
-0.129833
-0.131624
-0.133401
-0.135165
-0.136915
-0.138652
-0.140376
-0.142088
-0.143787
-0.145474
-0.147149
-0.148812
-0.150463
-0.152104
-0.153732
-0.15535
-0.156957
-0.158553
-0.160139
-0.161714
-0.16328
-0.164835
-0.16638
-0.108338
-0.110114
-0.111877
-0.113627
-0.115365
-0.11709
-0.118802
-0.120503
-0.122192
-0.123869
-0.125535
-0.127189
-0.128832
-0.130465
-0.132086
-0.133698
-0.135298
-0.136889
-0.13847
-0.14004
-0.141601
-0.143153
-0.144695
-0.146228
-0.147751
-0.149266
-0.150772
-0.152269
-0.153757
-0.155237
-0.100357
-0.102022
-0.103676
-0.105318
-0.10695
-0.108571
-0.110182
-0.111783
-0.113374
-0.114955
-0.116526
-0.118088
-0.119641
-0.121184
-0.122718
-0.124244
-0.125761
-0.127269
-0.128769
-0.13026
-0.131744
-0.13322
-0.134687
-0.136147
-0.137599
-0.139044
-0.140481
-0.141911
-0.143334
-0.14475
-0.0929063
-0.0944657
-0.0960157
-0.0975564
-0.0990881
-0.100611
-0.102125
-0.103631
-0.105128
-0.106617
-0.108097
-0.10957
-0.111036
-0.112493
-0.113943
-0.115386
-0.116821
-0.11825
-0.119671
-0.121086
-0.122494
-0.123895
-0.12529
-0.126678
-0.128061
-0.129437
-0.130807
-0.132171
-0.133529
-0.134881
-0.0859438
-0.0874041
-0.0888565
-0.0903011
-0.0917381
-0.0931677
-0.0945899
-0.096005
-0.0974131
-0.0988143
-0.100209
-0.101597
-0.102978
-0.104353
-0.105722
-0.107085
-0.108442
-0.109794
-0.111139
-0.112479
-0.113814
-0.115143
-0.116467
-0.117786
-0.1191
-0.120409
-0.121713
-0.123012
-0.124307
-0.125596
-0.0794333
-0.0808005
-0.0821612
-0.0835152
-0.084863
-0.0862044
-0.0875398
-0.0888693
-0.0901929
-0.0915108
-0.0928232
-0.0941301
-0.0954318
-0.0967283
-0.0980197
-0.0993062
-0.100588
-0.101865
-0.103137
-0.104405
-0.105669
-0.106928
-0.108184
-0.109435
-0.110682
-0.111926
-0.113165
-0.114401
-0.115634
-0.116862
-0.0733415
-0.0746215
-0.0758959
-0.0771649
-0.0784285
-0.079687
-0.0809404
-0.0821889
-0.0834325
-0.0846715
-0.0859059
-0.087136
-0.0883616
-0.0895832
-0.0908006
-0.0920141
-0.0932237
-0.0944296
-0.0956319
-0.0968306
-0.098026
-0.099218
-0.100407
-0.101593
-0.102775
-0.103955
-0.105132
-0.106306
-0.107478
-0.108647
-0.0676373
-0.0688355
-0.0700292
-0.0712182
-0.0724029
-0.0735833
-0.0747595
-0.0759316
-0.0770998
-0.0782641
-0.0794248
-0.0805819
-0.0817355
-0.0828857
-0.0840327
-0.0851766
-0.0863174
-0.0874553
-0.0885904
-0.0897228
-0.0908525
-0.0919798
-0.0931047
-0.0942272
-0.0953476
-0.0964658
-0.097582
-0.0986963
-0.0998088
-0.100919
-0.0622926
-0.0634144
-0.0645324
-0.0656466
-0.0667571
-0.0678641
-0.0689676
-0.0700679
-0.0711649
-0.0722588
-0.0733498
-0.0744379
-0.0755232
-0.0766058
-0.0776859
-0.0787635
-0.0798388
-0.0809119
-0.0819828
-0.0830517
-0.0841187
-0.0851839
-0.0862473
-0.0873091
-0.0883693
-0.0894281
-0.0904856
-0.0915418
-0.0925969
-0.0936509
-0.0572818
-0.0583321
-0.0593793
-0.0604233
-0.0614643
-0.0625024
-0.0635377
-0.0645703
-0.0656003
-0.0666278
-0.067653
-0.0686758
-0.0696965
-0.0707151
-0.0717318
-0.0727466
-0.0737596
-0.074771
-0.0757808
-0.0767891
-0.0777961
-0.0788018
-0.0798064
-0.0808098
-0.0818123
-0.082814
-0.0838148
-0.0848149
-0.0858145
-0.0868135
-0.052581
-0.0535645
-0.0545454
-0.0555237
-0.0564996
-0.0574731
-0.0584443
-0.0594133
-0.0603803
-0.0613453
-0.0623084
-0.0632698
-0.0642295
-0.0651876
-0.0661442
-0.0670994
-0.0680533
-0.0690061
-0.0699577
-0.0709084
-0.0718581
-0.0728071
-0.0737554
-0.074703
-0.0756501
-0.0765968
-0.0775432
-0.0784893
-0.0794353
-0.0803812
-0.0481687
-0.0490898
-0.0500087
-0.0509255
-0.0518403
-0.0527532
-0.0536643
-0.0545736
-0.0554813
-0.0563875
-0.0572922
-0.0581956
-0.0590976
-0.0599985
-0.0608984
-0.0617972
-0.0626951
-0.0635923
-0.0644887
-0.0653845
-0.0662798
-0.0671747
-0.0680692
-0.0689635
-0.0698576
-0.0707516
-0.0716457
-0.07254
-0.0734344
-0.0743291
-0.0440245
-0.0448873
-0.0457483
-0.0466076
-0.0474653
-0.0483214
-0.0491761
-0.0500294
-0.0508814
-0.0517323
-0.052582
-0.0534307
-0.0542785
-0.0551255
-0.0559716
-0.0568171
-0.0576621
-0.0585065
-0.0593506
-0.0601943
-0.0610378
-0.0618812
-0.0627245
-0.0635679
-0.0644114
-0.0652551
-0.0660992
-0.0669436
-0.0677886
-0.0686341
-0.0401305
-0.0409388
-0.0417456
-0.0425511
-0.0433552
-0.0441581
-0.0449599
-0.0457607
-0.0465604
-0.0473592
-0.0481573
-0.0489545
-0.0497511
-0.0505472
-0.0513427
-0.0521379
-0.0529327
-0.0537272
-0.0545216
-0.055316
-0.0561103
-0.0569047
-0.0576994
-0.0584942
-0.0592895
-0.0600852
-0.0608814
-0.0616782
-0.0624758
-0.0632741
-0.0364694
-0.0372268
-0.037983
-0.0387381
-0.0394922
-0.0402453
-0.0409975
-0.0417489
-0.0424995
-0.0432495
-0.0439989
-0.0447478
-0.0454962
-0.0462442
-0.046992
-0.0477396
-0.048487
-0.0492344
-0.0499818
-0.0507293
-0.051477
-0.052225
-0.0529734
-0.0537221
-0.0544714
-0.0552213
-0.0559719
-0.0567233
-0.0574755
-0.0582286
-0.0330257
-0.0337355
-0.0344444
-0.0351524
-0.0358596
-0.036566
-0.0372717
-0.0379769
-0.0386814
-0.0393855
-0.0400892
-0.0407925
-0.0414956
-0.0421984
-0.0429012
-0.0436039
-0.0443066
-0.0450094
-0.0457123
-0.0464156
-0.0471191
-0.047823
-0.0485274
-0.0492324
-0.049938
-0.0506443
-0.0513514
-0.0520594
-0.0527683
-0.0534783
-0.0297851
-0.0304505
-0.0311151
-0.031779
-0.0324423
-0.033105
-0.0337672
-0.0344289
-0.0350902
-0.0357512
-0.0364119
-0.0370724
-0.0377328
-0.0383931
-0.0390534
-0.0397137
-0.0403742
-0.0410349
-0.0416959
-0.0423572
-0.0430189
-0.0436811
-0.0443439
-0.0450073
-0.0456713
-0.0463362
-0.047002
-0.0476686
-0.0483363
-0.049005
-0.0267342
-0.027358
-0.0279812
-0.0286039
-0.0292261
-0.0298478
-0.0304692
-0.0310902
-0.0317109
-0.0323314
-0.0329517
-0.033572
-0.0341922
-0.0348124
-0.0354328
-0.0360532
-0.0366739
-0.0372949
-0.0379161
-0.0385378
-0.03916
-0.0397827
-0.040406
-0.04103
-0.0416548
-0.0422803
-0.0429067
-0.0435341
-0.0441625
-0.044792
-0.0238609
-0.0244459
-0.0250304
-0.0256145
-0.0261981
-0.0267815
-0.0273645
-0.0279473
-0.02853
-0.0291125
-0.0296949
-0.0302773
-0.0308597
-0.0314423
-0.0320249
-0.0326078
-0.0331909
-0.0337744
-0.0343582
-0.0349425
-0.0355273
-0.0361127
-0.0366986
-0.0372853
-0.0378727
-0.038461
-0.0390501
-0.0396402
-0.0402312
-0.0408234
-0.0211537
-0.0217024
-0.0222507
-0.0227986
-0.0233462
-0.0238936
-0.0244408
-0.0249878
-0.0255347
-0.0260815
-0.0266283
-0.0271751
-0.027722
-0.0282691
-0.0288163
-0.0293638
-0.0299115
-0.0304596
-0.0310081
-0.0315571
-0.0321066
-0.0326566
-0.0332073
-0.0337587
-0.0343108
-0.0348637
-0.0354174
-0.0359721
-0.0365278
-0.0370845
-0.0186024
-0.0191171
-0.0196315
-0.0201456
-0.0206594
-0.0211731
-0.0216866
-0.0222
-0.0227133
-0.0232266
-0.02374
-0.0242534
-0.0247669
-0.0252805
-0.0257944
-0.0263085
-0.026823
-0.0273378
-0.027853
-0.0283686
-0.0288847
-0.0294014
-0.0299188
-0.0304367
-0.0309554
-0.0314749
-0.0319951
-0.0325163
-0.0330384
-0.0335615
-0.0161972
-0.01668
-0.0171627
-0.0176451
-0.0181273
-0.0186093
-0.0190913
-0.0195732
-0.020055
-0.0205369
-0.0210188
-0.0215008
-0.0219829
-0.0224652
-0.0229476
-0.0234304
-0.0239135
-0.0243968
-0.0248806
-0.0253649
-0.0258496
-0.0263348
-0.0268206
-0.027307
-0.0277941
-0.028282
-0.0287706
-0.02926
-0.0297503
-0.0302415
-0.0139292
-0.0143823
-0.0148352
-0.0152879
-0.0157404
-0.0161928
-0.0166452
-0.0170975
-0.0175498
-0.0180021
-0.0184545
-0.0189069
-0.0193595
-0.0198123
-0.0202653
-0.0207185
-0.021172
-0.0216258
-0.02208
-0.0225346
-0.0229897
-0.0234452
-0.0239013
-0.024358
-0.0248152
-0.0252732
-0.0257319
-0.0261913
-0.0266515
-0.0271126
-0.01179
-0.0122152
-0.0126402
-0.0130651
-0.0134899
-0.0139145
-0.0143391
-0.0147637
-0.0151882
-0.0156128
-0.0160375
-0.0164622
-0.0168871
-0.0173121
-0.0177373
-0.0181627
-0.0185884
-0.0190144
-0.0194407
-0.0198674
-0.0202946
-0.0207221
-0.0211502
-0.0215787
-0.0220079
-0.0224376
-0.022868
-0.0232991
-0.0237309
-0.0241635
-0.00977206
-0.0101712
-0.0105701
-0.0109689
-0.0113676
-0.0117662
-0.0121647
-0.0125633
-0.0129618
-0.0133603
-0.0137589
-0.0141576
-0.0145564
-0.0149553
-0.0153544
-0.0157537
-0.0161532
-0.016553
-0.0169531
-0.0173536
-0.0177544
-0.0181556
-0.0185572
-0.0189593
-0.0193619
-0.019765
-0.0201687
-0.0205731
-0.020978
-0.0213837
-0.00786819
-0.00824282
-0.0086173
-0.00899165
-0.00936591
-0.00974009
-0.0101142
-0.0104883
-0.0108624
-0.0112365
-0.0116106
-0.0119848
-0.0123591
-0.0127335
-0.0131081
-0.0134828
-0.0138577
-0.0142329
-0.0146083
-0.014984
-0.01536
-0.0157364
-0.0161131
-0.0164902
-0.0168678
-0.0172459
-0.0176244
-0.0180035
-0.0183832
-0.0187635
-0.00607182
-0.00642352
-0.00677507
-0.00712651
-0.00747785
-0.00782911
-0.00818031
-0.00853146
-0.0088826
-0.00923374
-0.0095849
-0.00993611
-0.0102874
-0.0106388
-0.0109902
-0.0113419
-0.0116937
-0.0120456
-0.0123978
-0.0127502
-0.0131029
-0.0134559
-0.0138092
-0.0141629
-0.0145169
-0.0148713
-0.0152262
-0.0155815
-0.0159373
-0.0162936
-0.00437682
-0.00470702
-0.00503708
-0.00536702
-0.00569686
-0.00602662
-0.0063563
-0.00668594
-0.00701554
-0.00734512
-0.00767471
-0.00800432
-0.00833398
-0.0086637
-0.0089935
-0.00932341
-0.00965344
-0.00998362
-0.010314
-0.0106445
-0.0109753
-0.0113063
-0.0116375
-0.0119691
-0.0123009
-0.0126331
-0.0129656
-0.0132986
-0.0136319
-0.0139657
-0.00277747
-0.00308751
-0.00339742
-0.0037072
-0.00401687
-0.00432645
-0.00463595
-0.00494538
-0.00525476
-0.00556411
-0.00587344
-0.00618277
-0.00649211
-0.00680149
-0.00711092
-0.00742042
-0.00773
-0.00803969
-0.00834951
-0.00865947
-0.0089696
-0.00927991
-0.00959042
-0.00990116
-0.0102122
-0.0105234
-0.010835
-0.0111468
-0.011459
-0.0117716
-0.00126846
-0.00155961
-0.0018506
-0.00214147
-0.00243222
-0.00272287
-0.00301342
-0.00330389
-0.00359429
-0.00388464
-0.00417494
-0.00446522
-0.00475549
-0.00504576
-0.00533605
-0.00562637
-0.00591674
-0.00620718
-0.0064977
-0.00678832
-0.00707905
-0.00736992
-0.00766094
-0.00795212
-0.0082435
-0.00853508
-0.00882688
-0.00911893
-0.00941123
-0.00970382
0.00015515
-0.000118263
-0.000391527
-0.000664651
-0.000937647
-0.00121052
-0.00148329
-0.00175596
-0.00202855
-0.00230105
-0.0025735
-0.00284589
-0.00311824
-0.00339057
-0.00366288
-0.00393519
-0.00420751
-0.00447986
-0.00475225
-0.00502469
-0.00529721
-0.0055698
-0.0058425
-0.00611531
-0.00638825
-0.00666134
-0.00693458
-0.00720801
-0.00748163
-0.00775546
0.00149797
0.00124119
0.000984566
0.000728093
0.000471759
0.000215558
-4.05194e-05
-0.000296481
-0.000552337
-0.000808096
-0.00106377
-0.00131936
-0.00157489
-0.00183037
-0.0020858
-0.00234119
-0.00259656
-0.00285192
-0.00310728
-0.00336266
-0.00361805
-0.00387349
-0.00412898
-0.00438453
-0.00464015
-0.00489587
-0.00515169
-0.00540763
-0.00566369
-0.0059199
0.00276432
0.00252315
0.00228214
0.00204129
0.00180059
0.00156004
0.00131963
0.00107935
0.000839195
0.000599157
0.000359229
0.000119401
-0.000120334
-0.000359986
-0.000599563
-0.000839075
-0.00107853
-0.00131794
-0.00155731
-0.00179666
-0.00203599
-0.00227531
-0.00251464
-0.00275398
-0.00299335
-0.00323276
-0.00347222
-0.00371174
-0.00395133
-0.004191
0.00395823
0.0037317
0.00350534
0.00327915
0.00305313
0.00282726
0.00260155
0.00237599
0.00215058
0.0019253
0.00170015
0.00147512
0.00125021
0.00102541
0.000800714
0.000576111
0.000351595
0.000127159
-9.72055e-05
-0.000321507
-0.000545755
-0.000769956
-0.00099412
-0.00121826
-0.00144237
-0.00166648
-0.00189059
-0.0021147
-0.00233884
-0.002563
0.00508347
0.00487067
0.00465806
0.00444563
0.00423338
0.0040213
0.00380939
0.00359764
0.00338606
0.00317463
0.00296335
0.00275221
0.00254121
0.00233035
0.00211962
0.00190901
0.00169851
0.00148813
0.00127784
0.00106766
0.00085756
0.000647546
0.000437608
0.000227738
1.79287e-05
-0.000191827
-0.000401537
-0.000611209
-0.000820851
-0.00103047
0.00614355
0.00594365
0.00574394
0.00554442
0.00534509
0.00514595
0.00494699
0.0047482
0.0045496
0.00435116
0.0041529
0.0039548
0.00375685
0.00355907
0.00336144
0.00316395
0.00296661
0.0027694
0.00257233
0.00237538
0.00217856
0.00198185
0.00178525
0.00158875
0.00139236
0.00119606
0.000999839
0.000803703
0.00060764
0.000411645
0.000215711
0.00714181
0.00695401
0.0067664
0.006579
0.00639179
0.00620478
0.00601797
0.00583135
0.00564492
0.00545868
0.00527262
0.00508675
0.00490106
0.00471554
0.0045302
0.00434502
0.00416001
0.00397517
0.00379048
0.00360594
0.00342156
0.00323732
0.00305323
0.00286927
0.00268544
0.00250174
0.00231817
0.00213471
0.00195137
0.00176813
0.001585
0.00808134
0.00790488
0.00772864
0.0075526
0.00737677
0.00720115
0.00702573
0.00685052
0.00667551
0.00650071
0.0063261
0.0061517
0.00597749
0.00580348
0.00562965
0.00545602
0.00528258
0.00510932
0.00493624
0.00476334
0.00459061
0.00441806
0.00424568
0.00407346
0.00390141
0.00372951
0.00355777
0.00338619
0.00321475
0.00304345
0.00287229
0.00896508
0.00879926
0.00863367
0.00846829
0.00830313
0.00813819
0.00797346
0.00780895
0.00764465
0.00748057
0.00731671
0.00715305
0.00698961
0.00682638
0.00666336
0.00650055
0.00633794
0.00617553
0.00601333
0.00585133
0.00568952
0.00552792
0.0053665
0.00520528
0.00504425
0.0048834
0.00472274
0.00456225
0.00440195
0.00424182
0.00408187
0.00979575
0.00963993
0.00948432
0.00932894
0.00917378
0.00901885
0.00886415
0.00870967
0.00855542
0.00840139
0.00824759
0.00809401
0.00794066
0.00778753
0.00763463
0.00748195
0.00732949
0.00717725
0.00702524
0.00687344
0.00672186
0.0065705
0.00641935
0.00626841
0.00611769
0.00596718
0.00581687
0.00566678
0.00551689
0.0053672
0.00521771
0.010576
0.0104295
0.0102833
0.0101373
0.00999148
0.00984593
0.00970062
0.00955554
0.0094107
0.00926609
0.00912172
0.00897758
0.00883368
0.00869002
0.00854659
0.0084034
0.00826045
0.00811773
0.00797524
0.007833
0.00769098
0.0075492
0.00740766
0.00726634
0.00712526
0.00698441
0.00684379
0.0067034
0.00656323
0.00642329
0.00628358
0.0113081
0.0111705
0.011033
0.0108958
0.0107588
0.010622
0.0104855
0.0103492
0.0102132
0.0100774
0.00994189
0.00980659
0.00967154
0.00953673
0.00940218
0.00926787
0.0091338
0.00899999
0.00886642
0.00873311
0.00860004
0.00846722
0.00833465
0.00820233
0.00807026
0.00793843
0.00780686
0.00767553
0.00754445
0.00741361
0.00728302
0.0119946
0.0118651
0.0117359
0.0116069
0.0114781
0.0113496
0.0112213
0.0110933
0.0109655
0.010838
0.0107107
0.0105837
0.0104569
0.0103304
0.0102041
0.0100781
0.0099524
0.00982691
0.00970168
0.00957671
0.009452
0.00932756
0.00920337
0.00907945
0.00895579
0.00883239
0.00870926
0.00858639
0.00846378
0.00834143
0.00821935
0.0126375
0.0125157
0.0123941
0.0122728
0.0121518
0.012031
0.0119104
0.0117901
0.01167
0.0115502
0.0114307
0.0113114
0.0111924
0.0110736
0.0109551
0.0108369
0.0107189
0.0106012
0.0104837
0.0103666
0.0102497
0.010133
0.0100167
0.00990059
0.00978478
0.00966924
0.00955398
0.00943899
0.00932428
0.00920985
0.0090957
0.0132388
0.0131242
0.0130099
0.0128958
0.0127819
0.0126683
0.012555
0.0124419
0.012329
0.0122165
0.0121041
0.0119921
0.0118803
0.0117687
0.0116575
0.0115465
0.0114358
0.0113253
0.0112151
0.0111053
0.0109956
0.0108863
0.0107772
0.0106685
0.01056
0.0104518
0.0103438
0.0102362
0.0101288
0.0100218
0.009915
0.0138006
0.0136927
0.0135851
0.0134777
0.0133706
0.0132637
0.0131571
0.0130508
0.0129447
0.0128388
0.0127332
0.0126279
0.0125229
0.0124181
0.0123136
0.0122094
0.0121054
0.0120017
0.0118983
0.0117952
0.0116924
0.0115898
0.0114876
0.0113856
0.0112839
0.0111825
0.0110814
0.0109806
0.0108801
0.0107799
0.01068
0.0143245
0.0142229
0.0141216
0.0140205
0.0139197
0.0138191
0.0137188
0.0136187
0.0135189
0.0134193
0.01332
0.013221
0.0131223
0.0130238
0.0129256
0.0128276
0.01273
0.0126326
0.0125355
0.0124387
0.0123422
0.012246
0.0121501
0.0120544
0.0119591
0.011864
0.0117693
0.0116748
0.0115807
0.0114868
0.0113933
0.0148124
0.0147167
0.0146212
0.014526
0.014431
0.0143362
0.0142418
0.0141476
0.0140536
0.0139599
0.0138665
0.0137733
0.0136804
0.0135878
0.0134954
0.0134034
0.0133116
0.0132201
0.0131289
0.0130379
0.0129473
0.012857
0.0127669
0.0126772
0.0125877
0.0124985
0.0124097
0.0123211
0.0122329
0.0121449
0.0120573
0.0152657
0.0151755
0.0150855
0.0149957
0.0149062
0.0148169
0.0147279
0.0146391
0.0145506
0.0144623
0.0143743
0.0142866
0.0141992
0.014112
0.0140251
0.0139385
0.0138522
0.0137661
0.0136803
0.0135949
0.0135097
0.0134248
0.0133402
0.0132559
0.0131719
0.0130882
0.0130048
0.0129217
0.0128389
0.0127565
0.0126743
0.0156861
0.0156009
0.015516
0.0154313
0.0153468
0.0152626
0.0151786
0.0150949
0.0150115
0.0149283
0.0148453
0.0147627
0.0146803
0.0145982
0.0145163
0.0144348
0.0143535
0.0142725
0.0141918
0.0141113
0.0140312
0.0139514
0.0138718
0.0137926
0.0137136
0.013635
0.0135566
0.0134786
0.0134009
0.0133235
0.0132464
0.0160749
0.0159944
0.0159141
0.0158341
0.0157544
0.0156748
0.0155956
0.0155165
0.0154378
0.0153593
0.015281
0.0152031
0.0151253
0.0150479
0.0149707
0.0148938
0.0148172
0.0147409
0.0146649
0.0145891
0.0145136
0.0144385
0.0143636
0.014289
0.0142147
0.0141407
0.0140671
0.0139937
0.0139206
0.0138479
0.0137754
0.0164333
0.0163572
0.0162813
0.0162056
0.0161302
0.016055
0.0159801
0.0159054
0.015831
0.0157568
0.0156829
0.0156092
0.0155358
0.0154627
0.0153899
0.0153173
0.015245
0.015173
0.0151012
0.0150298
0.0149586
0.0148877
0.0148172
0.0147469
0.0146769
0.0146072
0.0145378
0.0144687
0.0144
0.0143315
0.0142634
0.0167627
0.0166906
0.0166187
0.016547
0.0164756
0.0164044
0.0163335
0.0162628
0.0161923
0.0161221
0.0160522
0.0159825
0.0159131
0.015844
0.0157751
0.0157065
0.0156381
0.0155701
0.0155023
0.0154348
0.0153676
0.0153007
0.0152341
0.0151677
0.0151017
0.0150359
0.0149705
0.0149053
0.0148405
0.014776
0.0147117
0.017064
0.0169956
0.0169274
0.0168594
0.0167916
0.0167241
0.0166568
0.0165898
0.016523
0.0164565
0.0163902
0.0163242
0.0162584
0.0161929
0.0161277
0.0160627
0.015998
0.0159336
0.0158694
0.0158056
0.015742
0.0156787
0.0156156
0.0155529
0.0154905
0.0154283
0.0153665
0.0153049
0.0152437
0.0151827
0.0151221
0.0172732
0.0172084
0.0171437
0.0170793
0.0170152
0.0169513
0.0168876
0.0168241
0.0167609
0.016698
0.0166353
0.0165729
0.0165107
0.0164488
0.0163871
0.0163257
0.0162646
0.0162038
0.0161432
0.0160829
0.0160229
0.0159631
0.0159037
0.0158445
0.0157857
0.0157271
0.0156688
0.0156108
0.0155531
0.0154957
0.0175244
0.0174626
0.017401
0.0173397
0.0172786
0.0172177
0.0171571
0.0170966
0.0170365
0.0169766
0.0169169
0.0168575
0.0167983
0.0167394
0.0166807
0.0166223
0.0165642
0.0165064
0.0164488
0.0163915
0.0163344
0.0162777
0.0162212
0.016165
0.0161091
0.0160535
0.0159981
0.0159431
0.0158883
0.0158339
0.0177498
0.0176908
0.0176319
0.0175734
0.017515
0.0174569
0.017399
0.0173413
0.0172839
0.0172267
0.0171697
0.017113
0.0170565
0.0170003
0.0169444
0.0168887
0.0168333
0.0167781
0.0167232
0.0166686
0.0166142
0.0165601
0.0165063
0.0164528
0.0163995
0.0163465
0.0162938
0.0162414
0.0161893
0.0161375
0.0179502
0.0178936
0.0178372
0.0177811
0.0177252
0.0176695
0.0176141
0.0175588
0.0175038
0.0174491
0.0173945
0.0173403
0.0172862
0.0172324
0.0171789
0.0171256
0.0170726
0.0170198
0.0169673
0.016915
0.016863
0.0168113
0.0167598
0.0167087
0.0166578
0.0166071
0.0165568
0.0165067
0.0164569
0.0164075
0.0181258
0.0180714
0.0180173
0.0179633
0.0179096
0.017856
0.0178027
0.0177497
0.0176968
0.0176442
0.0175918
0.0175396
0.0174877
0.0174361
0.0173846
0.0173335
0.0172825
0.0172319
0.0171814
0.0171313
0.0170814
0.0170317
0.0169824
0.0169332
0.0168844
0.0168358
0.0167875
0.0167395
0.0166918
0.0166443
0.0182773
0.0182248
0.0181725
0.0181205
0.0180686
0.0180169
0.0179655
0.0179143
0.0178633
0.0178125
0.017762
0.0177117
0.0176616
0.0176118
0.0175622
0.0175128
0.0174637
0.0174148
0.0173662
0.0173178
0.0172697
0.0172219
0.0171743
0.017127
0.0170799
0.0170331
0.0169865
0.0169403
0.0168943
0.0168485
0.0184045
0.0183536
0.018303
0.0182525
0.0182022
0.0181522
0.0181023
0.0180527
0.0180033
0.0179541
0.0179051
0.0178563
0.0178078
0.0177595
0.0177115
0.0176637
0.0176161
0.0175688
0.0175217
0.0174748
0.0174282
0.0173819
0.0173358
0.0172899
0.0172443
0.017199
0.0171539
0.0171091
0.0170646
0.0170203
0.0169763
0.0185077
0.0184582
0.0184088
0.0183596
0.0183107
0.0182619
0.0182133
0.018165
0.0181168
0.0180689
0.0180212
0.0179737
0.0179265
0.0178794
0.0178326
0.0177861
0.0177397
0.0176936
0.0176478
0.0176021
0.0175567
0.0175116
0.0174667
0.0174221
0.0173777
0.0173335
0.0172896
0.017246
0.0172026
0.0171595
0.0171166
0.0185863
0.0185378
0.0184895
0.0184413
0.0183934
0.0183457
0.0182981
0.0182508
0.0182037
0.0181568
0.0181101
0.0180636
0.0180173
0.0179712
0.0179254
0.0178798
0.0178344
0.0177893
0.0177444
0.0176997
0.0176552
0.017611
0.017567
0.0175233
0.0174798
0.0174365
0.0173935
0.0173507
0.0173082
0.017266
0.017224
0.0186401
0.0185922
0.0185446
0.0184972
0.0184499
0.0184029
0.018356
0.0183093
0.0182629
0.0182167
0.0181706
0.0181248
0.0180792
0.0180338
0.0179886
0.0179436
0.0178989
0.0178544
0.0178101
0.017766
0.0177222
0.0176786
0.0176352
0.0175921
0.0175492
0.0175065
0.0174641
0.0174219
0.01738
0.0173383
0.0172968
0.0186683
0.018621
0.0185738
0.0185268
0.0184801
0.0184335
0.0183871
0.0183409
0.0182948
0.018249
0.0182034
0.018158
0.0181128
0.0180678
0.018023
0.0179784
0.017934
0.0178898
0.0178459
0.0178022
0.0177586
0.0177153
0.0176723
0.0176294
0.0175868
0.0175444
0.0175022
0.0174603
0.0174186
0.0173771
0.0173359
0.0134746
0.0134392
0.0134039
0.013369
0.0133342
0.0132997
0.0132655
0.0132314
0.0131976
0.0131641
0.0131308
0.0130977
0.0130649
0.0130324
0.0130001
0.012968
0.0129362
0.0129047
0.0128734
0.0128424
0.0128116
0.0127811
0.0127509
0.0127209
0.0126912
0.0126617
0.0126326
0.0126037
0.012575
0.0125467
0.0125186
0.01344
0.0134041
0.0133685
0.0133331
0.013298
0.0132631
0.0132284
0.013194
0.0131598
0.0131259
0.0130923
0.0130589
0.0130257
0.0129928
0.0129602
0.0129278
0.0128957
0.0128638
0.0128322
0.0128009
0.0127698
0.012739
0.0127085
0.0126783
0.0126483
0.0126186
0.0125892
0.0125601
0.0125312
0.0125026
0.0124743
0.0133731
0.0133367
0.0133004
0.0132644
0.0132286
0.0131931
0.0131579
0.0131228
0.0130881
0.0130535
0.0130193
0.0129853
0.0129515
0.012918
0.0128848
0.0128519
0.0128192
0.0127867
0.0127546
0.0127227
0.0126911
0.0126597
0.0126287
0.0125979
0.0125674
0.0125371
0.0125072
0.0124775
0.0124481
0.012419
0.0123902
0.0132751
0.0132377
0.0132005
0.0131636
0.0131269
0.0130904
0.0130543
0.0130183
0.0129826
0.0129472
0.0129121
0.0128772
0.0128425
0.0128082
0.0127741
0.0127402
0.0127067
0.0126734
0.0126404
0.0126076
0.0125752
0.012543
0.0125111
0.0124795
0.0124482
0.0124172
0.0123864
0.0123559
0.0123258
0.0122959
0.0122663
0.0131462
0.0131076
0.0130693
0.0130311
0.0129933
0.0129557
0.0129183
0.0128812
0.0128444
0.0128078
0.0127715
0.0127354
0.0126997
0.0126642
0.0126289
0.012594
0.0125593
0.0125249
0.0124908
0.0124569
0.0124234
0.0123901
0.0123571
0.0123245
0.0122921
0.01226
0.0122281
0.0121966
0.0121654
0.0121345
0.0129872
0.0129471
0.0129073
0.0128677
0.0128284
0.0127893
0.0127505
0.0127119
0.0126737
0.0126357
0.0125979
0.0125605
0.0125233
0.0124864
0.0124497
0.0124134
0.0123773
0.0123415
0.012306
0.0122708
0.0122359
0.0122013
0.012167
0.0121329
0.0120992
0.0120657
0.0120326
0.0119997
0.0119672
0.011935
0.0127976
0.0127558
0.0127143
0.012673
0.0126319
0.0125912
0.0125506
0.0125104
0.0124704
0.0124307
0.0123913
0.0123522
0.0123133
0.0122747
0.0122364
0.0121984
0.0121607
0.0121233
0.0120861
0.0120493
0.0120128
0.0119765
0.0119406
0.0119049
0.0118696
0.0118345
0.0117998
0.0117653
0.0117312
0.0116974
0.0125777
0.0125339
0.0124903
0.012447
0.012404
0.0123612
0.0123187
0.0122765
0.0122346
0.0121929
0.0121515
0.0121104
0.0120696
0.0120291
0.0119889
0.0119489
0.0119093
0.0118699
0.0118309
0.0117921
0.0117537
0.0117156
0.0116777
0.0116402
0.011603
0.011566
0.0115294
0.0114931
0.0114572
0.0114215
0.0123267
0.0122806
0.0122347
0.0121892
0.0121439
0.0120989
0.0120541
0.0120096
0.0119655
0.0119216
0.011878
0.0118346
0.0117916
0.0117489
0.0117064
0.0116643
0.0116224
0.0115809
0.0115397
0.0114987
0.0114581
0.0114178
0.0113778
0.0113381
0.0112987
0.0112597
0.0112209
0.0111825
0.0111444
0.0111066
0.0120441
0.0119955
0.0119471
0.0118989
0.0118511
0.0118035
0.0117562
0.0117092
0.0116625
0.0116161
0.01157
0.0115241
0.0114786
0.0114334
0.0113884
0.0113438
0.0112995
0.0112555
0.0112118
0.0111684
0.0111253
0.0110825
0.0110401
0.0109979
0.0109561
0.0109146
0.0108735
0.0108326
0.0107921
0.0107519
0.0117291
0.0116776
0.0116263
0.0115754
0.0115247
0.0114743
0.0114241
0.0113743
0.0113248
0.0112755
0.0112266
0.011178
0.0111296
0.0110816
0.0110339
0.0109865
0.0109394
0.0108926
0.0108461
0.0108
0.0107541
0.0107086
0.0106634
0.0106186
0.010574
0.0105298
0.0104859
0.0104424
0.0103991
0.0103562
0.0113807
0.011326
0.0112716
0.0112175
0.0111636
0.0111101
0.0110568
0.0110039
0.0109512
0.0108988
0.0108468
0.010795
0.0107436
0.0106925
0.0106417
0.0105912
0.010541
0.0104911
0.0104416
0.0103924
0.0103435
0.0102949
0.0102467
0.0101987
0.0101512
0.0101039
0.010057
0.0100104
0.00996418
0.00991828
0.0109978
0.0109396
0.0108817
0.0108241
0.0107667
0.0107097
0.010653
0.0105966
0.0105405
0.0104847
0.0104292
0.010374
0.0103192
0.0102646
0.0102104
0.0101565
0.0101029
0.0100496
0.00999671
0.0099441
0.00989183
0.00983988
0.00978827
0.00973699
0.00968605
0.00963545
0.00958518
0.00953526
0.00948567
0.00943643
0.0105789
0.0105169
0.0104552
0.0103938
0.0103327
0.0102719
0.0102114
0.0101512
0.0100913
0.0100317
0.00997245
0.0099135
0.00985488
0.00979658
0.0097386
0.00968094
0.00962362
0.00956662
0.00950995
0.00945362
0.00939762
0.00934196
0.00928664
0.00923165
0.00917701
0.0091227
0.00906874
0.00901513
0.00896186
0.00890893
0.0101229
0.0100567
0.0099908
0.00992523
0.00985995
0.00979499
0.00973034
0.00966599
0.00960197
0.00953826
0.00947487
0.00941181
0.00934906
0.00928665
0.00922456
0.0091628
0.00910138
0.00904029
0.00897953
0.00891911
0.00885903
0.00879929
0.00873989
0.00868084
0.00862213
0.00856376
0.00850575
0.00844808
0.00839076
0.00833378
0.00962795
0.00955722
0.0094868
0.00941669
0.00934689
0.0092774
0.00920823
0.00913937
0.00907083
0.00900262
0.00893473
0.00886716
0.00879993
0.00873302
0.00866645
0.00860021
0.00853431
0.00846874
0.00840351
0.00833863
0.00827408
0.00820988
0.00814603
0.00808252
0.00801936
0.00795655
0.00789408
0.00783197
0.00777021
0.0077088
0.0090925
0.00901683
0.00894148
0.00886644
0.00879171
0.0087173
0.00864321
0.00856944
0.008496
0.00842288
0.00835008
0.00827762
0.00820549
0.0081337
0.00806224
0.00799111
0.00792033
0.00784988
0.00777978
0.00771002
0.00764061
0.00757154
0.00750282
0.00743445
0.00736643
0.00729875
0.00723143
0.00716446
0.00709785
0.00703158
0.0085147
0.00843368
0.00835297
0.00827258
0.00819251
0.00811276
0.00803333
0.00795422
0.00787544
0.007797
0.00771888
0.00764109
0.00756364
0.00748653
0.00740975
0.00733332
0.00725722
0.00718147
0.00710606
0.00703099
0.00695628
0.0068819
0.00680788
0.00673421
0.00666088
0.00658791
0.00651529
0.00644302
0.0063711
0.00629954
0.0078926
0.00780578
0.00771927
0.00763309
0.00754722
0.00746168
0.00737646
0.00729157
0.00720701
0.00712278
0.00703888
0.00695532
0.00687209
0.00678921
0.00670666
0.00662445
0.00654258
0.00646106
0.00637988
0.00629905
0.00621856
0.00613842
0.00605863
0.00597918
0.00590009
0.00582134
0.00574294
0.0056649
0.00558721
0.00550986
0.00722415
0.00713105
0.00703826
0.0069458
0.00685366
0.00676185
0.00667036
0.00657921
0.00648838
0.00639789
0.00630773
0.0062179
0.00612841
0.00603926
0.00595045
0.00586198
0.00577385
0.00568607
0.00559862
0.00551152
0.00542477
0.00533836
0.00525229
0.00516657
0.0050812
0.00499618
0.0049115
0.00482717
0.00474318
0.00465954
0.00650713
0.00640725
0.00630768
0.00620843
0.00610951
0.00601091
0.00591264
0.0058147
0.0057171
0.00561982
0.00552288
0.00542627
0.00533
0.00523407
0.00513847
0.00504321
0.00494829
0.00485371
0.00475947
0.00466557
0.00457201
0.0044788
0.00438592
0.00429339
0.00420119
0.00410934
0.00401783
0.00392667
0.00383584
0.00374535
0.00573925
0.00563203
0.00552513
0.00541855
0.00531229
0.00520637
0.00510077
0.00499549
0.00489055
0.00478594
0.00468166
0.00457771
0.0044741
0.00437081
0.00426787
0.00416526
0.00406298
0.00396104
0.00385943
0.00375816
0.00365722
0.00355662
0.00345636
0.00335642
0.00325683
0.00315756
0.00305863
0.00296004
0.00286177
0.00276383
0.00491804
0.00480291
0.00468809
0.00457359
0.00445942
0.00434557
0.00423205
0.00411885
0.00400598
0.00389344
0.00378122
0.00366933
0.00355777
0.00344654
0.00333564
0.00322507
0.00311482
0.00300491
0.00289532
0.00278606
0.00267713
0.00256852
0.00246024
0.00235228
0.00224465
0.00213734
0.00203035
0.00192369
0.00181734
0.00171131
0.00404095
0.00391727
0.00379391
0.00367087
0.00354814
0.00342574
0.00330366
0.0031819
0.00306046
0.00293935
0.00281856
0.00269808
0.00257793
0.00245811
0.0023386
0.00221941
0.00210054
0.001982
0.00186377
0.00174585
0.00162826
0.00151097
0.001394
0.00127735
0.001161
0.00104496
0.000929228
0.000813801
0.000698677
0.000583854
0.00310525
0.00297236
0.00283978
0.00270752
0.00257557
0.00244393
0.00231261
0.00218161
0.00205092
0.00192054
0.00179048
0.00166073
0.0015313
0.00140217
0.00127336
0.00114486
0.00101666
0.000888769
0.000761184
0.000633902
0.000506921
0.00038024
0.000253855
0.000127766
1.96962e-06
-0.000123537
-0.000248755
-0.000373688
-0.000498339
-0.00062271
0.00210812
0.00196529
0.00182277
0.00168055
0.00153865
0.00139705
0.00125576
0.00111477
0.000974094
0.000833718
0.000693645
0.000553874
0.000414403
0.000275231
0.000136356
-2.22495e-06
-0.000140513
-0.00027851
-0.00041622
-0.000553643
-0.000690784
-0.000827645
-0.000964229
-0.00110054
-0.00123658
-0.00137235
-0.00150786
-0.0016431
-0.00177809
-0.00191283
0.00104656
0.000893017
0.000739773
0.000586828
0.000434183
0.000281834
0.000129781
-2.19768e-05
-0.000173442
-0.000324616
-0.000475501
-0.000626098
-0.000776411
-0.000926442
-0.00107619
-0.00122567
-0.00137487
-0.0015238
-0.00167246
-0.00182086
-0.001969
-0.00211688
-0.00226451
-0.00241189
-0.00255903
-0.00270593
-0.00285259
-0.00299903
-0.00314523
-0.00329122
-8.25519e-05
-0.000247646
-0.000412451
-0.000576969
-0.0007412
-0.000905146
-0.00106881
-0.00123219
-0.0013953
-0.00155813
-0.00172069
-0.00188298
-0.00204501
-0.00220677
-0.00236827
-0.00252952
-0.00269052
-0.00285128
-0.00301179
-0.00317206
-0.00333211
-0.00349192
-0.00365151
-0.00381089
-0.00397005
-0.00412901
-0.00428777
-0.00444634
-0.00460471
-0.00476291
-0.0012825
-0.00146005
-0.00163732
-0.00181431
-0.00199104
-0.00216749
-0.00234369
-0.00251961
-0.00269528
-0.0028707
-0.00304586
-0.00322078
-0.00339546
-0.00356989
-0.0037441
-0.00391808
-0.00409183
-0.00426537
-0.0044387
-0.00461182
-0.00478475
-0.00495748
-0.00513002
-0.00530239
-0.00547458
-0.00564661
-0.00581848
-0.0059902
-0.00616177
-0.00633321
-0.00255673
-0.0027477
-0.00293841
-0.00312886
-0.00331906
-0.00350901
-0.00369871
-0.00388817
-0.0040774
-0.0042664
-0.00445517
-0.00464372
-0.00483206
-0.00502019
-0.00520812
-0.00539585
-0.00558339
-0.00577076
-0.00595794
-0.00614497
-0.00633183
-0.00651854
-0.00670511
-0.00689154
-0.00707785
-0.00726404
-0.00745012
-0.0076361
-0.00782199
-0.0080078
-0.00390885
-0.00411429
-0.00431948
-0.00452444
-0.00472917
-0.00493367
-0.00513795
-0.00534202
-0.00554587
-0.00574953
-0.00595299
-0.00615626
-0.00635935
-0.00656227
-0.00676503
-0.00696762
-0.00717007
-0.00737238
-0.00757455
-0.00777661
-0.00797855
-0.00818039
-0.00838214
-0.0085838
-0.0087854
-0.00898693
-0.00918841
-0.00938986
-0.00959128
-0.00979268
-0.00534265
-0.00556368
-0.00578449
-0.00600509
-0.00622548
-0.00644568
-0.00666568
-0.0068855
-0.00710514
-0.00732462
-0.00754393
-0.0077631
-0.00798212
-0.00820101
-0.00841978
-0.00863844
-0.00885699
-0.00907545
-0.00929384
-0.00951215
-0.00973041
-0.00994862
-0.0101668
-0.010385
-0.0106031
-0.0108213
-0.0110394
-0.0112576
-0.0114759
-0.0116942
-0.0068621
-0.00709994
-0.00733758
-0.00757504
-0.00781232
-0.00804944
-0.0082864
-0.00852321
-0.00875988
-0.00899643
-0.00923286
-0.00946918
-0.0097054
-0.00994155
-0.0101776
-0.0104136
-0.0106496
-0.0108855
-0.0111214
-0.0113573
-0.0115932
-0.0118292
-0.0120651
-0.0123011
-0.0125372
-0.0127734
-0.0130096
-0.013246
-0.0134825
-0.0137192
-0.00847138
-0.00872732
-0.00898311
-0.00923874
-0.00949424
-0.0097496
-0.0100048
-0.01026
-0.010515
-0.01077
-0.0110249
-0.0112797
-0.0115345
-0.0117893
-0.0120441
-0.0122988
-0.0125536
-0.0128084
-0.0130632
-0.0133182
-0.0135731
-0.0138282
-0.0140835
-0.0143388
-0.0145943
-0.01485
-0.0151058
-0.0153619
-0.0156182
-0.0158747
-0.0101748
-0.0104503
-0.0107256
-0.0110009
-0.011276
-0.011551
-0.011826
-0.0121009
-0.0123758
-0.0126506
-0.0129254
-0.0132003
-0.0134751
-0.01375
-0.0140249
-0.0142999
-0.014575
-0.0148502
-0.0151256
-0.015401
-0.0156767
-0.0159525
-0.0162286
-0.0165048
-0.0167813
-0.0170581
-0.0173352
-0.0176126
-0.0178904
-0.0181685
-0.0119771
-0.0122736
-0.01257
-0.0128664
-0.0131627
-0.0134589
-0.0137551
-0.0140514
-0.0143476
-0.0146439
-0.0149402
-0.0152366
-0.0155331
-0.0158297
-0.0161264
-0.0164233
-0.0167204
-0.0170176
-0.0173151
-0.0176128
-0.0179107
-0.018209
-0.0185076
-0.0188065
-0.0191058
-0.0194054
-0.0197055
-0.0200061
-0.0203071
-0.0206086
-0.013883
-0.0142022
-0.0145213
-0.0148404
-0.0151595
-0.0154786
-0.0157978
-0.016117
-0.0164363
-0.0167557
-0.0170752
-0.0173949
-0.0177147
-0.0180348
-0.018355
-0.0186755
-0.0189963
-0.0193173
-0.0196387
-0.0199605
-0.0202826
-0.0206051
-0.020928
-0.0212515
-0.0215754
-0.0218998
-0.0222248
-0.0225504
-0.0228766
-0.0232035
-0.0158976
-0.0162412
-0.0165848
-0.0169284
-0.0172721
-0.0176158
-0.0179597
-0.0183037
-0.0186479
-0.0189922
-0.0193368
-0.0196816
-0.0200266
-0.0203719
-0.0207176
-0.0210636
-0.02141
-0.0217568
-0.022104
-0.0224517
-0.0227999
-0.0231486
-0.023498
-0.0238479
-0.0241985
-0.0245497
-0.0249017
-0.0252544
-0.025608
-0.0259624
-0.0180263
-0.0183962
-0.0187661
-0.0191361
-0.0195063
-0.0198766
-0.0202471
-0.0206179
-0.0209888
-0.02136
-0.0217316
-0.0221035
-0.0224757
-0.0228483
-0.0232214
-0.0235949
-0.023969
-0.0243435
-0.0247187
-0.0250944
-0.0254708
-0.0258479
-0.0262258
-0.0266044
-0.0269838
-0.0273641
-0.0277453
-0.0281274
-0.0285106
-0.0288947
-0.0198767
-0.0202747
-0.0206729
-0.0210712
-0.0214697
-0.0218684
-0.0222673
-0.0226665
-0.023066
-0.0234659
-0.0238661
-0.0242667
-0.0246678
-0.0250694
-0.0254714
-0.0258741
-0.0262773
-0.0266812
-0.0270858
-0.0274911
-0.0278971
-0.028304
-0.0287118
-0.0291204
-0.0295301
-0.0299407
-0.0303524
-0.0307652
-0.0311792
-0.0315943
-0.0320108
-0.0222203
-0.0226488
-0.0230774
-0.0235063
-0.0239354
-0.0243648
-0.0247946
-0.0252247
-0.0256552
-0.0260862
-0.0265177
-0.0269497
-0.0273822
-0.0278154
-0.0282492
-0.0286838
-0.0291191
-0.0295552
-0.0299921
-0.03043
-0.0308688
-0.0313086
-0.0317494
-0.0321914
-0.0326346
-0.0330789
-0.0335246
-0.0339716
-0.03442
-0.0348699
-0.0353213
-0.0246936
-0.0251547
-0.0256162
-0.026078
-0.0265401
-0.0270026
-0.0274655
-0.0279289
-0.0283928
-0.0288574
-0.0293225
-0.0297883
-0.0302548
-0.030722
-0.0311901
-0.031659
-0.0321289
-0.0325998
-0.0330716
-0.0335446
-0.0340187
-0.0344941
-0.0349707
-0.0354487
-0.0359281
-0.0364089
-0.0368913
-0.0373753
-0.037861
-0.0383485
-0.0388378
-0.0273029
-0.0277993
-0.028296
-0.0287932
-0.0292908
-0.0297889
-0.0302875
-0.0307868
-0.0312867
-0.0317873
-0.0322887
-0.0327908
-0.0332939
-0.0337979
-0.0343028
-0.0348089
-0.035316
-0.0358243
-0.0363339
-0.0368448
-0.037357
-0.0378707
-0.038386
-0.0389028
-0.0394213
-0.0399416
-0.0404637
-0.0409877
-0.0415137
-0.0420418
-0.042572
-0.030055
-0.0305893
-0.031124
-0.0316593
-0.0321951
-0.0327315
-0.0332686
-0.0338064
-0.034345
-0.0348845
-0.0354248
-0.0359662
-0.0365086
-0.0370522
-0.0375969
-0.0381428
-0.0386901
-0.0392388
-0.039789
-0.0403408
-0.0408941
-0.0414492
-0.0420061
-0.0425649
-0.0431257
-0.0436885
-0.0442535
-0.0448207
-0.0453903
-0.0459623
-0.0465369
-0.0329575
-0.0335324
-0.0341079
-0.0346841
-0.035261
-0.0358386
-0.036417
-0.0369963
-0.0375765
-0.0381578
-0.0387402
-0.0393237
-0.0399085
-0.0404946
-0.0410821
-0.041671
-0.0422616
-0.0428538
-0.0434477
-0.0440435
-0.0446412
-0.0452409
-0.0458427
-0.0464467
-0.0470531
-0.0476619
-0.0482731
-0.0488871
-0.0495037
-0.0501232
-0.0507457
-0.0360169
-0.0366358
-0.0372553
-0.0378756
-0.0384967
-0.0391186
-0.0397415
-0.0403654
-0.0409905
-0.0416167
-0.0422442
-0.0428731
-0.0435034
-0.0441353
-0.0447689
-0.0454041
-0.0460412
-0.0466802
-0.0473213
-0.0479645
-0.0486099
-0.0492577
-0.0499079
-0.0505607
-0.0512162
-0.0518745
-0.0525357
-0.0532
-0.0538675
-0.0545383
-0.0552126
-0.0392435
-0.0399093
-0.040576
-0.0412434
-0.0419119
-0.0425814
-0.043252
-0.0439238
-0.0445969
-0.0452714
-0.0459474
-0.046625
-0.0473043
-0.0479854
-0.0486684
-0.0493534
-0.0500406
-0.0507299
-0.0514217
-0.0521159
-0.0528126
-0.0535121
-0.0542145
-0.0549198
-0.0556283
-0.0563399
-0.057055
-0.0577736
-0.0584959
-0.059222
-0.0599521
-0.0426448
-0.0433611
-0.0440783
-0.0447965
-0.0455159
-0.0462364
-0.0469582
-0.0476814
-0.0484061
-0.0491325
-0.0498605
-0.0505905
-0.0513223
-0.0520563
-0.0527924
-0.0535308
-0.0542717
-0.0550152
-0.0557614
-0.0565104
-0.0572624
-0.0580175
-0.058776
-0.0595378
-0.0603032
-0.0610724
-0.0618454
-0.0626225
-0.0634039
-0.0641897
-0.06498
-0.0462307
-0.0470011
-0.0477725
-0.0485451
-0.049319
-0.0500942
-0.0508709
-0.0516492
-0.0524293
-0.0532112
-0.0539951
-0.0547811
-0.0555694
-0.05636
-0.0571531
-0.0579489
-0.0587475
-0.059549
-0.0603536
-0.0611615
-0.0619728
-0.0627877
-0.0636064
-0.0644289
-0.0652556
-0.0660865
-0.0669219
-0.067762
-0.0686069
-0.0694568
-0.070312
-0.0500108
-0.0508392
-0.0516687
-0.0524996
-0.0533319
-0.0541657
-0.0550013
-0.0558387
-0.056678
-0.0575195
-0.0583632
-0.0592093
-0.060058
-0.0609093
-0.0617635
-0.0626208
-0.0634812
-0.064345
-0.0652123
-0.0660833
-0.0669583
-0.0678373
-0.0687205
-0.0696083
-0.0705007
-0.0713979
-0.0723003
-0.073208
-0.0741212
-0.0750402
-0.0759651
-0.0539963
-0.0548867
-0.0557785
-0.0566717
-0.0575666
-0.0584631
-0.0593617
-0.0602622
-0.061165
-0.0620702
-0.0629779
-0.0638883
-0.0648016
-0.065718
-0.0666376
-0.0675606
-0.0684872
-0.0694176
-0.0703521
-0.0712907
-0.0722337
-0.0731814
-0.0741339
-0.0750915
-0.0760544
-0.0770229
-0.0779971
-0.0789773
-0.0799638
-0.0809569
-0.0819568
-0.0581987
-0.0591554
-0.0601137
-0.0610736
-0.0620353
-0.0629989
-0.0639647
-0.0649328
-0.0659034
-0.0668767
-0.0678528
-0.0688319
-0.0698143
-0.0708001
-0.0717896
-0.0727829
-0.0737803
-0.074782
-0.0757882
-0.0767991
-0.0778151
-0.0788362
-0.0798628
-0.0808952
-0.0819335
-0.0829781
-0.0840292
-0.0850872
-0.0861523
-0.0872248
-0.088305
-0.0626303
-0.063658
-0.0646873
-0.0657185
-0.0667515
-0.0677868
-0.0688244
-0.0698646
-0.0709075
-0.0719535
-0.0730026
-0.074055
-0.0751112
-0.0761711
-0.0772351
-0.0783035
-0.0793764
-0.0804541
-0.0815369
-0.082625
-0.0837187
-0.0848182
-0.085924
-0.0870361
-0.0881551
-0.0892811
-0.0904144
-0.0915555
-0.0927046
-0.0938621
-0.0950283
-0.0673048
-0.0684082
-0.0695133
-0.0706204
-0.0717296
-0.0728412
-0.0739554
-0.0750724
-0.0761925
-0.0773158
-0.0784426
-0.0795733
-0.0807079
-0.0818468
-0.0829902
-0.0841384
-0.0852918
-0.0864505
-0.0876148
-0.0887851
-0.0899617
-0.0911448
-0.0923348
-0.0935321
-0.0947369
-0.0959497
-0.0971708
-0.0984005
-0.0996392
-0.100887
-0.102145
-0.0722374
-0.0734214
-0.0746072
-0.0757951
-0.0769854
-0.0781782
-0.0793739
-0.0805726
-0.0817746
-0.0829802
-0.0841897
-0.0854034
-0.0866214
-0.0878442
-0.089072
-0.0903051
-0.0915439
-0.0927886
-0.0940396
-0.0952973
-0.0965619
-0.0978338
-0.0991135
-0.100401
-0.101697
-0.103002
-0.104317
-0.105641
-0.106975
-0.10832
-0.109675
-0.0774436
-0.0787133
-0.079985
-0.0812589
-0.0825353
-0.0838144
-0.0850966
-0.0863821
-0.0876711
-0.0889641
-0.0902612
-0.0915629
-0.0928695
-0.0941812
-0.0954984
-0.0968215
-0.0981508
-0.0994867
-0.10083
-0.10218
-0.103538
-0.104904
-0.106278
-0.107662
-0.109055
-0.110458
-0.111871
-0.113295
-0.11473
-0.116177
-0.117637
-0.0829418
-0.0843026
-0.0856654
-0.0870305
-0.0883981
-0.0897687
-0.0911424
-0.0925197
-0.0939009
-0.0952862
-0.0966761
-0.0980709
-0.099471
-0.100877
-0.102288
-0.103707
-0.105132
-0.106564
-0.108004
-0.109451
-0.110908
-0.112373
-0.113848
-0.115333
-0.116828
-0.118335
-0.119852
-0.121382
-0.122924
-0.12448
-0.126049
-0.0887507
-0.0902079
-0.0916672
-0.0931288
-0.094593
-0.0960602
-0.0975308
-0.0990051
-0.100483
-0.101966
-0.103454
-0.104947
-0.106446
-0.10795
-0.109462
-0.11098
-0.112506
-0.114039
-0.115581
-0.117132
-0.118692
-0.120262
-0.121842
-0.123434
-0.125037
-0.126652
-0.128279
-0.12992
-0.131575
-0.133245
-0.134929
-0.0948918
-0.0964511
-0.0980123
-0.0995758
-0.101142
-0.102711
-0.104284
-0.10586
-0.107441
-0.109026
-0.110616
-0.112213
-0.113815
-0.115423
-0.117039
-0.118662
-0.120294
-0.121933
-0.123582
-0.125241
-0.126909
-0.128589
-0.13028
-0.131983
-0.133698
-0.135427
-0.13717
-0.138927
-0.1407
-0.142489
-0.101389
-0.103056
-0.104724
-0.106395
-0.108068
-0.109744
-0.111424
-0.113107
-0.114795
-0.116488
-0.118186
-0.11989
-0.1216
-0.123318
-0.125042
-0.126775
-0.128516
-0.130267
-0.132027
-0.133798
-0.13558
-0.137374
-0.13918
-0.140999
-0.142831
-0.144679
-0.146542
-0.148421
-0.150316
-0.15223
-0.108268
-0.110047
-0.111829
-0.113612
-0.115397
-0.117185
-0.118977
-0.120772
-0.122572
-0.124376
-0.126187
-0.128003
-0.129826
-0.131656
-0.133494
-0.13534
-0.137196
-0.139061
-0.140937
-0.142824
-0.144723
-0.146635
-0.14856
-0.150499
-0.152453
-0.154423
-0.15641
-0.158415
-0.160438
-0.16248
-0.115557
-0.117455
-0.119354
-0.121254
-0.123157
-0.125062
-0.126969
-0.128881
-0.130797
-0.132718
-0.134644
-0.136576
-0.138515
-0.140462
-0.142417
-0.14438
-0.146354
-0.148337
-0.150332
-0.152339
-0.154358
-0.156391
-0.158438
-0.160501
-0.16258
-0.164676
-0.16679
-0.168923
-0.171076
-0.173251
-0.123289
-0.12531
-0.127332
-0.129354
-0.131378
-0.133404
-0.135432
-0.137464
-0.139499
-0.14154
-0.143585
-0.145637
-0.147695
-0.149761
-0.151835
-0.153919
-0.156012
-0.158117
-0.160232
-0.162361
-0.164503
-0.166659
-0.168831
-0.171019
-0.173224
-0.175448
-0.177692
-0.179956
-0.182242
-0.184551
-0.131499
-0.133649
-0.135797
-0.137946
-0.140095
-0.142245
-0.144397
-0.146552
-0.14871
-0.150872
-0.153039
-0.155212
-0.157392
-0.159579
-0.161774
-0.163979
-0.166194
-0.16842
-0.170658
-0.172909
-0.175174
-0.177455
-0.179752
-0.182066
-0.184398
-0.186751
-0.189124
-0.19152
-0.193939
-0.196383
-0.140228
-0.142509
-0.144789
-0.147067
-0.149344
-0.151621
-0.153899
-0.156179
-0.158461
-0.160747
-0.163037
-0.165332
-0.167633
-0.169942
-0.172258
-0.174584
-0.17692
-0.179267
-0.181627
-0.184
-0.186388
-0.188791
-0.191212
-0.193651
-0.196109
-0.198589
-0.201091
-0.203617
-0.206168
-0.208746
-0.149521
-0.151938
-0.15435
-0.15676
-0.159167
-0.161572
-0.163977
-0.166382
-0.168789
-0.171198
-0.17361
-0.176026
-0.178448
-0.180876
-0.183312
-0.185757
-0.188212
-0.190678
-0.193156
-0.195648
-0.198155
-0.200678
-0.203219
-0.20578
-0.208361
-0.210964
-0.213591
-0.216244
-0.218924
-0.221633
-0.159428
-0.161982
-0.164529
-0.167071
-0.169608
-0.172142
-0.174673
-0.177202
-0.179731
-0.182261
-0.184792
-0.187327
-0.189866
-0.19241
-0.194961
-0.19752
-0.200088
-0.202667
-0.205259
-0.207864
-0.210484
-0.213121
-0.215777
-0.218452
-0.22115
-0.223871
-0.226617
-0.22939
-0.232193
-0.235027
-0.170008
-0.1727
-0.175381
-0.178054
-0.18072
-0.183379
-0.186033
-0.188682
-0.191329
-0.193975
-0.19662
-0.199267
-0.201916
-0.204569
-0.207227
-0.209893
-0.212567
-0.215251
-0.217946
-0.220655
-0.22338
-0.226121
-0.228881
-0.231662
-0.234466
-0.237295
-0.240151
-0.243036
-0.245953
-0.248904
-0.181325
-0.184153
-0.186966
-0.189767
-0.192557
-0.195336
-0.198107
-0.20087
-0.203628
-0.206381
-0.209131
-0.21188
-0.214629
-0.21738
-0.220135
-0.222894
-0.225661
-0.228437
-0.231224
-0.234024
-0.236838
-0.23967
-0.24252
-0.245392
-0.248288
-0.251211
-0.254162
-0.257144
-0.260161
-0.263216
-0.193456
-0.196416
-0.199356
-0.202278
-0.205184
-0.208075
-0.210953
-0.213819
-0.216675
-0.219524
-0.222365
-0.225202
-0.228036
-0.23087
-0.233704
-0.236541
-0.239384
-0.242234
-0.245093
-0.247965
-0.25085
-0.253753
-0.256674
-0.259618
-0.262587
-0.265584
-0.268612
-0.271674
-0.274773
-0.277913
-0.206488
-0.209571
-0.212628
-0.215661
-0.218672
-0.221662
-0.224633
-0.227587
-0.230525
-0.233451
-0.236365
-0.23927
-0.242168
-0.245061
-0.247952
-0.250843
-0.253736
-0.256634
-0.259539
-0.262454
-0.265383
-0.268327
-0.271291
-0.274278
-0.277291
-0.280333
-0.28341
-0.286525
-0.289682
-0.292887
-0.220521
-0.223717
-0.226878
-0.230007
-0.233105
-0.236175
-0.239219
-0.242239
-0.245236
-0.248214
-0.251175
-0.25412
-0.257054
-0.259977
-0.262892
-0.265803
-0.268712
-0.271622
-0.274536
-0.277457
-0.280388
-0.283333
-0.286295
-0.289278
-0.292286
-0.295323
-0.298395
-0.301506
-0.304662
-0.307869
-0.23568
-0.238971
-0.242217
-0.24542
-0.248582
-0.251706
-0.254795
-0.25785
-0.260874
-0.263871
-0.266842
-0.269791
-0.27272
-0.275633
-0.278532
-0.281421
-0.284303
-0.287181
-0.29006
-0.292943
-0.295834
-0.298738
-0.301658
-0.304601
-0.30757
-0.310572
-0.313611
-0.316694
-0.319828
-0.323019
-0.252117
-0.255478
-0.25878
-0.262025
-0.265216
-0.268357
-0.271448
-0.274495
-0.277499
-0.280463
-0.283392
-0.286287
-0.289153
-0.291992
-0.294808
-0.297605
-0.300386
-0.303157
-0.30592
-0.308681
-0.311444
-0.314216
-0.317002
-0.319808
-0.322643
-0.325514
-0.328431
-0.331405
-0.334447
-0.337572
-0.269875
-0.273265
-0.276578
-0.279819
-0.282991
-0.286096
-0.28914
-0.292124
-0.295052
-0.297928
-0.300755
-0.303535
-0.306273
-0.30897
-0.311631
-0.314257
-0.316852
-0.319418
-0.321958
-0.324473
-0.326967
-0.329441
-0.331899
-0.334344
-0.336779
-0.339209
-0.34164
-0.344078
-0.346533
-0.349016
)
;

boundaryField
{
    inlet
    {
        type            zeroGradient;
    }
    outlet
    {
        type            fixedValue;
        value           nonuniform 0();
    }
    cylinder
    {
        type            zeroGradient;
    }
    top
    {
        type            symmetryPlane;
    }
    bottom
    {
        type            symmetryPlane;
    }
    frontAndBack
    {
        type            empty;
    }
    procBoundary3to2
    {
        type            processor;
        value           nonuniform List<scalar> 
217
(
-0.53727
-0.530832
-0.530832
-0.529957
-0.524592
-0.524592
-0.52253
-0.516061
-0.50891
-0.50891
-0.503614
-0.494178
-0.483628
-0.483628
-0.472919
-0.459616
-0.445429
-0.445429
-0.429641
-0.413856
-0.397907
-0.381989
-0.381989
-0.363719
-0.348087
-0.332886
-0.318157
-0.318157
-0.300687
-0.286881
-0.273587
-0.260911
-0.340101
-0.325714
-0.311907
-0.298666
-0.286093
-0.286093
-0.405324
-0.388987
-0.373112
-0.357763
-0.357763
-0.456023
-0.439697
-0.423285
-0.423285
-0.512601
-0.499913
-0.486123
-0.471425
-0.471425
-0.538853
-0.530263
-0.520599
-0.520599
-0.548282
-0.541585
-0.541585
-0.560407
-0.554866
-0.549115
-0.549115
-0.561735
-0.561735
-0.244591
-0.22663
-0.210027
-0.194736
-0.180613
-0.167545
-0.155433
-0.144192
-0.133746
-0.124029
-0.114981
-0.106548
-0.0986812
-0.0913374
-0.0844753
-0.0780592
-0.0720558
-0.0664342
-0.0611667
-0.0562281
-0.0515947
-0.0472453
-0.0431599
-0.0393206
-0.0357107
-0.0323148
-0.0291189
-0.0261096
-0.0232753
-0.0206046
-0.0180874
-0.015714
-0.0134759
-0.0113646
-0.00937279
-0.0074934
-0.00571997
-0.00404647
-0.00246727
-0.000977169
0.000428721
0.00175491
0.00300567
0.00418494
0.00529645
0.00634365
0.00732982
0.00825801
0.00913111
0.0099518
0.0107227
0.0114461
0.0121243
0.0127595
0.0133536
0.0139087
0.0144263
0.0149083
0.0153562
0.0157715
0.0161556
0.0165097
0.016835
0.0171327
0.0173383
0.0173383
0.0175864
0.017809
0.0180069
0.0181804
0.01833
0.0184556
0.0185575
0.0186351
0.0186881
0.0187158
0.0135103
0.0134761
0.0134099
0.0133128
0.0131851
0.0130275
0.0128397
0.0126218
0.0123731
0.0120931
0.0117809
0.0114357
0.0110562
0.0106412
0.0101893
0.00969897
0.00916847
0.00859603
0.00797974
0.00731757
0.00660734
0.00584679
0.0050335
0.00416494
0.00323846
0.00225125
0.0012004
8.28333e-05
-0.00110468
-0.0023655
-0.00370317
-0.0051214
-0.00662407
-0.00821527
-0.00989925
-0.0116805
-0.0135638
-0.0155541
-0.0176565
-0.0176565
-0.0194787
-0.021792
-0.0242326
-0.0268068
-0.0295212
-0.032383
-0.0353986
-0.0385783
-0.0419293
-0.0454613
-0.0491835
-0.053107
-0.0572432
-0.0616041
-0.0662029
-0.071055
-0.0761755
-0.0815827
-0.087295
-0.093334
-0.0997236
-0.106489
-0.113659
-0.121267
-0.129348
-0.137943
-0.147099
-0.156866
-0.167305
-0.178482
-0.190477
-0.203377
-0.217289
-0.232342
-0.248694
-0.266407
)
;
    }
    procBoundary3to4
    {
        type            processor;
        value           nonuniform List<scalar> 
323
(
-0.390181
-0.389237
-0.388294
-0.38736
-0.386444
-0.385553
-0.384695
-0.383879
-0.383112
-0.382402
-0.381757
-0.381184
-0.38069
-0.38069
-0.381012
-0.380724
-0.380529
-0.380432
-0.380437
-0.380547
-0.380765
-0.380765
-0.381858
-0.382306
-0.382861
-0.383521
-0.383521
-0.384996
-0.385865
-0.386828
-0.387879
-0.387879
-0.389656
-0.390868
-0.392147
-0.393484
-0.393484
-0.395407
-0.396828
-0.398278
-0.398278
-0.400113
-0.40157
-0.403021
-0.403021
-0.404562
-0.405935
-0.405935
-0.407035
-0.408267
-0.408267
-0.408744
-0.409779
-0.410741
-0.410741
-0.410236
-0.410952
-0.410952
-0.409427
-0.409885
-0.409885
-0.407193
-0.407193
-0.403406
-0.403444
-0.403444
-0.398339
-0.398158
-0.398158
-0.39175
-0.39175
-0.384274
-0.383614
-0.383614
-0.37473
-0.37473
-0.365071
-0.365071
-0.352854
-0.350951
-0.350951
-0.341014
-0.341014
-0.315527
-0.368208
-0.351544
-0.368208
-0.373459
-0.373459
-0.379685
-0.379685
-0.38077
-0.383575
-0.383575
-0.385433
-0.385433
-0.385031
-0.385501
-0.385501
-0.385604
-0.385604
-0.384559
-0.384438
-0.384438
-0.383373
-0.383428
-0.383428
-0.383827
-0.383827
-0.382955
-0.383843
-0.383843
-0.383201
-0.384589
-0.384589
-0.384183
-0.385987
-0.385987
-0.385791
-0.385715
-0.387843
-0.387843
-0.387911
-0.390135
-0.390135
-0.390295
-0.390529
-0.392687
-0.392687
-0.392947
-0.393252
-0.395204
-0.395204
-0.395486
-0.39579
-0.39611
-0.397711
-0.397711
-0.39796
-0.398204
-0.399507
-0.399507
-0.399657
-0.399787
-0.39989
-0.399963
-0.4008
-0.4008
-0.400742
-0.40064
-0.400491
-0.400294
-0.400045
-0.399743
-0.399871
-0.399871
-0.399406
-0.398885
-0.398309
-0.39768
-0.397001
-0.396273
-0.3955
-0.394686
-0.393835
-0.392954
-0.392046
-0.39112
-0.315527
-0.301175
-0.283147
-0.283147
-0.267678
-0.251119
-0.235166
-0.220094
-0.205872
-0.192456
-0.179819
-0.167916
-0.156709
-0.146158
-0.136228
-0.126882
-0.118088
-0.109814
-0.102029
-0.0947039
-0.0878121
-0.0813271
-0.0752243
-0.0694803
-0.0640733
-0.0589828
-0.0541893
-0.0496749
-0.0454227
-0.0414167
-0.0376423
-0.0340856
-0.0307337
-0.0275746
-0.0245969
-0.0217901
-0.0191443
-0.0166505
-0.0142999
-0.0120845
-0.00999671
-0.00802952
-0.00617627
-0.00443078
-0.0027872
-0.00124008
-0.00124008
1.98319e-05
0.00140196
0.00270127
0.00392208
0.00506842
0.00614409
0.00715268
0.00809753
0.00898182
0.00980851
0.0105804
0.0113001
0.01197
0.0125924
0.0131696
0.0137033
0.0141955
0.0146478
0.0150618
0.0154387
0.0157797
0.016086
0.0163582
0.0165971
0.0168031
0.0168031
0.0169326
0.017074
0.0171822
0.0172556
0.0172949
0.0124908
0.0124463
0.0123617
0.012237
0.0121038
0.0121038
0.011903
0.0116639
0.0113861
0.0110691
0.010712
0.0103137
0.00987271
0.00938753
0.00885636
0.00827716
0.00764774
0.00696567
0.00622833
0.00543287
0.00457625
0.0036552
0.00266623
0.00160559
0.00046933
-0.000746804
-0.00204731
-0.00343699
-0.00492093
-0.00650453
-0.00819355
-0.00999408
-0.0119126
-0.013956
-0.0161316
-0.0184471
-0.0209107
-0.0235311
-0.0263176
-0.02928
-0.0324286
-0.0357744
-0.039329
-0.0431046
-0.0471141
-0.0513713
-0.0558904
-0.0606864
-0.0657752
-0.0711727
-0.0768963
-0.0829637
-0.0893933
-0.0962036
-0.103414
-0.111042
-0.119109
-0.127633
-0.13663
-0.144295
-0.144295
-0.154162
-0.164543
-0.175448
-0.186884
-0.198853
-0.211353
-0.224372
-0.237894
-0.251891
-0.26631
-0.281098
-0.296145
-0.311134
-0.326274
-0.340795
-0.351544
)
;
    }
}


// ************************************************************************* //
