/*--------------------------------*- C++ -*----------------------------------*\
  =========                 |
  \\      /  F ield         | OpenFOAM: The Open Source CFD Toolbox
   \\    /   O peration     | Website:  https://openfoam.org
    \\  /    A nd           | Version:  7
     \\/     M anipulation  |
\*---------------------------------------------------------------------------*/
FoamFile
{
    version     2.0;
    format      ascii;
    class       volScalarField;
    location    "100";
    object      p;
}
// * * * * * * * * * * * * * * * * * * * * * * * * * * * * * * * * * * * * * //

dimensions      [0 2 -2 0 0 0 0];

internalField   nonuniform List<scalar> 
4575
(
-0.0428214
-0.0429722
-0.0440012
-0.0425521
-0.0405227
-0.0368115
-0.0349559
-0.0325747
-0.0329323
-0.0316866
-0.0321397
-0.0288125
-0.028131
-0.0237991
-0.0242649
-0.0215528
-0.0233916
-0.0179422
-0.0181996
-0.00993619
-0.0100638
-0.00322806
-0.00695009
-0.0427103
-0.0423472
-0.0429531
-0.0412783
-0.0392291
-0.0357191
-0.0341541
-0.0322305
-0.0330289
-0.0322145
-0.0329549
-0.029752
-0.0290457
-0.0243868
-0.0245316
-0.0212737
-0.0227811
-0.0170226
-0.0171789
-0.00920762
-0.00950982
-0.00315489
-0.00714672
-0.0425965
-0.0417287
-0.0419189
-0.0400211
-0.0379463
-0.0346291
-0.0333496
-0.0318832
-0.0331247
-0.0327455
-0.0337729
-0.0306934
-0.0299589
-0.0249736
-0.0247971
-0.0209944
-0.0221687
-0.0161042
-0.0161562
-0.00848048
-0.00895588
-0.00308312
-0.00734028
-0.0424807
-0.0411173
-0.0408994
-0.0387811
-0.0366747
-0.0335419
-0.0325425
-0.0315327
-0.0332193
-0.0332793
-0.0345933
-0.0316363
-0.0308704
-0.0255592
-0.0250616
-0.0207153
-0.0215548
-0.0151877
-0.015132
-0.00775498
-0.0084021
-0.00301264
-0.00753066
-0.0423636
-0.0405138
-0.0398954
-0.0375589
-0.0354149
-0.032458
-0.031733
-0.0311788
-0.0333122
-0.0338154
-0.0354158
-0.0325803
-0.0317797
-0.0261435
-0.0253251
-0.0204367
-0.0209398
-0.0142734
-0.0141067
-0.00703133
-0.0078486
-0.00294333
-0.00771776
-0.0422459
-0.0399191
-0.0389074
-0.0363552
-0.0341674
-0.0313777
-0.0309212
-0.0308213
-0.0334032
-0.0343535
-0.0362399
-0.0335251
-0.0326868
-0.0267264
-0.0255877
-0.0201589
-0.0203239
-0.0133619
-0.0130807
-0.00630972
-0.00729551
-0.00287505
-0.00790149
-0.0421281
-0.0393337
-0.0379363
-0.0351705
-0.0329327
-0.0303015
-0.0301071
-0.0304599
-0.0334917
-0.0348931
-0.0370654
-0.0344702
-0.0335912
-0.0273078
-0.0258495
-0.0198822
-0.0197076
-0.0124536
-0.0120542
-0.00559035
-0.00674297
-0.00280768
-0.00808175
-0.0420108
-0.0387582
-0.0369826
-0.0340054
-0.0317113
-0.0292297
-0.029291
-0.0300945
-0.0335774
-0.0354337
-0.037892
-0.0354152
-0.0344926
-0.0278874
-0.0261105
-0.0196071
-0.0190912
-0.0115491
-0.0110278
-0.00487343
-0.00619111
-0.0027411
-0.00825844
-0.0418946
-0.0381934
-0.0360469
-0.0328605
-0.0305036
-0.0281627
-0.028473
-0.0297248
-0.0336599
-0.035975
-0.0387191
-0.0363597
-0.0353908
-0.0284652
-0.0263708
-0.0193338
-0.018475
-0.0106487
-0.0100016
-0.00415912
-0.00564008
-0.00267519
-0.00843149
-0.04178
-0.0376395
-0.0351296
-0.0317361
-0.0293102
-0.0271011
-0.0276531
-0.0293506
-0.0337388
-0.0365165
-0.0395466
-0.0373034
-0.0362855
-0.029041
-0.0266304
-0.0190626
-0.0178596
-0.00975304
-0.00897621
-0.00344763
-0.00509
-0.00260982
-0.0086008
-0.0416674
-0.0370972
-0.0342313
-0.0306328
-0.0281316
-0.0260452
-0.0268315
-0.0289717
-0.0338136
-0.0370579
-0.0403742
-0.0382458
-0.0371764
-0.0296146
-0.0268895
-0.0187939
-0.0172451
-0.0088625
-0.00795188
-0.00273913
-0.00454103
-0.00254489
-0.00876628
-0.0415574
-0.0365669
-0.0333524
-0.0295511
-0.0269685
-0.0249955
-0.0260085
-0.0285878
-0.033884
-0.0375986
-0.0412014
-0.0391868
-0.0380632
-0.0301859
-0.0271479
-0.0185279
-0.0166321
-0.00797757
-0.00692899
-0.00203379
-0.0039933
-0.00248026
-0.00892786
-0.0414502
-0.0360488
-0.0324932
-0.0284914
-0.0258283
-0.0239524
-0.025184
-0.0281987
-0.0339494
-0.0381382
-0.0420279
-0.0401258
-0.0389457
-0.0307546
-0.0274058
-0.0182651
-0.0160208
-0.00709873
-0.00590791
-0.00133178
-0.00344698
-0.00241582
-0.00908546
-0.0413464
-0.0355434
-0.031654
-0.0274539
-0.0246971
-0.0229162
-0.0243584
-0.0278043
-0.0340096
-0.0386764
-0.0428535
-0.0410626
-0.0398236
-0.0313206
-0.0276633
-0.0180057
-0.0154116
-0.00622641
-0.00488899
-0.000633275
-0.00290219
-0.00235146
-0.009239
-0.0412462
-0.0350508
-0.0308352
-0.0264392
-0.023581
-0.0218875
-0.0235316
-0.0274042
-0.034064
-0.0392127
-0.0436778
-0.0419968
-0.0406967
-0.0318837
-0.0279202
-0.0177499
-0.014805
-0.00536109
-0.0038726
6.15681e-05
-0.0023591
-0.00228708
-0.00938841
-0.0411501
-0.0345714
-0.0300369
-0.0254475
-0.0224815
-0.0208668
-0.022704
-0.0269982
-0.0341121
-0.0397466
-0.0445005
-0.0429282
-0.0415646
-0.0324437
-0.0281767
-0.0174982
-0.0142012
-0.0045032
-0.0028591
0.000752593
-0.00181786
-0.00222255
-0.00953362
-0.0410582
-0.0341052
-0.0292594
-0.0244791
-0.0213994
-0.0198544
-0.0218756
-0.0265862
-0.0341537
-0.0402777
-0.0453213
-0.0438564
-0.0424272
-0.0330005
-0.0284327
-0.0172507
-0.0136006
-0.00365319
-0.00184882
0.00143964
-0.00127863
-0.00215778
-0.00967457
-0.040971
-0.0336525
-0.0285028
-0.0235343
-0.0203353
-0.0188508
-0.0210467
-0.026168
-0.0341882
-0.0408057
-0.0461398
-0.0447812
-0.0432842
-0.0335537
-0.0286882
-0.0170077
-0.0130037
-0.00281148
-0.000842142
0.00212258
-0.00074157
-0.00209266
-0.0098112
-0.0408886
-0.0332133
-0.0277672
-0.0226134
-0.0192898
-0.0178564
-0.0202175
-0.0257432
-0.0342153
-0.0413299
-0.0469559
-0.0457022
-0.0441354
-0.0341033
-0.0289433
-0.0167695
-0.0124107
-0.00197849
0.000160605
0.00280124
-0.000206833
-0.0020271
-0.00994344
-0.0408113
-0.0327876
-0.0270526
-0.0217165
-0.0182629
-0.0168718
-0.019388
-0.0253118
-0.0342344
-0.0418501
-0.0477691
-0.0466193
-0.0449805
-0.0346489
-0.0291979
-0.0165364
-0.011822
-0.00115466
0.00115907
0.0034755
0.000325412
-0.00196099
-0.0100712
-0.0407393
-0.0323756
-0.0263591
-0.0208439
-0.0172549
-0.0158973
-0.0185587
-0.0248734
-0.0342452
-0.0423658
-0.0485791
-0.0475321
-0.0458193
-0.0351905
-0.029452
-0.0163085
-0.0112379
-0.000340383
0.0021529
0.00414522
0.000855
-0.00189425
-0.0101946
-0.0406729
-0.0319771
-0.0256867
-0.0199958
-0.0162664
-0.0149333
-0.0177296
-0.024428
-0.0342473
-0.0428765
-0.0493858
-0.0484405
-0.0466517
-0.0357277
-0.0297055
-0.0160861
-0.0106589
0.00046394
0.00314177
0.00481026
0.00138176
-0.00182679
-0.0103134
-0.0406121
-0.0315921
-0.0250352
-0.0191722
-0.015298
-0.0139803
-0.0169009
-0.0239754
-0.0342401
-0.0433817
-0.0501886
-0.0493441
-0.0474774
-0.0362604
-0.0299585
-0.0158694
-0.0100852
0.00125791
0.00412533
0.0054705
0.00190552
-0.00175852
-0.0104276
-0.0405573
-0.0312206
-0.0244047
-0.0183731
-0.0143502
-0.0130388
-0.016073
-0.0235154
-0.0342234
-0.0438811
-0.0509874
-0.0502428
-0.0482961
-0.0367883
-0.0302108
-0.0156586
-0.00951719
0.00204115
0.00510325
0.00612582
0.00242612
-0.00168936
-0.0105372
-0.0405084
-0.0308624
-0.0237949
-0.0175987
-0.0134235
-0.0121091
-0.0152461
-0.0230478
-0.0341967
-0.0443742
-0.0517818
-0.0511363
-0.0491078
-0.0373112
-0.0304624
-0.0154539
-0.00895521
0.00281329
0.0060752
0.00677609
0.00294337
-0.00161923
-0.0106421
-0.0404658
-0.0305174
-0.0232057
-0.016849
-0.0125178
-0.0111917
-0.0144204
-0.0225725
-0.0341596
-0.0448606
-0.0525715
-0.0520245
-0.0499122
-0.037829
-0.0307134
-0.0152554
-0.00839958
0.00357395
0.00704083
0.00742121
0.0034571
-0.00154807
-0.0107424
-0.0404294
-0.0301856
-0.022637
-0.0161239
-0.0116333
-0.010287
-0.0135962
-0.0220895
-0.0341117
-0.0453397
-0.0533562
-0.0529071
-0.0507092
-0.0383413
-0.0309635
-0.0150633
-0.00785063
0.00432278
0.00799983
0.00806105
0.00396713
-0.0014758
-0.010838
-0.0403995
-0.0298665
-0.0220884
-0.0154235
-0.0107703
-0.0093953
-0.0127737
-0.0215985
-0.0340527
-0.0458112
-0.0541356
-0.053784
-0.0514985
-0.0388479
-0.0312127
-0.0148777
-0.00730867
0.00505944
0.00895187
0.00869551
0.00447327
-0.00140235
-0.0109288
-0.0403762
-0.0295603
-0.0215598
-0.0147476
-0.00992899
-0.00851717
-0.0119534
-0.0210995
-0.0339821
-0.0462746
-0.0549092
-0.054655
-0.05228
-0.0393487
-0.0314609
-0.0146988
-0.00677402
0.00578358
0.00989662
0.00932449
0.00497536
-0.00132768
-0.0110149
-0.0403595
-0.0292665
-0.0210507
-0.0140962
-0.00910971
-0.00765295
-0.0111353
-0.0205924
-0.0338996
-0.0467293
-0.0556769
-0.0555198
-0.0530535
-0.0398434
-0.031708
-0.0145265
-0.00624698
0.00649488
0.0108338
0.00994788
0.0054732
-0.00125172
-0.0110963
-0.0403495
-0.028985
-0.020561
-0.013469
-0.00831266
-0.00680306
-0.01032
-0.0200772
-0.0338048
-0.0471751
-0.0564382
-0.0563784
-0.0538189
-0.0403318
-0.031954
-0.0143611
-0.00572786
0.00719302
0.011763
0.0105656
0.00596661
-0.00117442
-0.0111729
-0.0403464
-0.0287156
-0.0200902
-0.0128661
-0.0075381
-0.00596794
-0.00950778
-0.0195537
-0.0336975
-0.0476114
-0.0571928
-0.0572306
-0.0545761
-0.0408137
-0.0321987
-0.0142025
-0.00521695
0.00787769
0.0126839
0.0111775
0.00645541
-0.00109573
-0.0112447
-0.0403504
-0.0284582
-0.0196382
-0.0122874
-0.00678632
-0.00514807
-0.00869895
-0.0190221
-0.0335772
-0.0480377
-0.0579403
-0.058076
-0.0553248
-0.0412888
-0.032442
-0.0140509
-0.0047146
0.00854854
0.0135963
0.0117836
0.0069394
-0.00101562
-0.0113118
-0.0403617
-0.0282127
-0.0192045
-0.0117326
-0.00605752
-0.00434395
-0.00789396
-0.0184823
-0.0334437
-0.0484536
-0.0586802
-0.0589146
-0.0560649
-0.0417569
-0.0326839
-0.0139063
-0.00422103
0.00920531
0.0144998
0.0123837
0.00741839
-0.00093404
-0.0113742
-0.0403789
-0.0279775
-0.0187872
-0.0112
-0.00535071
-0.00355536
-0.007093
-0.0179343
-0.0332966
-0.0488586
-0.0594126
-0.0597467
-0.0567968
-0.0422182
-0.0329239
-0.0137683
-0.00373606
0.00984811
0.0153943
0.0129778
0.00789221
-0.000850973
-0.0114317
-0.0403995
-0.0277506
-0.0183843
-0.0106874
-0.00466387
-0.00278127
-0.0062958
-0.017378
-0.0331361
-0.0492531
-0.060138
-0.0605727
-0.0575204
-0.0426721
-0.0331614
-0.0136363
-0.00325946
0.0104772
0.0162796
0.0135658
0.00836069
-0.000766414
-0.0114846
-0.0404291
-0.0275377
-0.0180026
-0.0102033
-0.0040041
-0.00202633
-0.00550452
-0.0168141
-0.0329619
-0.0496358
-0.0608538
-0.0613895
-0.0582328
-0.0431159
-0.0333968
-0.0135114
-0.00279431
0.0110899
0.0171546
0.0141475
0.00882355
-0.000680273
-0.0115328
-0.0404958
-0.0273612
-0.0176653
-0.00977727
-0.00340186
-0.00131344
-0.00473133
-0.0162448
-0.0327695
-0.0499965
-0.061546
-0.0621839
-0.0589274
-0.0435476
-0.0336353
-0.0134008
-0.00234981
0.0116772
0.0180144
0.0147211
0.00928011
-0.000592033
-0.011576
-0.0406063
-0.0272168
-0.0173586
-0.00938924
-0.00284408
-0.000636859
-0.00397503
-0.0156669
-0.0325516
-0.0503272
-0.0622131
-0.0629639
-0.0596176
-0.0439829
-0.0338834
-0.0133086
-0.00192001
0.0122436
0.0188614
0.0152875
0.00973035
-0.000501695
-0.011614
-0.0405705
-0.0269363
-0.0168857
-0.00877362
-0.00204002
0.000240487
-0.00309529
-0.0150436
-0.0323533
-0.0507432
-0.0630087
-0.0638729
-0.0603835
-0.0444663
-0.0341111
-0.01319
-0.0014221
0.0128715
0.019746
0.0158662
0.0101809
-0.000415989
-0.011649
-0.0400073
-0.0259256
-0.0153312
-0.00660404
0.000792453
0.00319731
-0.000431488
-0.0134312
-0.0321513
-0.052269
-0.0654554
-0.0664137
-0.0623237
-0.0456437
-0.0345136
-0.0128219
-0.000126114
0.0144673
0.0218023
0.0171661
0.0111571
-0.000259449
-0.0117269
-0.0389113
-0.024468
-0.013636
-0.00478818
0.0027681
0.00519065
0.00163581
-0.0121188
-0.0320295
-0.0538324
-0.0680528
-0.0688789
-0.0642516
-0.0466609
-0.0347206
-0.0122484
0.00145476
0.0164395
0.0242743
0.0188223
0.0124677
7.88527e-05
-0.0117779
-0.0377035
-0.0229878
-0.0119822
-0.00301514
0.00477029
0.00722277
0.00351475
-0.0109605
-0.0318906
-0.0552898
-0.0706077
-0.0713384
-0.0660978
-0.0475532
-0.0348417
-0.0116914
0.00299082
0.0183187
0.0266564
0.0203963
0.0137299
0.000461531
-0.0117924
-0.0363525
-0.0214534
-0.0103474
-0.00128442
0.00675401
0.00927673
0.00549411
-0.00969163
-0.0316937
-0.0568277
-0.073321
-0.0738734
-0.0678706
-0.0483156
-0.03485
-0.0111282
0.00449185
0.0201077
0.0289883
0.0219356
0.0149562
0.000855482
-0.0117676
-0.0348584
-0.0198673
-0.00873813
0.000352092
0.00860222
0.0112245
0.00745294
-0.00838172
-0.0314746
-0.0584003
-0.076072
-0.0763531
-0.0695009
-0.0489029
-0.0347252
-0.0105533
0.00593803
0.0217775
0.0312185
0.0234165
0.0161231
0.00125593
-0.0116981
-0.033223
-0.0182351
-0.00716085
0.0018843
0.0103146
0.0130219
0.00929524
-0.00710329
-0.0312254
-0.0599014
-0.0787555
-0.0787342
-0.0709546
-0.049293
-0.0344542
-0.00996219
0.00731733
0.0233115
0.0333127
0.0248165
0.0172134
0.00166711
-0.0115825
-0.0314509
-0.0165635
-0.00561978
0.00331138
0.0118843
0.0146524
0.0109935
-0.00586813
-0.0309105
-0.0612613
-0.0813152
-0.0809726
-0.0721986
-0.0494654
-0.0340235
-0.00934847
0.00862032
0.0246948
0.0352508
0.0261231
0.0182187
0.00208874
-0.0114229
-0.0295496
-0.0148608
-0.00411971
0.00462972
0.0132974
0.0161039
0.0125393
-0.00467048
-0.0305041
-0.0624323
-0.0836818
-0.0830048
-0.0731922
-0.0493987
-0.0334201
-0.00870464
0.00983798
0.0259121
0.0370135
0.0273253
0.0191317
0.00251535
-0.011223
-0.027529
-0.0131371
-0.00266674
0.00583536
0.0145425
0.0173628
0.0139182
-0.00351464
-0.0299907
-0.0633535
-0.0857587
-0.0847518
-0.0738878
-0.0490723
-0.0326324
-0.0080224
0.010962
0.0269482
0.0385793
0.0284097
0.0199438
0.00293957
-0.0109877
-0.0254019
-0.0114035
-0.00126775
0.00692512
0.0156091
0.0184129
0.0151085
-0.00241359
-0.0293524
-0.0639447
-0.0874308
-0.0861206
-0.0742319
-0.0484673
-0.0316511
-0.00729309
0.0119854
0.0277888
0.0399253
0.0293607
0.0206469
0.00335367
-0.0107229
-0.0231828
-0.00967203
7.01914e-05
0.00789654
0.0164869
0.019237
0.016086
-0.00138098
-0.0285649
-0.0641173
-0.0885699
-0.0870059
-0.0741659
-0.0475667
-0.0304696
-0.00650837
0.0129028
0.0284207
0.0410279
0.0301605
0.0212338
0.00374937
-0.0104359
-0.0208883
-0.00795506
0.00134046
0.00874847
0.0171671
0.0198193
0.0168282
-0.000428833
-0.0276038
-0.0637818
-0.0890407
-0.0872941
-0.0736279
-0.0463566
-0.0290847
-0.00566099
0.0137113
0.0288324
0.041863
0.0307897
0.0216988
0.00411775
-0.0101347
-0.0185355
-0.00626435
0.00253767
0.00948177
0.0176442
0.0201466
0.0173147
0.00043105
-0.0264476
-0.0628528
-0.0887086
-0.0868686
-0.0725551
-0.044827
-0.027498
-0.00474567
0.0144106
0.0290156
0.042407
0.0312273
0.0220368
0.00444961
-0.00982783
-0.0161424
-0.00461064
0.00365846
0.0101005
0.0179176
0.0202107
0.0175285
0.00118656
-0.0250797
-0.0612557
-0.0874494
-0.0856189
-0.0708886
-0.0429725
-0.0257157
-0.00375994
0.0150034
0.0289665
0.0426366
0.0314505
0.0222437
0.00473632
-0.00952251
-0.0137265
-0.00300279
0.00470193
0.0106126
0.0179928
0.0200098
0.0174578
0.00182662
-0.0234891
-0.0589342
-0.0851615
-0.0834531
-0.0685789
-0.0407937
-0.0237498
-0.00270476
0.0154953
0.028687
0.0425304
0.0314361
0.0223158
0.00497083
-0.00922397
-0.0113047
-0.00144715
0.00567012
0.0110305
0.0178829
0.0195246
0.0170985
0.00234297
-0.0216725
-0.0558574
-0.0817762
-0.0803054
-0.0655918
-0.0382979
-0.0216178
-0.00158492
0.0158949
0.0281869
0.0420696
0.0311621
0.0222498
0.00514903
-0.00893357
-0.00889283
5.27832e-05
0.00656824
0.0113716
0.0176107
0.0188273
0.0164585
0.00273166
-0.0196362
-0.0520269
-0.0772696
-0.0761497
-0.0619154
-0.0355003
-0.0193432
-0.000408957
0.0162127
0.0274855
0.0412398
0.0306093
0.0220427
0.00527146
-0.00864701
-0.00650554
0.00149668
0.0074043
0.0116581
0.0172058
0.0179265
0.0155585
0.00299485
-0.0173961
-0.047481
-0.0716715
-0.0710033
-0.0575632
-0.0324246
-0.0169542
0.00081127
0.0164609
0.0266122
0.0400327
0.0297651
0.0216927
0.00534533
-0.00835259
-0.00415637
0.00288739
0.00818849
0.0119158
0.0167077
0.0168691
0.0144353
0.00314329
-0.0149775
-0.0422962
-0.0650705
-0.0649319
-0.0525774
-0.0291037
-0.0144829
0.00206148
0.0166524
0.0256075
0.0384183
0.0286279
0.0212005
0.0053866
-0.00802977
-0.00185801
0.00423057
0.00893288
0.0121717
0.0161655
0.0157189
0.0131442
0.00319945
-0.0124127
-0.0365837
-0.0576128
-0.058055
-0.0470346
-0.0255801
-0.0119641
0.00332629
0.016799
0.0245244
0.0364771
0.0272117
0.0205721
0.00542171
-0.00764879
0.00037731
0.00553379
0.00965095
0.0124517
0.0156345
0.0145554
0.0117649
0.00320185
-0.00973751
-0.0304847
-0.0494964
-0.0505449
-0.0410464
-0.0219051
-0.00943307
0.00459046
0.0169113
0.0234241
0.0342102
0.0255471
0.0198218
0.00548813
-0.0071718
0.00253715
0.00680513
0.0103569
0.0127782
0.0151743
0.0134719
0.0104023
0.00320896
-0.00698639
-0.0241639
-0.0409619
-0.0426143
-0.0347539
-0.0181385
-0.00692371
0.00583987
0.0169982
0.0223708
0.0316726
0.0236886
0.018976
0.00563257
-0.00655624
0.00460837
0.00805093
0.0110642
0.0131669
0.0148456
0.0125705
0.00918457
0.00330158
-0.00418845
-0.0177981
-0.0322798
-0.0345029
-0.0283185
-0.0143455
-0.00446683
0.0070621
0.0170671
0.0214263
0.0289445
0.0217159
0.0180754
0.00590623
-0.00576081
0.00657718
0.00927367
0.0117832
0.0136239
0.0147007
0.011952
0.00825557
0.00358032
-0.00136504
-0.0115648
-0.0237324
-0.0264662
-0.0219171
-0.0105947
-0.00208857
0.00824682
0.0171244
0.0206435
0.026135
0.0197283
0.0171743
0.00635659
-0.00475388
0.00842998
0.0104716
0.0125188
0.0141445
0.0147711
0.0117022
0.00775711
0.00415497
0.00146786
-0.00563267
-0.015593
-0.0187574
-0.0157291
-0.00695457
0.000190032
0.00938552
0.0171757
0.0200555
0.0233793
0.0178426
0.016337
0.00701628
-0.0035232
0.0101545
0.0116388
0.0132709
0.0147178
0.0150559
0.0118671
0.00779705
0.00512195
0.00429308
-0.000152057
-0.00810813
-0.0116071
-0.0099213
-0.00348903
0.00235261
0.010471
0.017225
0.0196694
0.0208296
0.0161806
0.0156292
0.00789038
-0.00208503
0.0117408
0.0127663
0.0140341
0.0153284
0.0155266
0.0124407
0.00842594
0.00653215
0.00708413
0.00475504
-0.00147578
-0.00520305
-0.00463362
-0.00025316
0.00438631
0.0114967
0.0172751
0.0194653
0.0186369
0.0148502
0.0151048
0.00894709
-0.000489649
0.0131828
0.0138425
0.0147976
0.0159567
0.0161327
0.0133589
0.00962506
0.00836376
0.00980008
0.00900318
0.00417208
0.000329997
3.57416e-05
0.00271121
0.0062807
0.0124558
0.0173286
0.0194039
0.0169247
0.0139295
0.0147932
0.0101153
0.00117925
0.014479
0.0148554
0.0155482
0.0165819
0.0168085
0.0145066
0.0113095
0.0105126
0.0123822
0.012548
0.00877886
0.00493943
0.00404057
0.0053784
0.00802699
0.0133408
0.017387
0.0194406
0.0157613
0.0134505
0.0146888
0.0112917
0.00281363
0.0156321
0.015795
0.0162726
0.0171849
0.0174873
0.0157408
0.0133583
0.0128011
0.014753
0.0153914
0.0123761
0.00865192
0.00738316
0.00773766
0.00961722
0.0141446
0.0174477
0.0195158
0.0151558
0.0133904
0.0147482
0.0123585
0.00429669
0.0166482
0.0166541
0.0169589
0.0177512
0.0181172
0.0169127
0.0153118
0.0150015
0.0168183
0.0175723
0.0150724
0.0115589
0.0101056
0.00979007
0.0110431
0.0148603
0.0175027
0.0195688
0.0150398
0.013669
0.0149038
0.0132076
0.00552158
0.0175352
0.0174285
0.0175965
0.0182717
0.0186712
0.0179234
0.0169176
0.01691
0.0184904
0.0191552
0.0170212
0.0137843
0.0122677
0.0115474
0.0122973
0.0154819
0.0175425
0.0195552
0.0152906
0.0141572
0.0150925
0.0137659
0.00641073
0.0183021
0.0181168
0.018177
0.0187396
0.0191407
0.0187396
0.0182191
0.0184064
0.0197266
0.0202243
0.0183828
0.0154573
0.0139956
0.0130283
0.0133778
0.0160043
0.0175576
0.0194539
0.0157517
0.0147283
0.0152711
0.0140089
0.00693117
0.0189578
0.0187193
0.0186944
0.0191505
0.0195254
0.0193604
0.0191811
0.0194722
0.02055
0.0208782
0.0192981
0.016693
0.0153346
0.014249
0.0142869
0.016424
0.0175415
0.0192631
0.0162621
0.0152754
0.0154117
0.0139628
0.00710022
0.0195119
0.0192389
0.0191461
0.0195028
0.019833
0.0198105
0.0198508
0.0201677
0.0210328
0.0212182
0.0198792
0.0175835
0.0163456
0.0152305
0.0150324
0.0167411
0.0174908
0.0189926
0.0166849
0.0157107
0.0154867
0.0136836
0.00697724
0.0196797
0.0195329
0.0197978
0.0200737
0.0201238
0.0202892
0.0205808
0.0212629
0.0213347
0.0202123
0.0182029
0.017086
0.0159964
0.0156256
0.0169586
0.0174032
0.0186579
0.016928
0.0159646
0.0154508
0.0132256
0.00664628
0.0200467
0.0198578
0.0200392
0.0202576
0.0203322
0.0205543
0.0207936
0.021319
0.0213003
0.0203637
0.0186125
0.0176064
0.0165716
0.0160799
0.0170815
0.0172759
0.0182719
0.0169554
0.0159923
0.0152538
0.0126291
0.00619304
0.0203462
0.0201253
0.0202319
0.0203927
0.0204627
0.0206938
0.02087
0.0212612
0.0211687
0.0203847
0.0188609
0.0179502
0.0169819
0.0164089
0.0171177
0.0171065
0.0178443
0.0167751
0.0157885
0.0148698
0.0119276
0.00568651
0.0205848
0.0203405
0.0203811
0.0204862
0.0205358
0.0207438
0.0208555
0.021132
0.0209779
0.0203142
0.0189865
0.0181545
0.0172527
0.0166267
0.0170768
0.0168941
0.0173823
0.0164247
0.0153877
0.0143124
0.0111563
0.00517261
0.0207696
0.0205088
0.0204921
0.020544
0.0205368
0.0207295
0.0207815
0.02096
0.0207539
0.0201812
0.0190194
0.0182495
0.0174068
0.0167467
0.0169693
0.0166408
0.016894
0.0159557
0.0148441
0.0136242
0.010353
0.00467774
0.0209072
0.0206358
0.0205705
0.0205747
0.0205332
0.0206744
0.0206696
0.0207643
0.0205141
0.0200069
0.0189827
0.0182595
0.0174649
0.0167822
0.0168062
0.0163518
0.0163878
0.0154159
0.0142128
0.0128587
0.00955285
0.00421565
0.0210042
0.0207268
0.0206207
0.0205824
0.0205072
0.0205923
0.0205347
0.0205572
0.0202696
0.0198065
0.0188944
0.0182046
0.0174451
0.0167236
0.0165984
0.0160343
0.015872
0.0148425
0.0135405
0.012064
0.0087834
0.00379296
0.0210666
0.0207867
0.0206471
0.0205706
0.0204633
0.0204927
0.0203868
0.0203465
0.0200276
0.019591
0.0187679
0.0181008
0.0173665
0.0166365
0.0163588
0.0156968
0.0153547
0.0142612
0.0128616
0.0112769
0.00806302
0.0034122
0.0211
0.0208202
0.0206533
0.0205429
0.0204056
0.0203822
0.0202328
0.0201374
0.0197921
0.0193683
0.0186142
0.0179612
0.0172425
0.016502
0.0160956
0.0153471
0.0148435
0.0136886
0.0121998
0.0105223
0.0074018
0.00307344
0.0211093
0.0208313
0.0206426
0.0205023
0.0203374
0.0202655
0.0200772
0.019933
0.0195654
0.0191439
0.0184416
0.0177962
0.0170846
0.0163309
0.0158162
0.0149923
0.0143451
0.0131348
0.0115701
0.00981576
0.0068036
0.00277499
0.0210988
0.0208239
0.0206177
0.0204514
0.0202616
0.0201458
0.0199232
0.0197352
0.0193487
0.0189219
0.018257
0.0176138
0.0169023
0.0161338
0.0155274
0.0146389
0.0138651
0.0126061
0.0109812
0.00916587
0.00626821
0.00251406
0.0210725
0.0208014
0.0205812
0.0203926
0.0201805
0.0200255
0.0197727
0.0195455
0.0191425
0.0187054
0.0180657
0.0174206
0.0167059
0.0159199
0.0152352
0.014292
0.0134077
0.0121078
0.0104382
0.00857635
0.00579298
0.00228728
0.0210337
0.0207668
0.0205356
0.0203279
0.020096
0.0199063
0.0196273
0.0193647
0.0189469
0.0184964
0.0178723
0.0172223
0.0165007
0.0156961
0.0149448
0.0139557
0.0129763
0.0116415
0.00994244
0.00804766
0.00537401
0.00209105
0.0209855
0.020723
0.0204831
0.0202591
0.0200098
0.0197897
0.0194877
0.0191935
0.0187621
0.0182966
0.0176805
0.0170234
0.0162919
0.0154686
0.0146605
0.0136332
0.0125736
0.0112091
0.00949335
0.00757798
0.00500685
0.00192187
0.0209307
0.0206724
0.0204258
0.0201879
0.0199234
0.0196769
0.019355
0.0190324
0.0185883
0.018107
0.0174935
0.0168276
0.0160842
0.0152429
0.0143861
0.0133272
0.0122014
0.0108117
0.00908916
0.00716413
0.00468694
0.00177648
0.0208717
0.0206174
0.0203656
0.0201161
0.0198384
0.0195689
0.0192296
0.018882
0.0184258
0.017929
0.0173139
0.0166381
0.0158818
0.0150234
0.0141249
0.01304
0.0118609
0.0104497
0.00872774
0.00680222
0.00440987
0.00165198
0.0208108
0.0205601
0.0203044
0.0200452
0.0197561
0.0194667
0.0191124
0.0187427
0.0182752
0.0177633
0.017144
0.0164578
0.0156882
0.0148143
0.0138801
0.0127737
0.0115525
0.0101232
0.00840685
0.00648814
0.00417154
0.00154584
0.0207501
0.0205026
0.0202436
0.0199764
0.0196777
0.0193714
0.0190041
0.0186152
0.018137
0.0176112
0.0169858
0.0162892
0.0155065
0.0146186
0.0136544
0.01253
0.0112765
0.0098323
0.00812448
0.0062179
0.00396823
0.00145591
0.0206915
0.0204468
0.0201855
0.0199115
0.0196046
0.0192841
0.0189056
0.0185001
0.0180122
0.0174735
0.0168412
0.0161347
0.0153395
0.0144392
0.01345
0.0123106
0.0110329
0.00957687
0.00787891
0.0059878
0.00379663
0.0013804
0.0206368
0.0203945
0.0201314
0.0198519
0.0195382
0.0192058
0.0188178
0.0183983
0.0179015
0.0173515
0.0167119
0.0159964
0.0151897
0.0142787
0.0132692
0.0121172
0.0108217
0.00935676
0.00766879
0.0057947
0.00365392
0.00131782
0.0205877
0.0203473
0.0200829
0.0197989
0.0194796
0.0191375
0.0187417
0.0183106
0.0178061
0.0172463
0.0165998
0.0158763
0.0150594
0.0141394
0.0131138
0.0119514
0.0106433
0.00917187
0.00749321
0.00563603
0.00353773
0.00126699
0.0205457
0.0203066
0.0200414
0.0197539
0.0194303
0.0190806
0.0186784
0.018238
0.017727
0.0171593
0.0165066
0.0157763
0.014951
0.0140235
0.0129856
0.0118148
0.010498
0.00902227
0.00735167
0.00550991
0.0034462
0.001227
0.0205123
0.0202743
0.0200085
0.0197183
0.0193915
0.019036
0.018629
0.0181817
0.0176656
0.0170917
0.0164339
0.0156985
0.0148665
0.0139332
0.0128864
0.0117093
0.0103867
0.00890832
0.00724417
0.00541515
0.00337802
0.00119719
0.0204888
0.0202516
0.0199853
0.0196934
0.0193645
0.0190051
0.0185949
0.0181428
0.0176232
0.017045
0.0163837
0.0156446
0.014808
0.0138707
0.0128182
0.0116366
0.0103107
0.00883074
0.00717121
0.00535133
0.00333252
0.00117717
0.0204766
0.0202396
0.0199733
0.0196804
0.0193505
0.018989
0.0185772
0.0181226
0.0176013
0.0170208
0.0163578
0.0156165
0.0147779
0.0138382
0.0127831
0.011599
0.0102717
0.00879071
0.00713395
0.0053186
0.00330977
0.00116687
0.0173969
0.0171569
0.0168763
0.0165474
0.0161752
0.0157558
0.0152924
0.0147847
0.0142333
0.0136384
0.0129994
0.0123104
0.0115759
0.010777
0.00992792
0.0089986
0.00801326
0.00694057
0.0058131
0.00461014
0.00335758
0.0020555
0.000702541
0.0174176
0.0171771
0.0168962
0.0165664
0.0161933
0.0157726
0.015308
0.0147994
0.0142473
0.013652
0.0130133
0.0123245
0.0115912
0.0107924
0.00994459
0.00901453
0.00802895
0.00695413
0.00582463
0.00461836
0.00336355
0.0020583
0.000703198
0.0174575
0.0172164
0.0169348
0.0166032
0.0162281
0.0158051
0.0153379
0.0148277
0.0142738
0.0136784
0.0130398
0.0123519
0.0116207
0.0108224
0.00997677
0.00904568
0.00805918
0.00698074
0.00584655
0.0046348
0.00337466
0.00206452
0.000704184
0.0175156
0.0172737
0.0169909
0.0166568
0.0162785
0.0158522
0.015381
0.0148685
0.0143117
0.0137163
0.0130779
0.0123914
0.0116634
0.010866
0.0100238
0.00909115
0.00810348
0.00701958
0.00587829
0.0046589
0.00339056
0.00207374
0.000705476
0.0175909
0.0173479
0.0170637
0.0167261
0.0163436
0.0159126
0.015436
0.0149203
0.0143598
0.0137646
0.0131264
0.0124421
0.0117184
0.0109223
0.010085
0.00915034
0.00816148
0.00707001
0.00591929
0.00469026
0.00341074
0.0020857
0.000707144
0.0176824
0.0174383
0.0171524
0.0168102
0.0164224
0.0159852
0.0155017
0.014982
0.0144166
0.0138221
0.013184
0.012503
0.0117849
0.0109907
0.0101601
0.00922277
0.008233
0.00713143
0.00596904
0.00472848
0.00343448
0.00210024
0.000709275
0.0177895
0.0175442
0.0172563
0.0169085
0.016514
0.016069
0.0155767
0.015052
0.0144807
0.0138876
0.0132496
0.0125733
0.0118622
0.0110705
0.0102486
0.00930818
0.00831799
0.00720318
0.00602712
0.00477305
0.00346096
0.00211732
0.000711985
0.0179116
0.0176651
0.0173751
0.0170202
0.0166174
0.0161626
0.0156598
0.0151297
0.0145505
0.0139595
0.0133217
0.0126518
0.0119494
0.0111612
0.0103503
0.00940646
0.00841645
0.00728452
0.00609316
0.00482325
0.00348913
0.00213708
0.000715432
0.0180483
0.0178008
0.0175084
0.0171447
0.0167319
0.0162649
0.0157492
0.0152124
0.0146241
0.0140364
0.0133991
0.0127377
0.0120458
0.0112621
0.010465
0.00951773
0.00852837
0.00737461
0.0061668
0.00487805
0.00351777
0.00215981
0.000719813
0.0181993
0.0179513
0.017656
0.0172815
0.0168565
0.0163744
0.0158432
0.0152985
0.0146997
0.014117
0.0134805
0.01283
0.0121508
0.0113726
0.0105926
0.00964227
0.00865361
0.00747246
0.00624761
0.00493599
0.00354536
0.00218602
0.000725384
0.0183647
0.0181164
0.017818
0.0174301
0.0169904
0.0164895
0.01594
0.015386
0.014775
0.0141996
0.0135641
0.0129278
0.0122636
0.0114919
0.0107331
0.00978051
0.00879185
0.00757696
0.00633497
0.00499503
0.00357006
0.00221638
0.000732439
0.0185445
0.0182967
0.0179944
0.0175901
0.0171324
0.0166086
0.0160372
0.0154726
0.0148477
0.0142822
0.0136483
0.0130302
0.0123835
0.0116191
0.0108863
0.00993292
0.00894254
0.00768689
0.00642785
0.00505234
0.00358978
0.00225018
0.000741085
0.0187389
0.0184924
0.0181855
0.017761
0.0172814
0.0167294
0.0161323
0.0155556
0.0149149
0.0143628
0.0137313
0.0131362
0.0125095
0.0117531
0.0110524
0.0100999
0.00910469
0.00780088
0.00652466
0.00510402
0.00360225
0.00229073
0.000751404
0.0189485
0.0187044
0.0183914
0.0179421
0.0174358
0.0168494
0.016222
0.0156315
0.0149735
0.0144387
0.0138112
0.0132454
0.01264
0.0118925
0.011231
0.0102816
0.00927691
0.00791724
0.00662291
0.00514492
0.00360428
0.00233745
0.000763495
0.0191738
0.0189334
0.0186127
0.0181326
0.0175937
0.0169658
0.0163023
0.0156965
0.0150199
0.0145072
0.013886
0.0133555
0.0127734
0.0120353
0.0114214
0.0104777
0.00945723
0.00803384
0.00671884
0.00516847
0.00359192
0.00239088
0.000777477
0.0194153
0.0191805
0.0188494
0.0183314
0.0177524
0.0170746
0.0163684
0.0157461
0.0150501
0.0145648
0.0139532
0.0134655
0.0129097
0.012179
0.0116221
0.0106873
0.00964296
0.00814778
0.0068073
0.00516614
0.00356006
0.00245103
0.000793574
0.0196736
0.0194465
0.0191017
0.0185367
0.0179087
0.0171714
0.0164143
0.0157753
0.0150593
0.0146076
0.0140105
0.013573
0.0130384
0.0123194
0.0118298
0.0109084
0.00983043
0.00825491
0.00688148
0.00512664
0.00350198
0.00251745
0.000811865
0.0199493
0.0197325
0.0193692
0.018746
0.018058
0.0172503
0.0164398
0.0157782
0.0150423
0.0146311
0.014055
0.0136746
0.0131589
0.0124522
0.0120392
0.0111376
0.0100147
0.00834924
0.00693182
0.00503648
0.00340993
0.00258922
0.000832319
0.0202422
0.0200392
0.0196508
0.0189558
0.0181945
0.017303
0.0164319
0.0157473
0.0149925
0.0146303
0.0140835
0.0137666
0.013265
0.0125701
0.0122412
0.0113695
0.0101887
0.0084221
0.00694534
0.0048937
0.00327485
0.00266462
0.000854707
0.0205517
0.0203666
0.0199446
0.0191605
0.0183104
0.0173193
0.0163785
0.0156735
0.0149028
0.0146
0.0140925
0.0138437
0.0133484
0.0126617
0.0124222
0.0115957
0.0103428
0.00846106
0.00690435
0.00465446
0.00308303
0.00274005
0.000878422
0.0208756
0.0207138
0.0202469
0.0193527
0.0183953
0.0172916
0.0162701
0.0155468
0.0147651
0.0145347
0.0140781
0.0138997
0.0133982
0.0127101
0.0125618
0.0118031
0.0104633
0.00844884
0.00678853
0.00430406
0.00281821
0.00280963
0.000902403
0.0212099
0.0210783
0.0205517
0.0195215
0.0184349
0.0172099
0.0160947
0.0153562
0.0145704
0.014429
0.0140358
0.0139282
0.0133996
0.01269
0.0126308
0.0119715
0.0105307
0.00836152
0.00657285
0.00381618
0.00246093
0.00286362
0.000924796
0.021547
0.0214545
0.0208495
0.0196519
0.0184103
0.0170474
0.0158364
0.0150888
0.0143098
0.0142777
0.0139609
0.0139217
0.0133324
0.0125658
0.0125894
0.0120709
0.0105179
0.00816673
0.0062273
0.00316478
0.00198909
0.00288628
0.000942598
0.0218743
0.0218327
0.0211261
0.0197233
0.0182974
0.0167827
0.015477
0.0147302
0.0139736
0.014076
0.0138494
0.0138733
0.013169
0.0122903
0.0123866
0.0120581
0.0103871
0.00782189
0.00571623
0.0023269
0.00137962
0.00285464
0.00095188
0.0221709
0.0221965
0.0213605
0.0197077
0.0180643
0.0163892
0.0149965
0.0142647
0.0135532
0.0138191
0.0136984
0.0137771
0.0128752
0.0118058
0.0119636
0.011876
0.0100866
0.00727288
0.0049967
0.00128502
0.000610946
0.0027383
0.00094834
0.0224039
0.022519
0.0215223
0.0195677
0.0176702
0.0158337
0.0143716
0.0136756
0.0130404
0.0135027
0.0135065
0.0136276
0.0124168
0.0110563
0.0112689
0.0114597
0.00954822
0.00645154
0.00401565
2.79816e-05
-0.000333993
0.00250159
0.000928667
0.0225215
0.0227578
0.0215687
0.0192538
0.0170633
0.0150752
0.0135756
0.0129454
0.0124291
0.0131226
0.0132751
0.0134199
0.0117735
0.0100115
0.0102837
0.0107485
0.00868452
0.00527236
0.0027051
-0.00144994
-0.00146388
0.00210744
0.000891737
0.0224452
0.0228481
0.0214409
0.0187025
0.0161787
0.0140643
0.0125779
0.0120569
0.011715
0.0126751
0.0130079
0.0131498
0.0109533
0.00870159
0.00904385
0.0096999
0.00738919
0.00363223
0.00097933
-0.00315299
-0.00277616
0.00152221
0.0008395
0.0220611
0.0226959
0.0210615
0.0178352
0.0149384
0.0127424
0.0113436
0.0109943
0.0108958
0.0121579
0.0127107
0.0128146
0.0100046
0.00720773
0.00763761
0.00828936
0.00554203
0.00141272
-0.00125455
-0.00508174
-0.00425799
0.000719957
0.000778735
0.0212205
0.0221754
0.0203327
0.0165582
0.0132531
0.0110441
0.0098342
0.00974481
0.00997175
0.0115697
0.0123909
0.0124178
0.00902601
0.00566376
0.00617453
0.00649788
0.00302267
-0.00150344
-0.00407105
-0.00723025
-0.00588925
-0.000313637
0.000722672
0.0197657
0.02114
0.0191341
0.0147611
0.0110242
0.00889984
0.00800954
0.00829941
0.00894528
0.0109132
0.0120608
0.0119793
0.00815368
0.00422838
0.00475012
0.00430324
-0.000263802
-0.00519941
-0.00755376
-0.00958865
-0.0076467
-0.0015787
0.000690134
0.0175992
0.0194547
0.0173236
0.012314
0.00814427
0.00623845
0.00583099
0.00665443
0.00782203
0.010196
0.0117364
0.0115371
0.00753499
0.00305238
0.00343493
0.00169286
-0.00435432
-0.00969316
-0.0116838
-0.0121365
-0.00950863
-0.00305636
0.000700588
0.0147713
0.0170443
0.0147462
0.00906635
0.00449806
0.00298995
0.00326521
0.00481157
0.00661019
0.00942944
0.0114356
0.0111437
0.00729749
0.00225773
0.00227962
-0.00131491
-0.00920877
-0.0149241
-0.0163974
-0.0148408
-0.0114576
-0.00470871
0.00077113
0.0115061
0.0139233
0.0112585
0.00486121
-2.97586e-05
-0.000908687
0.000288648
0.00277733
0.00531882
0.00862699
0.0111744
0.0108577
0.00752151
0.00191881
0.00131536
-0.0046655
-0.0147123
-0.0207516
-0.0215688
-0.0176638
-0.0134832
-0.00648093
0.000913812
0.00811709
0.0101821
0.00676925
-0.000429044
-0.00553431
-0.00550305
-0.0031077
0.000561582
0.00395646
0.007802
0.0109633
0.0107296
0.008233
0.00205466
0.000553266
-0.00826861
-0.0206761
-0.0269693
-0.0270292
-0.0205684
-0.0155779
-0.0083055
0.0011339
0.00488977
0.00594894
0.00127681
-0.00685461
-0.0120592
-0.010807
-0.00691386
-0.00182294
0.00253046
0.00696618
0.0108076
0.0107964
0.0094045
0.00263221
-1.40303e-05
-0.0120052
-0.0268599
-0.0333321
-0.0325925
-0.0235201
-0.0177343
-0.0101113
0.00142957
0.00200397
0.00135719
-0.00512556
-0.0143612
-0.0195671
-0.016788
-0.0110975
-0.00435991
0.00104625
0.00612818
0.0107089
0.0110768
0.0109585
0.00357979
-0.000407844
-0.0157398
-0.0330009
-0.0395858
-0.0380767
-0.0264834
-0.019937
-0.0118318
0.00179317
-0.000475698
-0.00347164
-0.0122801
-0.0228082
-0.02794
-0.0233598
-0.0156022
-0.00702858
-0.000492607
0.00529262
0.0106635
0.0115657
0.0127878
0.00480195
-0.000658649
-0.0193354
-0.0388424
-0.0454939
-0.04332
-0.0294191
-0.022163
-0.0134091
0.00221331
-0.00257609
-0.00843493
-0.0199938
-0.03199
-0.03699
-0.0303893
-0.0203515
-0.00980383
-0.00208391
0.00445961
0.0106615
0.0122373
0.0147739
0.00619185
-0.000801676
-0.0226683
-0.0441602
-0.0508599
-0.0481917
-0.0322845
-0.0243814
-0.0147966
0.00267603
-0.00438346
-0.0134514
-0.0280637
-0.0416641
-0.0464851
-0.0377127
-0.0252549
-0.0126569
-0.00372549
0.00362592
0.0106887
0.0130497
0.0167981
0.00764449
-0.000873576
-0.0256389
-0.0487822
-0.0555416
-0.0525972
-0.035035
-0.0265549
-0.0159607
0.00316568
-0.00601022
-0.0184566
-0.0362897
-0.0515768
-0.0561713
-0.0451472
-0.0302139
-0.0155565
-0.00541352
0.00278656
0.010728
0.0139504
0.0187527
0.00906492
-0.000909902
-0.0281793
-0.0526003
-0.0594576
-0.0564777
-0.0376263
-0.0286427
-0.0168828
0.00366599
-0.00755682
-0.0233962
-0.0444824
-0.0614754
-0.0657918
-0.0525077
-0.0351291
-0.0184692
-0.00714135
0.00193586
0.0107601
0.0148807
0.0205493
0.010375
-0.000942965
-0.0302568
-0.0555726
-0.0625849
-0.0598056
-0.0400169
-0.030604
-0.0175574
0.00416077
-0.009098
-0.0282177
-0.0524672
-0.0711197
-0.0751001
-0.0596154
-0.0399055
-0.0213612
-0.0088992
0.00106837
0.0107649
0.0157808
0.0221797
0.0115161
-0.00100028
-0.0318722
-0.0577165
-0.0649509
-0.0625799
-0.0421709
-0.0324008
-0.0179906
0.0046344
-0.0106784
-0.0328677
-0.0600854
-0.0802871
-0.0839069
-0.0663121
-0.0444575
-0.0241985
-0.0106745
0.000179711
0.0107218
0.0165941
0.023476
0.0124423
-0.00110384
-0.033054
-0.0590962
-0.0666198
-0.0648194
-0.0440592
-0.0340011
-0.0181979
0.00507253
-0.0123153
-0.0372917
-0.0671945
-0.0887781
-0.0922496
-0.072461
-0.0487111
-0.0269486
-0.0124524
-0.000732646
0.0106116
0.0172754
0.0244635
0.0131267
-0.00126943
-0.03385
-0.0598071
-0.067678
-0.0665556
-0.0456607
-0.0353799
-0.0182009
0.00546252
-0.0140066
-0.0414357
-0.0736712
-0.0964088
-0.0994418
-0.077935
-0.0526062
-0.0295808
-0.0142168
-0.00166927
0.0104164
0.0177874
0.0251268
0.0135586
-0.00150687
-0.0343197
-0.0599605
-0.0682202
-0.0678269
-0.0469624
-0.036521
-0.018025
0.00579343
-0.0157379
-0.0452493
-0.0794151
-0.103046
-0.105581
-0.0826515
-0.0560979
-0.0320676
-0.015951
-0.00262904
0.0101208
0.0181029
0.0254632
0.0137391
-0.00182075
-0.0345265
-0.0596702
-0.0683378
-0.0686736
-0.0479588
-0.0374161
-0.017697
0.00605626
-0.017488
-0.0486894
-0.0843501
-0.108592
-0.110603
-0.0865606
-0.0591566
-0.0343846
-0.0176385
-0.00360948
0.00971241
0.0182047
0.0254804
0.0136785
-0.00221146
-0.0345305
-0.0590424
-0.0681116
-0.0691358
-0.0486513
-0.0380647
-0.0172436
0.00624416
-0.0192328
-0.0517224
-0.0884267
-0.11299
-0.114471
-0.0896421
-0.0617667
-0.0365111
-0.0192642
-0.00460731
0.00918236
0.018084
0.0251932
0.0133929
-0.00267617
-0.0343843
-0.0581697
-0.0676086
-0.069251
-0.0490468
-0.0384728
-0.0166904
0.00635251
-0.0209503
-0.0543259
-0.0916236
-0.116218
-0.117182
-0.0919031
-0.0639251
-0.0384308
-0.0208145
-0.00561904
0.00852523
0.0177398
0.0246215
0.0129023
-0.00320998
-0.0341311
-0.0571273
-0.0668812
-0.0690534
-0.0491571
-0.0386517
-0.0160606
0.00637879
-0.0226237
-0.056491
-0.0939458
-0.118295
-0.118771
-0.0933739
-0.0656392
-0.0401314
-0.022278
-0.00664144
0.00773915
0.0171767
0.0237883
0.012228
-0.00380706
-0.0338042
-0.0559729
-0.0659683
-0.0685738
-0.0489973
-0.0386163
-0.0153748
0.00632242
-0.0242398
-0.0582259
-0.0954241
-0.119271
-0.1193
-0.0941043
-0.0669249
-0.0416053
-0.0236459
-0.00767184
0.00682543
0.0164035
0.0227179
0.011392
-0.00446116
-0.0334285
-0.0547484
-0.0648983
-0.0678395
-0.0485851
-0.0383841
-0.0146512
0.00618456
-0.0257822
-0.0595499
-0.0961151
-0.119229
-0.118858
-0.0941584
-0.0678045
-0.0428491
-0.0249117
-0.00870826
0.00578809
0.015432
0.021435
0.0104158
-0.00516514
-0.0330212
-0.053483
-0.063691
-0.0668748
-0.04794
-0.0379738
-0.0139051
0.00596784
-0.0272341
-0.0604784
-0.0960922
-0.118272
-0.117552
-0.0936096
-0.0683049
-0.0438633
-0.0260719
-0.00974934
0.00463332
0.0142756
0.0199629
0.00931894
-0.00591123
-0.0325921
-0.0521954
-0.0623613
-0.0657014
-0.0470826
-0.0374047
-0.0131496
0.00567609
-0.0285989
-0.0610227
-0.0954217
-0.116523
-0.115503
-0.0925365
-0.0684557
-0.0446523
-0.027125
-0.0107943
0.003369
0.0129487
0.0183222
0.00811627
-0.00669423
-0.0321444
-0.0508947
-0.0609196
-0.0643391
-0.0460339
-0.0366955
-0.0123954
0.005314
-0.0299067
-0.0612282
-0.0941596
-0.114091
-0.112834
-0.0910183
-0.0682885
-0.0452236
-0.0280721
-0.0118427
0.00200371
0.0114673
0.0165302
0.00681789
-0.00751458
-0.0316813
-0.0495829
-0.05937
-0.062805
-0.0448148
-0.0358642
-0.0116511
0.00488678
-0.0311605
-0.0611962
-0.0924302
-0.11108
-0.109652
-0.0891284
-0.0678341
-0.0455873
-0.0289162
-0.0128937
0.00054579
0.00984349
0.0146071
0.00544216
-0.00836948
-0.0312131
-0.0482676
-0.0577179
-0.0611127
-0.0434455
-0.0349275
-0.0109235
0.00439987
-0.0322609
-0.0610106
-0.0904952
-0.107713
-0.106048
-0.0869371
-0.0671221
-0.0457546
-0.029661
-0.0139453
-0.000989935
0.00809317
0.0125983
0.00404022
-0.00923029
-0.0307516
-0.046974
-0.0559952
-0.0592824
-0.041947
-0.0339005
-0.0102179
0.00386026
-0.0331167
-0.0606405
-0.088522
-0.104361
-0.102279
-0.0845713
-0.0662087
-0.0457478
-0.0303139
-0.014998
-0.00256673
0.00628818
0.0105929
0.00266736
-0.0100574
-0.0302942
-0.0457128
-0.0542471
-0.0573537
-0.0403519
-0.0327993
-0.00953866
0.00327785
-0.0341118
-0.0600186
-0.0861009
-0.100733
-0.099552
-0.0821018
-0.0651342
-0.0456017
-0.030913
-0.0160783
-0.00419574
0.00441545
0.00851748
0.00116185
-0.0109389
-0.0298202
-0.0443943
-0.0523749
-0.0553159
-0.0386609
-0.0316408
-0.00889152
0.00264841
-0.0356583
-0.0593443
-0.0831481
-0.0963246
-0.0948253
-0.079291
-0.0637294
-0.0450639
-0.0311303
-0.0169669
-0.00586262
0.00234329
0.00624092
-0.00042091
-0.0118128
-0.0294428
-0.0432956
-0.0507331
-0.0536538
-0.0373065
-0.030799
-0.00845759
0.00214825
-0.0362967
-0.0594044
-0.0824692
-0.0950095
-0.093385
-0.0781841
-0.0630646
-0.0447643
-0.0311336
-0.0172119
-0.00640406
0.00168254
0.005421
-0.00102658
-0.0121867
-0.0293515
-0.0429091
-0.0500597
-0.0529349
-0.0367064
-0.030363
-0.00825206
0.00191467
-0.0368984
-0.0595253
-0.0819631
-0.0939572
-0.0922006
-0.0772101
-0.0624137
-0.0444472
-0.0310777
-0.017353
-0.00680602
0.00117686
0.00470408
-0.00158227
-0.0125488
-0.029283
-0.0425658
-0.0494249
-0.0522423
-0.0361325
-0.0299022
-0.00805311
0.00168681
-0.0374678
-0.0595791
-0.0813752
-0.0928416
-0.0909728
-0.0762491
-0.0617858
-0.0441544
-0.0310441
-0.0175192
-0.00723228
0.000643707
0.00396965
-0.00214259
-0.0129068
-0.0292005
-0.0422066
-0.0487736
-0.0515366
-0.0355528
-0.0294381
-0.00786114
0.00145792
-0.0380113
-0.0595847
-0.0807272
-0.0916664
-0.0896955
-0.0752673
-0.061156
-0.0438681
-0.0310272
-0.0177154
-0.00769505
7.22425e-05
0.00321312
-0.0027097
-0.0132626
-0.0291072
-0.0418334
-0.0481046
-0.0508138
-0.0349602
-0.028972
-0.00767323
0.00122702
-0.0385289
-0.059553
-0.080042
-0.0904631
-0.0883999
-0.0742728
-0.0605175
-0.0435786
-0.0310147
-0.0179252
-0.00817634
-0.000518734
0.0024456
-0.00327922
-0.0136158
-0.0290062
-0.0414514
-0.0474228
-0.0500777
-0.0343573
-0.0285015
-0.00748863
0.000994805
-0.0390201
-0.0594843
-0.079322
-0.0892373
-0.0870929
-0.0732714
-0.0598721
-0.0432859
-0.0310044
-0.0181443
-0.00867048
-0.00112406
0.00166963
-0.00385026
-0.0139662
-0.0288978
-0.0410614
-0.0467294
-0.0493296
-0.0337457
-0.028026
-0.00730758
0.000761619
-0.0394849
-0.0593789
-0.0785668
-0.0879884
-0.0857736
-0.0722637
-0.059221
-0.0429915
-0.0309976
-0.0183738
-0.00917828
-0.00174458
0.000884882
-0.00442293
-0.0143137
-0.0287818
-0.040663
-0.0460242
-0.0485694
-0.0331258
-0.0275458
-0.00713028
0.000527577
-0.039923
-0.0592373
-0.0777778
-0.0867172
-0.0844423
-0.0712496
-0.0585644
-0.0426957
-0.0309949
-0.0186147
-0.00970041
-0.00238076
9.1366e-05
-0.00499723
-0.0146584
-0.0286582
-0.0402561
-0.0453071
-0.0477972
-0.0324977
-0.0270612
-0.00695676
0.000292769
-0.0403347
-0.0590606
-0.0769564
-0.0854254
-0.0830999
-0.0702292
-0.0579022
-0.0423986
-0.0309964
-0.0188672
-0.0102367
-0.00303228
-0.00071059
-0.00557305
-0.0150001
-0.0285272
-0.0398407
-0.0445785
-0.0470132
-0.0318619
-0.0265724
-0.00678704
5.73106e-05
-0.04072
-0.0588497
-0.0761042
-0.0841143
-0.0817476
-0.0692029
-0.0572343
-0.0421001
-0.0310021
-0.0191312
-0.0107868
-0.00369876
-0.00152064
-0.0061503
-0.0153388
-0.0283887
-0.039417
-0.0438385
-0.0462175
-0.0312184
-0.0260795
-0.0066211
-0.000178678
-0.0410791
-0.0586056
-0.0752226
-0.0827856
-0.0803864
-0.0681709
-0.0565609
-0.0418002
-0.031012
-0.0194066
-0.0113504
-0.00437984
-0.00233849
-0.00672889
-0.0156746
-0.0282429
-0.0389849
-0.0430875
-0.0454103
-0.0305678
-0.0255826
-0.00645896
-0.000415084
-0.0414122
-0.0583293
-0.0743132
-0.0814407
-0.0790172
-0.0671335
-0.0558819
-0.041499
-0.0310263
-0.0196934
-0.0119272
-0.00507522
-0.00316383
-0.00730875
-0.0160074
-0.0280899
-0.0385445
-0.0423255
-0.044592
-0.0299102
-0.025082
-0.00630061
-0.000651793
-0.0417197
-0.0580221
-0.0733775
-0.0800811
-0.0776411
-0.066091
-0.0551975
-0.0411966
-0.0310448
-0.0199917
-0.012517
-0.00578456
-0.00399636
-0.00788981
-0.0163373
-0.0279297
-0.0380959
-0.0415529
-0.0437626
-0.0292461
-0.0245777
-0.00614606
-0.000888693
-0.042002
-0.0576851
-0.0724173
-0.0787081
-0.0762589
-0.0650436
-0.0545077
-0.0408931
-0.0310677
-0.0203014
-0.0131194
-0.00650751
-0.00483581
-0.00847199
-0.0166642
-0.0277625
-0.0376391
-0.0407699
-0.0429224
-0.0285757
-0.0240699
-0.00599529
-0.00112567
-0.0422596
-0.0573195
-0.0714341
-0.0773233
-0.0748715
-0.0639915
-0.0538126
-0.0405883
-0.031095
-0.0206223
-0.0137343
-0.00724373
-0.00568188
-0.00905524
-0.0169881
-0.0275884
-0.0371742
-0.0399768
-0.0420716
-0.0278994
-0.0235588
-0.00584828
-0.00136263
-0.0424929
-0.0569266
-0.0704295
-0.0759281
-0.0734797
-0.062935
-0.0531122
-0.0402825
-0.0311267
-0.0209544
-0.0143612
-0.00799286
-0.00653428
-0.00963948
-0.0173091
-0.0274076
-0.0367014
-0.039174
-0.0412105
-0.0272174
-0.0230444
-0.005705
-0.00159945
-0.0427026
-0.0565079
-0.0694052
-0.0745239
-0.0720843
-0.0618742
-0.0524067
-0.0399756
-0.0311627
-0.0212975
-0.0149999
-0.00875455
-0.00739272
-0.0102247
-0.0176271
-0.0272201
-0.0362207
-0.0383617
-0.0403393
-0.0265301
-0.0225269
-0.00556544
-0.00183602
-0.0428892
-0.0560645
-0.0683628
-0.073112
-0.0706862
-0.0608095
-0.051696
-0.0396676
-0.0312031
-0.0216516
-0.01565
-0.00952842
-0.00825693
-0.0108107
-0.0179423
-0.0270261
-0.0357322
-0.0375402
-0.0394583
-0.0258378
-0.0220065
-0.00542954
-0.00207224
-0.0430534
-0.0555981
-0.0673041
-0.0716939
-0.069286
-0.0597409
-0.0509803
-0.0393585
-0.0312477
-0.0220163
-0.0163112
-0.0103141
-0.0091266
-0.0113976
-0.0182547
-0.0268258
-0.035236
-0.0367099
-0.0385678
-0.0251408
-0.0214832
-0.00529728
-0.002308
-0.043196
-0.0551098
-0.0662306
-0.0702708
-0.0678846
-0.0586686
-0.0502597
-0.0390485
-0.0312966
-0.0223916
-0.0169832
-0.0111112
-0.0100015
-0.0119852
-0.0185642
-0.0266194
-0.0347324
-0.0358712
-0.0376679
-0.0244395
-0.0209573
-0.0051686
-0.00254318
-0.0433176
-0.0546013
-0.065144
-0.0688441
-0.0664825
-0.057593
-0.0495342
-0.0387374
-0.0313496
-0.0227773
-0.0176657
-0.0119194
-0.0108812
-0.0125736
-0.018871
-0.0264071
-0.0342214
-0.0350243
-0.0367591
-0.023734
-0.0204287
-0.00504346
-0.00277768
-0.0434191
-0.054074
-0.0640459
-0.0674151
-0.0650806
-0.0565141
-0.048804
-0.0384253
-0.0314067
-0.023173
-0.0183582
-0.0127381
-0.0117656
-0.0131626
-0.0191751
-0.0261889
-0.0337032
-0.0341697
-0.0358415
-0.0230248
-0.0198977
-0.00492178
-0.00301138
-0.0435014
-0.0535292
-0.062938
-0.0659849
-0.0636794
-0.0554322
-0.048069
-0.0381121
-0.0314677
-0.0235786
-0.0190606
-0.0135672
-0.0126543
-0.0137521
-0.0194765
-0.0259653
-0.033178
-0.0333077
-0.0349155
-0.0223121
-0.0193645
-0.00480351
-0.00324417
-0.0435652
-0.0529686
-0.0618217
-0.0645548
-0.0622796
-0.0543475
-0.0473295
-0.0377979
-0.0315326
-0.0239939
-0.0197723
-0.014406
-0.0135469
-0.0143422
-0.0197753
-0.0257362
-0.0326459
-0.0324388
-0.0339814
-0.0215962
-0.018829
-0.00468857
-0.00347594
-0.0436115
-0.0523935
-0.0606987
-0.0631261
-0.0608818
-0.0532602
-0.0465855
-0.0374826
-0.0316011
-0.0244185
-0.0204931
-0.0152543
-0.0144434
-0.0149328
-0.0200716
-0.0255021
-0.0321072
-0.0315633
-0.0330395
-0.0208775
-0.0182914
-0.0045769
-0.00370657
-0.0436411
-0.0518054
-0.0595705
-0.0616997
-0.0594865
-0.0521706
-0.0458371
-0.0371662
-0.0316732
-0.0248521
-0.0212225
-0.0161115
-0.0153432
-0.0155238
-0.0203654
-0.0252631
-0.0315621
-0.0306817
-0.0320901
-0.0201561
-0.017752
-0.0044684
-0.00393595
-0.0436549
-0.0512058
-0.0584387
-0.0602769
-0.0580944
-0.0510788
-0.0450845
-0.0368485
-0.0317487
-0.0252945
-0.0219603
-0.0169774
-0.0162462
-0.0161151
-0.0206569
-0.0250194
-0.0310106
-0.0297943
-0.0311335
-0.0194325
-0.0172107
-0.004363
-0.00416395
-0.043654
-0.050596
-0.0573046
-0.0588588
-0.056706
-0.0499851
-0.0443276
-0.0365297
-0.0318274
-0.0257453
-0.022706
-0.0178513
-0.017152
-0.0167067
-0.020946
-0.0247713
-0.0304532
-0.0289017
-0.03017
-0.0187068
-0.0166677
-0.0042606
-0.00439047
-0.0436391
-0.0499775
-0.0561696
-0.0574463
-0.0553218
-0.0488897
-0.0435666
-0.0362096
-0.031909
-0.0262043
-0.0234594
-0.018733
-0.0180603
-0.0172984
-0.0212329
-0.024519
-0.0298901
-0.0280042
-0.0292
-0.0179793
-0.0161231
-0.00416111
-0.00461538
-0.0436113
-0.0493517
-0.0550353
-0.0560405
-0.0539424
-0.047793
-0.0428017
-0.0358881
-0.0319934
-0.0266711
-0.0242199
-0.0196219
-0.0189709
-0.0178904
-0.0215176
-0.0242629
-0.0293213
-0.0271022
-0.0282239
-0.0172504
-0.0155771
-0.00406443
-0.00483857
-0.0435714
-0.04872
-0.053903
-0.0546424
-0.0525683
-0.0466951
-0.0420329
-0.0355652
-0.0320804
-0.0271452
-0.0249873
-0.0205176
-0.0198833
-0.0184823
-0.0218002
-0.0240032
-0.0287474
-0.0261964
-0.0272419
-0.0165202
-0.0150297
-0.00397046
-0.00505991
-0.0435205
-0.0480836
-0.0527738
-0.0532529
-0.0512
-0.0455963
-0.0412602
-0.0352407
-0.0321696
-0.0276265
-0.0257611
-0.0214198
-0.0207974
-0.0190743
-0.0220809
-0.0237402
-0.0281684
-0.025287
-0.0262545
-0.0157891
-0.0144812
-0.00387909
-0.0052793
-0.0434594
-0.0474439
-0.0516493
-0.051873
-0.049838
-0.044497
-0.0404839
-0.0349146
-0.0322609
-0.0281145
-0.026541
-0.0223278
-0.0217128
-0.0196662
-0.0223596
-0.0234742
-0.0275847
-0.0243745
-0.0252618
-0.0150573
-0.0139315
-0.00379021
-0.00549662
-0.043389
-0.046802
-0.0505304
-0.0505035
-0.0484828
-0.0433974
-0.0397041
-0.0345867
-0.032354
-0.0286089
-0.0273267
-0.0232413
-0.0226292
-0.0202579
-0.0226366
-0.0232054
-0.0269966
-0.0234595
-0.0242644
-0.0143251
-0.0133809
-0.0037037
-0.00571174
-0.0433103
-0.0461593
-0.0494186
-0.0491453
-0.0471349
-0.0422978
-0.0389207
-0.0342569
-0.0324485
-0.0291092
-0.0281177
-0.0241599
-0.0235462
-0.0208493
-0.0229118
-0.0229342
-0.0264043
-0.0225424
-0.0232626
-0.0135927
-0.0128295
-0.00361946
-0.00592456
-0.0432241
-0.0455169
-0.0483147
-0.0477993
-0.0457949
-0.0411985
-0.038134
-0.0339252
-0.0325442
-0.0296151
-0.0289136
-0.025083
-0.0244636
-0.0214404
-0.0231853
-0.0226609
-0.0258082
-0.0216237
-0.0222567
-0.0128603
-0.0122773
-0.00353737
-0.00613495
-0.0431313
-0.0448759
-0.0472201
-0.0464662
-0.0444632
-0.0400999
-0.0373441
-0.0335912
-0.0326407
-0.0301262
-0.0297142
-0.0260103
-0.0253811
-0.022031
-0.0234574
-0.0223858
-0.0252085
-0.0207038
-0.0212471
-0.0121283
-0.0117245
-0.00345731
-0.00634282
-0.0430327
-0.0442375
-0.0461356
-0.0451468
-0.0431402
-0.0390023
-0.036551
-0.0332549
-0.0327378
-0.030642
-0.0305189
-0.0269412
-0.0262984
-0.0226211
-0.0237279
-0.0221091
-0.0246056
-0.0197833
-0.0202341
-0.0113967
-0.0111712
-0.00337915
-0.00654803
-0.0429291
-0.0436026
-0.0450624
-0.0438419
-0.0418266
-0.0379061
-0.0357549
-0.0329161
-0.0328351
-0.0311623
-0.0313276
-0.0278755
-0.0272151
-0.0232105
-0.0239971
-0.0218314
-0.0239999
-0.0188625
-0.0192182
-0.010666
-0.0106176
-0.00330278
-0.00675049
)
;

boundaryField
{
    inlet
    {
        type            zeroGradient;
    }
    outlet
    {
        type            fixedValue;
        value           uniform 0;
    }
    cylinder
    {
        type            zeroGradient;
    }
    top
    {
        type            symmetryPlane;
    }
    bottom
    {
        type            symmetryPlane;
    }
    frontAndBack
    {
        type            empty;
    }
    procBoundary7to6
    {
        type            processor;
        value           nonuniform List<scalar> 
201
(
-0.0446423
-0.0450522
-0.045455
-0.045851
-0.0462405
-0.0466242
-0.0470022
-0.0473751
-0.0477433
-0.0481071
-0.0484669
-0.0488231
-0.049176
-0.0495261
-0.0498737
-0.0502191
-0.0505627
-0.0509048
-0.0512457
-0.0515858
-0.0519254
-0.0522648
-0.0526042
-0.0529441
-0.0532847
-0.0536264
-0.0539693
-0.0543138
-0.0546601
-0.0550086
-0.0553596
-0.0557132
-0.05607
-0.0564306
-0.0567936
-0.0571554
-0.0575205
-0.057924
-0.0583919
-0.0587177
-0.0588337
-0.058395
-0.0577744
-0.0569021
-0.055769
-0.054365
-0.0526821
-0.0507154
-0.0484638
-0.0459302
-0.0431225
-0.0400542
-0.0367455
-0.0332233
-0.0295219
-0.0256829
-0.0217546
-0.0177904
-0.0138478
-0.00998498
-0.00625842
-0.00271987
0.00058678
0.00362806
0.00638268
0.00884211
0.0110099
0.0128996
0.0145315
0.0159291
0.017117
0.0181186
0.0189557
0.0196482
0.020214
0.0199737
0.0199737
0.0203527
0.0206579
0.0208982
0.0210818
0.0212163
0.0213089
0.0213658
0.0213928
0.0213951
0.0213773
0.0213433
0.021297
0.0212414
0.0211796
0.021114
0.0210471
0.0209809
0.0209175
0.0208585
0.0208059
0.020761
0.0207254
0.0207004
0.0206874
0.0175911
0.0176116
0.0176513
0.0177089
0.0177833
0.0178735
0.0179784
0.0180974
0.0182297
0.0183747
0.0185321
0.0187015
0.0188826
0.0190753
0.0192793
0.0194945
0.0197205
0.0199565
0.0202012
0.0204521
0.0207055
0.0209549
0.0211904
0.0213964
0.0215495
0.0216148
0.0215409
0.0212519
0.0206418
0.0195739
0.0179114
0.015606
0.012783
0.00971794
0.00680875
0.00442124
0.00277423
0.00191662
0.00176328
0.00215434
0.00276065
0.00340193
0.00393644
0.00427262
0.00436131
0.00418471
0.0037462
0.00306194
0.00215415
0.00104635
-0.000238139
-0.00167414
-0.00323532
-0.00490292
-0.00667588
-0.00856013
-0.010513
-0.0123747
-0.0140074
-0.0159686
-0.0190095
-0.0199609
-0.0207846
-0.0216155
-0.02245
-0.0232768
-0.0240941
-0.0249019
-0.0256995
-0.0264865
-0.0272622
-0.0280262
-0.0287781
-0.0295175
-0.0302442
-0.0309577
-0.031658
-0.0323449
-0.0330182
-0.0336778
-0.0343238
-0.0349562
-0.035575
-0.0361803
-0.0367722
-0.037351
-0.0379167
-0.0384697
-0.0390101
-0.0395383
-0.0400547
-0.0405594
-0.0410529
-0.0415355
-0.0420076
-0.0424696
-0.0429219
-0.0433649
-0.043799
-0.0442247
)
;
    }
}


// ************************************************************************* //
