/*--------------------------------*- C++ -*----------------------------------*\
  =========                 |
  \\      /  F ield         | OpenFOAM: The Open Source CFD Toolbox
   \\    /   O peration     | Website:  https://openfoam.org
    \\  /    A nd           | Version:  7
     \\/     M anipulation  |
\*---------------------------------------------------------------------------*/
FoamFile
{
    version     2.0;
    format      ascii;
    class       volScalarField;
    location    "40";
    object      p;
}
// * * * * * * * * * * * * * * * * * * * * * * * * * * * * * * * * * * * * * //

dimensions      [0 2 -2 0 0 0 0];

internalField   nonuniform List<scalar> 
4575
(
-0.115681
-0.10333
-0.0909406
-0.0787096
-0.0668334
-0.0554908
-0.044843
-0.0350114
-0.0260934
-0.0181388
-0.0111781
-0.00519163
-0.00015634
0.00399789
0.00732613
0.00992611
0.0118655
0.0132485
0.014139
0.0146358
0.0147902
0.0146866
0.0143644
0.0138877
-0.11574
-0.103371
-0.0909612
-0.0787125
-0.0668217
-0.0554685
-0.0448137
-0.03498
-0.0260638
-0.0181142
-0.0111607
-0.00518246
-0.000155773
0.00399017
0.00731265
0.00990782
0.0118442
0.013226
0.0141168
0.0146151
0.0147721
0.0146716
0.0143528
0.0138794
-0.115826
-0.103437
-0.0910077
-0.0787403
-0.0668336
-0.0554683
-0.0448058
-0.0349685
-0.0260527
-0.0181065
-0.0111585
-0.00518701
-0.000167216
0.00397251
0.00728948
0.00988091
0.0118151
0.0131966
0.0140884
0.0145891
0.0147492
0.0146524
0.0143375
0.0138679
-0.115939
-0.10353
-0.0910799
-0.078793
-0.0668695
-0.055491
-0.0448193
-0.0349771
-0.02606
-0.0181157
-0.0111718
-0.00520554
-0.000191259
0.00394348
0.0072563
0.00984512
0.0117783
0.0131602
0.014054
0.0145577
0.0147216
0.0146291
0.0143185
0.0138531
-0.116077
-0.103648
-0.0911774
-0.0788705
-0.0669292
-0.0555364
-0.0448543
-0.0350057
-0.026086
-0.018142
-0.0112006
-0.00523815
-0.000227988
0.00390302
0.00721307
0.00980044
0.0117336
0.013117
0.0140135
0.0145209
0.0146893
0.0146015
0.0142958
0.013835
-0.116241
-0.103792
-0.0912999
-0.0789724
-0.0670126
-0.0556044
-0.0449108
-0.0350545
-0.0261306
-0.0181855
-0.0112451
-0.0052849
-0.000277405
0.00385125
0.00715983
0.00974691
0.0116812
0.013067
0.013967
0.0144789
0.0146523
0.0145699
0.0142695
0.0138137
-0.116429
-0.10396
-0.0914469
-0.0790984
-0.0671193
-0.055695
-0.0449886
-0.0351233
-0.026194
-0.0182462
-0.0113053
-0.00534584
-0.000339548
0.00378815
0.00709654
0.00968453
0.0116209
0.0130101
0.0139145
0.0144315
0.0146106
0.0145341
0.0142394
0.0137891
-0.116642
-0.104152
-0.0916178
-0.0792479
-0.0672491
-0.0558077
-0.0450876
-0.0352122
-0.026276
-0.0183242
-0.0113813
-0.00542102
-0.000414461
0.00371369
0.00702319
0.00961328
0.0115529
0.0129463
0.013856
0.0143789
0.0145643
0.0144942
0.0142058
0.0137612
-0.116877
-0.104368
-0.091812
-0.0794206
-0.0674016
-0.0559425
-0.0452078
-0.035321
-0.0263767
-0.0184194
-0.011473
-0.00551048
-0.000502179
0.00362782
0.00693976
0.00953315
0.0114771
0.0128758
0.0137915
0.0143211
0.0145134
0.0144502
0.0141685
0.0137301
-0.117134
-0.104606
-0.0920288
-0.0796159
-0.0675762
-0.0560989
-0.0453488
-0.0354497
-0.026496
-0.0185318
-0.0115805
-0.00561422
-0.000602724
0.00353053
0.00684623
0.00944413
0.0113935
0.0127984
0.013721
0.0142579
0.0144578
0.014402
0.0141275
0.0136957
-0.104866
-0.0922676
-0.079833
-0.0677729
-0.0562767
-0.0455104
-0.035598
-0.0266337
-0.0186614
-0.0117037
-0.00573226
-0.000716105
0.00342181
0.00674258
0.00934621
0.011302
0.0127141
0.0136445
0.0141895
0.0143975
0.0143497
0.0140828
0.013658
-0.105146
-0.0925275
-0.0800716
-0.0679908
-0.0564755
-0.0456923
-0.0357657
-0.0267898
-0.0188081
-0.0118426
-0.00586456
-0.000842319
0.00330165
0.00662881
0.00923938
0.0112028
0.012623
0.0135619
0.0141158
0.0143326
0.0142933
0.0140344
0.013617
-0.105446
-0.0928077
-0.080331
-0.0682294
-0.0566948
-0.0458943
-0.0359527
-0.0269642
-0.0189717
-0.0119972
-0.0060111
-0.000981348
0.00317006
0.00650492
0.00912363
0.0110957
0.0125251
0.0134734
0.0140368
0.014263
0.0142327
0.0139823
0.0135726
-0.105766
-0.0931078
-0.0806105
-0.0684884
-0.0569343
-0.046116
-0.0361587
-0.0271565
-0.0191522
-0.0121674
-0.00617182
-0.00113316
0.00302705
0.00637091
0.00899897
0.0109808
0.0124202
0.0133788
0.0139524
0.0141887
0.014168
0.0139265
0.0135249
-0.106103
-0.0934267
-0.0809094
-0.0687671
-0.0571935
-0.0463571
-0.0363834
-0.0273666
-0.0193494
-0.0123529
-0.00634665
-0.00129771
0.00287265
0.0062268
0.00886539
0.010858
0.0123085
0.0132782
0.0138628
0.0141097
0.014099
0.013867
0.0134738
-0.106457
-0.0937636
-0.0812271
-0.0690649
-0.0574719
-0.0466171
-0.0366265
-0.0275944
-0.0195632
-0.0125539
-0.0065355
-0.00147492
0.00270691
0.00607262
0.00872292
0.0107275
0.0121899
0.0131715
0.0137678
0.0140259
0.0140259
0.0138036
0.0134194
-0.106828
-0.0941178
-0.0815629
-0.0693814
-0.0577691
-0.0468958
-0.0368878
-0.0278395
-0.0197933
-0.01277
-0.00673825
-0.00166473
0.00252989
0.0059084
0.00857157
0.0105891
0.0120644
0.0130588
0.0136674
0.0139374
0.0139484
0.0137365
0.0133615
-0.107214
-0.0944886
-0.0819161
-0.0697159
-0.0580846
-0.0471927
-0.0371668
-0.0281017
-0.0200395
-0.0130011
-0.00695478
-0.00186702
0.00234165
0.0057342
0.00841138
0.0104429
0.0119321
0.01294
0.0135617
0.0138442
0.0138668
0.0136656
0.0133002
-0.107614
-0.0948752
-0.0822861
-0.0700678
-0.0584179
-0.0475073
-0.0374633
-0.0283806
-0.0203017
-0.013247
-0.00718493
-0.00208169
0.00214229
0.00555008
0.0082424
0.0102889
0.0117929
0.0128152
0.0134506
0.0137462
0.0137809
0.0135909
0.0132355
-0.108029
-0.0952768
-0.0826722
-0.0704367
-0.0587685
-0.0478394
-0.0377769
-0.0286761
-0.0205795
-0.0135075
-0.00742854
-0.00230858
0.00193192
0.00535613
0.00806469
0.0101272
0.0116468
0.0126843
0.0133342
0.0136434
0.0136907
0.0135123
0.0131674
-0.108456
-0.0956927
-0.0830738
-0.0708219
-0.059136
-0.0481884
-0.0381072
-0.0289877
-0.0208726
-0.0137824
-0.0076854
-0.00254756
0.00171065
0.00515244
0.00787832
0.00995789
0.011494
0.0125474
0.0132124
0.0135359
0.0135963
0.01343
0.0130958
-0.108895
-0.0961223
-0.0834903
-0.0712228
-0.0595197
-0.0485539
-0.0384538
-0.0293152
-0.0211809
-0.0140714
-0.00795532
-0.00279844
0.00147864
0.00493912
0.00768337
0.00978093
0.0113344
0.0124046
0.0130853
0.0134236
0.0134977
0.0133439
0.0130209
-0.109346
-0.0965647
-0.083921
-0.071639
-0.0599193
-0.0489354
-0.0388163
-0.0296582
-0.0215039
-0.0143743
-0.00823805
-0.00306102
0.00123603
0.00471631
0.00747996
0.00959645
0.0111682
0.0122558
0.0129529
0.0133067
0.0133949
0.0132539
0.0129425
-0.109807
-0.0970195
-0.0843653
-0.0720699
-0.0603342
-0.0493325
-0.0391944
-0.0300162
-0.0218413
-0.0146908
-0.00853336
-0.00333511
0.000983024
0.00448415
0.0072682
0.00940454
0.0109953
0.0121011
0.0128153
0.0131851
0.0132878
0.0131602
0.0128607
-0.110278
-0.0974858
-0.0848227
-0.0725148
-0.0607639
-0.0497448
-0.0395875
-0.030389
-0.0221929
-0.0150205
-0.00884096
-0.00362045
0.0007198
0.00424281
0.00704822
0.00920532
0.010816
0.0119407
0.0126726
0.0130588
0.0131766
0.0130628
0.0127755
-0.110759
-0.0979631
-0.0852925
-0.0729733
-0.0612079
-0.0501717
-0.0399953
-0.0307761
-0.0225582
-0.0153632
-0.00916058
-0.00391681
0.000446577
0.00399247
0.00682018
0.00899889
0.0106302
0.0117745
0.0125247
0.012928
0.0130613
0.0129617
0.012687
-0.111248
-0.0984508
-0.0857741
-0.0734447
-0.0616657
-0.0506128
-0.0404173
-0.0311771
-0.0229368
-0.0157184
-0.00949191
-0.00422392
0.000163587
0.00373332
0.00658424
0.00878542
0.0104381
0.0116027
0.0123717
0.0127926
0.0129419
0.0128569
0.0125952
-0.111745
-0.0989482
-0.086267
-0.0739287
-0.0621367
-0.0510675
-0.040853
-0.0315915
-0.0233283
-0.0160859
-0.00983463
-0.00454149
-0.000128925
0.00346558
0.00634059
0.00856503
0.0102398
0.0114254
0.0122139
0.0126529
0.0128186
0.0127486
0.0125002
-0.112249
-0.0994548
-0.0867706
-0.0744245
-0.0626204
-0.0515354
-0.0413019
-0.032019
-0.0237325
-0.0164653
-0.0101884
-0.00486923
-0.000430696
0.00318947
0.00608941
0.00833792
0.0100355
0.0112427
0.0120512
0.0125088
0.0126913
0.0126367
0.012402
-0.112761
-0.09997
-0.0872844
-0.0749317
-0.0631164
-0.052016
-0.0417637
-0.0324591
-0.0241487
-0.0168561
-0.0105529
-0.00520682
-0.000741449
0.00290524
0.00583092
0.00810424
0.00982533
0.0110548
0.0118837
0.0123604
0.0125602
0.0125213
0.0123006
-0.113278
-0.100493
-0.0878077
-0.0754497
-0.063624
-0.0525088
-0.0422377
-0.0329113
-0.0245766
-0.017258
-0.0109277
-0.00555393
-0.00106089
0.00261315
0.00556535
0.00786421
0.00960945
0.0108617
0.0117117
0.0122079
0.0124253
0.0124026
0.0121963
-0.113801
-0.101024
-0.08834
-0.0759779
-0.0641427
-0.0530131
-0.0427235
-0.0333751
-0.0250158
-0.0176705
-0.0113124
-0.00591021
-0.00138871
0.00231347
0.00529293
0.00761803
0.00938804
0.0106636
0.0115352
0.0120514
0.0122869
0.0122806
0.0120889
-0.114328
-0.101561
-0.0888809
-0.0765159
-0.064672
-0.0535286
-0.0432206
-0.0338501
-0.0254658
-0.0180934
-0.0117068
-0.00627535
-0.00172462
0.00200645
0.00501389
0.00736589
0.00916128
0.0104608
0.0113543
0.011891
0.0121449
0.0121555
0.0119787
-0.114861
-0.102106
-0.0894302
-0.0770637
-0.065212
-0.0540551
-0.0437288
-0.0343361
-0.0259264
-0.0185263
-0.0121106
-0.00664915
-0.00206843
0.00169228
0.00472841
0.00710796
0.00892931
0.0102532
0.0111693
0.0117268
0.0119994
0.0120272
0.0118656
-0.115399
-0.102656
-0.0899872
-0.0776202
-0.0657615
-0.0545918
-0.0442474
-0.0348323
-0.0263969
-0.0189686
-0.0125231
-0.00703108
-0.00241968
0.00137135
0.00443681
0.00684452
0.00869237
0.0100412
0.0109802
0.0115589
0.0118507
0.0118959
0.0117499
-0.115936
-0.103208
-0.0905473
-0.0781812
-0.0663166
-0.0551347
-0.0447728
-0.0353356
-0.0268745
-0.0194178
-0.0129424
-0.0074194
-0.00277693
0.00104485
0.00414007
0.00657636
0.00845111
0.00982528
0.0107875
0.0113877
0.0116989
0.0117618
0.0116315
-0.116469
-0.103759
-0.0911076
-0.078744
-0.0668749
-0.0556819
-0.0453032
-0.0358443
-0.0273578
-0.0198728
-0.0133673
-0.00781301
-0.00313915
0.000713718
0.00383904
0.00630425
0.00820619
0.00960596
0.0105917
0.0112137
0.0115445
0.0116253
0.011511
-0.11703
-0.104339
-0.0916989
-0.0793382
-0.067464
-0.0562588
-0.0458615
-0.0363787
-0.0278642
-0.0203482
-0.0138099
-0.00822198
-0.00351444
0.000371572
0.00352879
0.00602445
0.00795489
0.00938132
0.0103914
0.0110359
0.0113869
0.0114862
0.0113881
-0.117675
-0.105005
-0.0923748
-0.0800145
-0.0681313
-0.0569086
-0.0464867
-0.0369735
-0.0284244
-0.020871
-0.0142937
-0.00866623
-0.00391973
4.15861e-06
0.00319742
0.00572713
0.00768913
0.00914484
0.0101815
0.0108503
0.011223
0.0113419
0.0112612
-0.118211
-0.105559
-0.0929421
-0.0805873
-0.0687028
-0.0574722
-0.0470364
-0.0375042
-0.0289318
-0.0213516
-0.0147451
-0.00908679
-0.00430879
-0.000353141
0.0028712
0.0054312
0.00742188
0.00890491
0.00996671
0.0106591
0.011053
0.0111915
0.0111282
-0.105888
-0.0933164
-0.081008
-0.0691688
-0.0579799
-0.0475803
-0.0380766
-0.0295246
-0.0219551
-0.0153508
-0.00968534
-0.00489308
-0.00091586
0.00233475
0.00492575
0.00694935
0.00846761
0.00956426
0.0102919
0.0107193
0.0108901
0.0108567
-0.105733
-0.0933353
-0.0812
-0.0695257
-0.0584874
-0.0482196
-0.0388252
-0.0303588
-0.0228503
-0.0162842
-0.0106351
-0.00584115
-0.001846
0.00143437
0.00406544
0.00613512
0.00770486
0.00885444
0.00963684
0.0101175
0.0103411
0.0103575
-0.105459
-0.0932619
-0.0813238
-0.0698368
-0.0589692
-0.0488509
-0.0395807
-0.0312123
-0.0237746
-0.0172543
-0.0116271
-0.00683534
-0.00282478
0.000484158
0.00315494
0.0052712
0.00689338
0.00809742
0.00893632
0.00947247
0.00975098
0.00981976
-0.105127
-0.0931531
-0.0814332
-0.0701515
-0.0594696
-0.0495124
-0.0403754
-0.0321112
-0.0247484
-0.0182761
-0.0126719
-0.00788216
-0.00385523
-0.000516188
0.00219624
0.00436128
0.00603826
0.00729925
0.00819715
0.00879135
0.00912732
0.00925095
-0.104708
-0.0929838
-0.0815058
-0.0704499
-0.0599707
-0.0501886
-0.0411955
-0.0330437
-0.0257616
-0.0193413
-0.0137624
-0.00897571
-0.00493259
-0.0015629
0.00119221
0.00340749
0.00514096
0.00646087
0.00741981
0.00807427
0.00846991
0.0086507
-0.104194
-0.0927458
-0.0815324
-0.0707219
-0.0604619
-0.0508682
-0.0420297
-0.0339985
-0.0268035
-0.0204396
-0.0148891
-0.0101075
-0.00604935
-0.0026494
0.000148556
0.00241472
0.00420564
0.00558579
0.00660723
0.00732367
0.00778077
0.00802066
-0.10359
-0.0924402
-0.0815115
-0.0709635
-0.0609369
-0.0515435
-0.0428693
-0.0349664
-0.0278644
-0.0215616
-0.016043
-0.011269
-0.00719746
-0.00376829
-0.000928001
0.00138907
0.00323776
0.0046789
0.00576376
0.00654344
0.00706333
0.00736385
-0.102901
-0.0920696
-0.0814422
-0.0711708
-0.0613899
-0.0522068
-0.0437054
-0.0359377
-0.0289344
-0.0226974
-0.0172145
-0.0124511
-0.00836858
-0.00491185
-0.00203042
0.000336911
0.00224308
0.00374537
0.00489404
0.00573768
0.00632126
0.00668353
-0.102137
-0.0916378
-0.0813244
-0.0713409
-0.061815
-0.0528506
-0.044529
-0.0369028
-0.0300039
-0.0238373
-0.0183943
-0.013645
-0.00955433
-0.00607238
-0.00315165
-0.000735352
0.00122737
0.00279039
0.00400269
0.00491054
0.0055582
0.00598292
-0.101307
-0.09115
-0.0811594
-0.0714712
-0.0622075
-0.0534681
-0.0453323
-0.0378531
-0.0310636
-0.0249723
-0.0195735
-0.0148421
-0.0107468
-0.00724254
-0.00428496
-0.00182159
0.000196174
0.00181893
0.0030942
0.00406598
0.00477772
0.00526516
-0.100421
-0.0906117
-0.0809488
-0.0715606
-0.0625635
-0.0540536
-0.0461083
-0.0387808
-0.0321056
-0.0260941
-0.0207441
-0.0160348
-0.0119388
-0.0084156
-0.00542417
-0.00291614
-0.00084536
0.000835655
0.00217274
0.00320776
0.00398314
0.0045332
-0.0994882
-0.0900285
-0.0806946
-0.0716084
-0.0628801
-0.0546027
-0.0468514
-0.0396797
-0.033123
-0.027196
-0.0218993
-0.0172166
-0.013124
-0.00958568
-0.00656379
-0.00401397
-0.00189262
-0.000155267
0.00124208
0.00233926
0.00317748
0.00378974
-0.0985174
-0.0894052
-0.0803992
-0.0716144
-0.0631556
-0.0551121
-0.0475573
-0.0405446
-0.0341105
-0.0282723
-0.0230335
-0.0183819
-0.0142971
-0.0107477
-0.00769909
-0.0051107
-0.0029416
-0.00115017
0.00030555
0.00146347
0.00236344
0.00303718
-0.0975149
-0.088746
-0.0800646
-0.071579
-0.0633887
-0.0555796
-0.0482229
-0.0413719
-0.0350639
-0.0293185
-0.0241421
-0.0195262
-0.0154538
-0.0118976
-0.00882613
-0.00620264
-0.00398886
-0.00214593
-0.000633986
0.000582986
0.00154335
0.0022776
-0.0964859
-0.0880544
-0.0796927
-0.0715028
-0.063579
-0.0560037
-0.048846
-0.0421588
-0.03598
-0.0303314
-0.0252217
-0.020646
-0.0165905
-0.0130317
-0.00994162
-0.00728669
-0.00503152
-0.00313986
-0.00157408
-0.000299972
0.000719225
0.00151281
-0.0954341
-0.087333
-0.0792852
-0.0713865
-0.0637265
-0.0563838
-0.0494254
-0.0429036
-0.0368568
-0.0313084
-0.0262696
-0.0217384
-0.0177044
-0.0141475
-0.0110429
-0.00836028
-0.00606713
-0.00412969
-0.00251263
-0.00118349
-0.000107203
0.000744367
-0.0943621
-0.0865838
-0.0788435
-0.0712312
-0.0638315
-0.0567196
-0.0499604
-0.0436051
-0.0376927
-0.0322478
-0.0272837
-0.0228014
-0.0187932
-0.0152426
-0.0121276
-0.00942125
-0.00709363
-0.0051135
-0.00344783
-0.0020659
-0.000934413
-2.63501e-05
-0.0932722
-0.0858088
-0.0783691
-0.0710377
-0.0638945
-0.0570114
-0.0504506
-0.0442628
-0.0384867
-0.0331483
-0.0282626
-0.0238333
-0.0198552
-0.0163151
-0.013194
-0.0104677
-0.00810923
-0.00608958
-0.0043781
-0.00294574
-0.00176106
-0.000798123
-0.092166
-0.0850093
-0.0778633
-0.0708072
-0.0639164
-0.0572594
-0.0508963
-0.0448763
-0.0392382
-0.034009
-0.0292051
-0.0248326
-0.0208889
-0.0173636
-0.0142404
-0.0114981
-0.00911235
-0.00705641
-0.00530199
-0.00382168
-0.00258591
-0.00156983
-0.0910449
-0.0841869
-0.0773275
-0.0705408
-0.0638981
-0.0574645
-0.0512977
-0.0454457
-0.039947
-0.0348293
-0.0301104
-0.0257984
-0.021893
-0.0183865
-0.0152654
-0.012511
-0.0101016
-0.00801262
-0.00621819
-0.00469247
-0.00340781
-0.00234043
-0.0899106
-0.083343
-0.0767629
-0.0702398
-0.0638407
-0.0576274
-0.0516553
-0.0459712
-0.0406129
-0.0356088
-0.0309778
-0.0267297
-0.0228664
-0.0193828
-0.0162677
-0.013505
-0.0110755
-0.00895689
-0.00712544
-0.00555693
-0.00422566
-0.00310891
-0.0887642
-0.082479
-0.0761711
-0.0699054
-0.0637452
-0.0577489
-0.0519698
-0.046453
-0.041236
-0.0363473
-0.0318067
-0.0276258
-0.0238083
-0.0203513
-0.0172461
-0.0144789
-0.012033
-0.00988799
-0.00802253
-0.00641393
-0.00503839
-0.00387427
-0.0876074
-0.0815964
-0.0755534
-0.069539
-0.0636128
-0.0578302
-0.0522419
-0.0468917
-0.0418164
-0.0370446
-0.0325968
-0.0284861
-0.0247178
-0.0212911
-0.0181995
-0.0154316
-0.0129727
-0.0108047
-0.00890832
-0.00726234
-0.00584495
-0.00463554
-0.0864416
-0.0806967
-0.0749113
-0.0691421
-0.063445
-0.0578723
-0.0524725
-0.0472879
-0.0423545
-0.0377007
-0.0333479
-0.02931
-0.0255942
-0.0222013
-0.019127
-0.0163619
-0.0138937
-0.011706
-0.00978166
-0.00810108
-0.0066443
-0.00539175
-0.0852682
-0.0797815
-0.0742465
-0.0687162
-0.063243
-0.0578764
-0.0526626
-0.0476423
-0.0428506
-0.0383159
-0.0340598
-0.0300973
-0.0264369
-0.0230812
-0.0200277
-0.0172689
-0.0147948
-0.0125906
-0.0106415
-0.00892908
-0.00743539
-0.00614192
-0.0840889
-0.0788524
-0.0735606
-0.0682628
-0.0630083
-0.0578438
-0.0528132
-0.0479557
-0.0433054
-0.0388904
-0.0347325
-0.0308476
-0.0272454
-0.02393
-0.0209006
-0.0181517
-0.0156749
-0.0134576
-0.0114866
-0.00974528
-0.00821723
-0.00688509
-0.0829052
-0.077911
-0.0728552
-0.0677836
-0.0627424
-0.0577759
-0.0529255
-0.0482291
-0.0437195
-0.0394245
-0.0353661
-0.0315608
-0.0280194
-0.0247471
-0.0217451
-0.0190092
-0.0165332
-0.014306
-0.0123162
-0.0105486
-0.00898878
-0.00762028
-0.0817188
-0.0769591
-0.072132
-0.0672802
-0.062447
-0.057674
-0.0530008
-0.0484633
-0.0440936
-0.0399187
-0.0359609
-0.0322369
-0.0287585
-0.0255322
-0.0225604
-0.0198409
-0.0173687
-0.0151347
-0.0131291
-0.0113382
-0.00974908
-0.00834655
-0.0805313
-0.0759984
-0.0713928
-0.0667544
-0.0621237
-0.0575399
-0.0530404
-0.0486597
-0.0444286
-0.0403737
-0.0365171
-0.0328759
-0.0294625
-0.0262847
-0.0233461
-0.0206458
-0.0181807
-0.0159428
-0.0139244
-0.0121129
-0.0104971
-0.00906294
-0.0793446
-0.0750307
-0.0706393
-0.0662079
-0.0617742
-0.057375
-0.0530457
-0.0488193
-0.0447255
-0.0407902
-0.0370352
-0.033478
-0.0301315
-0.0270045
-0.0241017
-0.0214235
-0.0189683
-0.0167296
-0.0147012
-0.0128719
-0.011232
-0.00976852
-0.0781603
-0.0740577
-0.0698736
-0.0656427
-0.0614002
-0.0571809
-0.0530183
-0.0489435
-0.0449853
-0.0411689
-0.0375157
-0.0340434
-0.0307655
-0.0276912
-0.0248267
-0.0221733
-0.0197308
-0.0174942
-0.0154586
-0.0136142
-0.0119528
-0.0104624
-0.0769803
-0.0730814
-0.0690974
-0.0650605
-0.0610037
-0.0569595
-0.0529596
-0.0490337
-0.0452092
-0.0415107
-0.0379593
-0.0345726
-0.0313645
-0.028345
-0.0255208
-0.0228948
-0.0204677
-0.0182359
-0.0161958
-0.0143391
-0.0126586
-0.0111436
-0.0758064
-0.0721037
-0.0683127
-0.0644634
-0.0605865
-0.0567126
-0.0528714
-0.0490913
-0.0453985
-0.0418168
-0.0383668
-0.0350661
-0.0319289
-0.0289656
-0.026184
-0.0235876
-0.0211784
-0.0189541
-0.0169122
-0.0150456
-0.0133485
-0.0118113
-0.0746405
-0.0711265
-0.0675215
-0.0638533
-0.0601506
-0.0564419
-0.0527554
-0.0491178
-0.0455545
-0.0420881
-0.038739
-0.0355246
-0.032459
-0.0295534
-0.026816
-0.0242514
-0.0218625
-0.0196481
-0.0176069
-0.0157329
-0.0140218
-0.0124646
-0.0734845
-0.0701519
-0.0667259
-0.0632323
-0.0596979
-0.0561494
-0.0526133
-0.049115
-0.0456786
-0.042326
-0.0390769
-0.0359486
-0.0329553
-0.0301085
-0.0274169
-0.024886
-0.0225196
-0.0203174
-0.0182793
-0.0164005
-0.0146775
-0.0131028
-0.0723404
-0.0691818
-0.0659278
-0.0626024
-0.0592305
-0.0558371
-0.0524471
-0.0490846
-0.0457723
-0.0425316
-0.0393815
-0.036339
-0.0334183
-0.0306312
-0.0279868
-0.0254913
-0.0231494
-0.0209616
-0.018929
-0.0170475
-0.0153151
-0.0137249
-0.0122719
-0.0712101
-0.0682183
-0.0651294
-0.0619658
-0.0587505
-0.055507
-0.0522587
-0.0490282
-0.0458373
-0.0427064
-0.039654
-0.0366967
-0.0338487
-0.0311219
-0.0285259
-0.0260673
-0.0237517
-0.0215804
-0.0195552
-0.0176734
-0.0159337
-0.0143302
-0.0128591
-0.0700958
-0.0672635
-0.0643329
-0.0613246
-0.0582601
-0.0551612
-0.05205
-0.0489477
-0.0458752
-0.0428519
-0.0398956
-0.0370227
-0.0342472
-0.0315811
-0.0290343
-0.0266141
-0.0243262
-0.0221733
-0.0201577
-0.0182776
-0.0165326
-0.0149181
-0.0134307
-0.0689996
-0.0663197
-0.0635405
-0.0606811
-0.0577615
-0.0548019
-0.0518231
-0.0488451
-0.0458877
-0.0429695
-0.0401077
-0.0373181
-0.0346148
-0.0320095
-0.0295126
-0.0271317
-0.0248731
-0.0227401
-0.0207359
-0.0188595
-0.0171114
-0.0154877
-0.0139861
-0.0679235
-0.065389
-0.0627545
-0.0600376
-0.0572568
-0.0544312
-0.0515801
-0.0487224
-0.0458767
-0.0430609
-0.0402916
-0.0375841
-0.0349522
-0.0324078
-0.0299611
-0.0276204
-0.0253923
-0.0232807
-0.0212895
-0.0194187
-0.0176693
-0.0160383
-0.0145244
-0.0668698
-0.0644737
-0.0619771
-0.0593963
-0.0567485
-0.0540515
-0.0513232
-0.0485815
-0.0458441
-0.0431278
-0.0404488
-0.0378219
-0.0352605
-0.0327766
-0.0303804
-0.0280804
-0.0258838
-0.023795
-0.0218184
-0.0199547
-0.0182058
-0.0165694
-0.015045
-0.0658407
-0.063576
-0.0612107
-0.0587597
-0.0562389
-0.0536649
-0.0510545
-0.0484246
-0.0457917
-0.043172
-0.0405809
-0.0380328
-0.0355409
-0.0331168
-0.0307711
-0.0285123
-0.0263479
-0.0242829
-0.0223221
-0.0204672
-0.0187203
-0.0170803
-0.0155471
-0.0648385
-0.0626985
-0.0604577
-0.0581301
-0.0557304
-0.053274
-0.0507765
-0.0482538
-0.0457216
-0.0431953
-0.0406895
-0.0382183
-0.0357944
-0.0334294
-0.0311338
-0.0289163
-0.0267847
-0.0247444
-0.0228007
-0.0209557
-0.0192125
-0.0175704
-0.01603
-0.0638656
-0.0618434
-0.0597206
-0.0575101
-0.0552255
-0.052881
-0.0504913
-0.0480713
-0.0456359
-0.0431995
-0.0407763
-0.0383798
-0.0360223
-0.0337154
-0.0314694
-0.0292931
-0.0271945
-0.0251796
-0.0232538
-0.0214201
-0.0196818
-0.0180391
-0.0164931
-0.0629244
-0.0610133
-0.0590019
-0.0569022
-0.0547266
-0.0524884
-0.0502014
-0.0478795
-0.0455366
-0.0431866
-0.0408431
-0.0385188
-0.0362259
-0.0339757
-0.0317785
-0.0296431
-0.0275778
-0.0255886
-0.0236816
-0.02186
-0.0201279
-0.0184858
-0.0169356
-0.0620175
-0.0602107
-0.0583042
-0.0563089
-0.0542364
-0.0520989
-0.0499093
-0.0476806
-0.045426
-0.0431587
-0.0408915
-0.0386369
-0.0364066
-0.0342116
-0.0320621
-0.0299671
-0.0279347
-0.0259715
-0.0240838
-0.0222752
-0.0205502
-0.0189101
-0.017357
-0.0611473
-0.0594383
-0.0576302
-0.055733
-0.0537575
-0.0517149
-0.0496174
-0.047477
-0.0453063
-0.0431178
-0.0409236
-0.0387358
-0.0365657
-0.0344241
-0.0323211
-0.0302656
-0.0282659
-0.0263287
-0.0244605
-0.0226656
-0.0209486
-0.0193113
-0.0177566
-0.0603166
-0.0586987
-0.0569826
-0.0551772
-0.0532925
-0.0513391
-0.0493282
-0.0472712
-0.0451798
-0.0430659
-0.0409411
-0.038817
-0.0367047
-0.0346145
-0.0325564
-0.0305393
-0.0285716
-0.0266602
-0.0248118
-0.0230308
-0.0213225
-0.019689
-0.0181337
-0.0595281
-0.0579949
-0.0563641
-0.0546442
-0.0528443
-0.0509743
-0.0490444
-0.0470655
-0.0450487
-0.0430052
-0.0409461
-0.0388825
-0.036825
-0.034784
-0.032769
-0.0307891
-0.0288525
-0.0269664
-0.0251375
-0.0233708
-0.0216717
-0.0200427
-0.0184876
-0.0587848
-0.0573296
-0.0557778
-0.054137
-0.0524157
-0.050623
-0.0487686
-0.0468626
-0.0449155
-0.0429378
-0.0409404
-0.0389337
-0.0369282
-0.0349338
-0.03296
-0.0310156
-0.029109
-0.0272474
-0.0254378
-0.0236854
-0.0219957
-0.0203718
-0.0188177
-0.0580895
-0.056706
-0.0552267
-0.0536586
-0.0520096
-0.0502882
-0.0485035
-0.0466649
-0.0447824
-0.0428661
-0.0409261
-0.0389726
-0.0370157
-0.0350651
-0.0331301
-0.0312195
-0.0293416
-0.0275036
-0.0257127
-0.0239743
-0.0222941
-0.0206757
-0.0191232
-0.0574457
-0.0561272
-0.0547137
-0.0532119
-0.051629
-0.0499728
-0.0482519
-0.0464751
-0.044652
-0.0427921
-0.0409051
-0.0390009
-0.0370891
-0.0351793
-0.0332806
-0.0314016
-0.0295507
-0.0277351
-0.0259621
-0.0242372
-0.0225665
-0.0209538
-0.0194035
-0.0568564
-0.0555964
-0.0542424
-0.0528003
-0.0512769
-0.0496796
-0.0480165
-0.0462958
-0.0445266
-0.042718
-0.0408794
-0.0390202
-0.0371498
-0.0352774
-0.0334122
-0.0315625
-0.0297367
-0.027942
-0.0261859
-0.024474
-0.0228125
-0.0212055
-0.0196576
-0.0563254
-0.0551172
-0.0538159
-0.0524269
-0.0509566
-0.0494118
-0.0478002
-0.0461296
-0.0444087
-0.0426461
-0.0408509
-0.0390322
-0.0371992
-0.0353608
-0.0335258
-0.0317028
-0.0298999
-0.0281245
-0.026384
-0.0246842
-0.0230314
-0.0214299
-0.0198847
-0.0558564
-0.0546934
-0.0534379
-0.0520952
-0.0506712
-0.0491724
-0.0476058
-0.0459793
-0.0443007
-0.0425786
-0.0408217
-0.0390387
-0.0372387
-0.0354303
-0.0336223
-0.031823
-0.0300407
-0.0282826
-0.0265561
-0.0248673
-0.0232225
-0.0216263
-0.0200837
-0.0554534
-0.0543286
-0.0531122
-0.0518089
-0.0504242
-0.0489645
-0.0474365
-0.0458474
-0.044205
-0.0425176
-0.0407934
-0.0390412
-0.0372695
-0.035487
-0.0337023
-0.0319236
-0.030159
-0.028416
-0.0267019
-0.0250228
-0.0233851
-0.0217937
-0.0202535
-0.0551207
-0.0540272
-0.0528426
-0.0515715
-0.0502192
-0.0487915
-0.047295
-0.0457366
-0.0441241
-0.0424651
-0.040768
-0.039041
-0.0372927
-0.0355317
-0.0337662
-0.0320046
-0.0302549
-0.0285245
-0.0268207
-0.0251497
-0.0235182
-0.0219308
-0.0203929
-0.0548631
-0.0537936
-0.0526335
-0.0513871
-0.0500596
-0.0486565
-0.0471843
-0.0456498
-0.0440601
-0.0424232
-0.0407469
-0.0390395
-0.0373094
-0.0355649
-0.0338145
-0.0320662
-0.0303281
-0.0286074
-0.0269117
-0.0252473
-0.0236205
-0.0220364
-0.0205004
-0.0546856
-0.0536326
-0.0524892
-0.0512598
-0.0499493
-0.0485631
-0.0471076
-0.0455893
-0.0440155
-0.0423936
-0.0407317
-0.0390378
-0.0373202
-0.0355872
-0.0338471
-0.032108
-0.0303779
-0.0286641
-0.026974
-0.025314
-0.0236906
-0.0221088
-0.0205741
-0.0545939
-0.0535493
-0.0524145
-0.0511939
-0.0498921
-0.0485147
-0.0470677
-0.0455579
-0.0439922
-0.0423782
-0.0407237
-0.0390367
-0.0373256
-0.0355985
-0.0338638
-0.0321294
-0.0304034
-0.0286932
-0.027006
-0.0253484
-0.0237268
-0.0221462
-0.0206122
-0.0555363
-0.0545862
-0.0535426
-0.0524089
-0.0511892
-0.0498885
-0.048512
-0.0470659
-0.0455569
-0.0439919
-0.0423784
-0.0407244
-0.0390378
-0.037327
-0.0356
-0.0338654
-0.032131
-0.0304049
-0.0286945
-0.0270072
-0.0253494
-0.0237276
-0.0221469
-0.0556362
-0.054678
-0.0536259
-0.0524836
-0.0512552
-0.0499457
-0.0485605
-0.0471059
-0.0455884
-0.0440153
-0.042394
-0.0407326
-0.039039
-0.0373217
-0.0355888
-0.0338488
-0.0321096
-0.0303793
-0.0286654
-0.0269751
-0.025315
-0.0236914
-0.0221095
-0.0558295
-0.0548554
-0.053787
-0.0526279
-0.0513826
-0.0500561
-0.0486541
-0.0471828
-0.0456491
-0.0440602
-0.0424238
-0.040748
-0.039041
-0.0373111
-0.0355667
-0.0338163
-0.0320679
-0.0303296
-0.0286088
-0.0269129
-0.0252482
-0.0236213
-0.0220371
-0.0561103
-0.0551129
-0.0540206
-0.0528371
-0.0515671
-0.0502159
-0.0487893
-0.0472937
-0.0457363
-0.0441245
-0.0424661
-0.0407694
-0.0390428
-0.0372947
-0.0355337
-0.0337682
-0.0320065
-0.0302565
-0.0285258
-0.0268218
-0.0251507
-0.0235189
-0.0219314
-0.0564732
-0.0554455
-0.0543219
-0.0531067
-0.0518047
-0.0504213
-0.0489627
-0.0474356
-0.0458475
-0.0442059
-0.0425191
-0.0407953
-0.0390434
-0.0372718
-0.0354893
-0.0337045
-0.0319256
-0.0301607
-0.0284174
-0.026703
-0.0250236
-0.0233858
-0.0217941
-0.0569132
-0.0558483
-0.0546866
-0.0534326
-0.0520913
-0.0506686
-0.049171
-0.0476056
-0.0459799
-0.0443022
-0.0425807
-0.0408242
-0.0390415
-0.0372415
-0.035433
-0.0336248
-0.0318252
-0.0300425
-0.028284
-0.0265572
-0.0248681
-0.0232231
-0.0216266
-0.0574259
-0.0563172
-0.0551105
-0.0538107
-0.0524232
-0.0509543
-0.0494109
-0.0478005
-0.046131
-0.0444109
-0.042649
-0.0408542
-0.0390356
-0.0372025
-0.0353639
-0.0335287
-0.0317052
-0.0299019
-0.028126
-0.026385
-0.0246848
-0.0230317
-0.02143
-0.0580071
-0.056848
-0.0555897
-0.0542374
-0.052797
-0.0512752
-0.0496794
-0.0480176
-0.0462981
-0.0445297
-0.0427217
-0.0408834
-0.0390243
-0.0371538
-0.0352812
-0.0334154
-0.0315652
-0.0297388
-0.0279435
-0.0261868
-0.0244745
-0.0228126
-0.0212054
-0.058653
-0.057437
-0.0561204
-0.054709
-0.0532091
-0.051628
-0.0499734
-0.0482539
-0.0464784
-0.0446562
-0.0427968
-0.0409101
-0.0390059
-0.0370939
-0.0351836
-0.0332843
-0.0314046
-0.0295529
-0.0277366
-0.0259629
-0.0242375
-0.0225664
-0.0209534
-0.05936
-0.0580807
-0.0566993
-0.0552222
-0.0536563
-0.0520094
-0.0502898
-0.0485067
-0.0466694
-0.0447879
-0.0428721
-0.0409323
-0.0389787
-0.0370214
-0.0350702
-0.0331344
-0.0312228
-0.0293439
-0.0275051
-0.0257134
-0.0239743
-0.0222936
-0.0206749
-0.0601247
-0.0587756
-0.057323
-0.0557737
-0.0541354
-0.0524164
-0.0506258
-0.0487732
-0.0468685
-0.0449224
-0.0429453
-0.040948
-0.038941
-0.0369349
-0.0349396
-0.0329647
-0.0310192
-0.0291115
-0.0272488
-0.0254383
-0.023685
-0.0219948
-0.0203706
-0.060944
-0.0595187
-0.0579883
-0.0563605
-0.0546434
-0.0528462
-0.0509784
-0.0490505
-0.0470731
-0.0450573
-0.0430143
-0.0409552
-0.0388911
-0.0368328
-0.0347906
-0.0327744
-0.030793
-0.0288551
-0.0269676
-0.0251376
-0.0233701
-0.0216703
-0.020041
-0.0618148
-0.0603068
-0.0586923
-0.0569795
-0.0551774
-0.0532957
-0.051345
-0.0493362
-0.0472808
-0.0451904
-0.0430769
-0.040952
-0.0388272
-0.0367137
-0.0346221
-0.0325624
-0.0305436
-0.0285742
-0.0266612
-0.0248114
-0.0230295
-0.0213205
-0.0196867
-0.0627343
-0.0611372
-0.0594321
-0.0576279
-0.0557344
-0.0537623
-0.0517227
-0.0496275
-0.0474889
-0.0453193
-0.043131
-0.0409365
-0.0387477
-0.0365761
-0.0344327
-0.0323277
-0.03027
-0.0282683
-0.0263293
-0.0244597
-0.0226636
-0.0209459
-0.0193083
-0.0636999
-0.062007
-0.0602047
-0.0583028
-0.0563117
-0.0542431
-0.052109
-0.049922
-0.0476951
-0.0454416
-0.0431745
-0.0409067
-0.0386507
-0.0364185
-0.0342213
-0.0320693
-0.0299718
-0.027937
-0.0259717
-0.0240823
-0.0222724
-0.0205466
-0.0189061
-0.0647087
-0.0629136
-0.0610077
-0.0590015
-0.0569066
-0.0547355
-0.0525012
-0.0502171
-0.0478971
-0.0455552
-0.0432053
-0.0408608
-0.0385348
-0.0362395
-0.0339866
-0.0317863
-0.029648
-0.0275798
-0.0255882
-0.0236792
-0.0218562
-0.0201232
-0.0184809
-0.0657584
-0.0638545
-0.0618382
-0.0597215
-0.0575166
-0.055237
-0.0528968
-0.0505104
-0.0480925
-0.045658
-0.0432214
-0.0407969
-0.0383981
-0.0360377
-0.0337274
-0.0314778
-0.029298
-0.0271962
-0.0251784
-0.0232504
-0.0214151
-0.019676
-0.018033
-0.0668466
-0.064827
-0.0626939
-0.0604601
-0.0581389
-0.055745
-0.0532934
-0.0507995
-0.048279
-0.0457477
-0.0432208
-0.0407133
-0.0382393
-0.0358118
-0.0334427
-0.0311429
-0.0289212
-0.0267858
-0.0247422
-0.022796
-0.0209494
-0.0192053
-0.0175631
-0.0679707
-0.0658287
-0.0635722
-0.0612148
-0.0587713
-0.0562571
-0.0536885
-0.0510821
-0.0484544
-0.0458223
-0.0432017
-0.0406083
-0.0380567
-0.0355604
-0.0331314
-0.0307807
-0.028517
-0.0263482
-0.0242795
-0.022316
-0.0204592
-0.0187115
-0.0170715
-0.0691286
-0.0668575
-0.0644707
-0.0619834
-0.0594111
-0.0567709
-0.0540799
-0.0513559
-0.0486167
-0.0458798
-0.0431622
-0.0404802
-0.037849
-0.0352823
-0.0327925
-0.0303904
-0.0280848
-0.0258831
-0.0237902
-0.0218105
-0.0199449
-0.0181952
-0.016559
-0.070318
-0.0679108
-0.0653872
-0.0627633
-0.0600562
-0.057284
-0.0544652
-0.0516188
-0.0487636
-0.0459182
-0.0431005
-0.0403274
-0.0376146
-0.0349764
-0.032425
-0.0299715
-0.0276242
-0.0253904
-0.0232742
-0.0212796
-0.0194068
-0.0176566
-0.0160261
-0.0715366
-0.0689865
-0.0663192
-0.0635523
-0.0607042
-0.0577942
-0.0548423
-0.0518687
-0.0488933
-0.0459358
-0.0430149
-0.0401484
-0.0373524
-0.0346415
-0.0320282
-0.0295232
-0.0271347
-0.0248696
-0.0227315
-0.0207236
-0.0188451
-0.0170964
-0.0154734
-0.0727825
-0.0700824
-0.0672647
-0.0643482
-0.0613528
-0.0582993
-0.055209
-0.0521034
-0.0490037
-0.0459306
-0.0429038
-0.0399418
-0.0370611
-0.0342766
-0.031601
-0.0290449
-0.026616
-0.0243209
-0.0221622
-0.0201426
-0.0182604
-0.016515
-0.0149015
-0.0740535
-0.0711964
-0.0682214
-0.0651488
-0.0619999
-0.0587972
-0.0555632
-0.0523209
-0.0490929
-0.045901
-0.0427656
-0.0397061
-0.0367395
-0.0338809
-0.031143
-0.0285362
-0.0260679
-0.023744
-0.0215663
-0.019537
-0.017653
-0.0159131
-0.0143111
-0.0753475
-0.0723264
-0.0691873
-0.065952
-0.0626434
-0.0592857
-0.0559029
-0.0525195
-0.0491593
-0.0458452
-0.0425989
-0.0394401
-0.0363865
-0.0334534
-0.0306534
-0.0279967
-0.0254901
-0.023139
-0.0209442
-0.018907
-0.0170235
-0.0152912
-0.013703
-0.0766626
-0.0734704
-0.0701602
-0.0667556
-0.0632813
-0.0597628
-0.0562261
-0.0526971
-0.0492009
-0.0457618
-0.0424021
-0.0391425
-0.0360011
-0.0329934
-0.0301317
-0.027426
-0.0248826
-0.0225059
-0.0202961
-0.0182533
-0.0163725
-0.01465
-0.0130778
-0.0779967
-0.0746263
-0.0711382
-0.0675578
-0.0639115
-0.0602267
-0.0565311
-0.0528521
-0.0492163
-0.0456491
-0.0421741
-0.0388124
-0.0355825
-0.0325001
-0.0295774
-0.026824
-0.0242452
-0.021845
-0.0196223
-0.0175761
-0.0157004
-0.0139902
-0.0124364
-0.0793481
-0.0757922
-0.0721193
-0.0683564
-0.064532
-0.0606754
-0.0568159
-0.0529826
-0.0492037
-0.0455059
-0.0419135
-0.0384485
-0.0351298
-0.031973
-0.0289902
-0.0261903
-0.0235781
-0.0211564
-0.0189231
-0.0168761
-0.015008
-0.0133126
-0.0117795
-0.0807148
-0.0769663
-0.0731016
-0.0691498
-0.0651412
-0.0611071
-0.0570788
-0.0530872
-0.0491618
-0.0453307
-0.0416193
-0.0380501
-0.0346423
-0.0314117
-0.0283698
-0.0255251
-0.0228814
-0.0204405
-0.0181992
-0.0161539
-0.014296
-0.0126178
-0.011108
-0.0820949
-0.0781467
-0.0740832
-0.0699359
-0.0657371
-0.0615201
-0.0573182
-0.0531641
-0.0490891
-0.0451224
-0.0412903
-0.0376162
-0.0341194
-0.0308156
-0.027716
-0.0248283
-0.0221553
-0.0196977
-0.0174509
-0.01541
-0.013565
-0.0119068
-0.0104227
-0.0834868
-0.0793315
-0.0750625
-0.0707131
-0.0663179
-0.0619126
-0.0575325
-0.0532121
-0.0489843
-0.0448797
-0.0409257
-0.0371461
-0.0335606
-0.0301845
-0.0270287
-0.0240999
-0.0214
-0.0189284
-0.0166789
-0.0146453
-0.012816
-0.0111804
-0.00972443
-0.0848885
-0.0805191
-0.0760375
-0.0714795
-0.0668821
-0.0622832
-0.0577201
-0.0532296
-0.0488461
-0.0446017
-0.0405246
-0.0366392
-0.0329654
-0.0295182
-0.026308
-0.0233404
-0.0206161
-0.0181331
-0.0158839
-0.0138604
-0.0120497
-0.0104394
-0.00901421
-0.0862985
-0.0817077
-0.0770067
-0.0722336
-0.067428
-0.0626301
-0.0578797
-0.0532154
-0.0486735
-0.0442873
-0.0400861
-0.0360949
-0.0323335
-0.0288166
-0.0255538
-0.0225498
-0.0198039
-0.0173125
-0.0150665
-0.0130562
-0.011267
-0.00968478
-0.0082929
-0.0877149
-0.0828956
-0.0779683
-0.0729738
-0.0679541
-0.0629521
-0.0580098
-0.0531682
-0.0484653
-0.0439357
-0.0396098
-0.0355128
-0.0316647
-0.0280797
-0.0247665
-0.0217286
-0.018964
-0.0164673
-0.0142277
-0.0122336
-0.0104689
-0.00891747
-0.00756147
-0.0891362
-0.0840813
-0.0789209
-0.0736984
-0.0684588
-0.0632476
-0.0581093
-0.053087
-0.0482206
-0.0435462
-0.0390949
-0.0348925
-0.0309589
-0.0273076
-0.0239464
-0.0208774
-0.018097
-0.0155981
-0.0133682
-0.0113935
-0.00965623
-0.00813844
-0.00682087
-0.0905608
-0.0852632
-0.0798628
-0.0744062
-0.0689409
-0.0635155
-0.058177
-0.0529707
-0.0479386
-0.043118
-0.0385411
-0.0342339
-0.030216
-0.0265004
-0.0230937
-0.0199966
-0.0172036
-0.0147059
-0.0124889
-0.0105368
-0.00883006
-0.00734868
-0.00607206
-0.0919871
-0.0864397
-0.0807926
-0.0750955
-0.069399
-0.0637544
-0.0582117
-0.0528184
-0.0476185
-0.0426507
-0.037948
-0.0335367
-0.0294362
-0.0256585
-0.022209
-0.0190868
-0.0162847
-0.0137915
-0.0115908
-0.00966453
-0.00799138
-0.0065492
-0.00531604
-0.0934135
-0.0876094
-0.081709
-0.0757652
-0.0698318
-0.0639633
-0.0582124
-0.0526293
-0.0472596
-0.0421438
-0.0373154
-0.0328011
-0.0286196
-0.0247823
-0.021293
-0.0181489
-0.015341
-0.0128558
-0.0106749
-0.00877775
-0.00714124
-0.00574103
-0.0045538
-0.0948387
-0.0887709
-0.0826106
-0.0764139
-0.0702383
-0.0641412
-0.0581784
-0.0524026
-0.0468615
-0.0415969
-0.0366432
-0.032027
-0.0277666
-0.0238723
-0.0203462
-0.0171837
-0.0143736
-0.0119
-0.00974228
-0.00787753
-0.00628072
-0.00492522
-0.00378632
-0.0962612
-0.0899228
-0.083496
-0.0770405
-0.0706172
-0.064287
-0.0581086
-0.0521376
-0.0464236
-0.0410098
-0.0359313
-0.0312147
-0.0268776
-0.022929
-0.0193693
-0.0161919
-0.0133833
-0.0109249
-0.00879401
-0.00696498
-0.0054109
-0.00410282
-0.00301461
-0.0976796
-0.0910639
-0.0843642
-0.0776439
-0.0709676
-0.0643998
-0.0580026
-0.0518339
-0.0459457
-0.0403825
-0.0351799
-0.0303645
-0.0259531
-0.0219532
-0.0183634
-0.0151747
-0.0123712
-0.00993184
-0.00783126
-0.00604126
-0.00453291
-0.0032749
-0.00223968
-0.0990925
-0.0921928
-0.0852138
-0.078223
-0.0712886
-0.064479
-0.0578595
-0.0514911
-0.0454275
-0.0397148
-0.0343891
-0.0294768
-0.0249937
-0.0209456
-0.0173293
-0.0141331
-0.0113386
-0.00892193
-0.00685523
-0.00510756
-0.0036479
-0.00244257
-0.00146255
-0.100499
-0.0933083
-0.0860439
-0.0787767
-0.0715793
-0.0645238
-0.057679
-0.0511087
-0.0448689
-0.039007
-0.0335594
-0.0285523
-0.0240002
-0.0199074
-0.0162681
-0.0130683
-0.0102867
-0.00789647
-0.00586721
-0.00416513
-0.00275706
-0.00160696
-0.000684258
-0.101896
-0.0944091
-0.0868532
-0.0793042
-0.071839
-0.0645337
-0.0574607
-0.0506868
-0.0442701
-0.0382594
-0.0326913
-0.0275917
-0.0229736
-0.0188395
-0.0151811
-0.0119816
-0.00921679
-0.00685686
-0.00486858
-0.00321531
-0.00186167
-0.000769235
9.41064e-05
-0.103284
-0.0954935
-0.0876403
-0.0798043
-0.0720668
-0.0645081
-0.0572043
-0.0502254
-0.0436314
-0.0374726
-0.0317857
-0.0265961
-0.0219151
-0.0177434
-0.0140697
-0.0108746
-0.00813055
-0.00580469
-0.00386087
-0.00225956
-0.000963089
6.9321e-05
0.000871387
-0.104658
-0.0965595
-0.0884038
-0.080276
-0.0722619
-0.0644466
-0.0569099
-0.0497247
-0.0429535
-0.0366475
-0.0308438
-0.0255669
-0.0208264
-0.0166208
-0.0129359
-0.00974918
-0.0070298
-0.00474174
-0.00284579
-0.00129951
-6.28327e-05
0.000907319
0.00164633
-0.106016
-0.0976044
-0.0891415
-0.0807177
-0.0724237
-0.064349
-0.0565775
-0.0491854
-0.0422373
-0.0357855
-0.0298672
-0.024506
-0.0197095
-0.015474
-0.0117817
-0.00860754
-0.00591673
-0.00367016
-0.00182537
-0.00033704
0.000837375
0.00174319
0.00241751
-0.107353
-0.0986241
-0.0898505
-0.0811275
-0.0725509
-0.0642151
-0.0562078
-0.0486087
-0.0414844
-0.0348887
-0.0288583
-0.023416
-0.0185671
-0.0143056
-0.0106102
-0.00745247
-0.00479403
-0.00259247
-0.000801961
0.000625661
0.00173554
0.00257514
0.00318336
-0.108661
-0.0996131
-0.0905268
-0.081503
-0.0726425
-0.0640447
-0.0558015
-0.0479962
-0.0406973
-0.0339599
-0.0278202
-0.0223003
-0.0174029
-0.0131193
-0.00942469
-0.00628742
-0.00366495
-0.00151175
0.000221598
0.00158601
0.00262934
0.00340109
0.00394201
-0.10993
-0.100564
-0.0911654
-0.0818411
-0.0726971
-0.063838
-0.0553601
-0.0473503
-0.039879
-0.0330028
-0.0267572
-0.0211634
-0.0162213
-0.0119197
-0.00822974
-0.00511661
-0.00253348
-0.000431678
0.00124194
0.00254095
0.00351605
0.00421862
0.00469136
-0.101467
-0.0917598
-0.0821377
-0.0727129
-0.0635953
-0.0548855
-0.0466741
-0.0390338
-0.0320223
-0.0256747
-0.0200109
-0.015028
-0.0107124
-0.00703072
-0.00394517
-0.00140438
0.000643353
0.0022551
0.00348694
0.00439251
0.00502497
0.00542899
-0.102312
-0.0923023
-0.0823886
-0.0726883
-0.0633172
-0.0543801
-0.0459718
-0.0381668
-0.0310245
-0.0245791
-0.0188496
-0.0138299
-0.00950397
-0.00583405
-0.00277914
-0.00028324
0.00170826
0.0032565
0.0044199
0.00525516
0.00581701
0.0061522
-0.103086
-0.0927848
-0.082589
-0.0726218
-0.0630047
-0.0538472
-0.0452482
-0.0372844
-0.0300166
-0.0234783
-0.0176874
-0.0126351
-0.00830232
-0.00464714
-0.00162542
0.000823606
0.00275729
0.00424101
0.00533529
0.00610003
0.00659131
0.00685803
-0.103778
-0.0931998
-0.0827346
-0.0725121
-0.0626593
-0.0532907
-0.0445092
-0.0363937
-0.0290066
-0.0223808
-0.0165334
-0.0114522
-0.00711601
-0.00347813
-0.000491593
0.00190922
0.00378421
0.00520308
0.00622823
0.00692286
0.0073442
0.00754336
-0.104379
-0.0935406
-0.0828223
-0.0723589
-0.0622834
-0.052715
-0.0437608
-0.0355022
-0.0280032
-0.021296
-0.015397
-0.0102909
-0.00595415
-0.00233566
0.000614328
0.00296629
0.00478244
0.0061369
0.00709364
0.00771927
0.00807191
0.00820495
-0.10488
-0.0938022
-0.0828495
-0.0721623
-0.0618794
-0.0521246
-0.0430096
-0.0346177
-0.0270151
-0.0202331
-0.0142877
-0.00916051
-0.00482592
-0.00122843
0.00168426
0.00398744
0.00574535
0.00703658
0.00792636
0.00848478
0.00877062
0.00883957
-0.105277
-0.0939821
-0.0828155
-0.0719233
-0.06145
-0.051524
-0.0422613
-0.0337473
-0.0260503
-0.0192007
-0.0132144
-0.00807007
-0.00374009
-0.00016478
0.00271044
0.00496556
0.00666657
0.00789649
0.00872148
0.00921517
0.0094367
0.00944415
-0.105578
-0.0940879
-0.0827281
-0.0716501
-0.061004
-0.0509225
-0.0415256
-0.0329009
-0.0251185
-0.0182085
-0.0121864
-0.00702814
-0.00270451
0.000848213
0.00368662
0.00589522
0.00754146
0.00871269
0.00947575
0.00990777
0.010068
0.010017
-0.105814
-0.0941467
-0.0826113
-0.071364
-0.06056
-0.0503362
-0.0408166
-0.0320905
-0.0242303
-0.0172651
-0.0112108
-0.00604047
-0.00172367
0.00180717
0.00461037
0.00677475
0.00836898
0.00948465
0.010189
0.0105627
0.0106649
0.0105585
-0.105927
-0.0941028
-0.0824114
-0.0710144
-0.0600717
-0.0497239
-0.0400985
-0.0312865
-0.023362
-0.0163533
-0.0102761
-0.00510078
-0.00079571
0.00271052
0.00547744
0.00759802
0.0091417
0.0102042
0.0108527
0.0111714
0.0112191
0.011061
-0.117411
-0.105565
-0.0936893
-0.0819496
-0.0705089
-0.059529
-0.0491513
-0.0395048
-0.0306801
-0.0227521
-0.0157475
-0.00968254
-0.0045252
-0.000244157
0.00323457
0.00597038
0.00805885
0.00956882
0.0105984
0.0112139
0.0115014
0.0115187
0.0113325
-0.116891
-0.105023
-0.0931317
-0.0813823
-0.0699386
-0.0589626
-0.0485956
-0.0389661
-0.0301636
-0.0222624
-0.0152876
-0.00925494
-0.00413077
0.000116689
0.00356259
0.00626657
0.00832514
0.00980694
0.0108109
0.0114027
0.0116691
0.0116672
0.011464
-0.116277
-0.104387
-0.0924806
-0.0807247
-0.069283
-0.0583175
-0.0479689
-0.0383646
-0.0295932
-0.0217275
-0.0147912
-0.00879868
-0.00371499
0.000492551
0.00390013
0.0065678
0.00859278
0.0100436
0.0110198
0.0115864
0.0118307
0.0118091
0.0115887
-0.115742
-0.10383
-0.0919081
-0.0801437
-0.068701
-0.057742
-0.047407
-0.0378228
-0.0290768
-0.0212408
-0.0143372
-0.00837932
-0.0033309
0.000841532
0.00421512
0.00685035
0.00884507
0.0102678
0.0112186
0.0117621
0.0119859
0.0119459
0.0117095
-0.11523
-0.103298
-0.0913616
-0.0795891
-0.0681454
-0.0571923
-0.04687
-0.0373045
-0.0285824
-0.0207744
-0.0139016
-0.00797632
-0.0029612
0.00117802
0.0045194
0.00712381
0.00908975
0.0104857
0.0114122
0.0119336
0.0121378
0.01208
0.0118281
-0.114715
-0.102763
-0.0908133
-0.0790339
-0.0675903
-0.0566443
-0.0463357
-0.0367898
-0.0280923
-0.0203128
-0.0134711
-0.00757867
-0.0025969
0.00150919
0.00481855
0.00739242
0.00932992
0.0106995
0.0116021
0.0121017
0.0122866
0.0122115
0.0119444
-0.114199
-0.102228
-0.0902663
-0.0784809
-0.0670383
-0.0561002
-0.0458059
-0.0362803
-0.0276079
-0.0198572
-0.0130469
-0.0071874
-0.00223892
0.00183421
0.00511181
0.00765549
0.00956494
0.0109086
0.0117877
0.012266
0.0124321
0.0123401
0.0120581
-0.113686
-0.101699
-0.0897246
-0.077934
-0.0664931
-0.0555635
-0.0452842
-0.0357792
-0.0271319
-0.0194102
-0.0126312
-0.00680435
-0.00188882
0.00215178
0.00539813
0.00791217
0.00979413
0.0111124
0.0119687
0.0124262
0.0125739
0.0124654
0.012169
-0.113178
-0.101174
-0.0891891
-0.0773941
-0.0659555
-0.055035
-0.0447711
-0.035287
-0.0266652
-0.0189723
-0.0122244
-0.00643002
-0.00154705
0.0024615
0.00567714
0.00816212
0.0100172
0.0113107
0.0121447
0.012582
0.0127119
0.0125874
0.012277
-0.112674
-0.100654
-0.0886597
-0.0768611
-0.0654257
-0.0545148
-0.0442668
-0.0348039
-0.0262077
-0.0185437
-0.0118268
-0.0060646
-0.00121382
0.00276316
0.00594863
0.00840516
0.010234
0.0115033
0.0123157
0.0127334
0.012846
0.012706
0.0123821
-0.112176
-0.100141
-0.0881369
-0.0763355
-0.0649039
-0.0540033
-0.0437715
-0.0343302
-0.0257598
-0.0181247
-0.0114387
-0.00570837
-0.00088939
0.00305652
0.00621238
0.00864107
0.0104443
0.0116901
0.0124814
0.0128801
0.012976
0.0128211
0.0124841
-0.111682
-0.0996334
-0.0876213
-0.0758178
-0.0643907
-0.0535009
-0.0432859
-0.0338664
-0.0253218
-0.0177157
-0.0110604
-0.00536163
-0.000574039
0.0033413
0.00646814
0.00886962
0.0106478
0.0118709
0.0126418
0.0130221
0.0131019
0.0129325
0.012583
-0.111195
-0.0991331
-0.0871134
-0.0753086
-0.0638865
-0.0530081
-0.0428102
-0.0334127
-0.0248942
-0.0173169
-0.0106922
-0.00502468
-0.000268044
0.00361726
0.00671567
0.0090906
0.0108445
0.0120454
0.0127966
0.0131592
0.0132234
0.0130402
0.0126785
-0.110715
-0.0986404
-0.0866139
-0.0748083
-0.0633918
-0.0525253
-0.0423448
-0.0329697
-0.0244773
-0.0169288
-0.0103344
-0.00469778
2.8351e-05
0.00388417
0.00695476
0.00930381
0.0110341
0.0122136
0.0129457
0.0132913
0.0133405
0.0131441
0.0127708
-0.110242
-0.0981559
-0.0861232
-0.0743175
-0.0629072
-0.0520529
-0.0418903
-0.0325376
-0.0240713
-0.0165516
-0.00998724
-0.00438117
0.000314919
0.00414181
0.00718523
0.00950908
0.0112165
0.0123753
0.013089
0.0134182
0.0134531
0.013244
0.0128597
-0.109777
-0.0976802
-0.085642
-0.0738367
-0.062433
-0.0515913
-0.0414468
-0.0321168
-0.0236767
-0.0161855
-0.00965098
-0.00407509
0.000591456
0.00439001
0.00740689
0.00970624
0.0113915
0.0125303
0.0132263
0.0135399
0.0135612
0.0133399
0.012945
-0.109322
-0.0972142
-0.0851709
-0.0733664
-0.0619699
-0.0511411
-0.0410148
-0.0317075
-0.0232936
-0.0158308
-0.00932585
-0.00377972
0.000857778
0.00462859
0.0076196
0.00989516
0.0115589
0.0126785
0.0133576
0.0136562
0.0136645
0.0134317
0.0130269
-0.108876
-0.0967584
-0.0847105
-0.0729073
-0.0615182
-0.0507026
-0.0405947
-0.0313102
-0.0229223
-0.0154877
-0.00901205
-0.00349526
0.00111372
0.0048574
0.00782321
0.0100757
0.0117187
0.0128198
0.0134828
0.0137671
0.013763
0.0135194
0.0131051
-0.108441
-0.0963136
-0.0842615
-0.07246
-0.0610784
-0.0502762
-0.0401869
-0.0309251
-0.0225631
-0.0151565
-0.00870977
-0.00322186
0.00135914
0.00507632
0.00801761
0.0102478
0.0118709
0.0129542
0.0136017
0.0138724
0.0138567
0.0136028
0.0131797
-0.108017
-0.0958806
-0.0838246
-0.0720249
-0.0606511
-0.0498624
-0.0397916
-0.0305525
-0.0222163
-0.0148374
-0.00841916
-0.00295966
0.00159393
0.00528524
0.00820271
0.0104113
0.0120152
0.0130816
0.0137144
0.0139723
0.0139455
0.013682
0.0132506
-0.107605
-0.0954602
-0.0834004
-0.0716027
-0.0602368
-0.0494615
-0.0394092
-0.0301927
-0.021882
-0.0145305
-0.00814038
-0.00270879
0.00181797
0.00548407
0.00837843
0.0105662
0.0121516
0.0132018
0.0138207
0.0140665
0.0140294
0.013757
0.0133178
-0.107207
-0.0950531
-0.0829897
-0.071194
-0.059836
-0.0490741
-0.0390401
-0.0298459
-0.0215605
-0.014236
-0.00787355
-0.00246933
0.00203119
0.00567275
0.00854471
0.0107124
0.0122801
0.013315
0.0139206
0.014155
0.0141084
0.0138276
0.0133813
-0.106822
-0.0946601
-0.0825932
-0.0707994
-0.0594492
-0.0487005
-0.0386846
-0.0295125
-0.0212519
-0.013954
-0.00761879
-0.00224139
0.00223353
0.00585123
0.00870152
0.0108498
0.0124007
0.0134209
0.0140141
0.0142379
0.0141823
0.0138938
0.013441
-0.106453
-0.0942821
-0.0822115
-0.0704196
-0.0590769
-0.0483412
-0.0383431
-0.0291926
-0.0209566
-0.0136848
-0.0073762
-0.00202501
0.00242493
0.00601947
0.00884883
0.0109786
0.0125133
0.0135197
0.0141012
0.0143151
0.0142513
0.0139557
0.0134969
-0.106099
-0.09392
-0.0818456
-0.0700552
-0.0587197
-0.0479965
-0.0380159
-0.0288866
-0.0206745
-0.0134284
-0.00714586
-0.00182028
0.00260537
0.00617746
0.00898663
0.0110986
0.012618
0.0136113
0.0141819
0.0143867
0.0143153
0.0140133
0.0135491
-0.105763
-0.0935746
-0.081496
-0.0697068
-0.0583781
-0.0476671
-0.0377033
-0.0285947
-0.0204061
-0.0131849
-0.00692787
-0.00162722
0.00277483
0.0063252
0.00911492
0.0112099
0.0127147
0.0136958
0.0142562
0.0144525
0.0143742
0.0140665
0.0135975
-0.105444
-0.0932467
-0.0811637
-0.0693751
-0.0580527
-0.0473532
-0.0374056
-0.0283172
-0.0201514
-0.0129546
-0.00672229
-0.00144588
0.00293328
0.00646268
0.00923374
0.0113125
0.0128035
0.0137731
0.0143241
0.0145128
0.0144283
0.0141154
0.0136421
-0.105144
-0.0929373
-0.0808492
-0.0690608
-0.057744
-0.0470553
-0.0371234
-0.0280543
-0.0199106
-0.0127374
-0.0065292
-0.00127629
0.00308074
0.00658994
0.00934311
0.0114064
0.0128844
0.0138433
0.0143856
0.0145674
0.0144773
0.01416
0.013683
-0.104864
-0.0926474
-0.0805534
-0.0687646
-0.0574526
-0.046774
-0.0368568
-0.0278063
-0.0196839
-0.0125336
-0.00634867
-0.00111848
0.0032172
0.00670698
0.00944306
0.0114917
0.0129575
0.0139065
0.0144409
0.0146164
0.0145215
0.0142003
0.0137202
-0.104604
-0.0923774
-0.0802774
-0.0684869
-0.057179
-0.0465096
-0.0366063
-0.0275735
-0.0194715
-0.0123432
-0.00618077
-0.000972481
0.00334266
0.00681385
0.00953363
0.0115684
0.0130229
0.0139626
0.0144899
0.0146599
0.0145608
0.0142364
0.0137537
-0.116551
-0.104366
-0.0921284
-0.0800216
-0.0682285
-0.0569238
-0.0462626
-0.0363722
-0.0273561
-0.0192737
-0.0121664
-0.00602556
-0.000838313
0.00345714
0.00691056
0.00961489
0.0116367
0.0130805
0.0140119
0.0145327
0.0146979
0.0145953
0.0142682
0.0137835
-0.11635
-0.104151
-0.0919012
-0.0797863
-0.0679904
-0.0566875
-0.0460334
-0.0361549
-0.0271545
-0.0190905
-0.0120034
-0.00588314
-0.00071601
0.00356064
0.00699717
0.00968688
0.0116965
0.0131305
0.0140543
0.0145694
0.0147304
0.014625
0.0142958
0.0138097
-0.116172
-0.103958
-0.0916966
-0.0795728
-0.0677728
-0.0564707
-0.0458226
-0.0359547
-0.0269688
-0.0189223
-0.0118542
-0.00575358
-0.000605607
0.00365317
0.00707369
0.00974966
0.0117479
0.0131729
0.0140898
0.0146
0.0147577
0.0146499
0.0143194
0.0138323
-0.116019
-0.10379
-0.0915152
-0.0793817
-0.0675763
-0.0562739
-0.0456305
-0.035772
-0.0267995
-0.0187692
-0.011719
-0.00563697
-0.000507142
0.00373472
0.00714017
0.00980327
0.011791
0.0132078
0.0141187
0.0146247
0.0147796
0.0146703
0.0143388
0.0138513
-0.115891
-0.103647
-0.0913577
-0.0792134
-0.0674016
-0.0560976
-0.0454576
-0.0356072
-0.0266468
-0.0186314
-0.011598
-0.0055334
-0.00042066
0.0038053
0.00719663
0.00984777
0.0118259
0.0132353
0.0141409
0.0146434
0.0147963
0.014686
0.0143542
0.0138668
-0.115789
-0.103528
-0.0912247
-0.0790685
-0.067249
-0.0559422
-0.0453042
-0.0354607
-0.0265109
-0.0185092
-0.0114913
-0.00544298
-0.000346211
0.00386489
0.00724309
0.00988322
0.0118526
0.0132555
0.0141566
0.0146563
0.0148078
0.0146971
0.0143656
0.0138788
-0.115714
-0.103436
-0.091117
-0.0789478
-0.0671192
-0.0558081
-0.0451709
-0.0353326
-0.0263921
-0.0184027
-0.0113991
-0.0053658
-0.000283852
0.00391348
0.00727958
0.00990965
0.0118711
0.0132683
0.0141658
0.0146635
0.0148142
0.0147038
0.0143731
0.0138874
-0.115665
-0.10337
-0.0910344
-0.0788512
-0.0670126
-0.0556962
-0.0450578
-0.0352234
-0.0262908
-0.0183123
-0.0113216
-0.00530199
-0.00023365
0.00395104
0.0073061
0.00992711
0.0118817
0.013274
0.0141685
0.0146649
0.0148156
0.014706
0.0143767
0.0138925
-0.115641
-0.103328
-0.0909753
-0.078778
-0.0669292
-0.0556068
-0.0449653
-0.0351333
-0.026207
-0.018238
-0.0112588
-0.00525164
-0.000195662
0.00397756
0.00732267
0.00993563
0.0118842
0.0132726
0.0141649
0.0146607
0.014812
0.0147039
0.0143764
0.0138942
-0.115647
-0.103316
-0.0909449
-0.0787309
-0.0668682
-0.0555349
-0.0448932
-0.0350624
-0.0261412
-0.0181802
-0.0112109
-0.00521484
-0.000169881
0.00399318
0.00732934
0.00993528
0.0118788
0.0132641
0.0141551
0.014651
0.0148036
0.0146974
0.0143723
0.0138926
)
;

boundaryField
{
    inlet
    {
        type            zeroGradient;
    }
    outlet
    {
        type            fixedValue;
        value           nonuniform 0();
    }
    cylinder
    {
        type            zeroGradient;
    }
    top
    {
        type            symmetryPlane;
    }
    bottom
    {
        type            symmetryPlane;
    }
    frontAndBack
    {
        type            empty;
    }
    procBoundary6to5
    {
        type            processor;
        value           nonuniform List<scalar> 
205
(
-0.127801
-0.127878
-0.127982
-0.128112
-0.128267
-0.128448
-0.128653
-0.128882
-0.129133
-0.129406
-0.117412
-0.117412
-0.117711
-0.118028
-0.118364
-0.118717
-0.119085
-0.119469
-0.119867
-0.120278
-0.120701
-0.121136
-0.121581
-0.122035
-0.122499
-0.12297
-0.123449
-0.123934
-0.124426
-0.124922
-0.125424
-0.125929
-0.126438
-0.126951
-0.127466
-0.127983
-0.128498
-0.129008
-0.129541
-0.130157
-0.130667
-0.118498
-0.118498
-0.118173
-0.117705
-0.117153
-0.116484
-0.115693
-0.114785
-0.113772
-0.112667
-0.111483
-0.110238
-0.108944
-0.107615
-0.106258
-0.104881
-0.103489
-0.102086
-0.100673
-0.0992527
-0.0978265
-0.0963957
-0.0949617
-0.0935258
-0.0920895
-0.0906541
-0.0892211
-0.0877921
-0.0863687
-0.0849524
-0.0835448
-0.0821477
-0.0807628
-0.0793918
-0.0780365
-0.0766988
-0.0753806
-0.0740837
-0.0728102
-0.071562
-0.0703413
-0.06915
-0.0679905
-0.0668649
-0.0657754
-0.0647245
-0.0637146
-0.0627481
-0.0618278
-0.0609562
-0.0601363
-0.059371
-0.0586635
-0.0580172
-0.0574356
-0.0569226
-0.0564823
-0.0561192
-0.0558383
-0.0556448
-0.0555448
-0.05639
-0.0564978
-0.0567064
-0.0570096
-0.0574017
-0.0578776
-0.0584327
-0.0590626
-0.0597636
-0.0605319
-0.0613644
-0.0622577
-0.063209
-0.0642155
-0.0652745
-0.0663834
-0.0675398
-0.0687413
-0.0699856
-0.0712706
-0.0725939
-0.0739537
-0.0753476
-0.0767738
-0.0782302
-0.0797149
-0.081226
-0.0827616
-0.0843198
-0.0858989
-0.0874969
-0.0891122
-0.0907431
-0.0923878
-0.0940446
-0.0957119
-0.0973882
-0.0990718
-0.100761
-0.102455
-0.104151
-0.105849
-0.107547
-0.109243
-0.110934
-0.112619
-0.114292
-0.115948
-0.117576
-0.119165
-0.111148
-0.111148
-0.1123
-0.11337
-0.114341
-0.115202
-0.115941
-0.116553
-0.117046
-0.117454
-0.117722
-0.117722
-0.129076
-0.128583
-0.127997
-0.127489
-0.127002
-0.126511
-0.126018
-0.125528
-0.125041
-0.124558
-0.124079
-0.123604
-0.123135
-0.122671
-0.122215
-0.121766
-0.121325
-0.120893
-0.120472
-0.120061
-0.119662
-0.119277
-0.118905
-0.118548
-0.118206
-0.117882
-0.117576
-0.117289
-0.117021
-0.116775
-0.116775
-0.128511
-0.128325
-0.128162
-0.128025
-0.127912
-0.127826
-0.127767
-0.127735
-0.127729
-0.127751
)
;
    }
    procBoundary6to7
    {
        type            processor;
        value           nonuniform List<scalar> 
201
(
0.013287
0.0132819
0.0132738
0.0132628
0.0132489
0.0132321
0.0132124
0.0131898
0.0131642
0.0131357
0.0131043
0.0130699
0.0130324
0.012992
0.0129485
0.012902
0.0128524
0.0127997
0.012744
0.0126851
0.0126232
0.0125582
0.0124901
0.0124189
0.0123447
0.0122675
0.0121874
0.0121043
0.0120183
0.0119295
0.011838
0.0117438
0.011647
0.0115476
0.0114458
0.0113417
0.0112355
0.0111273
0.0110158
0.0108986
0.0106553
0.0102039
0.0097165
0.00920047
0.00865526
0.00808222
0.007484
0.00686347
0.00622347
0.00556674
0.00489591
0.00421336
0.0035212
0.00282132
0.0021153
0.00140457
0.000690356
-2.62495e-05
-0.000744228
-0.00146262
-0.00218051
-0.00289699
-0.00361115
-0.00432209
-0.00502891
-0.00573068
-0.0064265
-0.00711544
-0.00779661
-0.00846909
-0.00913198
-0.00978439
-0.0104254
-0.0110543
-0.01167
-0.01167
-0.0109481
-0.0115129
-0.0120642
-0.0126011
-0.0131228
-0.0136285
-0.0141174
-0.0145889
-0.015042
-0.0154762
-0.0158905
-0.0162843
-0.0166568
-0.0170072
-0.0173347
-0.0176385
-0.0179177
-0.0181713
-0.0183983
-0.0185976
-0.018768
-0.0189079
-0.0190158
-0.01909
-0.0191283
-0.0206128
-0.0205747
-0.0205009
-0.0203934
-0.0202539
-0.0200839
-0.0198847
-0.0196574
-0.019403
-0.0191224
-0.0188164
-0.0184858
-0.0181313
-0.0177535
-0.0173532
-0.016931
-0.0164874
-0.0160232
-0.0155391
-0.0150356
-0.0145135
-0.0139735
-0.0134163
-0.0128427
-0.0122534
-0.0116492
-0.011031
-0.0103996
-0.00975583
-0.00910055
-0.00843467
-0.0077591
-0.00707475
-0.00638254
-0.00568342
-0.00497831
-0.00426816
-0.00355391
-0.0028365
-0.00211685
-0.00139592
-0.000674637
4.60386e-05
0.000765118
0.00148155
0.00219422
0.00290186
0.00360305
0.00429618
0.00497942
0.00565065
0.00630757
0.00694764
0.0075682
0.00816652
0.00873986
0.00928564
0.00980254
0.0102911
0.010744
0.0109889
0.0111051
0.0112146
0.0113211
0.0114259
0.0115286
0.0116291
0.0117271
0.0118227
0.0119157
0.0120061
0.0120937
0.0121785
0.0122605
0.0123395
0.0124155
0.0124885
0.0125583
0.0126251
0.0126886
0.012749
0.0128061
0.01286
0.0129107
0.0129581
0.0130023
0.0130432
0.0130809
0.0131154
0.0131467
0.0131748
0.0131998
0.0132216
0.0132404
0.0132561
0.0132687
0.0132783
0.0132849
0.0132886
0.0132893
)
;
    }
}


// ************************************************************************* //
